# Freq_range	Reflection	Transmission
0.080000	0.741623	0.001115
0.080040	0.777903	0.000242
0.080080	0.835133	0.001221
0.080120	0.815239	0.002196
0.080160	0.757952	0.001412
0.080200	0.766926	0.000250
0.080240	0.826791	0.000676
0.080280	0.833897	0.001813
0.080320	0.780065	0.001601
0.080360	0.763721	0.000417
0.080400	0.814656	0.000304
0.080440	0.844284	0.001351
0.080480	0.804094	0.001640
0.080521	0.769005	0.000659
0.080561	0.802609	0.000121
0.080601	0.846548	0.000890
0.080641	0.826306	0.001528
0.080681	0.781803	0.000894
0.080721	0.794035	0.000107
0.080761	0.842360	0.000496
0.080801	0.843786	0.001294
0.080841	0.799845	0.001063
0.080881	0.791239	0.000217
0.080921	0.834416	0.000215
0.080961	0.854882	0.000987
0.081001	0.820151	0.001128
0.081041	0.795156	0.000392
0.081081	0.825793	0.000066
0.081121	0.859361	0.000665
0.081161	0.839682	0.001082
0.081201	0.805334	0.000575
0.081241	0.819326	0.000040
0.081281	0.858273	0.000379
0.081321	0.855916	0.000940
0.081361	0.820195	0.000717
0.081401	0.817100	0.000110
0.081441	0.853598	0.000165
0.081481	0.867261	0.000736
0.081522	0.837463	0.000789
0.081562	0.820153	0.000236
0.081602	0.847763	0.000043
0.081642	0.873241	0.000509
0.081682	0.854677	0.000779
0.081722	0.828396	0.000376
0.081762	0.843127	0.000011
0.081802	0.874453	0.000299
0.081842	0.869675	0.000695
0.081882	0.840773	0.000492
0.081922	0.841548	0.000054
0.081962	0.872327	0.000135
0.082002	0.880966	0.000559
0.082042	0.855563	0.000561
0.082082	0.844090	0.000143
0.082122	0.868758	0.000035
0.082162	0.887931	0.000398
0.082202	0.870787	0.000570
0.082242	0.850913	0.000249
0.082282	0.865700	0.000002
0.082322	0.890837	0.000243
0.082362	0.884605	0.000523
0.082402	0.861349	0.000344
0.082442	0.864786	0.000025
0.082482	0.890689	0.000116
0.082523	0.895647	0.000432
0.082563	0.874118	0.000406
0.082603	0.867060	0.000088
0.082643	0.888957	0.000034
0.082683	0.903219	0.000317
0.082723	0.887637	0.000424
0.082763	0.872847	0.000168
0.082803	0.887245	0.000001
0.082843	0.907356	0.000202
0.082883	0.900351	0.000399
0.082923	0.881766	0.000244
0.082963	0.886978	0.000012
0.083003	0.908738	0.000103
0.083043	0.911023	0.000339
0.083083	0.892882	0.000298
0.083123	0.889148	0.000056
0.083163	0.908487	0.000036
0.083203	0.918930	0.000257
0.083243	0.904942	0.000321
0.083283	0.894181	0.000116
0.083323	0.907915	0.000004
0.083363	0.923945	0.000171
0.083403	0.916640	0.000310
0.083443	0.901910	0.000176
0.083483	0.908251	0.000008
0.083524	0.926498	0.000094
0.083564	0.926870	0.000271
0.083604	0.911671	0.000223
0.083644	0.910422	0.000037
0.083684	0.927434	0.000038
0.083724	0.934914	0.000212
0.083764	0.922480	0.000246
0.083804	0.914908	0.000082
0.083844	0.927816	0.000009
0.083884	0.940534	0.000147
0.083924	0.933248	0.000244
0.083964	0.921699	0.000130
0.084004	0.928699	0.000007
0.084044	0.943972	0.000086
0.084084	0.942998	0.000219
0.084124	0.930343	0.000169
0.084164	0.930932	0.000027
0.084204	0.945851	0.000040
0.084244	0.951035	0.000177
0.084284	0.940075	0.000192
0.084324	0.935021	0.000060
0.084364	0.947023	0.000013
0.084404	0.957051	0.000128
0.084444	0.949996	0.000196
0.084484	0.941067	0.000098
0.084525	0.948388	0.000008
0.084565	0.961146	0.000080
0.084605	0.959248	0.000180
0.084645	0.948782	0.000131
0.084685	0.950715	0.000021
0.084725	0.963764	0.000041
0.084765	0.967174	0.000150
0.084805	0.957584	0.000152
0.084845	0.954513	0.000046
0.084885	0.965583	0.000017
0.084925	0.973425	0.000113
0.084965	0.966733	0.000159
0.085005	0.959959	0.000075
0.085045	0.967362	0.000010
0.085085	0.977992	0.000074
0.085125	0.975483	0.000150
0.085165	0.966896	0.000103
0.085205	0.969792	0.000018
0.085245	0.981179	0.000042
0.085285	0.983224	0.000129
0.085325	0.974888	0.000123
0.085365	0.973372	0.000036
0.085405	0.983518	0.000021
0.085445	0.989583	0.000100
0.085485	0.983333	0.000131
0.085526	0.978330	0.000060
0.085566	0.985645	0.000012
0.085606	0.994475	0.000070
0.085646	0.991586	0.000127
0.085686	0.984605	0.000083
0.085726	0.988175	0.000016
0.085766	0.998090	0.000043
0.085806	0.999087	0.000112
0.085846	0.991885	0.000101
0.085886	0.991584	0.000030
0.085926	1.000838	0.000024
0.085966	1.005457	0.000090
0.086006	0.999685	0.000110
0.086046	0.996135	0.000048
0.086086	1.003249	0.000015
0.086126	1.010553	0.000065
0.086166	1.007451	0.000109
0.086206	1.001842	0.000068
0.086246	1.005864	0.000016
0.086286	1.014478	0.000043
0.086326	1.014674	0.000098
0.086366	1.008491	0.000084
0.086406	1.009133	0.000025
0.086446	1.017538	0.000026
0.086486	1.020977	0.000082
0.086527	1.015696	0.000093
0.086567	1.013337	0.000040
0.086607	1.020171	0.000017
0.086647	1.026181	0.000062
0.086687	1.022986	0.000094
0.086727	1.018547	0.000057
0.086767	1.022851	0.000016
0.086807	1.030316	0.000043
0.086847	1.029903	0.000087
0.086887	1.024629	0.000071
0.086927	1.025997	0.000023
0.086967	1.033605	0.000027
0.087007	1.036080	0.000075
0.087047	1.031282	0.000080
0.087087	1.029897	0.000034
0.087127	1.036404	0.000019
0.087167	1.041312	0.000059
0.087207	1.038109	0.000083
0.087247	1.034666	0.000048
0.087287	1.039125	0.000017
0.087327	1.045575	0.000042
0.087367	1.044700	0.000078
0.087407	1.040233	0.000061
0.087447	1.042154	0.000021
0.087487	1.049020	0.000029
0.087528	1.050705	0.000069
0.087568	1.046371	0.000070
0.087608	1.045781	0.000030
0.087648	1.051933	0.000020
0.087688	1.055900	0.000056
0.087728	1.052748	0.000073
0.087768	1.050151	0.000042
0.087808	1.054670	0.000017
0.087848	1.060221	0.000042
0.087888	1.058999	0.000071
0.087928	1.055246	0.000053
0.087968	1.057583	0.000020
0.088008	1.063760	0.000030
0.088048	1.064794	0.000064
0.088088	1.060899	0.000062
0.088128	1.060958	0.000027
0.088168	1.066741	0.000022
0.088208	1.069902	0.000054
0.088248	1.066838	0.000066
0.088288	1.064961	0.000037
0.088328	1.069468	0.000018
0.088368	1.074223	0.000042
0.088408	1.072740	0.000065
0.088448	1.069617	0.000047
0.088488	1.072262	0.000020
0.088529	1.077801	0.000031
0.088569	1.078298	0.000060
0.088609	1.074812	0.000055
0.088649	1.075399	0.000025
0.088689	1.080809	0.000023
0.088729	1.083275	0.000052
0.088769	1.080324	0.000060
0.088809	1.079060	0.000034
0.088849	1.083502	0.000019
0.088889	1.087547	0.000042
0.088929	1.085871	0.000061
0.088969	1.083304	0.000043
0.089009	1.086170	0.000020
0.089049	1.091120	0.000032
0.089089	1.091169	0.000057
0.089129	1.088062	0.000050
0.089169	1.089078	0.000024
0.089209	1.094118	0.000025
0.089249	1.095982	0.000051
0.089289	1.093157	0.000056
0.089329	1.092415	0.000031
0.089369	1.096755	0.000020
0.089409	1.100167	0.000042
0.089449	1.098347	0.000057
0.089489	1.096269	0.000039
0.089530	1.099290	0.000020
0.089570	1.103695	0.000033
0.089610	1.103368	0.000055
0.089650	1.100608	0.000047
0.089690	1.101973	0.000023
0.089730	1.106652	0.000026
0.089770	1.107989	0.000050
0.089810	1.105298	0.000052
0.089850	1.105002	0.000029
0.089890	1.109212	0.000022
0.089930	1.112055	0.000042
0.089970	1.110129	0.000054
0.090010	1.108483	0.000037
0.090050	1.111605	0.000021
0.090090	1.115507	0.000035
0.090130	1.114861	0.000053
0.090170	1.112420	0.000044
0.090210	1.114068	0.000023
0.090250	1.118396	0.000028
0.090290	1.119269	0.000049
0.090330	1.116712	0.000050
0.090370	1.116798	0.000028
0.090410	1.120861	0.000023
0.090450	1.123189	0.000043
0.090490	1.121184	0.000052
0.090531	1.119922	0.000035
0.090571	1.123105	0.000022
0.090611	1.126539	0.000036
0.090651	1.125618	0.000052
0.090691	1.123468	0.000042
0.090731	1.125348	0.000023
0.090771	1.129337	0.000030
0.090811	1.129798	0.000049
0.090851	1.127373	0.000048
0.090891	1.127789	0.000028
0.090931	1.131693	0.000025
0.090971	1.133551	0.000044
0.091011	1.131488	0.000051
0.091051	1.130567	0.000034
0.091091	1.133781	0.000023
0.091131	1.136778	0.000038
0.091171	1.135618	0.000052
0.091211	1.133735	0.000041
0.091251	1.135806	0.000024
0.091291	1.139469	0.000032
0.091331	1.139558	0.000050
0.091371	1.137259	0.000047
0.091411	1.137964	0.000028
0.091451	1.141702	0.000027
0.091491	1.143129	0.000046
0.091532	1.141020	0.000051
0.091572	1.140406	0.000034
0.091612	1.143628	0.000025
0.091652	1.146216	0.000040
0.091692	1.144844	0.000052
0.091732	1.143207	0.000040
0.091772	1.145436	0.000025
0.091812	1.148785	0.000034
0.091852	1.148535	0.000051
0.091892	1.146358	0.000046
0.091932	1.147318	0.000029
0.091972	1.150887	0.000030
0.092012	1.151913	0.000048
0.092052	1.149768	0.000051
0.092092	1.149432	0.000034
0.092132	1.152648	0.000027
0.092172	1.154849	0.000043
0.092212	1.153284	0.000054
0.092252	1.151875	0.000041
0.092292	1.154240	0.000027
0.092332	1.157287	0.000037
0.092372	1.156721	0.000053
0.092412	1.154660	0.000047
0.092452	1.155851	0.000030
0.092492	1.159251	0.000033
0.092533	1.159900	0.000051
0.092573	1.157723	0.000052
0.092613	1.157645	0.000035
0.092653	1.160844	0.000030
0.092693	1.162677	0.000046
0.092733	1.160931	0.000056
0.092773	1.159736	0.000042
0.092813	1.162223	0.000029
0.092853	1.164977	0.000041
0.092893	1.164113	0.000056
0.092933	1.162162	0.000048
0.092973	1.163567	0.000032
0.093013	1.166801	0.000036
0.093053	1.167088	0.000055
0.093093	1.164882	0.000054
0.093133	1.165049	0.000037
0.093173	1.168226	0.000033
0.093213	1.169704	0.000051
0.093253	1.167785	0.000059
0.093293	1.166794	0.000043
0.093333	1.169394	0.000033
0.093373	1.171864	0.000046
0.093413	1.170711	0.000060
0.093453	1.168866	0.000051
0.093493	1.170477	0.000035
0.093534	1.173547	0.000041
0.093574	1.173482	0.000059
0.093614	1.171247	0.000058
0.093654	1.171650	0.000040
0.093694	1.174807	0.000038
0.093734	1.175936	0.000056
0.093774	1.173847	0.000063
0.093814	1.173056	0.000046
0.093854	1.175767	0.000037
0.093894	1.177959	0.000052
0.093934	1.176520	0.000066
0.093974	1.174778	0.000055
0.094014	1.176593	0.000039
0.094054	1.179504	0.000047
0.094094	1.179089	0.000066
0.094134	1.176823	0.000062
0.094174	1.177463	0.000044
0.094214	1.180604	0.000044
0.094254	1.181386	0.000064
0.094294	1.179123	0.000069
0.094334	1.178532	0.000051
0.094374	1.181362	0.000042
0.094414	1.183276	0.000060
0.094454	1.181545	0.000073
0.094494	1.179905	0.000060
0.094535	1.181935	0.000044
0.094575	1.184691	0.000055
0.094615	1.183919	0.000075
0.094655	1.181615	0.000069
0.094695	1.182503	0.000049
0.094735	1.185638	0.000052
0.094775	1.186065	0.000074
0.094815	1.183617	0.000078
0.094855	1.183235	0.000057
0.094895	1.186200	0.000050
0.094935	1.187833	0.000071
0.094975	1.185794	0.000084
0.095015	1.184258	0.000068
0.095055	1.186523	0.000052
0.095095	1.189129	0.000066
0.095135	1.187979	0.000087
0.095175	1.185633	0.000079
0.095215	1.186789	0.000057
0.095255	1.189932	0.000063
0.095295	1.189988	0.000088
0.095335	1.187337	0.000090
0.095375	1.187180	0.000067
0.095415	1.190305	0.000061
0.095455	1.191648	0.000085
0.095495	1.189272	0.000099
0.095536	1.187847	0.000079
0.095576	1.190381	0.000063
0.095616	1.192840	0.000082
0.095656	1.191279	0.000105
0.095696	1.188879	0.000093
0.095736	1.190341	0.000069
0.095776	1.193515	0.000078
0.095816	1.193165	0.000107
0.095856	1.190282	0.000107
0.095896	1.190381	0.000080
0.095936	1.193708	0.000077
0.095976	1.194740	0.000107
0.096016	1.191979	0.000120
0.096056	1.190678	0.000095
0.096096	1.193536	0.000079
0.096136	1.195851	0.000104
0.096176	1.193820	0.000130
0.096216	1.191351	0.000114
0.096256	1.193179	0.000087
0.096296	1.196416	0.000101
0.096336	1.195605	0.000136
0.096376	1.192442	0.000133
0.096416	1.192847	0.000101
0.096456	1.196439	0.000101
0.096496	1.197122	0.000139
0.096537	1.193901	0.000153
0.096577	1.192744	0.000121
0.096617	1.196016	0.000104
0.096657	1.198184	0.000139
0.096697	1.195588	0.000169
0.096737	1.193030	0.000146
0.096777	1.195321	0.000115
0.096817	1.198666	0.000138
0.096857	1.197301	0.000182
0.096897	1.193785	0.000175
0.096937	1.194577	0.000134
0.096977	1.198533	0.000139
0.097017	1.198801	0.000191
0.097057	1.194994	0.000205
0.097097	1.194021	0.000163
0.097137	1.197848	0.000146
0.097177	1.199860	0.000196
0.097217	1.196540	0.000234
0.097257	1.193858	0.000200
0.097297	1.196773	0.000163
0.097337	1.200298	0.000201
0.097377	1.198217	0.000260
0.097417	1.194224	0.000246
0.097457	1.195542	0.000192
0.097497	1.200024	0.000208
0.097538	1.199759	0.000283
0.097578	1.195151	0.000298
0.097618	1.194428	0.000237
0.097658	1.199052	0.000223
0.097698	1.200885	0.000302
0.097738	1.196556	0.000353
0.097778	1.193692	0.000301
0.097818	1.197514	0.000254
0.097858	1.201340	0.000321
0.097898	1.198240	0.000410
0.097938	1.193543	0.000383
0.097978	1.195643	0.000307
0.098018	1.200944	0.000346
0.098058	1.199911	0.000468
0.098098	1.194088	0.000486
0.098138	1.193741	0.000392
0.098178	1.199623	0.000387
0.098218	1.201214	0.000527
0.098258	1.195304	0.000609
0.098298	1.192138	0.000520
0.098338	1.197432	0.000459
0.098378	1.201780	0.000596
0.098418	1.197020	0.000755
0.098458	1.191133	0.000703
0.098498	1.194545	0.000584
0.098539	1.201268	0.000688
0.098579	1.198919	0.000930
0.098619	1.190940	0.000962
0.098659	1.191238	0.000797
0.098699	1.199396	0.000832
0.098739	1.200539	0.001152
0.098779	1.191630	0.001327
0.098819	1.187831	0.001155
0.098859	1.195938	0.001083
0.098899	1.201278	0.001460
0.098939	1.193070	0.001858
0.098979	1.184598	0.001762
0.099019	1.190664	0.001554
0.099059	1.200329	0.001949
0.099099	1.194818	0.002686
0.099139	1.181600	0.002841
0.099179	1.183104	0.002502
0.099219	1.196423	0.002854
0.099259	1.195831	0.004136
0.099299	1.178231	0.004943
0.099339	1.171780	0.004619
0.099379	1.186795	0.004877
0.099419	1.193313	0.007189
0.099459	1.171498	0.009806
0.099499	1.150988	0.010307
0.099540	1.162296	0.010726
0.099580	1.176306	0.015901
0.099620	1.145430	0.025339
0.099660	1.089877	0.032387
0.099700	1.070463	0.037739
0.099740	1.062078	0.060494
0.099780	0.937824	0.124028
0.099820	0.644495	0.223541
0.099860	0.342330	0.313334
0.099900	0.275575	0.338105
0.099940	0.501312	0.282054
0.099980	0.823831	0.183833
0.100020	1.020774	0.100596
0.100060	1.064582	0.060225
0.100100	1.077033	0.049968
0.100140	1.131540	0.044277
0.100180	1.186670	0.033365
0.100220	1.195230	0.023674
0.100260	1.185726	0.020701
0.100300	1.204931	0.020777
0.100340	1.241805	0.018409
0.100380	1.256067	0.014036
0.100420	1.248086	0.011408
0.100460	1.251816	0.011154
0.100501	1.273972	0.010588
0.100541	1.286170	0.008407
0.100581	1.276168	0.006246
0.100621	1.266629	0.005566
0.100661	1.274044	0.005519
0.100701	1.282458	0.004724
0.100741	1.274138	0.003442
0.100781	1.260150	0.002799
0.100821	1.259520	0.002856
0.100861	1.266713	0.002713
0.100901	1.263319	0.002070
0.100941	1.250498	0.001557
0.100981	1.245562	0.001554
0.101021	1.251301	0.001626
0.101061	1.252287	0.001347
0.101101	1.242514	0.000965
0.101141	1.235031	0.000884
0.101181	1.238305	0.000987
0.101221	1.241952	0.000905
0.101261	1.235710	0.000645
0.101301	1.227064	0.000519
0.101341	1.227319	0.000587
0.101381	1.231884	0.000599
0.101421	1.229038	0.000445
0.101461	1.220538	0.000313
0.101502	1.217892	0.000334
0.101542	1.221966	0.000379
0.101582	1.222001	0.000307
0.101622	1.214800	0.000195
0.101662	1.209931	0.000182
0.101702	1.212566	0.000228
0.101742	1.214705	0.000207
0.101782	1.209632	0.000128
0.101822	1.203544	0.000098
0.101862	1.204258	0.000133
0.101902	1.207555	0.000139
0.101942	1.204987	0.000089
0.101982	1.198752	0.000056
0.102022	1.197474	0.000078
0.102062	1.200940	0.000096
0.102102	1.200778	0.000067
0.102142	1.195340	0.000037
0.102182	1.192349	0.000049
0.102222	1.195105	0.000070
0.102262	1.196856	0.000056
0.102302	1.192905	0.000029
0.102342	1.188753	0.000034
0.102382	1.190170	0.000056
0.102422	1.193089	0.000051
0.102462	1.190997	0.000027
0.102503	1.186400	0.000026
0.102543	1.186184	0.000047
0.102583	1.189432	0.000050
0.102623	1.189232	0.000030
0.102663	1.184939	0.000023
0.102703	1.183146	0.000041
0.102743	1.185941	0.000050
0.102783	1.187351	0.000034
0.102823	1.184009	0.000022
0.102863	1.180999	0.000036
0.102903	1.182740	0.000050
0.102943	1.185240	0.000040
0.102983	1.183288	0.000024
0.103023	1.179630	0.000032
0.103063	1.179978	0.000050
0.103103	1.182911	0.000046
0.103143	1.182515	0.000029
0.103183	1.178865	0.000030
0.103223	1.177777	0.000048
0.103263	1.180472	0.000051
0.103303	1.181512	0.000035
0.103343	1.178487	0.000029
0.103383	1.176199	0.000045
0.103423	1.178088	0.000055
0.103463	1.180197	0.000042
0.103504	1.178262	0.000030
0.103544	1.175225	0.000041
0.103584	1.175935	0.000056
0.103624	1.178578	0.000049
0.103664	1.177974	0.000033
0.103704	1.174753	0.000038
0.103744	1.174159	0.000055
0.103784	1.176741	0.000055
0.103824	1.177451	0.000039
0.103864	1.174619	0.000036
0.103904	1.172852	0.000052
0.103944	1.174826	0.000059
0.103984	1.176590	0.000045
0.104024	1.174620	0.000035
0.104064	1.172029	0.000047
0.104104	1.172994	0.000060
0.104144	1.175371	0.000052
0.104184	1.174553	0.000037
0.104224	1.171629	0.000043
0.104264	1.171397	0.000059
0.104304	1.173853	0.000057
0.104344	1.174249	0.000041
0.104384	1.171525	0.000039
0.104424	1.170145	0.000055
0.104464	1.172157	0.000061
0.104505	1.173596	0.000046
0.104545	1.171549	0.000038
0.104585	1.169288	0.000050
0.104625	1.170437	0.000061
0.104665	1.172560	0.000052
0.104705	1.171519	0.000039
0.104745	1.168805	0.000045
0.104785	1.168853	0.000060
0.104825	1.171180	0.000057
0.104865	1.171275	0.000041
0.104905	1.168606	0.000041
0.104945	1.167534	0.000056
0.104985	1.169563	0.000060
0.105025	1.170700	0.000046
0.105065	1.168554	0.000039
0.105105	1.166558	0.000051
0.105145	1.167857	0.000060
0.105185	1.169744	0.000050
0.105225	1.168485	0.000038
0.105265	1.165934	0.000045
0.105305	1.166221	0.000059
0.105345	1.168429	0.000055
0.105385	1.168242	0.000040
0.105425	1.165604	0.000041
0.105465	1.164799	0.000055
0.105506	1.166843	0.000058
0.105546	1.167701	0.000044
0.105586	1.165451	0.000038
0.105626	1.163685	0.000050
0.105666	1.165122	0.000059
0.105706	1.166794	0.000048
0.105746	1.165324	0.000037
0.105786	1.162913	0.000045
0.105826	1.163422	0.000057
0.105866	1.165523	0.000052
0.105906	1.165068	0.000039
0.105946	1.162448	0.000040
0.105986	1.161891	0.000054
0.106026	1.163956	0.000055
0.106066	1.164550	0.000042
0.106106	1.162193	0.000037
0.106146	1.160641	0.000049
0.106186	1.162214	0.000057
0.106226	1.163685	0.000046
0.106266	1.162008	0.000036
0.106306	1.159725	0.000044
0.106346	1.160448	0.000056
0.106386	1.162453	0.000050
0.106426	1.161738	0.000037
0.106466	1.159130	0.000040
0.106507	1.158812	0.000053
0.106547	1.160903	0.000053
0.106587	1.161242	0.000040
0.106627	1.158776	0.000036
0.106667	1.157430	0.000049
0.106707	1.159141	0.000055
0.106747	1.160419	0.000044
0.106787	1.158537	0.000035
0.106827	1.156376	0.000044
0.106867	1.157315	0.000054
0.106907	1.159229	0.000048
0.106947	1.158257	0.000035
0.106987	1.155656	0.000039
0.107027	1.155579	0.000052
0.107067	1.157701	0.000051
0.107107	1.157788	0.000038
0.107147	1.155210	0.000035
0.107187	1.154072	0.000048
0.107227	1.155928	0.000053
0.107267	1.157014	0.000042
0.107307	1.154923	0.000034
0.107347	1.152886	0.000043
0.107387	1.154048	0.000053
0.107427	1.155875	0.000046
0.107467	1.154641	0.000034
0.107508	1.152048	0.000038
0.107548	1.152221	0.000051
0.107588	1.154380	0.000049
0.107628	1.154210	0.000036
0.107668	1.151518	0.000035
0.107708	1.150597	0.000048
0.107748	1.152605	0.000052
0.107788	1.153497	0.000040
0.107828	1.151191	0.000033
0.107868	1.149286	0.000043
0.107908	1.150683	0.000052
0.107948	1.152423	0.000044
0.107988	1.150918	0.000033
0.108028	1.148337	0.000038
0.108068	1.148774	0.000051
0.108108	1.150974	0.000048
0.108148	1.150537	0.000035
0.108188	1.147729	0.000034
0.108228	1.147040	0.000048
0.108268	1.149213	0.000051
0.108308	1.149900	0.000038
0.108348	1.147370	0.000032
0.108388	1.145609	0.000043
0.108428	1.147259	0.000052
0.108468	1.148906	0.000043
0.108509	1.147117	0.000032
0.108549	1.144554	0.000039
0.108589	1.145276	0.000051
0.108629	1.147521	0.000047
0.108669	1.146798	0.000033
0.108709	1.143872	0.000034
0.108749	1.143437	0.000048
0.108789	1.145785	0.000051
0.108829	1.146252	0.000037
0.108869	1.143487	0.000032
0.108909	1.141888	0.000044
0.108949	1.143812	0.000053
0.108989	1.145356	0.000042
0.109029	1.143261	0.000031
0.109069	1.140726	0.000039
0.109109	1.141762	0.000052
0.109149	1.144050	0.000047
0.109189	1.143018	0.000033
0.109229	1.139971	0.000035
0.109269	1.139819	0.000050
0.109309	1.142356	0.000051
0.109349	1.142579	0.000036
0.109389	1.139563	0.000032
0.109429	1.138152	0.000046
0.109469	1.140373	0.000053
0.109510	1.141798	0.000041
0.109550	1.139371	0.000031
0.109590	1.136879	0.000041
0.109630	1.138262	0.000054
0.109670	1.140590	0.000047
0.109710	1.139215	0.000032
0.109750	1.136047	0.000036
0.109790	1.136216	0.000052
0.109830	1.138954	0.000052
0.109870	1.138900	0.000036
0.109910	1.135616	0.000033
0.109950	1.134424	0.000048
0.109990	1.136973	0.000055
0.110030	1.138254	0.000041
0.110070	1.135463	0.000031
0.110110	1.133033	0.000043
0.110150	1.134805	0.000056
0.110190	1.137165	0.000047
0.110230	1.135406	0.000032
0.110270	1.132118	0.000038
0.110310	1.132653	0.000055
0.110350	1.135604	0.000053
0.110390	1.135231	0.000035
0.110430	1.131659	0.000034
0.110470	1.130729	0.000051
0.110511	1.133638	0.000057
0.110551	1.134743	0.000041
0.110591	1.131549	0.000032
0.110631	1.129208	0.000046
0.110671	1.131418	0.000059
0.110711	1.133796	0.000048
0.110751	1.131601	0.000032
0.110791	1.128197	0.000040
0.110831	1.129156	0.000059
0.110871	1.132332	0.000055
0.110911	1.131587	0.000035
0.110951	1.127704	0.000035
0.110991	1.127087	0.000055
0.111031	1.130394	0.000060
0.111071	1.131281	0.000041
0.111111	1.127637	0.000033
0.111151	1.125420	0.000050
0.111191	1.128127	0.000063
0.111231	1.130503	0.000049
0.111271	1.127808	0.000033
0.111311	1.124297	0.000044
0.111351	1.125750	0.000063
0.111391	1.129160	0.000057
0.111431	1.127975	0.000036
0.111471	1.123759	0.000038
0.111512	1.123522	0.000060
0.111552	1.127269	0.000064
0.111592	1.127880	0.000042
0.111632	1.123731	0.000034
0.111672	1.121687	0.000055
0.111712	1.124960	0.000068
0.111752	1.127303	0.000051
0.111792	1.124032	0.000034
0.111832	1.120429	0.000048
0.111872	1.122461	0.000070
0.111912	1.126111	0.000060
0.111952	1.124401	0.000037
0.111992	1.119827	0.000042
0.112032	1.120054	0.000067
0.112072	1.124287	0.000069
0.112112	1.124550	0.000043
0.112152	1.119832	0.000037
0.112192	1.118024	0.000062
0.112232	1.121945	0.000075
0.112272	1.124212	0.000053
0.112312	1.120270	0.000035
0.112352	1.116601	0.000054
0.112392	1.119315	0.000077
0.112432	1.123207	0.000064
0.112472	1.120867	0.000038
0.112513	1.115910	0.000046
0.112553	1.116705	0.000076
0.112593	1.121477	0.000074
0.112633	1.121296	0.000045
0.112673	1.115937	0.000040
0.112713	1.114445	0.000070
0.112753	1.119112	0.000083
0.112793	1.121243	0.000055
0.112833	1.116519	0.000037
0.112873	1.112819	0.000062
0.112913	1.116342	0.000087
0.112953	1.120468	0.000068
0.112993	1.117368	0.000039
0.113033	1.112008	0.000053
0.113073	1.113502	0.000087
0.113113	1.118866	0.000081
0.113153	1.118121	0.000046
0.113193	1.112037	0.000044
0.113233	1.110968	0.000081
0.113273	1.116493	0.000092
0.113313	1.118405	0.000058
0.113353	1.112765	0.000040
0.113393	1.109090	0.000072
0.113433	1.113575	0.000099
0.113473	1.117916	0.000074
0.113514	1.113895	0.000041
0.113554	1.108113	0.000061
0.113594	1.110469	0.000100
0.113634	1.116484	0.000090
0.113674	1.115021	0.000048
0.113714	1.108117	0.000051
0.113754	1.107609	0.000095
0.113794	1.114124	0.000105
0.113834	1.115708	0.000062
0.113874	1.108990	0.000044
0.113914	1.105417	0.000085
0.113954	1.111049	0.000115
0.113994	1.115570	0.000080
0.114034	1.110428	0.000044
0.114074	1.104216	0.000072
0.114114	1.107641	0.000118
0.114154	1.114364	0.000101
0.114194	1.111987	0.000051
0.114234	1.104156	0.000059
0.114274	1.104390	0.000114
0.114314	1.112048	0.000120
0.114354	1.113154	0.000066
0.114394	1.105166	0.000049
0.114434	1.101805	0.000103
0.114474	1.108811	0.000134
0.114515	1.113453	0.000088
0.114555	1.106944	0.000047
0.114595	1.100306	0.000087
0.114635	1.105056	0.000140
0.114675	1.112546	0.000113
0.114715	1.109002	0.000054
0.114755	1.100128	0.000070
0.114795	1.101337	0.000138
0.114835	1.110316	0.000138
0.114875	1.110745	0.000071
0.114915	1.101258	0.000057
0.114955	1.098262	0.000126
0.114995	1.106916	0.000158
0.115035	1.111587	0.000097
0.115075	1.103406	0.000051
0.115115	1.096366	0.000107
0.115155	1.102764	0.000170
0.115195	1.111073	0.000129
0.115235	1.106042	0.000057
0.115275	1.095996	0.000086
0.115315	1.098483	0.000169
0.115355	1.108988	0.000162
0.115395	1.108477	0.000076
0.115435	1.097216	0.000067
0.115475	1.094795	0.000157
0.115516	1.105432	0.000190
0.115556	1.109994	0.000107
0.115596	1.099763	0.000057
0.115636	1.092377	0.000135
0.115676	1.100828	0.000208
0.115716	1.109994	0.000148
0.115756	1.103067	0.000061
0.115796	1.091713	0.000108
0.115836	1.095872	0.000212
0.115876	1.108138	0.000191
0.115916	1.106335	0.000082
0.115956	1.092975	0.000082
0.115996	1.091418	0.000200
0.116036	1.104444	0.000231
0.116076	1.108694	0.000119
0.116116	1.095946	0.000066
0.116156	1.088313	0.000174
0.116196	1.099327	0.000259
0.116236	1.109369	0.000170
0.116276	1.100022	0.000066
0.116316	1.087219	0.000139
0.116356	1.093560	0.000269
0.116396	1.107855	0.000228
0.116436	1.104294	0.000088
0.116476	1.088450	0.000103
0.116517	1.088148	0.000258
0.116557	1.104059	0.000284
0.116597	1.107709	0.000133
0.116637	1.091862	0.000078
0.116677	1.084147	0.000228
0.116717	1.098367	0.000327
0.116757	1.109269	0.000199
0.116797	1.096831	0.000072
0.116837	1.082440	0.000183
0.116877	1.091627	0.000347
0.116917	1.108255	0.000276
0.116957	1.102320	0.000095
0.116997	1.083531	0.000134
0.117037	1.085018	0.000340
0.117077	1.104417	0.000354
0.117117	1.107058	0.000149
0.117157	1.087389	0.000095
0.117197	1.079847	0.000305
0.117237	1.098086	0.000418
0.117277	1.109774	0.000233
0.117317	1.093386	0.000081
0.117357	1.077279	0.000248
0.117397	1.090177	0.000455
0.117437	1.109475	0.000338
0.117477	1.100350	0.000102
0.117518	1.078073	0.000181
0.117558	1.082070	0.000456
0.117598	1.105695	0.000448
0.117638	1.106752	0.000168
0.117678	1.082361	0.000122
0.117718	1.075376	0.000416
0.117758	1.098662	0.000544
0.117798	1.110983	0.000276
0.117838	1.089539	0.000092
0.117878	1.071617	0.000343
0.117918	1.089352	0.000607
0.117958	1.111693	0.000418
0.117998	1.098296	0.000110
0.118038	1.071887	0.000251
0.118078	1.079370	0.000621
0.118118	1.108120	0.000574
0.118158	1.106796	0.000188
0.118198	1.076558	0.000164
0.118238	1.070695	0.000579
0.118278	1.100335	0.000718
0.118318	1.113012	0.000329
0.118358	1.085091	0.000110
0.118398	1.065303	0.000486
0.118438	1.089347	0.000822
0.118478	1.115134	0.000523
0.118519	1.096030	0.000118
0.118559	1.064733	0.000359
0.118599	1.077014	0.000862
0.118639	1.111996	0.000746
0.118679	1.107187	0.000210
0.118719	1.069691	0.000229
0.118759	1.065766	0.000822
0.118799	1.103426	0.000963
0.118839	1.116009	0.000395
0.118879	1.079770	0.000138
0.118919	1.058151	0.000703
0.118959	1.090431	0.001133
0.118999	1.120092	0.000663
0.119039	1.093379	0.000127
0.119079	1.056297	0.000527
0.119119	1.075150	0.001217
0.119159	1.117722	0.000985
0.119199	1.107909	0.000234
0.119239	1.061379	0.000335
0.119279	1.060556	0.001188
0.119319	1.108368	0.001314
0.119359	1.120159	0.000477
0.119399	1.073216	0.000184
0.119439	1.049927	0.001040
0.119479	1.092974	0.001589
0.119520	1.126949	0.000852
0.119560	1.090098	0.000139
0.119600	1.046171	0.000796
0.119640	1.073982	0.001751
0.119680	1.125828	0.001323
0.119720	1.108929	0.000258
0.119760	1.051116	0.000511
0.119800	1.055030	0.001751
0.119840	1.115739	0.001826
0.119880	1.125694	0.000582
0.119920	1.064938	0.000265
0.119960	1.040327	0.001570
0.120000	1.097473	0.002273
