# Freq_range	Reflection	Transmission
0.080000	0.787955	0.000276
0.080040	0.789639	0.000259
0.080080	0.791731	0.000266
0.080120	0.793071	0.000276
0.080160	0.793851	0.000264
0.080200	0.795240	0.000245
0.080240	0.797309	0.000245
0.080280	0.798944	0.000256
0.080320	0.799828	0.000252
0.080360	0.800968	0.000234
0.080400	0.802895	0.000228
0.080440	0.804753	0.000237
0.080480	0.805836	0.000239
0.080521	0.806817	0.000225
0.080561	0.808527	0.000213
0.080601	0.810501	0.000219
0.080641	0.811829	0.000225
0.080681	0.812761	0.000216
0.080721	0.814232	0.000202
0.080761	0.816208	0.000203
0.080801	0.817777	0.000211
0.080841	0.818766	0.000207
0.080881	0.820024	0.000193
0.080921	0.821903	0.000189
0.080961	0.823663	0.000196
0.081001	0.824794	0.000197
0.081041	0.825903	0.000186
0.081081	0.827616	0.000178
0.081121	0.829487	0.000182
0.081161	0.830807	0.000186
0.081201	0.831853	0.000178
0.081241	0.833372	0.000169
0.081281	0.835263	0.000170
0.081321	0.836777	0.000175
0.081361	0.837848	0.000171
0.081401	0.839186	0.000161
0.081441	0.841013	0.000159
0.081481	0.842690	0.000164
0.081522	0.843859	0.000164
0.081562	0.845061	0.000155
0.081602	0.846762	0.000150
0.081642	0.848543	0.000153
0.081682	0.849856	0.000156
0.081722	0.850988	0.000149
0.081762	0.852532	0.000142
0.081802	0.854344	0.000144
0.081842	0.855814	0.000147
0.081882	0.856948	0.000144
0.081922	0.858338	0.000136
0.081962	0.860111	0.000135
0.082002	0.861720	0.000139
0.082042	0.862918	0.000138
0.082082	0.864185	0.000131
0.082122	0.865864	0.000127
0.082162	0.867567	0.000130
0.082202	0.868874	0.000131
0.082242	0.870068	0.000126
0.082282	0.871621	0.000121
0.082322	0.873362	0.000122
0.082362	0.874794	0.000125
0.082402	0.875974	0.000122
0.082442	0.877396	0.000116
0.082482	0.879116	0.000115
0.082523	0.880665	0.000118
0.082563	0.881885	0.000117
0.082603	0.883197	0.000112
0.082643	0.884846	0.000109
0.082683	0.886481	0.000112
0.082723	0.887781	0.000112
0.082763	0.889020	0.000108
0.082803	0.890568	0.000104
0.082843	0.892244	0.000105
0.082883	0.893644	0.000107
0.082923	0.894857	0.000104
0.082963	0.896295	0.000100
0.083003	0.897962	0.000100
0.083043	0.899459	0.000102
0.083083	0.900694	0.000101
0.083123	0.902033	0.000096
0.083163	0.903648	0.000095
0.083203	0.905222	0.000096
0.083243	0.906514	0.000097
0.083283	0.907782	0.000093
0.083323	0.909317	0.000091
0.083363	0.910931	0.000091
0.083403	0.912301	0.000093
0.083443	0.913537	0.000090
0.083483	0.914978	0.000087
0.083524	0.916593	0.000087
0.083564	0.918044	0.000088
0.083604	0.919286	0.000087
0.083644	0.920639	0.000084
0.083684	0.922217	0.000083
0.083724	0.923734	0.000084
0.083764	0.925016	0.000084
0.083804	0.926301	0.000081
0.083844	0.927813	0.000079
0.083884	0.929371	0.000080
0.083924	0.930712	0.000081
0.083964	0.931960	0.000079
0.084004	0.933393	0.000077
0.084044	0.934957	0.000077
0.084084	0.936365	0.000078
0.084124	0.937607	0.000077
0.084164	0.938962	0.000074
0.084204	0.940500	0.000073
0.084244	0.941965	0.000074
0.084284	0.943233	0.000074
0.084324	0.944523	0.000072
0.084364	0.946008	0.000070
0.084404	0.947511	0.000071
0.084444	0.948823	0.000072
0.084484	0.950074	0.000070
0.084525	0.951491	0.000068
0.084565	0.953004	0.000068
0.084605	0.954370	0.000069
0.084645	0.955607	0.000068
0.084685	0.956954	0.000066
0.084725	0.958449	0.000065
0.084765	0.959864	0.000066
0.084805	0.961114	0.000066
0.084845	0.962401	0.000064
0.084885	0.963853	0.000063
0.084925	0.965302	0.000064
0.084965	0.966584	0.000064
0.085005	0.967829	0.000062
0.085045	0.969223	0.000061
0.085085	0.970684	0.000061
0.085125	0.972009	0.000062
0.085165	0.973234	0.000061
0.085205	0.974566	0.000059
0.085245	0.976015	0.000059
0.085285	0.977380	0.000060
0.085325	0.978609	0.000059
0.085365	0.979884	0.000058
0.085405	0.981298	0.000057
0.085445	0.982694	0.000058
0.085485	0.983945	0.000058
0.085526	0.985176	0.000056
0.085566	0.986542	0.000055
0.085606	0.987950	0.000056
0.085646	0.989233	0.000056
0.085686	0.990440	0.000055
0.085726	0.991749	0.000054
0.085766	0.993150	0.000054
0.085806	0.994466	0.000054
0.085846	0.995669	0.000054
0.085886	0.996925	0.000053
0.085926	0.998297	0.000052
0.085966	0.999640	0.000053
0.086006	1.000856	0.000053
0.086046	1.002068	0.000052
0.086086	1.003398	0.000051
0.086126	1.004753	0.000051
0.086166	1.005992	0.000051
0.086206	1.007177	0.000050
0.086246	1.008456	0.000049
0.086286	1.009806	0.000049
0.086326	1.011072	0.000050
0.086366	1.012246	0.000049
0.086406	1.013475	0.000048
0.086446	1.014802	0.000048
0.086486	1.016091	0.000048
0.086527	1.017269	0.000048
0.086567	1.018455	0.000047
0.086607	1.019745	0.000047
0.086647	1.021046	0.000047
0.086687	1.022240	0.000047
0.086727	1.023396	0.000047
0.086767	1.024640	0.000046
0.086807	1.025937	0.000046
0.086847	1.027152	0.000046
0.086887	1.028292	0.000046
0.086927	1.029489	0.000045
0.086967	1.030767	0.000045
0.087007	1.032001	0.000045
0.087047	1.033139	0.000045
0.087087	1.034293	0.000044
0.087127	1.035539	0.000044
0.087167	1.036783	0.000044
0.087207	1.037930	0.000044
0.087247	1.039052	0.000044
0.087287	1.040256	0.000043
0.087327	1.041498	0.000043
0.087367	1.042661	0.000043
0.087407	1.043762	0.000043
0.087447	1.044922	0.000042
0.087487	1.046147	0.000042
0.087528	1.047325	0.000042
0.087568	1.048420	0.000042
0.087608	1.049537	0.000042
0.087648	1.050734	0.000041
0.087688	1.051920	0.000042
0.087728	1.053019	0.000042
0.087768	1.054102	0.000041
0.087808	1.055261	0.000041
0.087848	1.056446	0.000041
0.087888	1.057555	0.000041
0.087928	1.058615	0.000041
0.087968	1.059732	0.000040
0.088008	1.060902	0.000040
0.088048	1.062022	0.000040
0.088088	1.063071	0.000040
0.088128	1.064147	0.000040
0.088168	1.065292	0.000039
0.088208	1.066418	0.000040
0.088248	1.067466	0.000040
0.088288	1.068506	0.000039
0.088328	1.069617	0.000039
0.088368	1.070742	0.000039
0.088408	1.071795	0.000039
0.088448	1.072810	0.000039
0.088488	1.073880	0.000038
0.088529	1.074993	0.000038
0.088569	1.076054	0.000039
0.088609	1.077053	0.000039
0.088649	1.078084	0.000038
0.088689	1.079174	0.000038
0.088729	1.080240	0.000038
0.088769	1.081234	0.000038
0.088809	1.082228	0.000038
0.088849	1.083286	0.000038
0.088889	1.084351	0.000038
0.088929	1.085346	0.000038
0.088969	1.086312	0.000038
0.089009	1.087333	0.000037
0.089049	1.088386	0.000037
0.089089	1.089386	0.000038
0.089129	1.090334	0.000037
0.089169	1.091315	0.000037
0.089209	1.092348	0.000037
0.089249	1.093351	0.000037
0.089289	1.094290	0.000037
0.089329	1.095235	0.000037
0.089369	1.096238	0.000037
0.089409	1.097240	0.000037
0.089449	1.098176	0.000037
0.089489	1.099091	0.000037
0.089530	1.100059	0.000036
0.089570	1.101051	0.000037
0.089610	1.101989	0.000037
0.089650	1.102883	0.000037
0.089690	1.103812	0.000036
0.089730	1.104785	0.000036
0.089770	1.105725	0.000037
0.089810	1.106606	0.000037
0.089850	1.107499	0.000036
0.089890	1.108445	0.000036
0.089930	1.109382	0.000036
0.089970	1.110258	0.000037
0.090010	1.111120	0.000036
0.090050	1.112032	0.000036
0.090090	1.112961	0.000036
0.090130	1.113836	0.000037
0.090170	1.114674	0.000037
0.090210	1.115549	0.000036
0.090250	1.116461	0.000036
0.090290	1.117336	0.000037
0.090330	1.118159	0.000037
0.090370	1.118998	0.000036
0.090410	1.119884	0.000036
0.090450	1.120756	0.000037
0.090490	1.121571	0.000037
0.090531	1.122377	0.000037
0.090571	1.123232	0.000036
0.090611	1.124096	0.000037
0.090651	1.124908	0.000037
0.090691	1.125688	0.000037
0.090731	1.126507	0.000037
0.090771	1.127356	0.000037
0.090811	1.128166	0.000037
0.090851	1.128929	0.000037
0.090891	1.129712	0.000037
0.090931	1.130537	0.000037
0.090971	1.131344	0.000037
0.091011	1.132096	0.000037
0.091051	1.132846	0.000037
0.091091	1.133642	0.000037
0.091131	1.134441	0.000037
0.091171	1.135188	0.000038
0.091211	1.135910	0.000038
0.091251	1.136671	0.000037
0.091291	1.137457	0.000037
0.091331	1.138201	0.000038
0.091371	1.138903	0.000038
0.091411	1.139629	0.000038
0.091451	1.140392	0.000038
0.091491	1.141133	0.000038
0.091532	1.141822	0.000038
0.091572	1.142514	0.000038
0.091612	1.143250	0.000038
0.091652	1.143984	0.000039
0.091692	1.144666	0.000039
0.091732	1.145329	0.000039
0.091772	1.146031	0.000039
0.091812	1.146753	0.000039
0.091852	1.147431	0.000039
0.091892	1.148072	0.000039
0.091932	1.148739	0.000039
0.091972	1.149441	0.000039
0.092012	1.150115	0.000040
0.092052	1.150741	0.000040
0.092092	1.151375	0.000040
0.092132	1.152050	0.000040
0.092172	1.152718	0.000040
0.092212	1.153335	0.000041
0.092252	1.153939	0.000041
0.092292	1.154582	0.000041
0.092332	1.155239	0.000041
0.092372	1.155852	0.000041
0.092412	1.156431	0.000042
0.092452	1.157040	0.000042
0.092492	1.157680	0.000042
0.092533	1.158288	0.000042
0.092573	1.158851	0.000043
0.092613	1.159426	0.000043
0.092653	1.160040	0.000043
0.092693	1.160643	0.000043
0.092733	1.161196	0.000043
0.092773	1.161740	0.000044
0.092813	1.162324	0.000044
0.092853	1.162917	0.000044
0.092893	1.163463	0.000045
0.092933	1.163982	0.000045
0.092973	1.164533	0.000045
0.093013	1.165110	0.000045
0.093053	1.165652	0.000046
0.093093	1.166153	0.000046
0.093133	1.166669	0.000046
0.093173	1.167223	0.000046
0.093213	1.167761	0.000047
0.093253	1.168249	0.000047
0.093293	1.168734	0.000047
0.093333	1.169259	0.000048
0.093373	1.169789	0.000048
0.093413	1.170270	0.000049
0.093453	1.170728	0.000049
0.093493	1.171221	0.000049
0.093534	1.171736	0.000050
0.093574	1.172214	0.000050
0.093614	1.172652	0.000051
0.093654	1.173110	0.000051
0.093694	1.173604	0.000051
0.093734	1.174078	0.000052
0.093774	1.174503	0.000052
0.093814	1.174928	0.000053
0.093854	1.175396	0.000053
0.093894	1.175863	0.000054
0.093934	1.176279	0.000054
0.093974	1.176677	0.000055
0.094014	1.177112	0.000055
0.094054	1.177567	0.000056
0.094094	1.177980	0.000056
0.094134	1.178356	0.000057
0.094174	1.178757	0.000057
0.094214	1.179193	0.000058
0.094254	1.179603	0.000059
0.094294	1.179964	0.000060
0.094334	1.180332	0.000060
0.094374	1.180742	0.000060
0.094414	1.181147	0.000061
0.094454	1.181499	0.000062
0.094494	1.181837	0.000063
0.094535	1.182217	0.000063
0.094575	1.182611	0.000064
0.094615	1.182960	0.000065
0.094655	1.183275	0.000066
0.094695	1.183619	0.000067
0.094735	1.183997	0.000067
0.094775	1.184344	0.000069
0.094815	1.184642	0.000070
0.094855	1.184953	0.000070
0.094895	1.185307	0.000071
0.094935	1.185650	0.000072
0.094975	1.185939	0.000074
0.095015	1.186218	0.000074
0.095055	1.186541	0.000075
0.095095	1.186877	0.000076
0.095135	1.187162	0.000078
0.095175	1.187415	0.000079
0.095215	1.187704	0.000080
0.095255	1.188025	0.000081
0.095295	1.188309	0.000083
0.095335	1.188543	0.000084
0.095375	1.188796	0.000085
0.095415	1.189095	0.000086
0.095455	1.189377	0.000088
0.095495	1.189601	0.000090
0.095536	1.189820	0.000091
0.095576	1.190089	0.000093
0.095616	1.190366	0.000094
0.095656	1.190585	0.000097
0.095696	1.190776	0.000098
0.095736	1.191009	0.000100
0.095776	1.191273	0.000102
0.095816	1.191492	0.000104
0.095856	1.191662	0.000106
0.095896	1.191857	0.000108
0.095936	1.192100	0.000110
0.095976	1.192319	0.000113
0.096016	1.192475	0.000115
0.096056	1.192632	0.000118
0.096096	1.192845	0.000120
0.096136	1.193061	0.000123
0.096176	1.193211	0.000126
0.096216	1.193335	0.000129
0.096256	1.193510	0.000131
0.096296	1.193715	0.000135
0.096336	1.193864	0.000139
0.096376	1.193962	0.000142
0.096416	1.194094	0.000145
0.096456	1.194278	0.000149
0.096496	1.194428	0.000153
0.096537	1.194507	0.000158
0.096577	1.194595	0.000162
0.096617	1.194747	0.000166
0.096657	1.194893	0.000171
0.096697	1.194962	0.000177
0.096737	1.195007	0.000182
0.096777	1.195115	0.000187
0.096817	1.195250	0.000193
0.096857	1.195314	0.000200
0.096897	1.195321	0.000207
0.096937	1.195375	0.000213
0.096977	1.195485	0.000220
0.097017	1.195545	0.000229
0.097057	1.195520	0.000237
0.097097	1.195513	0.000245
0.097137	1.195580	0.000254
0.097177	1.195629	0.000265
0.097217	1.195578	0.000276
0.097257	1.195503	0.000287
0.097297	1.195506	0.000299
0.097337	1.195529	0.000312
0.097377	1.195451	0.000327
0.097417	1.195304	0.000343
0.097457	1.195216	0.000358
0.097497	1.195186	0.000375
0.097538	1.195071	0.000396
0.097578	1.194840	0.000417
0.097618	1.194630	0.000439
0.097658	1.194501	0.000463
0.097698	1.194318	0.000491
0.097738	1.193977	0.000523
0.097778	1.193594	0.000555
0.097818	1.193293	0.000590
0.097858	1.192972	0.000631
0.097898	1.192459	0.000679
0.097938	1.191811	0.000730
0.097978	1.191203	0.000785
0.098018	1.190595	0.000849
0.098058	1.189753	0.000927
0.098098	1.188636	0.001013
0.098138	1.187439	0.001107
0.098178	1.186196	0.001218
0.098218	1.184622	0.001355
0.098258	1.182516	0.001516
0.098298	1.180021	0.001699
0.098338	1.177220	0.001918
0.098378	1.173737	0.002195
0.098418	1.169075	0.002540
0.098458	1.163122	0.002957
0.098498	1.155817	0.003473
0.098539	1.146419	0.004146
0.098579	1.133649	0.005033
0.098619	1.116517	0.006168
0.098659	1.094268	0.007608
0.098699	1.065532	0.009457
0.098739	1.029221	0.011749
0.098779	0.988163	0.014228
0.098819	0.951710	0.016276
0.098859	0.932465	0.017172
0.098899	0.938166	0.016549
0.098939	0.966088	0.014645
0.098979	1.005511	0.012124
0.099019	1.045490	0.009641
0.099059	1.080323	0.007534
0.099099	1.109055	0.005839
0.099139	1.132143	0.004477
0.099179	1.149812	0.003398
0.099219	1.162586	0.002571
0.099259	1.171652	0.001952
0.099299	1.178127	0.001482
0.099339	1.182493	0.001120
0.099379	1.185022	0.000848
0.099419	1.186283	0.000650
0.099459	1.186903	0.000504
0.099499	1.187101	0.000393
0.099540	1.186826	0.000309
0.099580	1.186216	0.000249
0.099620	1.185596	0.000205
0.099660	1.185100	0.000172
0.099700	1.184589	0.000145
0.099740	1.183984	0.000124
0.099780	1.183428	0.000110
0.099820	1.183035	0.000097
0.099860	1.182692	0.000086
0.099900	1.182245	0.000078
0.099940	1.181731	0.000073
0.099980	1.181278	0.000069
0.100020	1.180855	0.000067
0.100060	1.180314	0.000067
0.100100	1.179615	0.000071
0.100140	1.178861	0.000078
0.100180	1.178089	0.000086
0.100220	1.177179	0.000099
0.100260	1.176024	0.000116
0.100300	1.174672	0.000139
0.100340	1.173196	0.000166
0.100380	1.171522	0.000200
0.100420	1.169488	0.000245
0.100460	1.167036	0.000301
0.100501	1.164214	0.000369
0.100541	1.160965	0.000455
0.100581	1.157048	0.000566
0.100621	1.152221	0.000709
0.100661	1.146371	0.000892
0.100701	1.139341	0.001128
0.100741	1.130694	0.001440
0.100781	1.119804	0.001861
0.100821	1.106178	0.002423
0.100861	1.089492	0.003168
0.100901	1.069435	0.004152
0.100941	1.046188	0.005431
0.100981	1.021897	0.006986
0.101021	1.001751	0.008643
0.101061	0.992634	0.010074
0.101101	0.999351	0.010930
0.101141	1.021323	0.011035
0.101181	1.052848	0.010472
0.101221	1.086775	0.009509
0.101261	1.118216	0.008418
0.101301	1.145439	0.007358
0.101341	1.168347	0.006375
0.101381	1.187007	0.005471
0.101421	1.201488	0.004660
0.101461	1.212243	0.003953
0.101502	1.219981	0.003347
0.101542	1.225244	0.002826
0.101582	1.228393	0.002383
0.101622	1.229898	0.002013
0.101662	1.230353	0.001710
0.101702	1.230158	0.001460
0.101742	1.229424	0.001248
0.101782	1.228229	0.001070
0.101822	1.226791	0.000923
0.101862	1.225296	0.000799
0.101902	1.223723	0.000693
0.101942	1.221990	0.000600
0.101982	1.220158	0.000521
0.102022	1.218359	0.000453
0.102062	1.216595	0.000395
0.102102	1.214765	0.000343
0.102142	1.212864	0.000297
0.102182	1.211006	0.000258
0.102222	1.209239	0.000225
0.102262	1.207485	0.000196
0.102302	1.205697	0.000170
0.102342	1.203957	0.000148
0.102382	1.202343	0.000130
0.102422	1.200808	0.000114
0.102462	1.199277	0.000100
0.102503	1.197786	0.000088
0.102543	1.196421	0.000079
0.102583	1.195169	0.000071
0.102623	1.193944	0.000064
0.102663	1.192739	0.000059
0.102703	1.191630	0.000054
0.102743	1.190638	0.000051
0.102783	1.189689	0.000047
0.102823	1.188737	0.000045
0.102863	1.187840	0.000043
0.102903	1.187047	0.000042
0.102943	1.186307	0.000040
0.102983	1.185554	0.000039
0.103023	1.184818	0.000038
0.103063	1.184162	0.000038
0.103103	1.183569	0.000038
0.103143	1.182967	0.000037
0.103183	1.182352	0.000037
0.103223	1.181790	0.000037
0.103263	1.181296	0.000038
0.103303	1.180806	0.000038
0.103343	1.180287	0.000038
0.103383	1.179794	0.000038
0.103423	1.179367	0.000039
0.103463	1.178960	0.000039
0.103504	1.178522	0.000039
0.103544	1.178085	0.000040
0.103584	1.177703	0.000040
0.103624	1.177359	0.000041
0.103664	1.176991	0.000041
0.103704	1.176603	0.000041
0.103744	1.176255	0.000042
0.103784	1.175955	0.000043
0.103824	1.175645	0.000043
0.103864	1.175304	0.000043
0.103904	1.174982	0.000044
0.103944	1.174711	0.000045
0.103984	1.174448	0.000045
0.104024	1.174150	0.000045
0.104064	1.173850	0.000046
0.104104	1.173596	0.000046
0.104144	1.173367	0.000047
0.104184	1.173107	0.000047
0.104224	1.172827	0.000047
0.104264	1.172581	0.000048
0.104304	1.172371	0.000048
0.104344	1.172143	0.000048
0.104384	1.171882	0.000048
0.104424	1.171637	0.000049
0.104464	1.171435	0.000049
0.104505	1.171231	0.000049
0.104545	1.170988	0.000049
0.104585	1.170743	0.000049
0.104625	1.170538	0.000050
0.104665	1.170348	0.000050
0.104705	1.170124	0.000050
0.104745	1.169879	0.000050
0.104785	1.169665	0.000050
0.104825	1.169479	0.000050
0.104865	1.169270	0.000050
0.104905	1.169028	0.000050
0.104945	1.168802	0.000050
0.104985	1.168613	0.000050
0.105025	1.168415	0.000050
0.105065	1.168180	0.000050
0.105105	1.167943	0.000050
0.105145	1.167743	0.000050
0.105185	1.167552	0.000050
0.105225	1.167325	0.000050
0.105265	1.167080	0.000050
0.105305	1.166865	0.000050
0.105345	1.166674	0.000050
0.105385	1.166457	0.000050
0.105425	1.166209	0.000050
0.105465	1.165979	0.000050
0.105506	1.165782	0.000050
0.105546	1.165573	0.000049
0.105586	1.165326	0.000049
0.105626	1.165082	0.000049
0.105666	1.164873	0.000049
0.105706	1.164669	0.000049
0.105746	1.164429	0.000049
0.105786	1.164174	0.000049
0.105826	1.163951	0.000049
0.105866	1.163747	0.000049
0.105906	1.163515	0.000048
0.105946	1.163255	0.000048
0.105986	1.163015	0.000048
0.106026	1.162806	0.000048
0.106066	1.162582	0.000048
0.106106	1.162321	0.000048
0.106146	1.162067	0.000048
0.106186	1.161847	0.000048
0.106226	1.161629	0.000047
0.106266	1.161373	0.000047
0.106306	1.161107	0.000047
0.106346	1.160873	0.000047
0.106386	1.160656	0.000047
0.106426	1.160408	0.000047
0.106466	1.160135	0.000047
0.106507	1.159885	0.000047
0.106547	1.159664	0.000047
0.106587	1.159425	0.000046
0.106627	1.159151	0.000046
0.106667	1.158885	0.000046
0.106707	1.158656	0.000046
0.106747	1.158423	0.000046
0.106787	1.158153	0.000046
0.106827	1.157875	0.000046
0.106867	1.157632	0.000046
0.106907	1.157402	0.000045
0.106947	1.157140	0.000045
0.106987	1.156854	0.000045
0.107027	1.156596	0.000045
0.107067	1.156364	0.000045
0.107107	1.156111	0.000045
0.107147	1.155824	0.000045
0.107187	1.155550	0.000045
0.107227	1.155311	0.000045
0.107267	1.155065	0.000044
0.107307	1.154782	0.000044
0.107347	1.154495	0.000044
0.107387	1.154244	0.000044
0.107427	1.154004	0.000044
0.107467	1.153728	0.000044
0.107508	1.153433	0.000044
0.107548	1.153168	0.000044
0.107588	1.152928	0.000044
0.107628	1.152662	0.000044
0.107668	1.152365	0.000043
0.107708	1.152084	0.000043
0.107748	1.151839	0.000043
0.107788	1.151583	0.000043
0.107828	1.151289	0.000043
0.107868	1.150995	0.000043
0.107908	1.150740	0.000043
0.107948	1.150491	0.000043
0.107988	1.150205	0.000043
0.108028	1.149902	0.000043
0.108068	1.149633	0.000043
0.108108	1.149387	0.000043
0.108148	1.149112	0.000043
0.108188	1.148807	0.000043
0.108228	1.148523	0.000043
0.108268	1.148274	0.000043
0.108308	1.148010	0.000042
0.108348	1.147708	0.000042
0.108388	1.147410	0.000042
0.108428	1.147153	0.000042
0.108468	1.146898	0.000042
0.108509	1.146604	0.000042
0.108549	1.146297	0.000042
0.108589	1.146027	0.000042
0.108629	1.145778	0.000042
0.108669	1.145496	0.000042
0.108709	1.145185	0.000042
0.108749	1.144900	0.000042
0.108789	1.144650	0.000042
0.108829	1.144381	0.000042
0.108869	1.144072	0.000042
0.108909	1.143773	0.000042
0.108949	1.143516	0.000042
0.108989	1.143259	0.000042
0.109029	1.142959	0.000042
0.109069	1.142649	0.000042
0.109109	1.142381	0.000042
0.109149	1.142131	0.000042
0.109189	1.141843	0.000042
0.109229	1.141529	0.000042
0.109269	1.141246	0.000042
0.109309	1.140997	0.000042
0.109349	1.140725	0.000042
0.109389	1.140412	0.000042
0.109429	1.140114	0.000042
0.109469	1.139860	0.000042
0.109510	1.139601	0.000042
0.109550	1.139297	0.000042
0.109590	1.138987	0.000042
0.109630	1.138723	0.000043
0.109670	1.138473	0.000043
0.109710	1.138182	0.000043
0.109750	1.137866	0.000043
0.109790	1.137587	0.000043
0.109830	1.137342	0.000043
0.109870	1.137067	0.000043
0.109910	1.136751	0.000043
0.109950	1.136457	0.000043
0.109990	1.136208	0.000043
0.110030	1.135949	0.000043
0.110070	1.135641	0.000043
0.110110	1.135333	0.000043
0.110150	1.135075	0.000044
0.110190	1.134829	0.000044
0.110230	1.134535	0.000044
0.110270	1.134219	0.000044
0.110310	1.133946	0.000044
0.110350	1.133706	0.000044
0.110390	1.133429	0.000044
0.110430	1.133112	0.000044
0.110470	1.132823	0.000044
0.110511	1.132582	0.000045
0.110551	1.132324	0.000045
0.110591	1.132014	0.000045
0.110631	1.131709	0.000045
0.110671	1.131459	0.000045
0.110711	1.131217	0.000045
0.110751	1.130921	0.000045
0.110791	1.130606	0.000045
0.110831	1.130341	0.000046
0.110871	1.130108	0.000046
0.110911	1.129831	0.000046
0.110951	1.129514	0.000046
0.110991	1.129231	0.000046
0.111031	1.128999	0.000047
0.111071	1.128743	0.000047
0.111111	1.128431	0.000047
0.111151	1.128132	0.000047
0.111191	1.127892	0.000047
0.111231	1.127655	0.000047
0.111271	1.127358	0.000047
0.111311	1.127045	0.000048
0.111351	1.126791	0.000048
0.111391	1.126566	0.000048
0.111431	1.126289	0.000048
0.111471	1.125972	0.000048
0.111512	1.125699	0.000049
0.111552	1.125478	0.000049
0.111592	1.125224	0.000049
0.111632	1.124911	0.000049
0.111672	1.124619	0.000050
0.111712	1.124391	0.000050
0.111752	1.124160	0.000050
0.111792	1.123861	0.000050
0.111832	1.123553	0.000051
0.111872	1.123311	0.000051
0.111912	1.123095	0.000051
0.111952	1.122819	0.000051
0.111992	1.122502	0.000052
0.112032	1.122240	0.000052
0.112072	1.122032	0.000053
0.112112	1.121781	0.000053
0.112152	1.121467	0.000053
0.112192	1.121183	0.000053
0.112232	1.120970	0.000054
0.112272	1.120745	0.000054
0.112312	1.120445	0.000054
0.112352	1.120142	0.000055
0.112392	1.119915	0.000055
0.112432	1.119710	0.000056
0.112472	1.119433	0.000056
0.112513	1.119118	0.000056
0.112553	1.118869	0.000057
0.112593	1.118675	0.000057
0.112633	1.118427	0.000057
0.112673	1.118112	0.000057
0.112713	1.117838	0.000058
0.112753	1.117642	0.000059
0.112793	1.117424	0.000059
0.112833	1.117121	0.000059
0.112873	1.116824	0.000060
0.112913	1.116615	0.000060
0.112953	1.116421	0.000061
0.112993	1.116143	0.000061
0.113033	1.115830	0.000061
0.113073	1.115598	0.000062
0.113113	1.115419	0.000063
0.113153	1.115172	0.000063
0.113193	1.114856	0.000063
0.113233	1.114595	0.000064
0.113273	1.114418	0.000065
0.113313	1.114206	0.000065
0.113353	1.113901	0.000065
0.113393	1.113611	0.000066
0.113433	1.113422	0.000067
0.113473	1.113240	0.000067
0.113514	1.112959	0.000068
0.113554	1.112649	0.000068
0.113594	1.112435	0.000069
0.113634	1.112274	0.000070
0.113674	1.112028	0.000070
0.113714	1.111710	0.000071
0.113754	1.111463	0.000072
0.113794	1.111308	0.000072
0.113834	1.111102	0.000073
0.113874	1.110792	0.000073
0.113914	1.110511	0.000074
0.113954	1.110345	0.000075
0.113994	1.110176	0.000076
0.114034	1.109891	0.000076
0.114074	1.109583	0.000077
0.114114	1.109391	0.000078
0.114154	1.109249	0.000079
0.114194	1.109002	0.000079
0.114234	1.108681	0.000080
0.114274	1.108452	0.000081
0.114314	1.108321	0.000082
0.114354	1.108119	0.000082
0.114394	1.107803	0.000083
0.114434	1.107534	0.000084
0.114474	1.107394	0.000086
0.114515	1.107238	0.000086
0.114555	1.106946	0.000087
0.114595	1.106642	0.000088
0.114635	1.106475	0.000089
0.114675	1.106354	0.000090
0.114715	1.106103	0.000090
0.114755	1.105778	0.000092
0.114795	1.105570	0.000093
0.114835	1.105466	0.000094
0.114875	1.105268	0.000095
0.114915	1.104943	0.000096
0.114955	1.104687	0.000097
0.114995	1.104578	0.000099
0.115035	1.104434	0.000099
0.115075	1.104132	0.000100
0.115115	1.103832	0.000102
0.115155	1.103695	0.000104
0.115195	1.103596	0.000105
0.115235	1.103339	0.000105
0.115275	1.103009	0.000106
0.115315	1.102826	0.000109
0.115355	1.102753	0.000110
0.115395	1.102555	0.000111
0.115435	1.102218	0.000112
0.115475	1.101978	0.000114
0.115516	1.101906	0.000116
0.115556	1.101773	0.000117
0.115596	1.101457	0.000117
0.115636	1.101161	0.000120
0.115676	1.101061	0.000122
0.115716	1.100985	0.000123
0.115756	1.100717	0.000124
0.115796	1.100380	0.000126
0.115836	1.100227	0.000128
0.115876	1.100189	0.000130
0.115916	1.099988	0.000131
0.115956	1.099635	0.000132
0.115996	1.099415	0.000135
0.116036	1.099384	0.000138
0.116076	1.099262	0.000139
0.116116	1.098925	0.000140
0.116156	1.098636	0.000143
0.116196	1.098578	0.000146
0.116236	1.098528	0.000147
0.116276	1.098242	0.000148
0.116316	1.097896	0.000151
0.116356	1.097781	0.000154
0.116396	1.097781	0.000157
0.116436	1.097573	0.000157
0.116476	1.097200	0.000160
0.116517	1.097005	0.000164
0.116557	1.097023	0.000167
0.116597	1.096907	0.000168
0.116637	1.096544	0.000169
0.116677	1.096263	0.000173
0.116717	1.096258	0.000177
0.116757	1.096233	0.000179
0.116797	1.095922	0.000180
0.116837	1.095566	0.000184
0.116877	1.095497	0.000189
0.116917	1.095541	0.000191
0.116957	1.095318	0.000192
0.116997	1.094919	0.000196
0.117037	1.094756	0.000201
0.117077	1.094831	0.000205
0.117117	1.094718	0.000206
0.117157	1.094320	0.000209
0.117197	1.094050	0.000214
0.117237	1.094107	0.000219
0.117277	1.094108	0.000221
0.117317	1.093761	0.000223
0.117357	1.093394	0.000228
0.117397	1.093382	0.000234
0.117437	1.093475	0.000238
0.117477	1.093227	0.000239
0.117518	1.092795	0.000244
0.117558	1.092673	0.000251
0.117598	1.092815	0.000256
0.117638	1.092700	0.000257
0.117678	1.092254	0.000261
0.117718	1.092001	0.000269
0.117758	1.092133	0.000275
0.117798	1.092159	0.000278
0.117838	1.091763	0.000281
0.117878	1.091382	0.000288
0.117918	1.091442	0.000296
0.117958	1.091590	0.000300
0.117998	1.091304	0.000303
0.118038	1.090831	0.000309
0.118078	1.090762	0.000319
0.118118	1.090984	0.000325
0.118158	1.090856	0.000328
0.118198	1.090349	0.000333
0.118238	1.090119	0.000343
0.118278	1.090344	0.000352
0.118318	1.090393	0.000355
0.118358	1.089930	0.000360
0.118398	1.089535	0.000370
0.118438	1.089685	0.000381
0.118478	1.089894	0.000386
0.118519	1.089554	0.000390
0.118559	1.089029	0.000400
0.118599	1.089030	0.000413
0.118639	1.089346	0.000421
0.118679	1.089193	0.000424
0.118719	1.088608	0.000433
0.118759	1.088410	0.000447
0.118799	1.088751	0.000459
0.118839	1.088818	0.000463
0.118879	1.088265	0.000470
0.118919	1.087855	0.000485
0.118959	1.088121	0.000500
0.118999	1.088398	0.000507
0.119039	1.087981	0.000512
0.119079	1.087392	0.000527
0.119119	1.087486	0.000545
0.119159	1.087915	0.000556
0.119199	1.087720	0.000561
0.119239	1.087033	0.000573
0.119279	1.086882	0.000594
0.119319	1.087366	0.000610
0.119359	1.087444	0.000616
0.119399	1.086773	0.000627
0.119439	1.086349	0.000648
0.119479	1.086762	0.000670
0.119520	1.087115	0.000679
0.119560	1.086588	0.000688
0.119600	1.085923	0.000709
0.119640	1.086137	0.000735
0.119680	1.086703	0.000750
0.119720	1.086440	0.000758
0.119760	1.085622	0.000777
0.119800	1.085537	0.000808
0.119840	1.086199	0.000830
0.119880	1.086277	0.000839
0.119920	1.085446	0.000855
0.119960	1.085012	0.000888
0.120000	1.085614	0.000918
