0.0000E+00 0.00000000E+00 0.00000000E+00
2.3562E+01 0.00000000E+00 0.00000000E+00
4.7124E+01 0.00000000E+00 0.00000000E+00
7.0686E+01 0.00000000E+00 0.00000000E+00
9.4248E+01 0.00000000E+00 0.00000000E+00
1.1781E+02 0.00000000E+00 0.00000000E+00
1.4137E+02 0.00000000E+00 0.00000000E+00
1.6493E+02 0.00000000E+00 0.00000000E+00
1.8850E+02 0.00000000E+00 0.00000000E+00
2.1206E+02 0.00000000E+00 0.00000000E+00
2.3562E+02 0.00000000E+00 0.00000000E+00
2.5918E+02 2.61507214E-272 0.00000000E+00
2.8274E+02 3.34468761E-219 0.00000000E+00
3.0631E+02 1.86650787E-176 0.00000000E+00
3.2987E+02 4.95043733E-141 0.00000000E+00
3.5343E+02 2.42903110E-111 0.00000000E+00
3.7699E+02 1.95300019E-86 0.00000000E+00
4.0055E+02 1.00826927E-65 0.00000000E+00
4.2412E+02 7.66253381E-49 0.00000000E+00
4.4768E+02 1.26384588E-35 0.00000000E+00
4.7124E+02 3.91469515E-26 0.00000000E+00
4.9480E+02 5.27990070E-21 0.00000000E+00
5.1836E+02 2.59762515E-19 0.00000000E+00
5.4192E+02 5.04611986E-19 0.00000000E+00
5.6549E+02 1.02008339E-18 0.00000000E+00
5.8905E+02 1.66898621E-18 0.00000000E+00
6.1261E+02 2.51104359E-18 0.00000000E+00
6.3617E+02 3.59706239E-18 0.00000000E+00
6.5973E+02 6.67609523E-18 0.00000000E+00
6.8330E+02 1.20184916E-17 0.00000000E+00
7.0686E+02 1.69342500E-17 0.00000000E+00
7.3042E+02 2.49333356E-17 0.00000000E+00
7.5398E+02 4.43321649E-17 0.00000000E+00
7.7754E+02 6.87234472E-17 0.00000000E+00
8.0111E+02 8.95942354E-17 0.00000000E+00
8.2467E+02 1.32047265E-16 0.00000000E+00
8.4823E+02 2.18100098E-16 0.00000000E+00
8.7179E+02 3.05883223E-16 0.00000000E+00
8.9535E+02 3.90681580E-16 0.00000000E+00
9.1892E+02 5.88746349E-16 0.00000000E+00
9.4248E+02 9.29416821E-16 0.00000000E+00
9.6604E+02 1.23024716E-15 0.00000000E+00
9.8960E+02 1.58319104E-15 0.00000000E+00
1.0132E+03 2.42869811E-15 0.00000000E+00
1.0367E+03 3.60870445E-15 0.00000000E+00
1.0603E+03 4.55140880E-15 0.00000000E+00
1.0838E+03 6.01727985E-15 0.00000000E+00
1.1074E+03 9.25078239E-15 0.00000000E+00
1.1310E+03 1.29825658E-14 0.00000000E+00
1.1545E+03 1.59657993E-14 0.00000000E+00
1.1781E+03 2.18610779E-14 0.00000000E+00
1.2017E+03 3.31295418E-14 0.00000000E+00
1.2252E+03 4.39783680E-14 0.00000000E+00
1.2488E+03 5.38145846E-14 0.00000000E+00
1.2723E+03 7.61713163E-14 0.00000000E+00
1.2959E+03 1.11921942E-13 0.00000000E+00
1.3195E+03 1.41529297E-13 0.00000000E+00
1.3430E+03 1.75515232E-13 0.00000000E+00
1.3666E+03 2.53853174E-13 0.00000000E+00
1.3902E+03 3.57426578E-13 0.00000000E+00
1.4137E+03 4.35776968E-13 0.00000000E+00
1.4373E+03 5.54954417E-13 0.00000000E+00
1.4608E+03 8.07080387E-13 0.00000000E+00
1.4844E+03 1.08220906E-12 0.00000000E+00
1.5080E+03 1.29217722E-12 0.00000000E+00
1.5315E+03 1.69869925E-12 0.00000000E+00
1.5551E+03 2.44027673E-12 0.00000000E+00
1.5787E+03 3.11580848E-12 0.00000000E+00
1.6022E+03 3.70601115E-12 0.00000000E+00
1.6258E+03 5.01304431E-12 0.00000000E+00
1.6493E+03 7.00486676E-12 0.00000000E+00
1.6729E+03 8.56548202E-12 0.00000000E+00
1.6965E+03 1.03081003E-11 0.00000000E+00
1.7200E+03 1.41992088E-11 0.00000000E+00
1.7436E+03 1.90862807E-11 0.00000000E+00
1.7671E+03 2.25877063E-11 0.00000000E+00
1.7907E+03 2.78067954E-11 0.00000000E+00
1.8143E+03 3.84348162E-11 0.00000000E+00
1.8378E+03 4.94204599E-11 0.00000000E+00
1.8614E+03 5.74000967E-11 0.00000000E+00
1.8850E+03 7.25901968E-11 0.00000000E+00
1.9085E+03 9.91167324E-11 0.00000000E+00
1.9321E+03 1.21922591E-10 0.00000000E+00
1.9556E+03 1.41090993E-10 0.00000000E+00
1.9792E+03 1.82712643E-10 0.00000000E+00
2.0028E+03 2.43103270E-10 0.00000000E+00
2.0263E+03 2.87615975E-10 0.00000000E+00
2.0499E+03 3.36137805E-10 0.00000000E+00
2.0735E+03 4.41590816E-10 0.00000000E+00
2.0970E+03 5.66996244E-10 0.00000000E+00
2.1206E+03 6.51509388E-10 0.00000000E+00
2.1441E+03 7.76176017E-10 0.00000000E+00
2.1677E+03 1.02099187E-09 0.00000000E+00
2.1913E+03 1.25909735E-09 0.00000000E+00
2.2148E+03 1.42298642E-09 0.00000000E+00
2.2384E+03 1.73373701E-09 0.00000000E+00
2.2619E+03 2.25221177E-09 0.00000000E+00
2.2855E+03 2.66880103E-09 0.00000000E+00
2.3091E+03 3.00664377E-09 0.00000000E+00
2.3326E+03 3.73421965E-09 0.00000000E+00
2.3562E+03 4.73364697E-09 0.00000000E+00
2.3798E+03 5.41819005E-09 0.00000000E+00
2.4033E+03 6.15652188E-09 0.00000000E+00
2.4269E+03 7.72789612E-09 0.00000000E+00
2.4504E+03 9.48005533E-09 0.00000000E+00
2.4740E+03 1.05776687E-08 0.00000000E+00
2.4976E+03 1.22162471E-08 0.00000000E+00
2.5211E+03 1.53180249E-08 0.00000000E+00
2.5447E+03 1.81164254E-08 0.00000000E+00
2.5683E+03 1.99334776E-08 0.00000000E+00
2.5918E+03 2.34506033E-08 0.00000000E+00
2.6154E+03 2.90191019E-08 0.00000000E+00
2.6389E+03 3.31217750E-08 0.00000000E+00
2.6625E+03 3.63692791E-08 0.00000000E+00
2.6861E+03 4.34312183E-08 0.00000000E+00
2.7096E+03 5.24949876E-08 0.00000000E+00
2.7332E+03 5.81367300E-08 0.00000000E+00
2.7567E+03 6.43490441E-08 0.00000000E+00
2.7803E+03 7.73740793E-08 0.00000000E+00
2.8039E+03 9.07225713E-08 0.00000000E+00
2.8274E+03 9.83521200E-08 0.00000000E+00
2.8510E+03 1.10408772E-07 0.00000000E+00
2.8746E+03 1.32268698E-07 0.00000000E+00
2.8981E+03 1.50061397E-07 0.00000000E+00
2.9217E+03 1.60966396E-07 0.00000000E+00
2.9452E+03 1.83450136E-07 0.00000000E+00
2.9688E+03 2.16642782E-07 0.00000000E+00
2.9924E+03 2.38276428E-07 0.00000000E+00
3.0159E+03 2.55606576E-07 0.00000000E+00
3.0395E+03 2.94538433E-07 0.00000000E+00
3.0631E+03 3.39923573E-07 0.00000000E+00
3.0866E+03 3.64608670E-07 0.00000000E+00
3.1102E+03 3.94454621E-07 0.00000000E+00
3.1337E+03 4.55943283E-07 0.00000000E+00
3.1573E+03 5.11579836E-07 0.00000000E+00
3.1809E+03 5.39936370E-07 0.00000000E+00
3.2044E+03 5.91687745E-07 0.00000000E+00
3.2280E+03 6.79413339E-07 0.00000000E+00
3.2515E+03 7.40446611E-07 0.00000000E+00
3.2751E+03 7.76874339E-07 0.00000000E+00
3.2987E+03 8.61879933E-07 0.00000000E+00
3.3222E+03 9.74122879E-07 0.00000000E+00
3.3458E+03 1.03465900E-06 0.00000000E+00
3.3694E+03 1.08939409E-06 0.00000000E+00
3.3929E+03 1.21735973E-06 0.00000000E+00
3.4165E+03 1.34515895E-06 0.00000000E+00
3.4400E+03 1.40230647E-06 0.00000000E+00
3.4636E+03 1.49142616E-06 0.00000000E+00
3.4872E+03 1.66514910E-06 0.00000000E+00
3.5107E+03 1.79349131E-06 0.00000000E+00
3.5343E+03 1.85232617E-06 0.00000000E+00
3.5579E+03 1.99416736E-06 0.00000000E+00
3.5814E+03 2.20472384E-06 0.00000000E+00
3.6050E+03 2.31781944E-06 0.00000000E+00
3.6285E+03 2.39461584E-06 0.00000000E+00
3.6521E+03 2.60251208E-06 0.00000000E+00
3.6757E+03 2.82795980E-06 0.00000000E+00
3.6992E+03 2.91760644E-06 0.00000000E+00
3.7228E+03 3.03832139E-06 0.00000000E+00
3.7463E+03 3.31185939E-06 0.00000000E+00
3.7699E+03 3.52190067E-06 0.00000000E+00
3.7935E+03 3.59552084E-06 0.00000000E+00
3.8170E+03 3.78799595E-06 0.00000000E+00
3.8406E+03 4.10694288E-06 0.00000000E+00
3.8642E+03 4.27352005E-06 0.00000000E+00
3.8877E+03 4.35717428E-06 0.00000000E+00
3.9113E+03 4.63860048E-06 0.00000000E+00
3.9348E+03 4.96379879E-06 0.00000000E+00
3.9584E+03 5.07416086E-06 0.00000000E+00
3.9820E+03 5.20695641E-06 0.00000000E+00
4.0055E+03 5.57141541E-06 0.00000000E+00
4.0291E+03 5.85454864E-06 0.00000000E+00
4.0527E+03 5.92080230E-06 0.00000000E+00
4.0762E+03 6.14071359E-06 0.00000000E+00
4.0998E+03 6.55308251E-06 0.00000000E+00
4.1233E+03 6.75301339E-06 0.00000000E+00
4.1469E+03 6.81236230E-06 0.00000000E+00
4.1705E+03 7.13805300E-06 0.00000000E+00
4.1940E+03 7.53889555E-06 0.00000000E+00
4.2176E+03 7.63832421E-06 0.00000000E+00
4.2412E+03 7.74163845E-06 0.00000000E+00
4.2647E+03 8.15799323E-06 0.00000000E+00
4.2883E+03 8.47956936E-06 0.00000000E+00
4.3118E+03 8.49436433E-06 0.00000000E+00
4.3354E+03 8.68608603E-06 0.00000000E+00
4.3590E+03 9.14082931E-06 0.00000000E+00
4.3825E+03 9.32904972E-06 0.00000000E+00
4.4061E+03 9.30492757E-06 0.00000000E+00
4.4296E+03 9.60198171E-06 0.00000000E+00
4.4532E+03 1.00166879E-05 0.00000000E+00
4.4768E+03 1.00504239E-05 0.00000000E+00
4.5003E+03 1.00468982E-05 0.00000000E+00
4.5239E+03 1.04257309E-05 0.00000000E+00
4.5475E+03 1.07184281E-05 0.00000000E+00
4.5710E+03 1.06179510E-05 0.00000000E+00
4.5946E+03 1.06852120E-05 0.00000000E+00
4.6181E+03 1.10833438E-05 0.00000000E+00
4.6417E+03 1.11946440E-05 0.00000000E+00
4.6653E+03 1.10151316E-05 0.00000000E+00
4.6888E+03 1.11729819E-05 0.00000000E+00
4.7124E+03 1.15056566E-05 0.00000000E+00
4.7360E+03 1.14184241E-05 0.00000000E+00
4.7595E+03 1.12305738E-05 0.00000000E+00
4.7831E+03 1.14580566E-05 0.00000000E+00
4.8066E+03 1.16443056E-05 0.00000000E+00
4.8302E+03 1.13892163E-05 0.00000000E+00
4.8538E+03 1.12542937E-05 0.00000000E+00
4.8773E+03 1.14944285E-05 0.00000000E+00
4.9009E+03 1.14829463E-05 0.00000000E+00
4.9244E+03 1.11278234E-05 0.00000000E+00
4.9480E+03 1.10766579E-05 0.00000000E+00
4.9716E+03 1.12546547E-05 0.00000000E+00
4.9951E+03 1.10399481E-05 0.00000000E+00
5.0187E+03 1.06670594E-05 0.00000000E+00
5.0423E+03 1.06907620E-05 0.00000000E+00
5.0658E+03 1.07388352E-05 0.00000000E+00
5.0894E+03 1.03619970E-05 0.00000000E+00
5.1129E+03 1.00419385E-05 0.00000000E+00
5.1365E+03 1.00973489E-05 0.00000000E+00
5.1601E+03 9.97691315E-06 0.00000000E+00
5.1836E+03 9.51134841E-06 0.00000000E+00
5.2072E+03 9.28301879E-06 0.00000000E+00
5.2308E+03 9.31016228E-06 0.00000000E+00
5.2543E+03 9.02356606E-06 0.00000000E+00
5.2779E+03 8.55155450E-06 0.00000000E+00
5.3014E+03 8.41488850E-06 0.00000000E+00
5.3250E+03 8.35936642E-06 0.00000000E+00
5.3486E+03 7.94763033E-06 0.00000000E+00
5.3721E+03 7.53659269E-06 0.00000000E+00
5.3957E+03 7.45950853E-06 0.00000000E+00
5.4192E+03 7.29136427E-06 0.00000000E+00
5.4428E+03 6.81978943E-06 0.00000000E+00
5.4664E+03 6.50652244E-06 0.00000000E+00
5.4899E+03 6.44212064E-06 0.00000000E+00
5.5135E+03 6.16468189E-06 0.00000000E+00
5.5371E+03 5.70249144E-06 0.00000000E+00
5.5606E+03 5.48992340E-06 0.00000000E+00
5.5842E+03 5.39649151E-06 0.00000000E+00
5.6077E+03 5.04299111E-06 0.00000000E+00
5.6313E+03 4.64477380E-06 0.00000000E+00
5.6549E+03 4.51063849E-06 0.00000000E+00
5.6784E+03 4.36669889E-06 0.00000000E+00
5.7020E+03 3.98728296E-06 0.00000000E+00
5.7256E+03 3.68248215E-06 0.00000000E+00
5.7491E+03 3.59485391E-06 0.00000000E+00
5.7727E+03 3.40424622E-06 0.00000000E+00
5.7962E+03 3.04934883E-06 0.00000000E+00
5.8198E+03 2.84222423E-06 0.00000000E+00
5.8434E+03 2.77483045E-06 0.00000000E+00
5.8669E+03 2.56131482E-06 0.00000000E+00
5.8905E+03 2.26806913E-06 0.00000000E+00
5.9140E+03 2.14616378E-06 0.00000000E+00
5.9376E+03 2.08742488E-06 0.00000000E+00
5.9612E+03 1.88256545E-06 0.00000000E+00
5.9847E+03 1.66885484E-06 0.00000000E+00
6.0083E+03 1.61486882E-06 0.00000000E+00
6.0319E+03 1.56804083E-06 0.00000000E+00
6.0554E+03 1.39842554E-06 0.00000000E+00
6.0790E+03 1.26542454E-06 0.00000000E+00
6.1025E+03 1.26672957E-06 0.00000000E+00
6.1261E+03 1.24270946E-06 0.00000000E+00
6.1497E+03 1.12206510E-06 0.00000000E+00
6.1732E+03 1.06239477E-06 0.00000000E+00
6.1968E+03 1.11430636E-06 0.00000000E+00
6.2204E+03 1.12175163E-06 0.00000000E+00
6.2439E+03 1.05064571E-06 0.00000000E+00
6.2675E+03 1.05717313E-06 0.00000000E+00
6.2910E+03 1.15951515E-06 0.00000000E+00
6.3146E+03 1.19765591E-06 0.00000000E+00
6.3382E+03 1.16966647E-06 0.00000000E+00
6.3617E+03 1.24031621E-06 0.00000000E+00
6.3853E+03 1.39014291E-06 0.00000000E+00
6.4088E+03 1.44786323E-06 0.00000000E+00
6.4324E+03 1.45810692E-06 0.00000000E+00
6.4560E+03 1.59451210E-06 0.00000000E+00
6.4795E+03 1.77959822E-06 0.00000000E+00
6.5031E+03 1.84100009E-06 0.00000000E+00
6.5267E+03 1.89204771E-06 0.00000000E+00
6.5502E+03 2.09320865E-06 0.00000000E+00
6.5738E+03 2.29036196E-06 0.00000000E+00
6.5973E+03 2.34371995E-06 0.00000000E+00
6.6209E+03 2.44548983E-06 0.00000000E+00
6.6445E+03 2.70024586E-06 0.00000000E+00
6.6680E+03 2.87998859E-06 0.00000000E+00
6.6916E+03 2.92528346E-06 0.00000000E+00
6.7152E+03 3.08867293E-06 0.00000000E+00
6.7387E+03 3.37152048E-06 0.00000000E+00
6.7623E+03 3.50744870E-06 0.00000000E+00
6.7858E+03 3.55828900E-06 0.00000000E+00
6.8094E+03 3.78556369E-06 0.00000000E+00
6.8330E+03 4.05886847E-06 0.00000000E+00
6.8565E+03 4.13754956E-06 0.00000000E+00
6.8801E+03 4.21592396E-06 0.00000000E+00
6.9036E+03 4.49270873E-06 0.00000000E+00
6.9272E+03 4.71537328E-06 0.00000000E+00
6.9508E+03 4.74210814E-06 0.00000000E+00
6.9743E+03 4.86782276E-06 0.00000000E+00
6.9979E+03 5.16110746E-06 0.00000000E+00
7.0215E+03 5.30064306E-06 0.00000000E+00
7.0450E+03 5.29804471E-06 0.00000000E+00
7.0686E+03 5.47732353E-06 0.00000000E+00
7.0921E+03 5.74135910E-06 0.00000000E+00
7.1157E+03 5.78449815E-06 0.00000000E+00
7.1393E+03 5.78389915E-06 0.00000000E+00
7.1628E+03 6.00229086E-06 0.00000000E+00
7.1864E+03 6.19081139E-06 0.00000000E+00
7.2100E+03 6.14810219E-06 0.00000000E+00
7.2335E+03 6.17693895E-06 0.00000000E+00
7.2571E+03 6.40003900E-06 0.00000000E+00
7.2806E+03 6.48034957E-06 0.00000000E+00
7.3042E+03 6.38248387E-06 0.00000000E+00
7.3278E+03 6.45264533E-06 0.00000000E+00
7.3513E+03 6.63495596E-06 0.00000000E+00
7.3749E+03 6.59841371E-06 0.00000000E+00
7.3985E+03 6.48537549E-06 0.00000000E+00
7.4220E+03 6.58726472E-06 0.00000000E+00
7.4456E+03 6.68613015E-06 0.00000000E+00
7.4691E+03 6.55080919E-06 0.00000000E+00
7.4927E+03 6.45784783E-06 0.00000000E+00
7.5163E+03 6.56264694E-06 0.00000000E+00
7.5398E+03 6.55204338E-06 0.00000000E+00
7.5634E+03 6.35641906E-06 0.00000000E+00
7.5869E+03 6.30215739E-06 0.00000000E+00
7.6105E+03 6.37154043E-06 0.00000000E+00
7.6341E+03 6.25050386E-06 0.00000000E+00
7.6576E+03 6.04050125E-06 0.00000000E+00
7.6812E+03 6.02161627E-06 0.00000000E+00
7.7048E+03 6.02119137E-06 0.00000000E+00
7.7283E+03 5.81376221E-06 0.00000000E+00
7.7519E+03 5.62805499E-06 0.00000000E+00
7.7754E+03 5.62233812E-06 0.00000000E+00
7.7990E+03 5.53370654E-06 0.00000000E+00
7.8226E+03 5.28059628E-06 0.00000000E+00
7.8461E+03 5.13958492E-06 0.00000000E+00
7.8697E+03 5.11588902E-06 0.00000000E+00
7.8933E+03 4.94285986E-06 0.00000000E+00
7.9168E+03 4.68819412E-06 0.00000000E+00
7.9404E+03 4.59046533E-06 0.00000000E+00
7.9639E+03 4.52144182E-06 0.00000000E+00
7.9875E+03 4.28834920E-06 0.00000000E+00
8.0111E+03 4.06656059E-06 0.00000000E+00
8.0346E+03 3.99356703E-06 0.00000000E+00
8.0582E+03 3.86621467E-06 0.00000000E+00
8.0817E+03 3.60939955E-06 0.00000000E+00
8.1053E+03 3.43698670E-06 0.00000000E+00
8.1289E+03 3.36347590E-06 0.00000000E+00
8.1524E+03 3.18365534E-06 0.00000000E+00
8.1760E+03 2.93972263E-06 0.00000000E+00
8.1996E+03 2.81439669E-06 0.00000000E+00
8.2231E+03 2.72006472E-06 0.00000000E+00
8.2467E+03 2.50973149E-06 0.00000000E+00
8.2702E+03 2.30516686E-06 0.00000000E+00
8.2938E+03 2.21184816E-06 0.00000000E+00
8.3174E+03 2.08957725E-06 0.00000000E+00
8.3409E+03 1.87842691E-06 0.00000000E+00
8.3645E+03 1.72425307E-06 0.00000000E+00
8.3881E+03 1.64475222E-06 0.00000000E+00
8.4116E+03 1.50254899E-06 0.00000000E+00
8.4352E+03 1.31783130E-06 0.00000000E+00
8.4587E+03 1.21066293E-06 0.00000000E+00
8.4823E+03 1.13272576E-06 0.00000000E+00
8.5059E+03 9.89280627E-07 0.00000000E+00
8.5294E+03 8.47929884E-07 0.00000000E+00
8.5530E+03 7.76100646E-07 0.00000000E+00
8.5765E+03 6.98204799E-07 0.00000000E+00
8.6001E+03 5.74615887E-07 0.00000000E+00
8.6237E+03 4.80499911E-07 0.00000000E+00
8.6472E+03 4.32010456E-07 0.00000000E+00
8.6708E+03 3.62451771E-07 0.00000000E+00
8.6944E+03 2.74008654E-07 0.00000000E+00
8.7179E+03 2.20694457E-07 0.00000000E+00
8.7415E+03 1.89331830E-07 0.00000000E+00
8.7650E+03 1.40731599E-07 0.00000000E+00
8.7886E+03 9.22478623E-08 0.00000000E+00
8.8122E+03 6.93051337E-08 0.00000000E+00
8.8357E+03 5.64753752E-08 0.00000000E+00
8.8593E+03 3.87334540E-08 0.00000000E+00
8.8829E+03 2.50380345E-08 0.00000000E+00
8.9064E+03 2.45718011E-08 0.00000000E+00
8.9300E+03 3.65521159E-08 0.00000000E+00
8.9535E+03 5.16935279E-08 0.00000000E+00
8.9771E+03 6.24508028E-08 0.00000000E+00
9.0007E+03 8.27839711E-08 0.00000000E+00
9.0242E+03 1.25230112E-07 0.00000000E+00
9.0478E+03 1.66448863E-07 0.00000000E+00
9.0713E+03 1.92582903E-07 0.00000000E+00
9.0949E+03 2.37600604E-07 0.00000000E+00
9.1185E+03 3.10299371E-07 0.00000000E+00
9.1420E+03 3.65393147E-07 0.00000000E+00
9.1656E+03 4.03852885E-07 0.00000000E+00
9.1892E+03 4.78686634E-07 0.00000000E+00
9.2127E+03 5.73260217E-07 0.00000000E+00
9.2363E+03 6.30570486E-07 0.00000000E+00
9.2598E+03 6.85159033E-07 0.00000000E+00
9.2834E+03 7.90623946E-07 0.00000000E+00
9.3070E+03 8.92371710E-07 0.00000000E+00
9.3305E+03 9.46232193E-07 0.00000000E+00
9.3541E+03 1.02421539E-06 0.00000000E+00
9.3777E+03 1.15295146E-06 0.00000000E+00
9.4012E+03 1.24599995E-06 0.00000000E+00
9.4248E+03 1.29901517E-06 0.00000000E+00
9.4483E+03 1.40527446E-06 0.00000000E+00
9.4719E+03 1.54168571E-06 0.00000000E+00
9.4955E+03 1.61504419E-06 0.00000000E+00
9.5190E+03 1.67606952E-06 0.00000000E+00
9.5426E+03 1.80773665E-06 0.00000000E+00
9.5661E+03 1.93200753E-06 0.00000000E+00
9.5897E+03 1.98369539E-06 0.00000000E+00
9.6133E+03 2.06242795E-06 0.00000000E+00
9.6368E+03 2.20672811E-06 0.00000000E+00
9.6604E+03 2.30127644E-06 0.00000000E+00
9.6840E+03 2.33856312E-06 0.00000000E+00
9.7075E+03 2.43924232E-06 0.00000000E+00
9.7311E+03 2.57580948E-06 0.00000000E+00
9.7546E+03 2.63137939E-06 0.00000000E+00
9.7782E+03 2.66693319E-06 0.00000000E+00
9.8018E+03 2.78408676E-06 0.00000000E+00
9.8253E+03 2.89098669E-06 0.00000000E+00
9.8489E+03 2.90969571E-06 0.00000000E+00
9.8725E+03 2.95526963E-06 0.00000000E+00
9.8960E+03 3.07355646E-06 0.00000000E+00
9.9196E+03 3.13457425E-06 0.00000000E+00
9.9431E+03 3.12853183E-06 0.00000000E+00
9.9667E+03 3.18891307E-06 0.00000000E+00
9.9903E+03 3.28732502E-06 0.00000000E+00
1.0014E+04 3.29747973E-06 0.00000000E+00
1.0037E+04 3.28349485E-06 0.00000000E+00
1.0061E+04 3.35334118E-06 0.00000000E+00
1.0085E+04 3.41213504E-06 0.00000000E+00
1.0108E+04 3.37911178E-06 0.00000000E+00
1.0132E+04 3.37166790E-06 0.00000000E+00
1.0155E+04 3.43662151E-06 0.00000000E+00
1.0179E+04 3.44417872E-06 0.00000000E+00
1.0202E+04 3.38507763E-06 0.00000000E+00
1.0226E+04 3.39046420E-06 0.00000000E+00
1.0249E+04 3.43212374E-06 0.00000000E+00
1.0273E+04 3.38896647E-06 0.00000000E+00
1.0297E+04 3.32370647E-06 0.00000000E+00
1.0320E+04 3.33767827E-06 0.00000000E+00
1.0344E+04 3.34040645E-06 0.00000000E+00
1.0367E+04 3.25879152E-06 0.00000000E+00
1.0391E+04 3.20284782E-06 0.00000000E+00
1.0414E+04 3.21268497E-06 0.00000000E+00
1.0438E+04 3.16950140E-06 0.00000000E+00
1.0462E+04 3.06883477E-06 0.00000000E+00
1.0485E+04 3.02818797E-06 0.00000000E+00
1.0509E+04 3.01820641E-06 0.00000000E+00
1.0532E+04 2.93344291E-06 0.00000000E+00
1.0556E+04 2.83342930E-06 0.00000000E+00
1.0579E+04 2.80361021E-06 0.00000000E+00
1.0603E+04 2.76179450E-06 0.00000000E+00
1.0626E+04 2.64955931E-06 0.00000000E+00
1.0650E+04 2.56383424E-06 0.00000000E+00
1.0674E+04 2.53321661E-06 0.00000000E+00
1.0697E+04 2.45627145E-06 0.00000000E+00
1.0721E+04 2.33548183E-06 0.00000000E+00
1.0744E+04 2.26815285E-06 0.00000000E+00
1.0768E+04 2.22391879E-06 0.00000000E+00
1.0791E+04 2.11878399E-06 0.00000000E+00
1.0815E+04 2.00686404E-06 0.00000000E+00
1.0838E+04 1.95309016E-06 0.00000000E+00
1.0862E+04 1.88728714E-06 0.00000000E+00
1.0886E+04 1.76868221E-06 0.00000000E+00
1.0909E+04 1.67644508E-06 0.00000000E+00
1.0933E+04 1.62648562E-06 0.00000000E+00
1.0956E+04 1.53969781E-06 0.00000000E+00
1.0980E+04 1.42489438E-06 0.00000000E+00
1.1003E+04 1.35449950E-06 0.00000000E+00
1.1027E+04 1.29928640E-06 0.00000000E+00
1.1051E+04 1.20056762E-06 0.00000000E+00
1.1074E+04 1.10364756E-06 0.00000000E+00
1.1098E+04 1.05014811E-06 0.00000000E+00
1.1121E+04 9.85940283E-07 0.00000000E+00
1.1145E+04 8.89285819E-07 0.00000000E+00
1.1168E+04 8.17210292E-07 0.00000000E+00
1.1192E+04 7.72693774E-07 0.00000000E+00
1.1215E+04 7.02925326E-07 0.00000000E+00
1.1239E+04 6.21986552E-07 0.00000000E+00
1.1263E+04 5.73891942E-07 0.00000000E+00
1.1286E+04 5.32210041E-07 0.00000000E+00
1.1310E+04 4.65963563E-07 0.00000000E+00
1.1333E+04 4.09336681E-07 0.00000000E+00
1.1357E+04 3.79017876E-07 0.00000000E+00
1.1380E+04 3.39005568E-07 0.00000000E+00
1.1404E+04 2.87028510E-07 0.00000000E+00
1.1428E+04 2.56045309E-07 0.00000000E+00
1.1451E+04 2.36234264E-07 0.00000000E+00
1.1475E+04 2.02130050E-07 0.00000000E+00
1.1498E+04 1.72317938E-07 0.00000000E+00
1.1522E+04 1.62055397E-07 0.00000000E+00
1.1545E+04 1.48432408E-07 0.00000000E+00
1.1569E+04 1.27536885E-07 0.00000000E+00
1.1592E+04 1.21918113E-07 0.00000000E+00
1.1616E+04 1.24689728E-07 0.00000000E+00
1.1640E+04 1.17836871E-07 0.00000000E+00
1.1663E+04 1.16681215E-07 0.00000000E+00
1.1687E+04 1.31147234E-07 0.00000000E+00
1.1710E+04 1.40691908E-07 0.00000000E+00
1.1734E+04 1.45248032E-07 0.00000000E+00
1.1757E+04 1.66146749E-07 0.00000000E+00
1.1781E+04 1.92869495E-07 0.00000000E+00
1.1805E+04 2.07257966E-07 0.00000000E+00
1.1828E+04 2.28860391E-07 0.00000000E+00
1.1852E+04 2.68453812E-07 0.00000000E+00
1.1875E+04 2.99721346E-07 0.00000000E+00
1.1899E+04 3.21703979E-07 0.00000000E+00
1.1922E+04 3.63298236E-07 0.00000000E+00
1.1946E+04 4.13707836E-07 0.00000000E+00
1.1969E+04 4.45327493E-07 0.00000000E+00
1.1993E+04 4.80095471E-07 0.00000000E+00
1.2017E+04 5.39427182E-07 0.00000000E+00
1.2040E+04 5.91422385E-07 0.00000000E+00
1.2064E+04 6.24123199E-07 0.00000000E+00
1.2087E+04 6.75662475E-07 0.00000000E+00
1.2111E+04 7.45160846E-07 0.00000000E+00
1.2134E+04 7.91831567E-07 0.00000000E+00
1.2158E+04 8.30082003E-07 0.00000000E+00
1.2182E+04 8.97922253E-07 0.00000000E+00
1.2205E+04 9.67048447E-07 0.00000000E+00
1.2229E+04 1.00628901E-06 0.00000000E+00
1.2252E+04 1.05516057E-06 0.00000000E+00
1.2276E+04 1.13310060E-06 0.00000000E+00
1.2299E+04 1.19209924E-06 0.00000000E+00
1.2323E+04 1.22679484E-06 0.00000000E+00
1.2346E+04 1.28839067E-06 0.00000000E+00
1.2370E+04 1.36584771E-06 0.00000000E+00
1.2394E+04 1.40921678E-06 0.00000000E+00
1.2417E+04 1.44509204E-06 0.00000000E+00
1.2441E+04 1.51623469E-06 0.00000000E+00
1.2464E+04 1.58166210E-06 0.00000000E+00
1.2488E+04 1.60980658E-06 0.00000000E+00
1.2511E+04 1.65195187E-06 0.00000000E+00
1.2535E+04 1.72423253E-06 0.00000000E+00
1.2559E+04 1.76912497E-06 0.00000000E+00
1.2582E+04 1.78748953E-06 0.00000000E+00
1.2606E+04 1.83715552E-06 0.00000000E+00
1.2629E+04 1.89937786E-06 0.00000000E+00
1.2653E+04 1.92113559E-06 0.00000000E+00
1.2676E+04 1.93723097E-06 0.00000000E+00
1.2700E+04 1.99033865E-06 0.00000000E+00
1.2723E+04 2.03233167E-06 0.00000000E+00
1.2747E+04 2.03477226E-06 0.00000000E+00
1.2771E+04 2.05441853E-06 0.00000000E+00
1.2794E+04 2.10245893E-06 0.00000000E+00
1.2818E+04 2.11864692E-06 0.00000000E+00
1.2841E+04 2.10998176E-06 0.00000000E+00
1.2865E+04 2.13440224E-06 0.00000000E+00
1.2888E+04 2.16735399E-06 0.00000000E+00
1.2912E+04 2.15859550E-06 0.00000000E+00
1.2936E+04 2.14776818E-06 0.00000000E+00
1.2959E+04 2.17276778E-06 0.00000000E+00
1.2983E+04 2.18280204E-06 0.00000000E+00
1.3006E+04 2.15576492E-06 0.00000000E+00
1.3030E+04 2.14871485E-06 0.00000000E+00
1.3053E+04 2.16626213E-06 0.00000000E+00
1.3077E+04 2.15069137E-06 0.00000000E+00
1.3100E+04 2.11507399E-06 0.00000000E+00
1.3124E+04 2.11247382E-06 0.00000000E+00
1.3148E+04 2.11398347E-06 0.00000000E+00
1.3171E+04 2.07625641E-06 0.00000000E+00
1.3195E+04 2.04104569E-06 0.00000000E+00
1.3218E+04 2.03839592E-06 0.00000000E+00
1.3242E+04 2.01831211E-06 0.00000000E+00
1.3265E+04 1.96669343E-06 0.00000000E+00
1.3289E+04 1.93700450E-06 0.00000000E+00
1.3312E+04 1.92695666E-06 0.00000000E+00
1.3336E+04 1.88514827E-06 0.00000000E+00
1.3360E+04 1.82968166E-06 0.00000000E+00
1.3383E+04 1.80542444E-06 0.00000000E+00
1.3407E+04 1.78128035E-06 0.00000000E+00
1.3430E+04 1.72329352E-06 0.00000000E+00
1.3454E+04 1.67232650E-06 0.00000000E+00
1.3477E+04 1.64913898E-06 0.00000000E+00
1.3501E+04 1.60802132E-06 0.00000000E+00
1.3525E+04 1.54314941E-06 0.00000000E+00
1.3548E+04 1.50082518E-06 0.00000000E+00
1.3572E+04 1.47275568E-06 0.00000000E+00
1.3595E+04 1.41713694E-06 0.00000000E+00
1.3619E+04 1.35516850E-06 0.00000000E+00
1.3642E+04 1.32082941E-06 0.00000000E+00
1.3666E+04 1.28354493E-06 0.00000000E+00
1.3689E+04 1.22055635E-06 0.00000000E+00
1.3713E+04 1.16857243E-06 0.00000000E+00
1.3737E+04 1.13818302E-06 0.00000000E+00
1.3760E+04 1.09131560E-06 0.00000000E+00
1.3784E+04 1.03020903E-06 0.00000000E+00
1.3807E+04 9.90718757E-07 0.00000000E+00
1.3831E+04 9.59567359E-07 0.00000000E+00
1.3854E+04 9.07236311E-07 0.00000000E+00
1.3878E+04 8.56131142E-07 0.00000000E+00
1.3902E+04 8.27212444E-07 0.00000000E+00
1.3925E+04 7.92648030E-07 0.00000000E+00
1.3949E+04 7.42014519E-07 0.00000000E+00
1.3972E+04 7.05312543E-07 0.00000000E+00
1.3996E+04 6.82544096E-07 0.00000000E+00
1.4019E+04 6.45553264E-07 0.00000000E+00
1.4043E+04 6.04113104E-07 0.00000000E+00
1.4066E+04 5.81614067E-07 0.00000000E+00
1.4090E+04 5.60830913E-07 0.00000000E+00
1.4114E+04 5.25821443E-07 0.00000000E+00
1.4137E+04 4.98654977E-07 0.00000000E+00
1.4161E+04 4.86624395E-07 0.00000000E+00
1.4184E+04 4.66225957E-07 0.00000000E+00
1.4208E+04 4.39198940E-07 0.00000000E+00
1.4231E+04 4.27360896E-07 0.00000000E+00
1.4255E+04 4.20943030E-07 0.00000000E+00
1.4279E+04 4.02747133E-07 0.00000000E+00
1.4302E+04 3.88744436E-07 0.00000000E+00
1.4326E+04 3.89424031E-07 0.00000000E+00
1.4349E+04 3.85236114E-07 0.00000000E+00
1.4373E+04 3.73571415E-07 0.00000000E+00
1.4396E+04 3.74571186E-07 0.00000000E+00
1.4420E+04 3.82843523E-07 0.00000000E+00
1.4443E+04 3.80569106E-07 0.00000000E+00
1.4467E+04 3.80106520E-07 0.00000000E+00
1.4491E+04 3.94292075E-07 0.00000000E+00
1.4514E+04 4.05584264E-07 0.00000000E+00
1.4538E+04 4.07894037E-07 0.00000000E+00
1.4561E+04 4.21269992E-07 0.00000000E+00
1.4585E+04 4.43944680E-07 0.00000000E+00
1.4608E+04 4.56062611E-07 0.00000000E+00
1.4632E+04 4.66983058E-07 0.00000000E+00
1.4656E+04 4.93323866E-07 0.00000000E+00
1.4679E+04 5.18993373E-07 0.00000000E+00
1.4703E+04 5.32808175E-07 0.00000000E+00
1.4726E+04 5.55364991E-07 0.00000000E+00
1.4750E+04 5.90373898E-07 0.00000000E+00
1.4773E+04 6.15010681E-07 0.00000000E+00
1.4797E+04 6.33554207E-07 0.00000000E+00
1.4820E+04 6.67822116E-07 0.00000000E+00
1.4844E+04 7.05359433E-07 0.00000000E+00
1.4868E+04 7.27821651E-07 0.00000000E+00
1.4891E+04 7.54278977E-07 0.00000000E+00
1.4915E+04 7.96749419E-07 0.00000000E+00
1.4938E+04 8.31162865E-07 0.00000000E+00
1.4962E+04 8.53163874E-07 0.00000000E+00
1.4985E+04 8.88739998E-07 0.00000000E+00
1.5009E+04 9.33292696E-07 0.00000000E+00
1.5033E+04 9.61441590E-07 0.00000000E+00
1.5056E+04 9.86145485E-07 0.00000000E+00
1.5080E+04 1.02881210E-06 0.00000000E+00
1.5103E+04 1.06884408E-06 0.00000000E+00
1.5127E+04 1.09093348E-06 0.00000000E+00
1.5150E+04 1.12087097E-06 0.00000000E+00
1.5174E+04 1.16557342E-06 0.00000000E+00
1.5197E+04 1.19633273E-06 0.00000000E+00
1.5221E+04 1.21523408E-06 0.00000000E+00
1.5245E+04 1.25051641E-06 0.00000000E+00
1.5268E+04 1.29075085E-06 0.00000000E+00
1.5292E+04 1.31085820E-06 0.00000000E+00
1.5315E+04 1.33027445E-06 0.00000000E+00
1.5339E+04 1.36792049E-06 0.00000000E+00
1.5362E+04 1.39798548E-06 0.00000000E+00
1.5386E+04 1.40951364E-06 0.00000000E+00
1.5410E+04 1.43184307E-06 0.00000000E+00
1.5433E+04 1.46651868E-06 0.00000000E+00
1.5457E+04 1.48346780E-06 0.00000000E+00
1.5480E+04 1.49059506E-06 0.00000000E+00
1.5504E+04 1.51545041E-06 0.00000000E+00
1.5527E+04 1.54129237E-06 0.00000000E+00
1.5551E+04 1.54577045E-06 0.00000000E+00
1.5574E+04 1.55263759E-06 0.00000000E+00
1.5598E+04 1.57666064E-06 0.00000000E+00
1.5622E+04 1.58939683E-06 0.00000000E+00
1.5645E+04 1.58504343E-06 0.00000000E+00
1.5669E+04 1.59376054E-06 0.00000000E+00
1.5692E+04 1.61179382E-06 0.00000000E+00
1.5716E+04 1.61026533E-06 0.00000000E+00
1.5739E+04 1.60198436E-06 0.00000000E+00
1.5763E+04 1.61163438E-06 0.00000000E+00
1.5787E+04 1.61872925E-06 0.00000000E+00
1.5810E+04 1.60519743E-06 0.00000000E+00
1.5834E+04 1.59705450E-06 0.00000000E+00
1.5857E+04 1.60408705E-06 0.00000000E+00
1.5881E+04 1.59748756E-06 0.00000000E+00
1.5904E+04 1.57663356E-06 0.00000000E+00
1.5928E+04 1.57026774E-06 0.00000000E+00
1.5951E+04 1.57007546E-06 0.00000000E+00
1.5975E+04 1.55035064E-06 0.00000000E+00
1.5999E+04 1.52741854E-06 0.00000000E+00
1.6022E+04 1.52160476E-06 0.00000000E+00
1.6046E+04 1.51058369E-06 0.00000000E+00
1.6069E+04 1.48145826E-06 0.00000000E+00
1.6093E+04 1.46032866E-06 0.00000000E+00
1.6116E+04 1.45182233E-06 0.00000000E+00
1.6140E+04 1.42903549E-06 0.00000000E+00
1.6163E+04 1.39602058E-06 0.00000000E+00
1.6187E+04 1.37800000E-06 0.00000000E+00
1.6211E+04 1.36325480E-06 0.00000000E+00
1.6234E+04 1.33100919E-06 0.00000000E+00
1.6258E+04 1.29942712E-06 0.00000000E+00
1.6281E+04 1.28321212E-06 0.00000000E+00
1.6305E+04 1.26020943E-06 0.00000000E+00
1.6328E+04 1.22332959E-06 0.00000000E+00
1.6352E+04 1.19655747E-06 0.00000000E+00
1.6376E+04 1.17932550E-06 0.00000000E+00
1.6399E+04 1.14873089E-06 0.00000000E+00
1.6423E+04 1.11286261E-06 0.00000000E+00
1.6446E+04 1.09149993E-06 0.00000000E+00
1.6470E+04 1.07060712E-06 0.00000000E+00
1.6493E+04 1.03577573E-06 0.00000000E+00
1.6517E+04 1.00544941E-06 0.00000000E+00
1.6540E+04 9.87702309E-07 0.00000000E+00
1.6564E+04 9.62228067E-07 0.00000000E+00
1.6588E+04 9.28082204E-07 0.00000000E+00
1.6611E+04 9.05343939E-07 0.00000000E+00
1.6635E+04 8.88392689E-07 0.00000000E+00
1.6658E+04 8.59860430E-07 0.00000000E+00
1.6682E+04 8.31142724E-07 0.00000000E+00
1.6705E+04 8.15293010E-07 0.00000000E+00
1.6729E+04 7.96996456E-07 0.00000000E+00
1.6753E+04 7.68975164E-07 0.00000000E+00
1.6776E+04 7.48634546E-07 0.00000000E+00
1.6800E+04 7.37121586E-07 0.00000000E+00
1.6823E+04 7.17288693E-07 0.00000000E+00
1.6847E+04 6.94076474E-07 0.00000000E+00
1.6870E+04 6.82464724E-07 0.00000000E+00
1.6894E+04 6.72477564E-07 0.00000000E+00
1.6917E+04 6.53152618E-07 0.00000000E+00
1.6941E+04 6.38141575E-07 0.00000000E+00
1.6965E+04 6.33324446E-07 0.00000000E+00
1.6988E+04 6.23341813E-07 0.00000000E+00
1.7012E+04 6.08005847E-07 0.00000000E+00
1.7035E+04 6.02452818E-07 0.00000000E+00
1.7059E+04 6.01440701E-07 0.00000000E+00
1.7082E+04 5.92039381E-07 0.00000000E+00
1.7106E+04 5.84119335E-07 0.00000000E+00
1.7130E+04 5.86846806E-07 0.00000000E+00
1.7153E+04 5.87150285E-07 0.00000000E+00
1.7177E+04 5.80735070E-07 0.00000000E+00
1.7200E+04 5.82113515E-07 0.00000000E+00
1.7224E+04 5.90234489E-07 0.00000000E+00
1.7247E+04 5.91028192E-07 0.00000000E+00
1.7271E+04 5.90646311E-07 0.00000000E+00
1.7294E+04 6.00845073E-07 0.00000000E+00
1.7318E+04 6.11144433E-07 0.00000000E+00
1.7342E+04 6.13527994E-07 0.00000000E+00
1.7365E+04 6.21343583E-07 0.00000000E+00
1.7389E+04 6.37730272E-07 0.00000000E+00
1.7412E+04 6.48054173E-07 0.00000000E+00
1.7436E+04 6.54330389E-07 0.00000000E+00
1.7459E+04 6.70472744E-07 0.00000000E+00
1.7483E+04 6.89366127E-07 0.00000000E+00
1.7507E+04 6.99393924E-07 0.00000000E+00
1.7530E+04 7.11737545E-07 0.00000000E+00
1.7554E+04 7.34045183E-07 0.00000000E+00
1.7577E+04 7.52194629E-07 0.00000000E+00
1.7601E+04 7.63274674E-07 0.00000000E+00
1.7624E+04 7.82432148E-07 0.00000000E+00
1.7648E+04 8.07191701E-07 0.00000000E+00
1.7671E+04 8.22958393E-07 0.00000000E+00
1.7695E+04 8.37128843E-07 0.00000000E+00
1.7719E+04 8.61754040E-07 0.00000000E+00
1.7742E+04 8.85080732E-07 0.00000000E+00
1.7766E+04 8.98811290E-07 0.00000000E+00
1.7789E+04 9.17493189E-07 0.00000000E+00
1.7813E+04 9.44415086E-07 0.00000000E+00
1.7836E+04 9.63647345E-07 0.00000000E+00
1.7860E+04 9.77115809E-07 0.00000000E+00
1.7884E+04 1.00009485E-06 0.00000000E+00
1.7907E+04 1.02538339E-06 0.00000000E+00
1.7931E+04 1.03988372E-06 0.00000000E+00
1.7954E+04 1.05510029E-06 0.00000000E+00
1.7978E+04 1.08025934E-06 0.00000000E+00
1.8001E+04 1.10060521E-06 0.00000000E+00
1.8025E+04 1.11164896E-06 0.00000000E+00
1.8048E+04 1.12960193E-06 0.00000000E+00
1.8072E+04 1.15351348E-06 0.00000000E+00
1.8096E+04 1.16731900E-06 0.00000000E+00
1.8119E+04 1.17716761E-06 0.00000000E+00
1.8143E+04 1.19706848E-06 0.00000000E+00
1.8166E+04 1.21617296E-06 0.00000000E+00
1.8190E+04 1.22390332E-06 0.00000000E+00
1.8213E+04 1.23450910E-06 0.00000000E+00
1.8237E+04 1.25386463E-06 0.00000000E+00
1.8261E+04 1.26571719E-06 0.00000000E+00
1.8284E+04 1.26940022E-06 0.00000000E+00
1.8308E+04 1.28132628E-06 0.00000000E+00
1.8331E+04 1.29678846E-06 0.00000000E+00
1.8355E+04 1.30084900E-06 0.00000000E+00
1.8378E+04 1.30297942E-06 0.00000000E+00
1.8402E+04 1.31499725E-06 0.00000000E+00
1.8425E+04 1.32361029E-06 0.00000000E+00
1.8449E+04 1.32126727E-06 0.00000000E+00
1.8473E+04 1.32360886E-06 0.00000000E+00
1.8496E+04 1.33312516E-06 0.00000000E+00
1.8520E+04 1.33343554E-06 0.00000000E+00
1.8543E+04 1.32728706E-06 0.00000000E+00
1.8567E+04 1.33008348E-06 0.00000000E+00
1.8590E+04 1.33419023E-06 0.00000000E+00
1.8614E+04 1.32676325E-06 0.00000000E+00
1.8637E+04 1.31948432E-06 0.00000000E+00
1.8661E+04 1.32139320E-06 0.00000000E+00
1.8685E+04 1.31808130E-06 0.00000000E+00
1.8708E+04 1.30522959E-06 0.00000000E+00
1.8732E+04 1.29850896E-06 0.00000000E+00
1.8755E+04 1.29725870E-06 0.00000000E+00
1.8779E+04 1.28628291E-06 0.00000000E+00
1.8802E+04 1.27114303E-06 0.00000000E+00
1.8826E+04 1.26512290E-06 0.00000000E+00
1.8850E+04 1.25859051E-06 0.00000000E+00
1.8873E+04 1.24163400E-06 0.00000000E+00
1.8897E+04 1.22698845E-06 0.00000000E+00
1.8920E+04 1.22041598E-06 0.00000000E+00
1.8944E+04 1.20765927E-06 0.00000000E+00
1.8967E+04 1.18774405E-06 0.00000000E+00
1.8991E+04 1.17507714E-06 0.00000000E+00
1.9014E+04 1.16607476E-06 0.00000000E+00
1.9038E+04 1.14788290E-06 0.00000000E+00
1.9062E+04 1.12828462E-06 0.00000000E+00
1.9085E+04 1.11744863E-06 0.00000000E+00
1.9109E+04 1.10455448E-06 0.00000000E+00
1.9132E+04 1.08329054E-06 0.00000000E+00
1.9156E+04 1.06641438E-06 0.00000000E+00
1.9179E+04 1.05601818E-06 0.00000000E+00
1.9203E+04 1.03904151E-06 0.00000000E+00
1.9227E+04 1.01785035E-06 0.00000000E+00
1.9250E+04 1.00453047E-06 0.00000000E+00
1.9274E+04 9.92855259E-07 0.00000000E+00
1.9297E+04 9.73177033E-07 0.00000000E+00
1.9321E+04 9.54897579E-07 0.00000000E+00
1.9344E+04 9.44394127E-07 0.00000000E+00
1.9368E+04 9.30419931E-07 0.00000000E+00
1.9391E+04 9.10610508E-07 0.00000000E+00
1.9415E+04 8.96852067E-07 0.00000000E+00
1.9439E+04 8.87516801E-07 0.00000000E+00
1.9462E+04 8.71601862E-07 0.00000000E+00
1.9486E+04 8.54524198E-07 0.00000000E+00
1.9509E+04 8.45289734E-07 0.00000000E+00
1.9533E+04 8.35582694E-07 0.00000000E+00
1.9556E+04 8.19496162E-07 0.00000000E+00
1.9580E+04 8.07286026E-07 0.00000000E+00
1.9604E+04 8.01282373E-07 0.00000000E+00
1.9627E+04 7.90674195E-07 0.00000000E+00
1.9651E+04 7.76972754E-07 0.00000000E+00
1.9674E+04 7.70338240E-07 0.00000000E+00
1.9698E+04 7.65809633E-07 0.00000000E+00
1.9721E+04 7.55163472E-07 0.00000000E+00
1.9745E+04 7.46196360E-07 0.00000000E+00
1.9768E+04 7.44332274E-07 0.00000000E+00
1.9792E+04 7.40024565E-07 0.00000000E+00
1.9816E+04 7.31293238E-07 0.00000000E+00
1.9839E+04 7.28284500E-07 0.00000000E+00
1.9863E+04 7.29417973E-07 0.00000000E+00
1.9886E+04 7.25231085E-07 0.00000000E+00
1.9910E+04 7.20619489E-07 0.00000000E+00
1.9933E+04 7.23235283E-07 0.00000000E+00
1.9957E+04 7.25534858E-07 0.00000000E+00
1.9981E+04 7.22573710E-07 0.00000000E+00
2.0004E+04 7.23558914E-07 0.00000000E+00
2.0028E+04 7.30140407E-07 0.00000000E+00
2.0051E+04 7.32563458E-07 0.00000000E+00
2.0075E+04 7.32581358E-07 0.00000000E+00
2.0098E+04 7.39240926E-07 0.00000000E+00
2.0122E+04 7.47576834E-07 0.00000000E+00
2.0145E+04 7.50271934E-07 0.00000000E+00
2.0169E+04 7.54781635E-07 0.00000000E+00
2.0193E+04 7.65729551E-07 0.00000000E+00
2.0216E+04 7.74001061E-07 0.00000000E+00
2.0240E+04 7.78100165E-07 0.00000000E+00
2.0263E+04 7.87574466E-07 0.00000000E+00
2.0287E+04 8.00518257E-07 0.00000000E+00
2.0310E+04 8.07984499E-07 0.00000000E+00
2.0334E+04 8.14907811E-07 0.00000000E+00
2.0358E+04 8.28438210E-07 0.00000000E+00
2.0381E+04 8.41087762E-07 0.00000000E+00
2.0405E+04 8.48216948E-07 0.00000000E+00
2.0428E+04 8.58833829E-07 0.00000000E+00
2.0452E+04 8.74393534E-07 0.00000000E+00
2.0475E+04 8.85303847E-07 0.00000000E+00
2.0499E+04 8.93322028E-07 0.00000000E+00
2.0522E+04 9.07363666E-07 0.00000000E+00
2.0546E+04 9.22540826E-07 0.00000000E+00
2.0570E+04 9.31520725E-07 0.00000000E+00
2.0593E+04 9.41616594E-07 0.00000000E+00
2.0617E+04 9.57604195E-07 0.00000000E+00
2.0640E+04 9.70465595E-07 0.00000000E+00
2.0664E+04 9.78398862E-07 0.00000000E+00
2.0687E+04 9.90966347E-07 0.00000000E+00
2.0711E+04 1.00667364E-06 0.00000000E+00
2.0735E+04 1.01637860E-06 0.00000000E+00
2.0758E+04 1.02457510E-06 0.00000000E+00
2.0782E+04 1.03883781E-06 0.00000000E+00
2.0805E+04 1.05206792E-06 0.00000000E+00
2.0829E+04 1.05898431E-06 0.00000000E+00
2.0852E+04 1.06837963E-06 0.00000000E+00
2.0876E+04 1.08255260E-06 0.00000000E+00
2.0899E+04 1.09188383E-06 0.00000000E+00
2.0923E+04 1.09719075E-06 0.00000000E+00
2.0947E+04 1.10775917E-06 0.00000000E+00
2.0970E+04 1.11965932E-06 0.00000000E+00
2.0994E+04 1.12484864E-06 0.00000000E+00
2.1017E+04 1.12983240E-06 0.00000000E+00
2.1041E+04 1.14046224E-06 0.00000000E+00
2.1064E+04 1.14829090E-06 0.00000000E+00
2.1088E+04 1.15018897E-06 0.00000000E+00
2.1112E+04 1.15555495E-06 0.00000000E+00
2.1135E+04 1.16442131E-06 0.00000000E+00
2.1159E+04 1.16738557E-06 0.00000000E+00
2.1182E+04 1.16743057E-06 0.00000000E+00
2.1206E+04 1.17292436E-06 0.00000000E+00
2.1229E+04 1.17818204E-06 0.00000000E+00
2.1253E+04 1.17670803E-06 0.00000000E+00
2.1276E+04 1.17623439E-06 0.00000000E+00
2.1300E+04 1.18071674E-06 0.00000000E+00
2.1324E+04 1.18121272E-06 0.00000000E+00
2.1347E+04 1.17668488E-06 0.00000000E+00
2.1371E+04 1.17634225E-06 0.00000000E+00
2.1394E+04 1.17826640E-06 0.00000000E+00
2.1418E+04 1.17397881E-06 0.00000000E+00
2.1441E+04 1.16813392E-06 0.00000000E+00
2.1465E+04 1.16764915E-06 0.00000000E+00
2.1488E+04 1.16572702E-06 0.00000000E+00
2.1512E+04 1.15776201E-06 0.00000000E+00
2.1536E+04 1.15199791E-06 0.00000000E+00
2.1559E+04 1.15036184E-06 0.00000000E+00
2.1583E+04 1.14413848E-06 0.00000000E+00
2.1606E+04 1.13430008E-06 0.00000000E+00
2.1630E+04 1.12918148E-06 0.00000000E+00
2.1653E+04 1.12516710E-06 0.00000000E+00
2.1677E+04 1.11526887E-06 0.00000000E+00
2.1701E+04 1.10538713E-06 0.00000000E+00
2.1724E+04 1.10054071E-06 0.00000000E+00
2.1748E+04 1.09332782E-06 0.00000000E+00
2.1771E+04 1.08128665E-06 0.00000000E+00
2.1795E+04 1.07258068E-06 0.00000000E+00
2.1818E+04 1.06700875E-06 0.00000000E+00
2.1842E+04 1.05664989E-06 0.00000000E+00
2.1865E+04 1.04437854E-06 0.00000000E+00
2.1889E+04 1.03711106E-06 0.00000000E+00
2.1913E+04 1.02978005E-06 0.00000000E+00
2.1936E+04 1.01730943E-06 0.00000000E+00
2.1960E+04 1.00644415E-06 0.00000000E+00
2.1983E+04 1.00000085E-06 0.00000000E+00
2.2007E+04 9.90446520E-07 0.00000000E+00
2.2030E+04 9.77581782E-07 0.00000000E+00
2.2054E+04 9.68963342E-07 0.00000000E+00
2.2078E+04 9.62311373E-07 0.00000000E+00
2.2101E+04 9.50994742E-07 0.00000000E+00
2.2125E+04 9.39553284E-07 0.00000000E+00
2.2148E+04 9.33059189E-07 0.00000000E+00
2.2172E+04 9.25377079E-07 0.00000000E+00
2.2195E+04 9.13630650E-07 0.00000000E+00
2.2219E+04 9.04906495E-07 0.00000000E+00
2.2242E+04 8.99697823E-07 0.00000000E+00
2.2266E+04 8.90893583E-07 0.00000000E+00
2.2290E+04 8.80475438E-07 0.00000000E+00
2.2313E+04 8.74843038E-07 0.00000000E+00
2.2337E+04 8.69908045E-07 0.00000000E+00
2.2360E+04 8.60789990E-07 0.00000000E+00
2.2384E+04 8.53238690E-07 0.00000000E+00
2.2407E+04 8.50152220E-07 0.00000000E+00
2.2431E+04 8.44896334E-07 0.00000000E+00
2.2455E+04 8.36916220E-07 0.00000000E+00
2.2478E+04 8.32991473E-07 0.00000000E+00
2.2502E+04 8.31371623E-07 0.00000000E+00
2.2525E+04 8.25981974E-07 0.00000000E+00
2.2549E+04 8.20665149E-07 0.00000000E+00
2.2572E+04 8.20122273E-07 0.00000000E+00
2.2596E+04 8.18946366E-07 0.00000000E+00
2.2619E+04 8.14363031E-07 0.00000000E+00
2.2643E+04 8.12685435E-07 0.00000000E+00
2.2667E+04 8.14478877E-07 0.00000000E+00
2.2690E+04 8.13297953E-07 0.00000000E+00
2.2714E+04 8.10808066E-07 0.00000000E+00
2.2737E+04 8.12804675E-07 0.00000000E+00
2.2761E+04 8.15617520E-07 0.00000000E+00
2.2784E+04 8.14761820E-07 0.00000000E+00
2.2808E+04 8.15409866E-07 0.00000000E+00
2.2832E+04 8.20189817E-07 0.00000000E+00
2.2855E+04 8.23037168E-07 0.00000000E+00
2.2879E+04 8.23422442E-07 0.00000000E+00
2.2902E+04 8.27514719E-07 0.00000000E+00
2.2926E+04 8.33666681E-07 0.00000000E+00
2.2949E+04 8.36293161E-07 0.00000000E+00
2.2973E+04 8.38930973E-07 0.00000000E+00
2.2996E+04 8.45863271E-07 0.00000000E+00
2.3020E+04 8.52053997E-07 0.00000000E+00
2.3044E+04 8.54951506E-07 0.00000000E+00
2.3067E+04 8.60403829E-07 0.00000000E+00
2.3091E+04 8.68884337E-07 0.00000000E+00
2.3114E+04 8.74371017E-07 0.00000000E+00
2.3138E+04 8.78427849E-07 0.00000000E+00
2.3161E+04 8.86464432E-07 0.00000000E+00
2.3185E+04 8.95017729E-07 0.00000000E+00
2.3209E+04 8.99847498E-07 0.00000000E+00
2.3232E+04 9.05811878E-07 0.00000000E+00
2.3256E+04 9.15423586E-07 0.00000000E+00
2.3279E+04 9.22937321E-07 0.00000000E+00
2.3303E+04 9.27764112E-07 0.00000000E+00
2.3326E+04 9.35782012E-07 0.00000000E+00
2.3350E+04 9.45531430E-07 0.00000000E+00
2.3373E+04 9.51601499E-07 0.00000000E+00
2.3397E+04 9.57230497E-07 0.00000000E+00
2.3421E+04 9.66668406E-07 0.00000000E+00
2.3444E+04 9.75206584E-07 0.00000000E+00
2.3468E+04 9.80144297E-07 0.00000000E+00
2.3491E+04 9.87030920E-07 0.00000000E+00
2.3515E+04 9.96651308E-07 0.00000000E+00
2.3538E+04 1.00316684E-06 0.00000000E+00
2.3562E+04 1.00769338E-06 0.00000000E+00
2.3586E+04 1.01562750E-06 0.00000000E+00
2.3609E+04 1.02402250E-06 0.00000000E+00
2.3633E+04 1.02843715E-06 0.00000000E+00
2.3656E+04 1.03322684E-06 0.00000000E+00
2.3680E+04 1.04133267E-06 0.00000000E+00
2.3703E+04 1.04741579E-06 0.00000000E+00
2.3727E+04 1.05026662E-06 0.00000000E+00
2.3750E+04 1.05555176E-06 0.00000000E+00
2.3774E+04 1.06258565E-06 0.00000000E+00
2.3798E+04 1.06593307E-06 0.00000000E+00
2.3821E+04 1.06801927E-06 0.00000000E+00
2.3845E+04 1.07342334E-06 0.00000000E+00
2.3868E+04 1.07822619E-06 0.00000000E+00
2.3892E+04 1.07914028E-06 0.00000000E+00
2.3915E+04 1.08110310E-06 0.00000000E+00
2.3939E+04 1.08575733E-06 0.00000000E+00
2.3962E+04 1.08766640E-06 0.00000000E+00
2.3986E+04 1.08695860E-06 0.00000000E+00
2.4010E+04 1.08897313E-06 0.00000000E+00
2.4033E+04 1.09185041E-06 0.00000000E+00
2.4057E+04 1.09090815E-06 0.00000000E+00
2.4080E+04 1.08950993E-06 0.00000000E+00
2.4104E+04 1.09120619E-06 0.00000000E+00
2.4127E+04 1.09152461E-06 0.00000000E+00
2.4151E+04 1.08841515E-06 0.00000000E+00
2.4175E+04 1.08698371E-06 0.00000000E+00
2.4198E+04 1.08761440E-06 0.00000000E+00
2.4222E+04 1.08514668E-06 0.00000000E+00
2.4245E+04 1.08090079E-06 0.00000000E+00
2.4269E+04 1.07957485E-06 0.00000000E+00
2.4292E+04 1.07835075E-06 0.00000000E+00
2.4316E+04 1.07352207E-06 0.00000000E+00
2.4339E+04 1.06911645E-06 0.00000000E+00
2.4363E+04 1.06751102E-06 0.00000000E+00
2.4387E+04 1.06396437E-06 0.00000000E+00
2.4410E+04 1.05770646E-06 0.00000000E+00
2.4434E+04 1.05371695E-06 0.00000000E+00
2.4457E+04 1.05115004E-06 0.00000000E+00
2.4481E+04 1.04537969E-06 0.00000000E+00
2.4504E+04 1.03880192E-06 0.00000000E+00
2.4528E+04 1.03524443E-06 0.00000000E+00
2.4552E+04 1.03109879E-06 0.00000000E+00
2.4575E+04 1.02379709E-06 0.00000000E+00
2.4599E+04 1.01780446E-06 0.00000000E+00
2.4622E+04 1.01422263E-06 0.00000000E+00
2.4646E+04 1.00829159E-06 0.00000000E+00
2.4669E+04 1.00053768E-06 0.00000000E+00
2.4693E+04 9.95547008E-07 0.00000000E+00
2.4716E+04 9.91307284E-07 0.00000000E+00
2.4740E+04 9.83976898E-07 0.00000000E+00
2.4764E+04 9.76874928E-07 0.00000000E+00
2.4787E+04 9.72744068E-07 0.00000000E+00
2.4811E+04 9.67412276E-07 0.00000000E+00
2.4834E+04 9.59595221E-07 0.00000000E+00
2.4858E+04 9.53903422E-07 0.00000000E+00
2.4881E+04 9.50102899E-07 0.00000000E+00
2.4905E+04 9.43737345E-07 0.00000000E+00
2.4929E+04 9.36577239E-07 0.00000000E+00
2.4952E+04 9.32484233E-07 0.00000000E+00
2.4976E+04 9.28437044E-07 0.00000000E+00
2.4999E+04 9.21662979E-07 0.00000000E+00
2.5023E+04 9.16129899E-07 0.00000000E+00
2.5046E+04 9.13276323E-07 0.00000000E+00
2.5070E+04 9.08713827E-07 0.00000000E+00
2.5093E+04 9.02536736E-07 0.00000000E+00
2.5117E+04 8.99089366E-07 0.00000000E+00
2.5141E+04 8.96825955E-07 0.00000000E+00
2.5164E+04 8.91994374E-07 0.00000000E+00
2.5188E+04 8.87428050E-07 0.00000000E+00
2.5211E+04 8.85894165E-07 0.00000000E+00
2.5235E+04 8.83657774E-07 0.00000000E+00
2.5258E+04 8.79273951E-07 0.00000000E+00
2.5282E+04 8.76948881E-07 0.00000000E+00
2.5306E+04 8.76678755E-07 0.00000000E+00
2.5329E+04 8.74309332E-07 0.00000000E+00
2.5353E+04 8.71280692E-07 0.00000000E+00
2.5376E+04 8.71212628E-07 0.00000000E+00
2.5400E+04 8.71432335E-07 0.00000000E+00
2.5423E+04 8.69279189E-07 0.00000000E+00
2.5447E+04 8.68316887E-07 0.00000000E+00
2.5470E+04 8.69942779E-07 0.00000000E+00
2.5494E+04 8.70138599E-07 0.00000000E+00
2.5518E+04 8.68905225E-07 0.00000000E+00
2.5541E+04 8.70213236E-07 0.00000000E+00
2.5565E+04 8.72674672E-07 0.00000000E+00
2.5588E+04 8.72825627E-07 0.00000000E+00
2.5612E+04 8.73229993E-07 0.00000000E+00
2.5635E+04 8.76416979E-07 0.00000000E+00
2.5659E+04 8.78952834E-07 0.00000000E+00
2.5683E+04 8.79504668E-07 0.00000000E+00
2.5706E+04 8.81921587E-07 0.00000000E+00
2.5730E+04 8.86173445E-07 0.00000000E+00
2.5753E+04 8.88433914E-07 0.00000000E+00
2.5777E+04 8.90036207E-07 0.00000000E+00
2.5800E+04 8.94294108E-07 0.00000000E+00
2.5824E+04 8.98718742E-07 0.00000000E+00
2.5847E+04 9.00857198E-07 0.00000000E+00
2.5871E+04 9.03999718E-07 0.00000000E+00
2.5895E+04 9.09424175E-07 0.00000000E+00
2.5918E+04 9.13401001E-07 0.00000000E+00
2.5942E+04 9.15913553E-07 0.00000000E+00
2.5965E+04 9.20640894E-07 0.00000000E+00
2.5989E+04 9.26314929E-07 0.00000000E+00
2.6012E+04 9.29688312E-07 0.00000000E+00
2.6036E+04 9.33093683E-07 0.00000000E+00
2.6060E+04 9.38930121E-07 0.00000000E+00
2.6083E+04 9.44040460E-07 0.00000000E+00
2.6107E+04 9.47081040E-07 0.00000000E+00
2.6130E+04 9.51603239E-07 0.00000000E+00
2.6154E+04 9.57711850E-07 0.00000000E+00
2.6177E+04 9.61819848E-07 0.00000000E+00
2.6201E+04 9.64992724E-07 0.00000000E+00
2.6224E+04 9.70395211E-07 0.00000000E+00
2.6248E+04 9.75884653E-07 0.00000000E+00
2.6272E+04 9.79009661E-07 0.00000000E+00
2.6295E+04 9.82674328E-07 0.00000000E+00
2.6319E+04 9.88311308E-07 0.00000000E+00
2.6342E+04 9.92544476E-07 0.00000000E+00
2.6366E+04 9.95043778E-07 0.00000000E+00
2.6389E+04 9.99228897E-07 0.00000000E+00
2.6413E+04 1.00427457E-06 0.00000000E+00
2.6437E+04 1.00704787E-06 0.00000000E+00
2.6460E+04 1.00936922E-06 0.00000000E+00
2.6484E+04 1.01371556E-06 0.00000000E+00
2.6507E+04 1.01745802E-06 0.00000000E+00
2.6531E+04 1.01899134E-06 0.00000000E+00
2.6554E+04 1.02141938E-06 0.00000000E+00
2.6578E+04 1.02529969E-06 0.00000000E+00
2.6601E+04 1.02737208E-06 0.00000000E+00
2.6625E+04 1.02813658E-06 0.00000000E+00
2.6649E+04 1.03064029E-06 0.00000000E+00
2.6672E+04 1.03338944E-06 0.00000000E+00
2.6696E+04 1.03385322E-06 0.00000000E+00
2.6719E+04 1.03432557E-06 0.00000000E+00
2.6743E+04 1.03655801E-06 0.00000000E+00
2.6766E+04 1.03771132E-06 0.00000000E+00
2.6790E+04 1.03697600E-06 0.00000000E+00
2.6813E+04 1.03742400E-06 0.00000000E+00
2.6837E+04 1.03885899E-06 0.00000000E+00
2.6861E+04 1.03830717E-06 0.00000000E+00
2.6884E+04 1.03693458E-06 0.00000000E+00
2.6908E+04 1.03731273E-06 0.00000000E+00
2.6931E+04 1.03745490E-06 0.00000000E+00
2.6955E+04 1.03546592E-06 0.00000000E+00
2.6978E+04 1.03394228E-06 0.00000000E+00
2.7002E+04 1.03392713E-06 0.00000000E+00
2.7026E+04 1.03251231E-06 0.00000000E+00
2.7049E+04 1.02962218E-06 0.00000000E+00
2.7073E+04 1.02818317E-06 0.00000000E+00
2.7096E+04 1.02732659E-06 0.00000000E+00
2.7120E+04 1.02444001E-06 0.00000000E+00
2.7143E+04 1.02125767E-06 0.00000000E+00
2.7167E+04 1.01982702E-06 0.00000000E+00
2.7190E+04 1.01776651E-06 0.00000000E+00
2.7214E+04 1.01383621E-06 0.00000000E+00
2.7238E+04 1.01083429E-06 0.00000000E+00
2.7261E+04 1.00909543E-06 0.00000000E+00
2.7285E+04 1.00574084E-06 0.00000000E+00
2.7308E+04 1.00140649E-06 0.00000000E+00
2.7332E+04 9.98774447E-07 0.00000000E+00
2.7355E+04 9.96347526E-07 0.00000000E+00
2.7379E+04 9.91969696E-07 0.00000000E+00
2.7403E+04 9.87871493E-07 0.00000000E+00
2.7426E+04 9.85488042E-07 0.00000000E+00
2.7450E+04 9.82143925E-07 0.00000000E+00
2.7473E+04 9.77322748E-07 0.00000000E+00
2.7497E+04 9.73889297E-07 0.00000000E+00
2.7520E+04 9.71429287E-07 0.00000000E+00
2.7544E+04 9.67251493E-07 0.00000000E+00
2.7567E+04 9.62694331E-07 0.00000000E+00
2.7591E+04 9.60016587E-07 0.00000000E+00
2.7615E+04 9.57152527E-07 0.00000000E+00
2.7638E+04 9.52571436E-07 0.00000000E+00
2.7662E+04 9.48869752E-07 0.00000000E+00
2.7685E+04 9.46719417E-07 0.00000000E+00
2.7709E+04 9.43332102E-07 0.00000000E+00
2.7732E+04 9.39004798E-07 0.00000000E+00
2.7756E+04 9.36431725E-07 0.00000000E+00
2.7780E+04 9.34422430E-07 0.00000000E+00
2.7803E+04 9.30721910E-07 0.00000000E+00
2.7827E+04 9.27300165E-07 0.00000000E+00
2.7850E+04 9.25742381E-07 0.00000000E+00
2.7874E+04 9.23564025E-07 0.00000000E+00
2.7897E+04 9.20055810E-07 0.00000000E+00
2.7921E+04 9.17942260E-07 0.00000000E+00
2.7944E+04 9.17002758E-07 0.00000000E+00
2.7968E+04 9.14618204E-07 0.00000000E+00
2.7992E+04 9.11920356E-07 0.00000000E+00
2.8015E+04 9.11126690E-07 0.00000000E+00
2.8039E+04 9.10353767E-07 0.00000000E+00
2.8062E+04 9.08058701E-07 0.00000000E+00
2.8086E+04 9.06650583E-07 0.00000000E+00
2.8109E+04 9.06828284E-07 0.00000000E+00
2.8133E+04 9.05961152E-07 0.00000000E+00
2.8157E+04 9.04272143E-07 0.00000000E+00
2.8180E+04 9.04294798E-07 0.00000000E+00
2.8204E+04 9.04925987E-07 0.00000000E+00
2.8227E+04 9.04035429E-07 0.00000000E+00
2.8251E+04 9.03457781E-07 0.00000000E+00
2.8274E+04 9.04664481E-07 0.00000000E+00
2.8298E+04 9.05319684E-07 0.00000000E+00
2.8321E+04 9.04773349E-07 0.00000000E+00
2.8345E+04 9.05563233E-07 0.00000000E+00
2.8369E+04 9.07444658E-07 0.00000000E+00
2.8392E+04 9.07979837E-07 0.00000000E+00
2.8416E+04 9.08251130E-07 0.00000000E+00
2.8439E+04 9.10290349E-07 0.00000000E+00
2.8463E+04 9.12310487E-07 0.00000000E+00
2.8486E+04 9.12907704E-07 0.00000000E+00
2.8510E+04 9.14327033E-07 0.00000000E+00
2.8534E+04 9.17170419E-07 0.00000000E+00
2.8557E+04 9.18994573E-07 0.00000000E+00
2.8581E+04 9.20032453E-07 0.00000000E+00
2.8604E+04 9.22606700E-07 0.00000000E+00
2.8628E+04 9.25673325E-07 0.00000000E+00
2.8651E+04 9.27278036E-07 0.00000000E+00
2.8675E+04 9.29105086E-07 0.00000000E+00
2.8698E+04 9.32491869E-07 0.00000000E+00
2.8722E+04 9.35300686E-07 0.00000000E+00
2.8746E+04 9.36920759E-07 0.00000000E+00
2.8769E+04 9.39649733E-07 0.00000000E+00
2.8793E+04 9.43290975E-07 0.00000000E+00
2.8816E+04 9.45626172E-07 0.00000000E+00
2.8840E+04 9.47578572E-07 0.00000000E+00
2.8863E+04 9.51001545E-07 0.00000000E+00
2.8887E+04 9.54342144E-07 0.00000000E+00
2.8911E+04 9.56277891E-07 0.00000000E+00
2.8934E+04 9.58759781E-07 0.00000000E+00
2.8958E+04 9.62415803E-07 0.00000000E+00
2.8981E+04 9.65099016E-07 0.00000000E+00
2.9005E+04 9.66888848E-07 0.00000000E+00
2.9028E+04 9.69849535E-07 0.00000000E+00
2.9052E+04 9.73199820E-07 0.00000000E+00
2.9075E+04 9.75154430E-07 0.00000000E+00
2.9099E+04 9.77054358E-07 0.00000000E+00
2.9123E+04 9.80193398E-07 0.00000000E+00
2.9146E+04 9.82813818E-07 0.00000000E+00
2.9170E+04 9.84209930E-07 0.00000000E+00
2.9193E+04 9.86325347E-07 0.00000000E+00
2.9217E+04 9.89202741E-07 0.00000000E+00
2.9240E+04 9.90908390E-07 0.00000000E+00
2.9264E+04 9.92021677E-07 0.00000000E+00
2.9287E+04 9.94242550E-07 0.00000000E+00
2.9311E+04 9.96438569E-07 0.00000000E+00
2.9335E+04 9.97299289E-07 0.00000000E+00
2.9358E+04 9.98356350E-07 0.00000000E+00
2.9382E+04 1.00039477E-06 0.00000000E+00
2.9405E+04 1.00164677E-06 0.00000000E+00
2.9429E+04 1.00190636E-06 0.00000000E+00
2.9452E+04 1.00297726E-06 0.00000000E+00
2.9476E+04 1.00447608E-06 0.00000000E+00
2.9500E+04 1.00474382E-06 0.00000000E+00
2.9523E+04 1.00469133E-06 0.00000000E+00
2.9547E+04 1.00566256E-06 0.00000000E+00
2.9570E+04 1.00632316E-06 0.00000000E+00
2.9594E+04 1.00577189E-06 0.00000000E+00
2.9617E+04 1.00562024E-06 0.00000000E+00
2.9641E+04 1.00624460E-06 0.00000000E+00
2.9664E+04 1.00592704E-06 0.00000000E+00
2.9688E+04 1.00484802E-06 0.00000000E+00
2.9712E+04 1.00465961E-06 0.00000000E+00
2.9735E+04 1.00465545E-06 0.00000000E+00
2.9759E+04 1.00342296E-06 0.00000000E+00
2.9782E+04 1.00212508E-06 0.00000000E+00
2.9806E+04 1.00180166E-06 0.00000000E+00
2.9829E+04 1.00096504E-06 0.00000000E+00
2.9853E+04 9.99064494E-07 0.00000000E+00
2.9877E+04 9.97771610E-07 0.00000000E+00
2.9900E+04 9.97106095E-07 0.00000000E+00
2.9924E+04 9.95400625E-07 0.00000000E+00
2.9947E+04 9.93186155E-07 0.00000000E+00
2.9971E+04 9.91970096E-07 0.00000000E+00
2.9994E+04 9.90743361E-07 0.00000000E+00
3.0018E+04 9.88338023E-07 0.00000000E+00
3.0041E+04 9.86158971E-07 0.00000000E+00
3.0065E+04 9.84930765E-07 0.00000000E+00
3.0089E+04 9.83022894E-07 0.00000000E+00
3.0112E+04 9.80259558E-07 0.00000000E+00
3.0136E+04 9.78347653E-07 0.00000000E+00
3.0159E+04 9.76915513E-07 0.00000000E+00
3.0183E+04 9.74391128E-07 0.00000000E+00
3.0206E+04 9.71684069E-07 0.00000000E+00
3.0230E+04 9.70082872E-07 0.00000000E+00
3.0254E+04 9.68262225E-07 0.00000000E+00
3.0277E+04 9.65389935E-07 0.00000000E+00
3.0301E+04 9.63088093E-07 0.00000000E+00
3.0324E+04 9.61660132E-07 0.00000000E+00
3.0348E+04 9.59394287E-07 0.00000000E+00
3.0371E+04 9.56579939E-07 0.00000000E+00
3.0395E+04 9.54846758E-07 0.00000000E+00
3.0418E+04 9.53365068E-07 0.00000000E+00
3.0442E+04 9.50800096E-07 0.00000000E+00
3.0466E+04 9.48450549E-07 0.00000000E+00
3.0489E+04 9.47218993E-07 0.00000000E+00
3.0513E+04 9.45508600E-07 0.00000000E+00
3.0536E+04 9.42977519E-07 0.00000000E+00
3.0560E+04 9.41350244E-07 0.00000000E+00
3.0583E+04 9.40382441E-07 0.00000000E+00
3.0607E+04 9.38445176E-07 0.00000000E+00
3.0631E+04 9.36356441E-07 0.00000000E+00
3.0654E+04 9.35466878E-07 0.00000000E+00
3.0678E+04 9.34497298E-07 0.00000000E+00
3.0701E+04 9.32552703E-07 0.00000000E+00
3.0725E+04 9.31228708E-07 0.00000000E+00
3.0748E+04 9.30866428E-07 0.00000000E+00
3.0772E+04 9.29760522E-07 0.00000000E+00
3.0795E+04 9.28173324E-07 0.00000000E+00
3.0819E+04 9.27717286E-07 0.00000000E+00
3.0843E+04 9.27569098E-07 0.00000000E+00
3.0866E+04 9.26414825E-07 0.00000000E+00
3.0890E+04 9.25538802E-07 0.00000000E+00
3.0913E+04 9.25800195E-07 0.00000000E+00
3.0937E+04 9.25620656E-07 0.00000000E+00
3.0960E+04 9.24701292E-07 0.00000000E+00
3.0984E+04 9.24717222E-07 0.00000000E+00
3.1008E+04 9.25377030E-07 0.00000000E+00
3.1031E+04 9.25118149E-07 0.00000000E+00
3.1055E+04 9.24777145E-07 0.00000000E+00
3.1078E+04 9.25609455E-07 0.00000000E+00
3.1102E+04 9.26342453E-07 0.00000000E+00
3.1125E+04 9.26173991E-07 0.00000000E+00
3.1149E+04 9.26641830E-07 0.00000000E+00
3.1172E+04 9.27997865E-07 0.00000000E+00
3.1196E+04 9.28626957E-07 0.00000000E+00
3.1220E+04 9.28837585E-07 0.00000000E+00
3.1243E+04 9.30111790E-07 0.00000000E+00
3.1267E+04 9.31621606E-07 0.00000000E+00
3.1290E+04 9.32184291E-07 0.00000000E+00
3.1314E+04 9.33018556E-07 0.00000000E+00
3.1337E+04 9.34858301E-07 0.00000000E+00
3.1361E+04 9.36239599E-07 0.00000000E+00
3.1385E+04 9.36936331E-07 0.00000000E+00
3.1408E+04 9.38455579E-07 0.00000000E+00
3.1432E+04 9.40489146E-07 0.00000000E+00
3.1455E+04 9.41652103E-07 0.00000000E+00
3.1479E+04 9.42711220E-07 0.00000000E+00
3.1502E+04 9.44749718E-07 0.00000000E+00
3.1526E+04 9.46633594E-07 0.00000000E+00
3.1549E+04 9.47677932E-07 0.00000000E+00
3.1573E+04 9.49214055E-07 0.00000000E+00
3.1597E+04 9.51446461E-07 0.00000000E+00
3.1620E+04 9.52992734E-07 0.00000000E+00
3.1644E+04 9.54110273E-07 0.00000000E+00
3.1667E+04 9.56049878E-07 0.00000000E+00
3.1691E+04 9.58126626E-07 0.00000000E+00
3.1714E+04 9.59340329E-07 0.00000000E+00
3.1738E+04 9.60684046E-07 0.00000000E+00
3.1762E+04 9.62788869E-07 0.00000000E+00
3.1785E+04 9.64466004E-07 0.00000000E+00
3.1809E+04 9.65487498E-07 0.00000000E+00
3.1832E+04 9.67077204E-07 0.00000000E+00
3.1856E+04 9.69041795E-07 0.00000000E+00
3.1879E+04 9.70244880E-07 0.00000000E+00
3.1903E+04 9.71240967E-07 0.00000000E+00
3.1926E+04 9.72946005E-07 0.00000000E+00
3.1950E+04 9.74512124E-07 0.00000000E+00
3.1974E+04 9.75316785E-07 0.00000000E+00
3.1997E+04 9.76381605E-07 0.00000000E+00
3.2021E+04 9.77975203E-07 0.00000000E+00
3.2044E+04 9.79008375E-07 0.00000000E+00
3.2068E+04 9.79563972E-07 0.00000000E+00
3.2091E+04 9.80672969E-07 0.00000000E+00
3.2115E+04 9.81919508E-07 0.00000000E+00
3.2138E+04 9.82423502E-07 0.00000000E+00
3.2162E+04 9.82866841E-07 0.00000000E+00
3.2186E+04 9.83891434E-07 0.00000000E+00
3.2209E+04 9.84622724E-07 0.00000000E+00
3.2233E+04 9.84702645E-07 0.00000000E+00
3.2256E+04 9.85099847E-07 0.00000000E+00
3.2280E+04 9.85861196E-07 0.00000000E+00
3.2303E+04 9.86016241E-07 0.00000000E+00
3.2327E+04 9.85819539E-07 0.00000000E+00
3.2351E+04 9.86149390E-07 0.00000000E+00
3.2374E+04 9.86481090E-07 0.00000000E+00
3.2398E+04 9.86107739E-07 0.00000000E+00
3.2421E+04 9.85769485E-07 0.00000000E+00
3.2445E+04 9.85940347E-07 0.00000000E+00
3.2468E+04 9.85739131E-07 0.00000000E+00
3.2492E+04 9.84969402E-07 0.00000000E+00
3.2515E+04 9.84574073E-07 0.00000000E+00
3.2539E+04 9.84459698E-07 0.00000000E+00
3.2563E+04 9.83716517E-07 0.00000000E+00
3.2586E+04 9.82726895E-07 0.00000000E+00
3.2610E+04 9.82288405E-07 0.00000000E+00
3.2633E+04 9.81772455E-07 0.00000000E+00
3.2657E+04 9.80582001E-07 0.00000000E+00
3.2680E+04 9.79544769E-07 0.00000000E+00
3.2704E+04 9.79005990E-07 0.00000000E+00
3.2728E+04 9.78029156E-07 0.00000000E+00
3.2751E+04 9.76573952E-07 0.00000000E+00
3.2775E+04 9.75606239E-07 0.00000000E+00
3.2798E+04 9.74862991E-07 0.00000000E+00
3.2822E+04 9.73462837E-07 0.00000000E+00
3.2845E+04 9.71967756E-07 0.00000000E+00
3.2869E+04 9.71093209E-07 0.00000000E+00
3.2892E+04 9.70044602E-07 0.00000000E+00
3.2916E+04 9.68370511E-07 0.00000000E+00
3.2940E+04 9.67033458E-07 0.00000000E+00
3.2963E+04 9.66177699E-07 0.00000000E+00
3.2987E+04 9.64790588E-07 0.00000000E+00
3.3010E+04 9.63076201E-07 0.00000000E+00
3.3034E+04 9.61998200E-07 0.00000000E+00
3.3057E+04 9.61031757E-07 0.00000000E+00
3.3081E+04 9.59390279E-07 0.00000000E+00
3.3105E+04 9.57881672E-07 0.00000000E+00
3.3128E+04 9.57031392E-07 0.00000000E+00
3.3152E+04 9.55850291E-07 0.00000000E+00
3.3175E+04 9.54157563E-07 0.00000000E+00
3.3199E+04 9.53022020E-07 0.00000000E+00
3.3222E+04 9.52261687E-07 0.00000000E+00
3.3246E+04 9.50868973E-07 0.00000000E+00
3.3269E+04 9.49386684E-07 0.00000000E+00
3.3293E+04 9.48646868E-07 0.00000000E+00
3.3317E+04 9.47816735E-07 0.00000000E+00
3.3340E+04 9.46357738E-07 0.00000000E+00
3.3364E+04 9.45304144E-07 0.00000000E+00
3.3387E+04 9.44838127E-07 0.00000000E+00
3.3411E+04 9.43860629E-07 0.00000000E+00
3.3434E+04 9.42583230E-07 0.00000000E+00
3.3458E+04 9.42039830E-07 0.00000000E+00
3.3482E+04 9.41655514E-07 0.00000000E+00
3.3505E+04 9.40601721E-07 0.00000000E+00
3.3529E+04 9.39753705E-07 0.00000000E+00
3.3552E+04 9.39633805E-07 0.00000000E+00
3.3576E+04 9.39183024E-07 0.00000000E+00
3.3599E+04 9.38259082E-07 0.00000000E+00
3.3623E+04 9.37974072E-07 0.00000000E+00
3.3646E+04 9.38075935E-07 0.00000000E+00
3.3670E+04 9.37546276E-07 0.00000000E+00
3.3694E+04 9.37000920E-07 0.00000000E+00
3.3717E+04 9.37236096E-07 0.00000000E+00
3.3741E+04 9.37355365E-07 0.00000000E+00
3.3764E+04 9.36886132E-07 0.00000000E+00
3.3788E+04 9.36887157E-07 0.00000000E+00
3.3811E+04 9.37449683E-07 0.00000000E+00
3.3835E+04 9.37489602E-07 0.00000000E+00
3.3859E+04 9.37300297E-07 0.00000000E+00
3.3882E+04 9.37848306E-07 0.00000000E+00
3.3906E+04 9.38497130E-07 0.00000000E+00
3.3929E+04 9.38514644E-07 0.00000000E+00
3.3953E+04 9.38785229E-07 0.00000000E+00
3.3976E+04 9.39712952E-07 0.00000000E+00
3.4000E+04 9.40279029E-07 0.00000000E+00
3.4023E+04 9.40441834E-07 0.00000000E+00
3.4047E+04 9.41212344E-07 0.00000000E+00
3.4071E+04 9.42268583E-07 0.00000000E+00
3.4094E+04 9.42726837E-07 0.00000000E+00
3.4118E+04 9.43208433E-07 0.00000000E+00
3.4141E+04 9.44353388E-07 0.00000000E+00
3.4165E+04 9.45322478E-07 0.00000000E+00
3.4188E+04 9.45778938E-07 0.00000000E+00
3.4212E+04 9.46653537E-07 0.00000000E+00
3.4236E+04 9.47941818E-07 0.00000000E+00
3.4259E+04 9.48731920E-07 0.00000000E+00
3.4283E+04 9.49339958E-07 0.00000000E+00
3.4306E+04 9.50535688E-07 0.00000000E+00
3.4330E+04 9.51737547E-07 0.00000000E+00
3.4353E+04 9.52393594E-07 0.00000000E+00
3.4377E+04 9.53252320E-07 0.00000000E+00
3.4400E+04 9.54583527E-07 0.00000000E+00
3.4424E+04 9.55563214E-07 0.00000000E+00
3.4448E+04 9.56206895E-07 0.00000000E+00
3.4471E+04 9.57299471E-07 0.00000000E+00
3.4495E+04 9.58552205E-07 0.00000000E+00
3.4518E+04 9.59299563E-07 0.00000000E+00
3.4542E+04 9.60039193E-07 0.00000000E+00
3.4565E+04 9.61239145E-07 0.00000000E+00
3.4589E+04 9.62257518E-07 0.00000000E+00
3.4612E+04 9.62852249E-07 0.00000000E+00
3.4636E+04 9.63715777E-07 0.00000000E+00
3.4660E+04 9.64847188E-07 0.00000000E+00
3.4683E+04 9.65576030E-07 0.00000000E+00
3.4707E+04 9.66116627E-07 0.00000000E+00
3.4730E+04 9.67038838E-07 0.00000000E+00
3.4754E+04 9.67948983E-07 0.00000000E+00
3.4777E+04 9.68420884E-07 0.00000000E+00
3.4801E+04 9.68963361E-07 0.00000000E+00
3.4825E+04 9.69821878E-07 0.00000000E+00
3.4848E+04 9.70427049E-07 0.00000000E+00
3.4872E+04 9.70715289E-07 0.00000000E+00
3.4895E+04 9.71250674E-07 0.00000000E+00
3.4919E+04 9.71919812E-07 0.00000000E+00
3.4942E+04 9.72210132E-07 0.00000000E+00
3.4966E+04 9.72382033E-07 0.00000000E+00
3.4989E+04 9.72851864E-07 0.00000000E+00
3.5013E+04 9.73242686E-07 0.00000000E+00
3.5037E+04 9.73258931E-07 0.00000000E+00
3.5060E+04 9.73352472E-07 0.00000000E+00
3.5084E+04 9.73680308E-07 0.00000000E+00
3.5107E+04 9.73754354E-07 0.00000000E+00
3.5131E+04 9.73560560E-07 0.00000000E+00
3.5154E+04 9.73584202E-07 0.00000000E+00
3.5178E+04 9.73700869E-07 0.00000000E+00
3.5202E+04 9.73465892E-07 0.00000000E+00
3.5225E+04 9.73132247E-07 0.00000000E+00
3.5249E+04 9.73073010E-07 0.00000000E+00
3.5272E+04 9.72928787E-07 0.00000000E+00
3.5296E+04 9.72431530E-07 0.00000000E+00
3.5319E+04 9.72025082E-07 0.00000000E+00
3.5343E+04 9.71852586E-07 0.00000000E+00
3.5366E+04 9.71424568E-07 0.00000000E+00
3.5390E+04 9.70746204E-07 0.00000000E+00
3.5414E+04 9.70318598E-07 0.00000000E+00
3.5437E+04 9.69986997E-07 0.00000000E+00
3.5461E+04 9.69291007E-07 0.00000000E+00
3.5484E+04 9.68537458E-07 0.00000000E+00
3.5508E+04 9.68106259E-07 0.00000000E+00
3.5531E+04 9.67566065E-07 0.00000000E+00
3.5555E+04 9.66670128E-07 0.00000000E+00
3.5579E+04 9.65946860E-07 0.00000000E+00
3.5602E+04 9.65481943E-07 0.00000000E+00
3.5626E+04 9.64708559E-07 0.00000000E+00
3.5649E+04 9.63732288E-07 0.00000000E+00
3.5673E+04 9.63105873E-07 0.00000000E+00
3.5696E+04 9.62539117E-07 0.00000000E+00
3.5720E+04 9.61567438E-07 0.00000000E+00
3.5743E+04 9.60653174E-07 0.00000000E+00
3.5767E+04 9.60119585E-07 0.00000000E+00
3.5791E+04 9.59385071E-07 0.00000000E+00
3.5814E+04 9.58325203E-07 0.00000000E+00
3.5838E+04 9.57584971E-07 0.00000000E+00
3.5861E+04 9.57070462E-07 0.00000000E+00
3.5885E+04 9.56159075E-07 0.00000000E+00
3.5908E+04 9.55172020E-07 0.00000000E+00
3.5932E+04 9.54636764E-07 0.00000000E+00
3.5956E+04 9.54042054E-07 0.00000000E+00
3.5979E+04 9.53036648E-07 0.00000000E+00
3.6003E+04 9.52272326E-07 0.00000000E+00
3.6026E+04 9.51877641E-07 0.00000000E+00
3.6050E+04 9.51147260E-07 0.00000000E+00
3.6073E+04 9.50208867E-07 0.00000000E+00
3.6097E+04 9.49737177E-07 0.00000000E+00
3.6120E+04 9.49362772E-07 0.00000000E+00
3.6144E+04 9.48539177E-07 0.00000000E+00
3.6168E+04 9.47842323E-07 0.00000000E+00
3.6191E+04 9.47619679E-07 0.00000000E+00
3.6215E+04 9.47166392E-07 0.00000000E+00
3.6238E+04 9.46391055E-07 0.00000000E+00
3.6262E+04 9.46040524E-07 0.00000000E+00
3.6285E+04 9.45937681E-07 0.00000000E+00
3.6309E+04 9.45398151E-07 0.00000000E+00
3.6333E+04 9.44851430E-07 0.00000000E+00
3.6356E+04 9.44829605E-07 0.00000000E+00
3.6380E+04 9.44709699E-07 0.00000000E+00
3.6403E+04 9.44187577E-07 0.00000000E+00
3.6427E+04 9.43998126E-07 0.00000000E+00
3.6450E+04 9.44177489E-07 0.00000000E+00
3.6474E+04 9.43979821E-07 0.00000000E+00
3.6497E+04 9.43641514E-07 0.00000000E+00
3.6521E+04 9.43818100E-07 0.00000000E+00
3.6545E+04 9.44034688E-07 0.00000000E+00
3.6568E+04 9.43813256E-07 0.00000000E+00
3.6592E+04 9.43798053E-07 0.00000000E+00
3.6615E+04 9.44225669E-07 0.00000000E+00
3.6639E+04 9.44370972E-07 0.00000000E+00
3.6662E+04 9.44263201E-07 0.00000000E+00
3.6686E+04 9.44604891E-07 0.00000000E+00
3.6710E+04 9.45108465E-07 0.00000000E+00
3.6733E+04 9.45185012E-07 0.00000000E+00
3.6757E+04 9.45329317E-07 0.00000000E+00
3.6780E+04 9.45936241E-07 0.00000000E+00
3.6804E+04 9.46373754E-07 0.00000000E+00
3.6827E+04 9.46482226E-07 0.00000000E+00
3.6851E+04 9.46934712E-07 0.00000000E+00
3.6874E+04 9.47639078E-07 0.00000000E+00
3.6898E+04 9.47968646E-07 0.00000000E+00
3.6922E+04 9.48237110E-07 0.00000000E+00
3.6945E+04 9.48937171E-07 0.00000000E+00
3.6969E+04 9.49581950E-07 0.00000000E+00
3.6992E+04 9.49865385E-07 0.00000000E+00
3.7016E+04 9.50366242E-07 0.00000000E+00
3.7039E+04 9.51168781E-07 0.00000000E+00
3.7063E+04 9.51679306E-07 0.00000000E+00
3.7087E+04 9.52025457E-07 0.00000000E+00
3.7110E+04 9.52730295E-07 0.00000000E+00
3.7134E+04 9.53480665E-07 0.00000000E+00
3.7157E+04 9.53881146E-07 0.00000000E+00
3.7181E+04 9.54368562E-07 0.00000000E+00
3.7204E+04 9.55163947E-07 0.00000000E+00
3.7228E+04 9.55767855E-07 0.00000000E+00
3.7251E+04 9.56140104E-07 0.00000000E+00
3.7275E+04 9.56767134E-07 0.00000000E+00
3.7299E+04 9.57514942E-07 0.00000000E+00
3.7322E+04 9.57963848E-07 0.00000000E+00
3.7346E+04 9.58380934E-07 0.00000000E+00
3.7369E+04 9.59068890E-07 0.00000000E+00
3.7393E+04 9.59669734E-07 0.00000000E+00
3.7416E+04 9.60014664E-07 0.00000000E+00
3.7440E+04 9.60493045E-07 0.00000000E+00
3.7463E+04 9.61131867E-07 0.00000000E+00
3.7487E+04 9.61554542E-07 0.00000000E+00
3.7511E+04 9.61854155E-07 0.00000000E+00
3.7534E+04 9.62349387E-07 0.00000000E+00
3.7558E+04 9.62850758E-07 0.00000000E+00
3.7581E+04 9.63118291E-07 0.00000000E+00
3.7605E+04 9.63398463E-07 0.00000000E+00
3.7628E+04 9.63837532E-07 0.00000000E+00
3.7652E+04 9.64162486E-07 0.00000000E+00
3.7676E+04 9.64314845E-07 0.00000000E+00
3.7699E+04 9.64561902E-07 0.00000000E+00
3.7723E+04 9.64882998E-07 0.00000000E+00
3.7746E+04 9.65034845E-07 0.00000000E+00
3.7770E+04 9.65099059E-07 0.00000000E+00
3.7793E+04 9.65281099E-07 0.00000000E+00
3.7817E+04 9.65453408E-07 0.00000000E+00
3.7840E+04 9.65452523E-07 0.00000000E+00
3.7864E+04 9.65437899E-07 0.00000000E+00
3.7888E+04 9.65529946E-07 0.00000000E+00
3.7911E+04 9.65547195E-07 0.00000000E+00
3.7935E+04 9.65412901E-07 0.00000000E+00
3.7958E+04 9.65325181E-07 0.00000000E+00
3.7982E+04 9.65316955E-07 0.00000000E+00
3.8005E+04 9.65180450E-07 0.00000000E+00
3.8029E+04 9.64932578E-07 0.00000000E+00
3.8053E+04 9.64786050E-07 0.00000000E+00
3.8076E+04 9.64670875E-07 0.00000000E+00
3.8100E+04 9.64383323E-07 0.00000000E+00
3.8123E+04 9.64054691E-07 0.00000000E+00
3.8147E+04 9.63866622E-07 0.00000000E+00
3.8170E+04 9.63628756E-07 0.00000000E+00
3.8194E+04 9.63206130E-07 0.00000000E+00
3.8217E+04 9.62845827E-07 0.00000000E+00
3.8241E+04 9.62617238E-07 0.00000000E+00
3.8265E+04 9.62236618E-07 0.00000000E+00
3.8288E+04 9.61724891E-07 0.00000000E+00
3.8312E+04 9.61380551E-07 0.00000000E+00
3.8335E+04 9.61083710E-07 0.00000000E+00
3.8359E+04 9.60560446E-07 0.00000000E+00
3.8382E+04 9.60035330E-07 0.00000000E+00
3.8406E+04 9.59723512E-07 0.00000000E+00
3.8430E+04 9.59314740E-07 0.00000000E+00
3.8453E+04 9.58694644E-07 0.00000000E+00
3.8477E+04 9.58234108E-07 0.00000000E+00
3.8500E+04 9.57923439E-07 0.00000000E+00
3.8524E+04 9.57379814E-07 0.00000000E+00
3.8547E+04 9.56755373E-07 0.00000000E+00
3.8571E+04 9.56398281E-07 0.00000000E+00
3.8594E+04 9.56025569E-07 0.00000000E+00
3.8618E+04 9.55381474E-07 0.00000000E+00
3.8642E+04 9.54857611E-07 0.00000000E+00
3.8665E+04 9.54578140E-07 0.00000000E+00
3.8689E+04 9.54094487E-07 0.00000000E+00
3.8712E+04 9.53447656E-07 0.00000000E+00
3.8736E+04 9.53088649E-07 0.00000000E+00
3.8759E+04 9.52810436E-07 0.00000000E+00
3.8783E+04 9.52229110E-07 0.00000000E+00
3.8807E+04 9.51703447E-07 0.00000000E+00
3.8830E+04 9.51495854E-07 0.00000000E+00
3.8854E+04 9.51143656E-07 0.00000000E+00
3.8877E+04 9.50554489E-07 0.00000000E+00
3.8901E+04 9.50237455E-07 0.00000000E+00
3.8924E+04 9.50098057E-07 0.00000000E+00
3.8948E+04 9.49656233E-07 0.00000000E+00
3.8971E+04 9.49190237E-07 0.00000000E+00
3.8995E+04 9.49084010E-07 0.00000000E+00
3.9019E+04 9.48913275E-07 0.00000000E+00
3.9042E+04 9.48451178E-07 0.00000000E+00
3.9066E+04 9.48212567E-07 0.00000000E+00
3.9089E+04 9.48233278E-07 0.00000000E+00
3.9113E+04 9.47982844E-07 0.00000000E+00
3.9136E+04 9.47626028E-07 0.00000000E+00
3.9160E+04 9.47633433E-07 0.00000000E+00
3.9184E+04 9.47662921E-07 0.00000000E+00
3.9207E+04 9.47373146E-07 0.00000000E+00
3.9231E+04 9.47234838E-07 0.00000000E+00
3.9254E+04 9.47410646E-07 0.00000000E+00
3.9278E+04 9.47369966E-07 0.00000000E+00
3.9301E+04 9.47151103E-07 0.00000000E+00
3.9325E+04 9.47266221E-07 0.00000000E+00
3.9348E+04 9.47483032E-07 0.00000000E+00
3.9372E+04 9.47381050E-07 0.00000000E+00
3.9396E+04 9.47348218E-07 0.00000000E+00
3.9419E+04 9.47652396E-07 0.00000000E+00
3.9443E+04 9.47808242E-07 0.00000000E+00
3.9466E+04 9.47733941E-07 0.00000000E+00
3.9490E+04 9.47936888E-07 0.00000000E+00
3.9513E+04 9.48304348E-07 0.00000000E+00
3.9537E+04 9.48379191E-07 0.00000000E+00
3.9561E+04 9.48442972E-07 0.00000000E+00
3.9584E+04 9.48835385E-07 0.00000000E+00
3.9608E+04 9.49151235E-07 0.00000000E+00
3.9631E+04 9.49209743E-07 0.00000000E+00
3.9655E+04 9.49472184E-07 0.00000000E+00
3.9678E+04 9.49939036E-07 0.00000000E+00
3.9702E+04 9.50159732E-07 0.00000000E+00
3.9725E+04 9.50300937E-07 0.00000000E+00
3.9749E+04 9.50734562E-07 0.00000000E+00
3.9773E+04 9.51157921E-07 0.00000000E+00
3.9796E+04 9.51322940E-07 0.00000000E+00
3.9820E+04 9.51611681E-07 0.00000000E+00
3.9843E+04 9.52117967E-07 0.00000000E+00
3.9867E+04 9.52437806E-07 0.00000000E+00
3.9890E+04 9.52629033E-07 0.00000000E+00
3.9914E+04 9.53053852E-07 0.00000000E+00
3.9937E+04 9.53520688E-07 0.00000000E+00
3.9961E+04 9.53753328E-07 0.00000000E+00
3.9985E+04 9.54032730E-07 0.00000000E+00
