0.0000E+00 0.00000000E+00 0.00000000E+00
2.3562E+01 0.00000000E+00 0.00000000E+00
4.7124E+01 0.00000000E+00 0.00000000E+00
7.0686E+01 0.00000000E+00 0.00000000E+00
9.4248E+01 0.00000000E+00 0.00000000E+00
1.1781E+02 0.00000000E+00 0.00000000E+00
1.4137E+02 0.00000000E+00 0.00000000E+00
1.6493E+02 0.00000000E+00 0.00000000E+00
1.8850E+02 0.00000000E+00 0.00000000E+00
2.1206E+02 0.00000000E+00 0.00000000E+00
2.3562E+02 0.00000000E+00 0.00000000E+00
2.5918E+02 3.83179759E-272 0.00000000E+00
2.8274E+02 4.93019859E-219 0.00000000E+00
3.0631E+02 2.77033823E-176 0.00000000E+00
3.2987E+02 7.40790493E-141 0.00000000E+00
3.5343E+02 3.67136040E-111 0.00000000E+00
3.7699E+02 2.98973524E-86 0.00000000E+00
4.0055E+02 1.57026832E-65 0.00000000E+00
4.2412E+02 1.22376361E-48 0.00000000E+00
4.4768E+02 2.10510278E-35 0.00000000E+00
4.7124E+02 7.13923928E-26 0.00000000E+00
4.9480E+02 1.43580703E-20 0.00000000E+00
5.1836E+02 2.14732070E-19 0.00000000E+00
5.4192E+02 4.84168364E-19 0.00000000E+00
5.6549E+02 1.03947525E-18 0.00000000E+00
5.8905E+02 1.47238017E-18 0.00000000E+00
6.1261E+02 2.02186747E-18 0.00000000E+00
6.3617E+02 3.55424812E-18 0.00000000E+00
6.5973E+02 6.17961750E-18 0.00000000E+00
6.8330E+02 8.44886149E-18 0.00000000E+00
7.0686E+02 1.26625419E-17 0.00000000E+00
7.3042E+02 2.23454170E-17 0.00000000E+00
7.5398E+02 3.23058858E-17 0.00000000E+00
7.7754E+02 4.21181788E-17 0.00000000E+00
8.0111E+02 6.77343696E-17 0.00000000E+00
8.2467E+02 1.04974937E-16 0.00000000E+00
8.4823E+02 1.33657436E-16 0.00000000E+00
8.7179E+02 1.91110600E-16 0.00000000E+00
8.9535E+02 3.07487421E-16 0.00000000E+00
9.1892E+02 4.14385172E-16 0.00000000E+00
9.4248E+02 5.30087560E-16 0.00000000E+00
9.6604E+02 8.25235116E-16 0.00000000E+00
9.8960E+02 1.21189722E-15 0.00000000E+00
1.0132E+03 1.51154235E-15 0.00000000E+00
1.0367E+03 2.14089794E-15 0.00000000E+00
1.0603E+03 3.32099355E-15 0.00000000E+00
1.0838E+03 4.32799430E-15 0.00000000E+00
1.1074E+03 5.52607227E-15 0.00000000E+00
1.1310E+03 8.41727532E-15 0.00000000E+00
1.1545E+03 1.18543262E-14 0.00000000E+00
1.1781E+03 1.45203302E-14 0.00000000E+00
1.2017E+03 2.03318437E-14 0.00000000E+00
1.2252E+03 3.03681876E-14 0.00000000E+00
1.2488E+03 3.84349772E-14 0.00000000E+00
1.2723E+03 4.87876851E-14 0.00000000E+00
1.2959E+03 7.26275203E-14 0.00000000E+00
1.3195E+03 9.87425385E-14 0.00000000E+00
1.3430E+03 1.19344591E-13 0.00000000E+00
1.3666E+03 1.65595808E-13 0.00000000E+00
1.3902E+03 2.39249130E-13 0.00000000E+00
1.4137E+03 2.95344334E-13 0.00000000E+00
1.4373E+03 3.73409119E-13 0.00000000E+00
1.4608E+03 5.43586189E-13 0.00000000E+00
1.4844E+03 7.15741152E-13 0.00000000E+00
1.5080E+03 8.56351544E-13 0.00000000E+00
1.5315E+03 1.17741623E-12 0.00000000E+00
1.5551E+03 1.64855902E-12 0.00000000E+00
1.5787E+03 1.99200553E-12 0.00000000E+00
1.6022E+03 2.51019309E-12 0.00000000E+00
1.6258E+03 3.57203168E-12 0.00000000E+00
1.6493E+03 4.56536605E-12 0.00000000E+00
1.6729E+03 5.41731341E-12 0.00000000E+00
1.6965E+03 7.36876030E-12 0.00000000E+00
1.7200E+03 1.00031122E-11 0.00000000E+00
1.7436E+03 1.18605364E-11 0.00000000E+00
1.7671E+03 1.48887739E-11 0.00000000E+00
1.7907E+03 2.06852151E-11 0.00000000E+00
1.8143E+03 2.57112564E-11 0.00000000E+00
1.8378E+03 3.03003687E-11 0.00000000E+00
1.8614E+03 4.07026255E-11 0.00000000E+00
1.8850E+03 5.36028904E-11 0.00000000E+00
1.9085E+03 6.25121745E-11 0.00000000E+00
1.9321E+03 7.81184667E-11 0.00000000E+00
1.9556E+03 1.05865054E-10 0.00000000E+00
1.9792E+03 1.28233206E-10 0.00000000E+00
2.0028E+03 1.50257382E-10 0.00000000E+00
2.0263E+03 1.98996992E-10 0.00000000E+00
2.0499E+03 2.54456804E-10 0.00000000E+00
2.0735E+03 2.92543805E-10 0.00000000E+00
2.0970E+03 3.63590914E-10 0.00000000E+00
2.1206E+03 4.80328822E-10 0.00000000E+00
2.1441E+03 5.68220884E-10 0.00000000E+00
2.1677E+03 6.62547547E-10 0.00000000E+00
2.1913E+03 8.63706769E-10 0.00000000E+00
2.2148E+03 1.07356076E-09 0.00000000E+00
2.2384E+03 1.21936452E-09 0.00000000E+00
2.2619E+03 1.50551409E-09 0.00000000E+00
2.2855E+03 1.93816487E-09 0.00000000E+00
2.3091E+03 2.24437072E-09 0.00000000E+00
2.3326E+03 2.60533499E-09 0.00000000E+00
2.3562E+03 3.33827897E-09 0.00000000E+00
2.3798E+03 4.03921176E-09 0.00000000E+00
2.4033E+03 4.54137548E-09 0.00000000E+00
2.4269E+03 5.56298559E-09 0.00000000E+00
2.4504E+03 6.97924070E-09 0.00000000E+00
2.4740E+03 7.93001248E-09 0.00000000E+00
2.4976E+03 9.16598965E-09 0.00000000E+00
2.5211E+03 1.15300160E-08 0.00000000E+00
2.5447E+03 1.36041579E-08 0.00000000E+00
2.5683E+03 1.51672170E-08 0.00000000E+00
2.5918E+03 1.84083491E-08 0.00000000E+00
2.6154E+03 2.25163231E-08 0.00000000E+00
2.6389E+03 2.51640463E-08 0.00000000E+00
2.6625E+03 2.89574118E-08 0.00000000E+00
2.6861E+03 3.57288851E-08 0.00000000E+00
2.7096E+03 4.11910877E-08 0.00000000E+00
2.7332E+03 4.56059987E-08 0.00000000E+00
2.7567E+03 5.47708640E-08 0.00000000E+00
2.7803E+03 6.53698963E-08 0.00000000E+00
2.8039E+03 7.20309637E-08 0.00000000E+00
2.8274E+03 8.24884704E-08 0.00000000E+00
2.8510E+03 9.97786519E-08 0.00000000E+00
2.8746E+03 1.12651167E-07 0.00000000E+00
2.8981E+03 1.24005978E-07 0.00000000E+00
2.9217E+03 1.47186620E-07 0.00000000E+00
2.9452E+03 1.71623416E-07 0.00000000E+00
2.9688E+03 1.86882016E-07 0.00000000E+00
2.9924E+03 2.12846878E-07 0.00000000E+00
3.0159E+03 2.52376325E-07 0.00000000E+00
3.0395E+03 2.79705356E-07 0.00000000E+00
3.0631E+03 3.06375233E-07 0.00000000E+00
3.0866E+03 3.59041913E-07 0.00000000E+00
3.1102E+03 4.09661658E-07 0.00000000E+00
3.1337E+03 4.41744733E-07 0.00000000E+00
3.1573E+03 5.00003610E-07 0.00000000E+00
3.1809E+03 5.81339623E-07 0.00000000E+00
3.2044E+03 6.34022594E-07 0.00000000E+00
3.2280E+03 6.91381981E-07 0.00000000E+00
3.2515E+03 7.99402969E-07 0.00000000E+00
3.2751E+03 8.94213545E-07 0.00000000E+00
3.2987E+03 9.56601547E-07 0.00000000E+00
3.3222E+03 1.07522048E-06 0.00000000E+00
3.3458E+03 1.22673688E-06 0.00000000E+00
3.3694E+03 1.31978091E-06 0.00000000E+00
3.3929E+03 1.43305623E-06 0.00000000E+00
3.4165E+03 1.63420533E-06 0.00000000E+00
3.4400E+03 1.79595330E-06 0.00000000E+00
3.4636E+03 1.90888369E-06 0.00000000E+00
3.4872E+03 2.12913641E-06 0.00000000E+00
3.5107E+03 2.38639811E-06 0.00000000E+00
3.5343E+03 2.53841581E-06 0.00000000E+00
3.5579E+03 2.74449573E-06 0.00000000E+00
3.5814E+03 3.08677208E-06 0.00000000E+00
3.6050E+03 3.34020298E-06 0.00000000E+00
3.6285E+03 3.53149419E-06 0.00000000E+00
3.6521E+03 3.90663851E-06 0.00000000E+00
3.6757E+03 4.30778175E-06 0.00000000E+00
3.6992E+03 4.53984424E-06 0.00000000E+00
3.7228E+03 4.88664427E-06 0.00000000E+00
3.7463E+03 5.42271448E-06 0.00000000E+00
3.7699E+03 5.79072933E-06 0.00000000E+00
3.7935E+03 6.09525249E-06 0.00000000E+00
3.8170E+03 6.68529238E-06 0.00000000E+00
3.8406E+03 7.26447074E-06 0.00000000E+00
3.8642E+03 7.59863902E-06 0.00000000E+00
3.8877E+03 8.14121199E-06 0.00000000E+00
3.9113E+03 8.92010325E-06 0.00000000E+00
3.9348E+03 9.42018804E-06 0.00000000E+00
3.9584E+03 9.87755498E-06 0.00000000E+00
3.9820E+03 1.07408958E-05 0.00000000E+00
4.0055E+03 1.15220345E-05 0.00000000E+00
4.0291E+03 1.19798603E-05 0.00000000E+00
4.0527E+03 1.27737827E-05 0.00000000E+00
4.0762E+03 1.38325013E-05 0.00000000E+00
4.0998E+03 1.44746840E-05 0.00000000E+00
4.1233E+03 1.51253597E-05 0.00000000E+00
4.1469E+03 1.63098887E-05 0.00000000E+00
4.1705E+03 1.73029576E-05 0.00000000E+00
4.1940E+03 1.79041045E-05 0.00000000E+00
4.2176E+03 1.89980093E-05 0.00000000E+00
4.2412E+03 2.03559197E-05 0.00000000E+00
4.2647E+03 2.11426950E-05 0.00000000E+00
4.2883E+03 2.20234757E-05 0.00000000E+00
4.3118E+03 2.35599465E-05 0.00000000E+00
4.3354E+03 2.47607150E-05 0.00000000E+00
4.3590E+03 2.55217757E-05 0.00000000E+00
4.3825E+03 2.69513285E-05 0.00000000E+00
4.4061E+03 2.86087600E-05 0.00000000E+00
4.4296E+03 2.95365074E-05 0.00000000E+00
4.4532E+03 3.06766302E-05 0.00000000E+00
4.4768E+03 3.25760500E-05 0.00000000E+00
4.5003E+03 3.39686945E-05 0.00000000E+00
4.5239E+03 3.49022924E-05 0.00000000E+00
4.5475E+03 3.66871285E-05 0.00000000E+00
4.5710E+03 3.86277417E-05 0.00000000E+00
4.5946E+03 3.96887049E-05 0.00000000E+00
4.6181E+03 4.11075260E-05 0.00000000E+00
4.6417E+03 4.33623855E-05 0.00000000E+00
4.6653E+03 4.49233703E-05 0.00000000E+00
4.6888E+03 4.60376374E-05 0.00000000E+00
4.7124E+03 4.81813712E-05 0.00000000E+00
4.7360E+03 5.03765226E-05 0.00000000E+00
4.7595E+03 5.15605422E-05 0.00000000E+00
4.7831E+03 5.32669755E-05 0.00000000E+00
4.8066E+03 5.58548060E-05 0.00000000E+00
4.8302E+03 5.75565086E-05 0.00000000E+00
4.8538E+03 5.88549520E-05 0.00000000E+00
4.8773E+03 6.13472517E-05 0.00000000E+00
4.9009E+03 6.37604793E-05 0.00000000E+00
4.9244E+03 6.50560968E-05 0.00000000E+00
4.9480E+03 6.70493510E-05 0.00000000E+00
4.9716E+03 6.99368281E-05 0.00000000E+00
4.9951E+03 7.17500772E-05 0.00000000E+00
5.0187E+03 7.32317449E-05 0.00000000E+00
5.0423E+03 7.60511567E-05 0.00000000E+00
5.0658E+03 7.86416483E-05 0.00000000E+00
5.0894E+03 8.00366090E-05 0.00000000E+00
5.1129E+03 8.23075306E-05 0.00000000E+00
5.1365E+03 8.54539548E-05 0.00000000E+00
5.1601E+03 8.73494231E-05 0.00000000E+00
5.1836E+03 8.90092459E-05 0.00000000E+00
5.2072E+03 9.21258364E-05 0.00000000E+00
5.2308E+03 9.48506629E-05 0.00000000E+00
5.2543E+03 9.63320666E-05 0.00000000E+00
5.2779E+03 9.88645697E-05 0.00000000E+00
5.3014E+03 1.02224392E-04 0.00000000E+00
5.3250E+03 1.04173238E-04 0.00000000E+00
5.3486E+03 1.06002466E-04 0.00000000E+00
5.3721E+03 1.09379952E-04 0.00000000E+00
5.3957E+03 1.12195424E-04 0.00000000E+00
5.4192E+03 1.13749794E-04 0.00000000E+00
5.4428E+03 1.16522156E-04 0.00000000E+00
5.4664E+03 1.20046774E-04 0.00000000E+00
5.4899E+03 1.22020995E-04 0.00000000E+00
5.5135E+03 1.24007697E-04 0.00000000E+00
5.5371E+03 1.27605138E-04 0.00000000E+00
5.5606E+03 1.30467768E-04 0.00000000E+00
5.5842E+03 1.32081206E-04 0.00000000E+00
5.6077E+03 1.35067220E-04 0.00000000E+00
5.6313E+03 1.38706407E-04 0.00000000E+00
5.6549E+03 1.40679205E-04 0.00000000E+00
5.6784E+03 1.42808822E-04 0.00000000E+00
5.7020E+03 1.46582076E-04 0.00000000E+00
5.7256E+03 1.49449462E-04 0.00000000E+00
5.7491E+03 1.51107928E-04 0.00000000E+00
5.7727E+03 1.54277974E-04 0.00000000E+00
5.7962E+03 1.57981190E-04 0.00000000E+00
5.8198E+03 1.59927431E-04 0.00000000E+00
5.8434E+03 1.62183369E-04 0.00000000E+00
5.8669E+03 1.66086440E-04 0.00000000E+00
5.8905E+03 1.68918181E-04 0.00000000E+00
5.9140E+03 1.70607851E-04 0.00000000E+00
5.9376E+03 1.73929909E-04 0.00000000E+00
5.9612E+03 1.77647569E-04 0.00000000E+00
5.9847E+03 1.79544299E-04 0.00000000E+00
6.0083E+03 1.81908503E-04 0.00000000E+00
6.0319E+03 1.85894811E-04 0.00000000E+00
6.0554E+03 1.88653390E-04 0.00000000E+00
6.0790E+03 1.90361012E-04 0.00000000E+00
6.1025E+03 1.93801597E-04 0.00000000E+00
6.1261E+03 1.97486231E-04 0.00000000E+00
6.1497E+03 1.99313137E-04 0.00000000E+00
6.1732E+03 2.01766604E-04 0.00000000E+00
6.1968E+03 2.05790116E-04 0.00000000E+00
6.2204E+03 2.08441649E-04 0.00000000E+00
6.2439E+03 2.10154821E-04 0.00000000E+00
6.2675E+03 2.13679794E-04 0.00000000E+00
6.2910E+03 2.17287021E-04 0.00000000E+00
6.3146E+03 2.19026746E-04 0.00000000E+00
6.3382E+03 2.21549946E-04 0.00000000E+00
6.3617E+03 2.25566124E-04 0.00000000E+00
6.3853E+03 2.28080903E-04 0.00000000E+00
6.4088E+03 2.29788227E-04 0.00000000E+00
6.4324E+03 2.33363479E-04 0.00000000E+00
6.4560E+03 2.36852745E-04 0.00000000E+00
6.4795E+03 2.38491032E-04 0.00000000E+00
6.5031E+03 2.41064221E-04 0.00000000E+00
6.5267E+03 2.45030773E-04 0.00000000E+00
6.5502E+03 2.47383572E-04 0.00000000E+00
6.5738E+03 2.49074706E-04 0.00000000E+00
6.5973E+03 2.52666707E-04 0.00000000E+00
6.6209E+03 2.56001785E-04 0.00000000E+00
6.6445E+03 2.57527457E-04 0.00000000E+00
6.6680E+03 2.60130913E-04 0.00000000E+00
6.6916E+03 2.64008362E-04 0.00000000E+00
6.7152E+03 2.66178544E-04 0.00000000E+00
6.7387E+03 2.67844156E-04 0.00000000E+00
6.7623E+03 2.71420398E-04 0.00000000E+00
6.7858E+03 2.74569683E-04 0.00000000E+00
6.8094E+03 2.75974486E-04 0.00000000E+00
6.8330E+03 2.78588686E-04 0.00000000E+00
6.8565E+03 2.82340789E-04 0.00000000E+00
6.8801E+03 2.84312236E-04 0.00000000E+00
6.9036E+03 2.85943912E-04 0.00000000E+00
6.9272E+03 2.89473276E-04 0.00000000E+00
6.9508E+03 2.92409936E-04 0.00000000E+00
6.9743E+03 2.93688327E-04 0.00000000E+00
6.9979E+03 2.96294098E-04 0.00000000E+00
7.0215E+03 2.99888138E-04 0.00000000E+00
7.0450E+03 3.01649064E-04 0.00000000E+00
7.0686E+03 3.03239190E-04 0.00000000E+00
7.0921E+03 3.06692254E-04 0.00000000E+00
7.1157E+03 3.09394212E-04 0.00000000E+00
7.1393E+03 3.10543034E-04 0.00000000E+00
7.1628E+03 3.13121695E-04 0.00000000E+00
7.1864E+03 3.16528696E-04 0.00000000E+00
7.2100E+03 3.18071386E-04 0.00000000E+00
7.2335E+03 3.19613028E-04 0.00000000E+00
7.2571E+03 3.22962324E-04 0.00000000E+00
7.2806E+03 3.25412176E-04 0.00000000E+00
7.3042E+03 3.26430365E-04 0.00000000E+00
7.3278E+03 3.28963846E-04 0.00000000E+00
7.3513E+03 3.32158674E-04 0.00000000E+00
7.3749E+03 3.33479139E-04 0.00000000E+00
7.3985E+03 3.34965926E-04 0.00000000E+00
7.4220E+03 3.38186153E-04 0.00000000E+00
7.4456E+03 3.40370996E-04 0.00000000E+00
7.4691E+03 3.41259257E-04 0.00000000E+00
7.4927E+03 3.43730228E-04 0.00000000E+00
7.5163E+03 3.46691641E-04 0.00000000E+00
7.5398E+03 3.47789250E-04 0.00000000E+00
7.5634E+03 3.49215273E-04 0.00000000E+00
7.5869E+03 3.52283455E-04 0.00000000E+00
7.6105E+03 3.54194629E-04 0.00000000E+00
7.6341E+03 3.54955108E-04 0.00000000E+00
7.6576E+03 3.57347081E-04 0.00000000E+00
7.6812E+03 3.60057688E-04 0.00000000E+00
7.7048E+03 3.60934762E-04 0.00000000E+00
7.7283E+03 3.62294485E-04 0.00000000E+00
7.7519E+03 3.65190099E-04 0.00000000E+00
7.7754E+03 3.66822890E-04 0.00000000E+00
7.7990E+03 3.67458863E-04 0.00000000E+00
7.8226E+03 3.69756315E-04 0.00000000E+00
7.8461E+03 3.72202493E-04 0.00000000E+00
7.8697E+03 3.72863893E-04 0.00000000E+00
7.8933E+03 3.74152098E-04 0.00000000E+00
7.9168E+03 3.76857174E-04 0.00000000E+00
7.9404E+03 3.78210495E-04 0.00000000E+00
7.9639E+03 3.78726101E-04 0.00000000E+00
7.9875E+03 3.80914602E-04 0.00000000E+00
8.0111E+03 3.83086389E-04 0.00000000E+00
8.0346E+03 3.83539128E-04 0.00000000E+00
8.0582E+03 3.84750897E-04 0.00000000E+00
8.0817E+03 3.87250099E-04 0.00000000E+00
8.1053E+03 3.88326153E-04 0.00000000E+00
8.1289E+03 3.88726159E-04 0.00000000E+00
8.1524E+03 3.90792492E-04 0.00000000E+00
8.1760E+03 3.92683445E-04 0.00000000E+00
8.1996E+03 3.92936318E-04 0.00000000E+00
8.2231E+03 3.94067036E-04 0.00000000E+00
8.2467E+03 3.96347715E-04 0.00000000E+00
8.2702E+03 3.97151658E-04 0.00000000E+00
8.2938E+03 3.97441258E-04 0.00000000E+00
8.3174E+03 3.99373551E-04 0.00000000E+00
8.3409E+03 4.00980576E-04 0.00000000E+00
8.3645E+03 4.01043820E-04 0.00000000E+00
8.3881E+03 4.02089210E-04 0.00000000E+00
8.4116E+03 4.04141435E-04 0.00000000E+00
8.4352E+03 4.04681049E-04 0.00000000E+00
8.4587E+03 4.04865719E-04 0.00000000E+00
8.4823E+03 4.06653561E-04 0.00000000E+00
8.5059E+03 4.07976741E-04 0.00000000E+00
8.5294E+03 4.07861736E-04 0.00000000E+00
8.5530E+03 4.08817915E-04 0.00000000E+00
8.5765E+03 4.10634473E-04 0.00000000E+00
8.6001E+03 4.10919842E-04 0.00000000E+00
8.6237E+03 4.11005220E-04 0.00000000E+00
8.6472E+03 4.12639761E-04 0.00000000E+00
8.6708E+03 4.13682136E-04 0.00000000E+00
8.6944E+03 4.13401125E-04 0.00000000E+00
8.7179E+03 4.14264649E-04 0.00000000E+00
8.7415E+03 4.15840995E-04 0.00000000E+00
8.7650E+03 4.15884167E-04 0.00000000E+00
8.7886E+03 4.15875950E-04 0.00000000E+00
8.8122E+03 4.17349961E-04 0.00000000E+00
8.8357E+03 4.18117271E-04 0.00000000E+00
8.8593E+03 4.17683089E-04 0.00000000E+00
8.8829E+03 4.18451007E-04 0.00000000E+00
8.9064E+03 4.19785170E-04 0.00000000E+00
8.9300E+03 4.19599817E-04 0.00000000E+00
8.9535E+03 4.19503679E-04 0.00000000E+00
8.9771E+03 4.20811589E-04 0.00000000E+00
9.0007E+03 4.21312004E-04 0.00000000E+00
9.0242E+03 4.20737837E-04 0.00000000E+00
9.0478E+03 4.21407742E-04 0.00000000E+00
9.0713E+03 4.22500202E-04 0.00000000E+00
9.0949E+03 4.22101297E-04 0.00000000E+00
9.1185E+03 4.21922833E-04 0.00000000E+00
9.1420E+03 4.23060745E-04 0.00000000E+00
9.1656E+03 4.23304580E-04 0.00000000E+00
9.1892E+03 4.22603754E-04 0.00000000E+00
9.2127E+03 4.23173827E-04 0.00000000E+00
9.2363E+03 4.24027371E-04 0.00000000E+00
9.2598E+03 4.23430871E-04 0.00000000E+00
9.2834E+03 4.23175556E-04 0.00000000E+00
9.3070E+03 4.24141235E-04 0.00000000E+00
9.3305E+03 4.24140655E-04 0.00000000E+00
9.3541E+03 4.23326445E-04 0.00000000E+00
9.3777E+03 4.23795499E-04 0.00000000E+00
9.4012E+03 4.24415048E-04 0.00000000E+00
9.4248E+03 4.23637602E-04 0.00000000E+00
9.4483E+03 4.23310763E-04 0.00000000E+00
9.4719E+03 4.24103619E-04 0.00000000E+00
9.4955E+03 4.23872352E-04 0.00000000E+00
9.5190E+03 4.22957826E-04 0.00000000E+00
9.5426E+03 4.23325356E-04 0.00000000E+00
9.5661E+03 4.23717793E-04 0.00000000E+00
9.5897E+03 4.22776482E-04 0.00000000E+00
9.6133E+03 4.22383308E-04 0.00000000E+00
9.6368E+03 4.23004355E-04 0.00000000E+00
9.6604E+03 4.22557431E-04 0.00000000E+00
9.6840E+03 4.21555340E-04 0.00000000E+00
9.7075E+03 4.21821560E-04 0.00000000E+00
9.7311E+03 4.21995556E-04 0.00000000E+00
9.7546E+03 4.20907673E-04 0.00000000E+00
9.7782E+03 4.20453226E-04 0.00000000E+00
9.8018E+03 4.20905032E-04 0.00000000E+00
9.8253E+03 4.20258521E-04 0.00000000E+00
9.8489E+03 4.19181206E-04 0.00000000E+00
9.8725E+03 4.19347079E-04 0.00000000E+00
9.8960E+03 4.19312890E-04 0.00000000E+00
9.9196E+03 4.18095730E-04 0.00000000E+00
9.9431E+03 4.17584964E-04 0.00000000E+00
9.9667E+03 4.17871564E-04 0.00000000E+00
9.9903E+03 4.17042321E-04 0.00000000E+00
1.0014E+04 4.15901637E-04 0.00000000E+00
1.0037E+04 4.15968884E-04 0.00000000E+00
1.0061E+04 4.15738143E-04 0.00000000E+00
1.0085E+04 4.14408815E-04 0.00000000E+00
1.0108E+04 4.13846597E-04 0.00000000E+00
1.0132E+04 4.13973394E-04 0.00000000E+00
1.0155E+04 4.12978809E-04 0.00000000E+00
1.0179E+04 4.11786075E-04 0.00000000E+00
1.0202E+04 4.11757172E-04 0.00000000E+00
1.0226E+04 4.11342670E-04 0.00000000E+00
1.0249E+04 4.09917936E-04 0.00000000E+00
1.0273E+04 4.09309070E-04 0.00000000E+00
1.0297E+04 4.09282714E-04 0.00000000E+00
1.0320E+04 4.08140481E-04 0.00000000E+00
1.0344E+04 4.06906433E-04 0.00000000E+00
1.0367E+04 4.06784593E-04 0.00000000E+00
1.0391E+04 4.06200057E-04 0.00000000E+00
1.0414E+04 4.04696184E-04 0.00000000E+00
1.0438E+04 4.04045423E-04 0.00000000E+00
1.0462E+04 4.03873673E-04 0.00000000E+00
1.0485E+04 4.02601562E-04 0.00000000E+00
1.0509E+04 4.01336327E-04 0.00000000E+00
1.0532E+04 4.01125458E-04 0.00000000E+00
1.0556E+04 4.00385327E-04 0.00000000E+00
1.0579E+04 3.98817957E-04 0.00000000E+00
1.0603E+04 3.98130017E-04 0.00000000E+00
1.0626E+04 3.97821598E-04 0.00000000E+00
1.0650E+04 3.96437247E-04 0.00000000E+00
1.0674E+04 3.95150322E-04 0.00000000E+00
1.0697E+04 3.94854988E-04 0.00000000E+00
1.0721E+04 3.93974207E-04 0.00000000E+00
1.0744E+04 3.92358256E-04 0.00000000E+00
1.0768E+04 3.91637836E-04 0.00000000E+00
1.0791E+04 3.91202298E-04 0.00000000E+00
1.0815E+04 3.89723046E-04 0.00000000E+00
1.0838E+04 3.88423300E-04 0.00000000E+00
1.0862E+04 3.88048676E-04 0.00000000E+00
1.0886E+04 3.87042502E-04 0.00000000E+00
1.0909E+04 3.85392094E-04 0.00000000E+00
1.0933E+04 3.84643886E-04 0.00000000E+00
1.0956E+04 3.84091464E-04 0.00000000E+00
1.0980E+04 3.82534199E-04 0.00000000E+00
1.1003E+04 3.81229883E-04 0.00000000E+00
1.1027E+04 3.80781698E-04 0.00000000E+00
1.1051E+04 3.79665522E-04 0.00000000E+00
1.1074E+04 3.77993933E-04 0.00000000E+00
1.1098E+04 3.77222635E-04 0.00000000E+00
1.1121E+04 3.76564102E-04 0.00000000E+00
1.1145E+04 3.74945133E-04 0.00000000E+00
1.1168E+04 3.73643898E-04 0.00000000E+00
1.1192E+04 3.73128364E-04 0.00000000E+00
1.1215E+04 3.71917540E-04 0.00000000E+00
1.1239E+04 3.70237166E-04 0.00000000E+00
1.1263E+04 3.69447485E-04 0.00000000E+00
1.1286E+04 3.68694011E-04 0.00000000E+00
1.1310E+04 3.67028958E-04 0.00000000E+00
1.1333E+04 3.65737878E-04 0.00000000E+00
1.1357E+04 3.65161623E-04 0.00000000E+00
1.1380E+04 3.63871318E-04 0.00000000E+00
1.1404E+04 3.62193652E-04 0.00000000E+00
1.1428E+04 3.61390306E-04 0.00000000E+00
1.1451E+04 3.60553312E-04 0.00000000E+00
1.1475E+04 3.58857016E-04 0.00000000E+00
1.1498E+04 3.57582616E-04 0.00000000E+00
1.1522E+04 3.56952599E-04 0.00000000E+00
1.1545E+04 3.55597644E-04 0.00000000E+00
1.1569E+04 3.53933275E-04 0.00000000E+00
1.1592E+04 3.53120976E-04 0.00000000E+00
1.1616E+04 3.52211993E-04 0.00000000E+00
1.1640E+04 3.50498437E-04 0.00000000E+00
1.1663E+04 3.49246710E-04 0.00000000E+00
1.1687E+04 3.48570131E-04 0.00000000E+00
1.1710E+04 3.47164889E-04 0.00000000E+00
1.1734E+04 3.45523490E-04 0.00000000E+00
1.1757E+04 3.44706926E-04 0.00000000E+00
1.1781E+04 3.43737454E-04 0.00000000E+00
1.1805E+04 3.42019699E-04 0.00000000E+00
1.1828E+04 3.40796123E-04 0.00000000E+00
1.1852E+04 3.40080336E-04 0.00000000E+00
1.1875E+04 3.38638586E-04 0.00000000E+00
1.1899E+04 3.37028921E-04 0.00000000E+00
1.1922E+04 3.36212735E-04 0.00000000E+00
1.1946E+04 3.35194121E-04 0.00000000E+00
1.1969E+04 3.33484261E-04 0.00000000E+00
1.1993E+04 3.32293825E-04 0.00000000E+00
1.2017E+04 3.31546251E-04 0.00000000E+00
1.2040E+04 3.30081091E-04 0.00000000E+00
1.2064E+04 3.28511035E-04 0.00000000E+00
1.2087E+04 3.27699798E-04 0.00000000E+00
1.2111E+04 3.26643124E-04 0.00000000E+00
1.2134E+04 3.24952262E-04 0.00000000E+00
1.2158E+04 3.23799483E-04 0.00000000E+00
1.2182E+04 3.23027526E-04 0.00000000E+00
1.2205E+04 3.21551299E-04 0.00000000E+00
1.2229E+04 3.20027863E-04 0.00000000E+00
1.2252E+04 3.19226047E-04 0.00000000E+00
1.2276E+04 3.18142028E-04 0.00000000E+00
1.2299E+04 3.16480262E-04 0.00000000E+00
1.2323E+04 3.15369206E-04 0.00000000E+00
1.2346E+04 3.14580172E-04 0.00000000E+00
1.2370E+04 3.13104404E-04 0.00000000E+00
1.2394E+04 3.11633764E-04 0.00000000E+00
1.2417E+04 3.10845712E-04 0.00000000E+00
1.2441E+04 3.09744610E-04 0.00000000E+00
1.2464E+04 3.08121040E-04 0.00000000E+00
1.2488E+04 3.07055342E-04 0.00000000E+00
1.2511E+04 3.06256366E-04 0.00000000E+00
1.2535E+04 3.04791725E-04 0.00000000E+00
1.2559E+04 3.03379263E-04 0.00000000E+00
1.2582E+04 3.02609159E-04 0.00000000E+00
1.2606E+04 3.01500708E-04 0.00000000E+00
1.2629E+04 2.99923452E-04 0.00000000E+00
1.2653E+04 2.98906334E-04 0.00000000E+00
1.2676E+04 2.98104310E-04 0.00000000E+00
1.2700E+04 2.96660578E-04 0.00000000E+00
1.2723E+04 2.95310920E-04 0.00000000E+00
1.2747E+04 2.94562757E-04 0.00000000E+00
1.2771E+04 2.93456099E-04 0.00000000E+00
1.2794E+04 2.91932311E-04 0.00000000E+00
1.2818E+04 2.90966596E-04 0.00000000E+00
1.2841E+04 2.90168109E-04 0.00000000E+00
1.2865E+04 2.88754156E-04 0.00000000E+00
1.2888E+04 2.87471209E-04 0.00000000E+00
1.2912E+04 2.86748756E-04 0.00000000E+00
1.2936E+04 2.85652382E-04 0.00000000E+00
1.2959E+04 2.84188278E-04 0.00000000E+00
1.2983E+04 2.83276399E-04 0.00000000E+00
1.3006E+04 2.82487662E-04 0.00000000E+00
1.3030E+04 2.81111440E-04 0.00000000E+00
1.3053E+04 2.79898428E-04 0.00000000E+00
1.3077E+04 2.79205191E-04 0.00000000E+00
1.3100E+04 2.78126899E-04 0.00000000E+00
1.3124E+04 2.76727790E-04 0.00000000E+00
1.3148E+04 2.75871796E-04 0.00000000E+00
1.3171E+04 2.75098602E-04 0.00000000E+00
1.3195E+04 2.73767145E-04 0.00000000E+00
1.3218E+04 2.72626643E-04 0.00000000E+00
1.3242E+04 2.71965842E-04 0.00000000E+00
1.3265E+04 2.70912707E-04 0.00000000E+00
1.3289E+04 2.69583031E-04 0.00000000E+00
1.3312E+04 2.68784597E-04 0.00000000E+00
1.3336E+04 2.68032271E-04 0.00000000E+00
1.3360E+04 2.66751705E-04 0.00000000E+00
1.3383E+04 2.65685677E-04 0.00000000E+00
1.3407E+04 2.65060212E-04 0.00000000E+00
1.3430E+04 2.64038564E-04 0.00000000E+00
1.3454E+04 2.62781932E-04 0.00000000E+00
1.3477E+04 2.62042357E-04 0.00000000E+00
1.3501E+04 2.61315725E-04 0.00000000E+00
1.3525E+04 2.60091291E-04 0.00000000E+00
1.3548E+04 2.59101124E-04 0.00000000E+00
1.3572E+04 2.58513550E-04 0.00000000E+00
1.3595E+04 2.57528968E-04 0.00000000E+00
1.3619E+04 2.56348206E-04 0.00000000E+00
1.3642E+04 2.55668423E-04 0.00000000E+00
1.3666E+04 2.54971783E-04 0.00000000E+00
1.3689E+04 2.53807870E-04 0.00000000E+00
1.3713E+04 2.52894409E-04 0.00000000E+00
1.3737E+04 2.52346920E-04 0.00000000E+00
1.3760E+04 2.51404239E-04 0.00000000E+00
1.3784E+04 2.50301436E-04 0.00000000E+00
1.3807E+04 2.49682019E-04 0.00000000E+00
1.3831E+04 2.49019130E-04 0.00000000E+00
1.3854E+04 2.47919308E-04 0.00000000E+00
1.3878E+04 2.47082896E-04 0.00000000E+00
1.3902E+04 2.46577310E-04 0.00000000E+00
1.3925E+04 2.45680628E-04 0.00000000E+00
1.3949E+04 2.44657192E-04 0.00000000E+00
1.3972E+04 2.44098361E-04 0.00000000E+00
1.3996E+04 2.43472429E-04 0.00000000E+00
1.4019E+04 2.42439497E-04 0.00000000E+00
1.4043E+04 2.41680006E-04 0.00000000E+00
1.4066E+04 2.41217751E-04 0.00000000E+00
1.4090E+04 2.40370451E-04 0.00000000E+00
1.4114E+04 2.39427152E-04 0.00000000E+00
1.4137E+04 2.38928781E-04 0.00000000E+00
1.4161E+04 2.38342461E-04 0.00000000E+00
1.4184E+04 2.37378483E-04 0.00000000E+00
1.4208E+04 2.36695345E-04 0.00000000E+00
1.4231E+04 2.36277455E-04 0.00000000E+00
1.4255E+04 2.35482227E-04 0.00000000E+00
1.4279E+04 2.34619247E-04 0.00000000E+00
1.4302E+04 2.34180870E-04 0.00000000E+00
1.4326E+04 2.33636267E-04 0.00000000E+00
1.4349E+04 2.32742623E-04 0.00000000E+00
1.4373E+04 2.32134861E-04 0.00000000E+00
1.4396E+04 2.31761976E-04 0.00000000E+00
1.4420E+04 2.31020847E-04 0.00000000E+00
1.4443E+04 2.30237824E-04 0.00000000E+00
1.4467E+04 2.29858645E-04 0.00000000E+00
1.4491E+04 2.29357327E-04 0.00000000E+00
1.4514E+04 2.28534758E-04 0.00000000E+00
1.4538E+04 2.28001012E-04 0.00000000E+00
1.4561E+04 2.27673375E-04 0.00000000E+00
1.4585E+04 2.26987743E-04 0.00000000E+00
1.4608E+04 2.26283816E-04 0.00000000E+00
1.4632E+04 2.25962717E-04 0.00000000E+00
1.4656E+04 2.25505730E-04 0.00000000E+00
1.4679E+04 2.24754385E-04 0.00000000E+00
1.4703E+04 2.24292939E-04 0.00000000E+00
1.4726E+04 2.24010407E-04 0.00000000E+00
1.4750E+04 2.23381079E-04 0.00000000E+00
1.4773E+04 2.22754928E-04 0.00000000E+00
1.4797E+04 2.22490478E-04 0.00000000E+00
1.4820E+04 2.22078371E-04 0.00000000E+00
1.4844E+04 2.21397856E-04 0.00000000E+00
1.4868E+04 2.21006663E-04 0.00000000E+00
1.4891E+04 2.20768717E-04 0.00000000E+00
1.4915E+04 2.20195952E-04 0.00000000E+00
1.4938E+04 2.19645846E-04 0.00000000E+00
1.4962E+04 2.19436317E-04 0.00000000E+00
1.4985E+04 2.19069167E-04 0.00000000E+00
1.5009E+04 2.18458599E-04 0.00000000E+00
1.5033E+04 2.18135310E-04 0.00000000E+00
1.5056E+04 2.17941072E-04 0.00000000E+00
1.5080E+04 2.17424626E-04 0.00000000E+00
1.5103E+04 2.16948462E-04 0.00000000E+00
1.5127E+04 2.16791846E-04 0.00000000E+00
1.5150E+04 2.16469294E-04 0.00000000E+00
1.5174E+04 2.15927347E-04 0.00000000E+00
1.5197E+04 2.15669335E-04 0.00000000E+00
1.5221E+04 2.15517592E-04 0.00000000E+00
1.5245E+04 2.15056764E-04 0.00000000E+00
1.5268E+04 2.14652107E-04 0.00000000E+00
1.5292E+04 2.14546132E-04 0.00000000E+00
1.5315E+04 2.14267416E-04 0.00000000E+00
1.5339E+04 2.13792370E-04 0.00000000E+00
1.5362E+04 2.13596759E-04 0.00000000E+00
1.5386E+04 2.13485983E-04 0.00000000E+00
1.5410E+04 2.13079661E-04 0.00000000E+00
1.5433E+04 2.12743782E-04 0.00000000E+00
1.5457E+04 2.12685938E-04 0.00000000E+00
1.5480E+04 2.12449929E-04 0.00000000E+00
1.5504E+04 2.12039718E-04 0.00000000E+00
1.5527E+04 2.11903408E-04 0.00000000E+00
1.5551E+04 2.11831787E-04 0.00000000E+00
1.5574E+04 2.11478494E-04 0.00000000E+00
1.5598E+04 2.11208409E-04 0.00000000E+00
1.5622E+04 2.11195965E-04 0.00000000E+00
1.5645E+04 2.11001206E-04 0.00000000E+00
1.5669E+04 2.10653461E-04 0.00000000E+00
1.5692E+04 2.10573155E-04 0.00000000E+00
1.5716E+04 2.10538617E-04 0.00000000E+00
1.5739E+04 2.10236557E-04 0.00000000E+00
1.5763E+04 2.10029058E-04 0.00000000E+00
1.5787E+04 2.10059090E-04 0.00000000E+00
1.5810E+04 2.09903835E-04 0.00000000E+00
1.5834E+04 2.09615921E-04 0.00000000E+00
1.5857E+04 2.09588150E-04 0.00000000E+00
1.5881E+04 2.09588397E-04 0.00000000E+00
1.5904E+04 2.09335495E-04 0.00000000E+00
1.5928E+04 2.09187180E-04 0.00000000E+00
1.5951E+04 2.09256592E-04 0.00000000E+00
1.5975E+04 2.09138844E-04 0.00000000E+00
1.5999E+04 2.08907904E-04 0.00000000E+00
1.6022E+04 2.08929047E-04 0.00000000E+00
1.6046E+04 2.08961586E-04 0.00000000E+00
1.6069E+04 2.08755530E-04 0.00000000E+00
1.6093E+04 2.08662836E-04 0.00000000E+00
1.6116E+04 2.08768388E-04 0.00000000E+00
1.6140E+04 2.08685940E-04 0.00000000E+00
1.6163E+04 2.08508928E-04 0.00000000E+00
1.6187E+04 2.08575242E-04 0.00000000E+00
1.6211E+04 2.08637418E-04 0.00000000E+00
1.6234E+04 2.08475702E-04 0.00000000E+00
1.6258E+04 2.08434932E-04 0.00000000E+00
1.6281E+04 2.08573268E-04 0.00000000E+00
1.6305E+04 2.08523738E-04 0.00000000E+00
1.6328E+04 2.08397455E-04 0.00000000E+00
1.6352E+04 2.08505101E-04 0.00000000E+00
1.6376E+04 2.08594130E-04 0.00000000E+00
1.6399E+04 2.08474089E-04 0.00000000E+00
1.6423E+04 2.08481443E-04 0.00000000E+00
1.6446E+04 2.08649115E-04 0.00000000E+00
1.6470E+04 2.08629989E-04 0.00000000E+00
1.6493E+04 2.08551117E-04 0.00000000E+00
1.6517E+04 2.08696184E-04 0.00000000E+00
1.6540E+04 2.08809184E-04 0.00000000E+00
1.6564E+04 2.08728034E-04 0.00000000E+00
1.6588E+04 2.08779635E-04 0.00000000E+00
1.6611E+04 2.08973137E-04 0.00000000E+00
1.6635E+04 2.08981799E-04 0.00000000E+00
1.6658E+04 2.08946932E-04 0.00000000E+00
1.6682E+04 2.09125464E-04 0.00000000E+00
1.6705E+04 2.09259493E-04 0.00000000E+00
1.6729E+04 2.09214362E-04 0.00000000E+00
1.6753E+04 2.09306284E-04 0.00000000E+00
1.6776E+04 2.09522079E-04 0.00000000E+00
1.6800E+04 2.09555851E-04 0.00000000E+00
1.6823E+04 2.09561524E-04 0.00000000E+00
1.6847E+04 2.09769546E-04 0.00000000E+00
1.6870E+04 2.09921631E-04 0.00000000E+00
1.6894E+04 2.09909591E-04 0.00000000E+00
1.6917E+04 2.10037885E-04 0.00000000E+00
1.6941E+04 2.10272434E-04 0.00000000E+00
1.6965E+04 2.10328603E-04 0.00000000E+00
1.6988E+04 2.10371319E-04 0.00000000E+00
1.7012E+04 2.10604865E-04 0.00000000E+00
1.7035E+04 2.10772032E-04 0.00000000E+00
1.7059E+04 2.10790129E-04 0.00000000E+00
1.7082E+04 2.10950843E-04 0.00000000E+00
1.7106E+04 2.11200632E-04 0.00000000E+00
1.7130E+04 2.11276482E-04 0.00000000E+00
1.7153E+04 2.11352733E-04 0.00000000E+00
1.7177E+04 2.11607866E-04 0.00000000E+00
1.7200E+04 2.11787171E-04 0.00000000E+00
1.7224E+04 2.11832445E-04 0.00000000E+00
1.7247E+04 2.12021650E-04 0.00000000E+00
1.7271E+04 2.12283217E-04 0.00000000E+00
1.7294E+04 2.12376054E-04 0.00000000E+00
1.7318E+04 2.12482344E-04 0.00000000E+00
1.7342E+04 2.12755185E-04 0.00000000E+00
1.7365E+04 2.12943737E-04 0.00000000E+00
1.7389E+04 2.13013250E-04 0.00000000E+00
1.7412E+04 2.13227060E-04 0.00000000E+00
1.7436E+04 2.13497019E-04 0.00000000E+00
1.7459E+04 2.13604194E-04 0.00000000E+00
1.7483E+04 2.13737063E-04 0.00000000E+00
1.7507E+04 2.14023807E-04 0.00000000E+00
1.7530E+04 2.14218796E-04 0.00000000E+00
1.7554E+04 2.14309649E-04 0.00000000E+00
1.7577E+04 2.14544240E-04 0.00000000E+00
1.7601E+04 2.14819304E-04 0.00000000E+00
1.7624E+04 2.14938239E-04 0.00000000E+00
1.7648E+04 2.15094275E-04 0.00000000E+00
1.7671E+04 2.15391217E-04 0.00000000E+00
1.7695E+04 2.15589932E-04 0.00000000E+00
1.7719E+04 2.15699286E-04 0.00000000E+00
1.7742E+04 2.15950918E-04 0.00000000E+00
1.7766E+04 2.16227923E-04 0.00000000E+00
1.7789E+04 2.16356123E-04 0.00000000E+00
1.7813E+04 2.16531985E-04 0.00000000E+00
1.7836E+04 2.16835539E-04 0.00000000E+00
1.7860E+04 2.17035392E-04 0.00000000E+00
1.7884E+04 2.17160483E-04 0.00000000E+00
1.7907E+04 2.17425516E-04 0.00000000E+00
1.7931E+04 2.17701441E-04 0.00000000E+00
1.7954E+04 2.17836515E-04 0.00000000E+00
1.7978E+04 2.18028949E-04 0.00000000E+00
1.8001E+04 2.18335671E-04 0.00000000E+00
1.8025E+04 2.18534211E-04 0.00000000E+00
1.8048E+04 2.18672365E-04 0.00000000E+00
1.8072E+04 2.18947282E-04 0.00000000E+00
1.8096E+04 2.19219265E-04 0.00000000E+00
1.8119E+04 2.19358941E-04 0.00000000E+00
1.8143E+04 2.19564793E-04 0.00000000E+00
1.8166E+04 2.19871397E-04 0.00000000E+00
1.8190E+04 2.20066326E-04 0.00000000E+00
1.8213E+04 2.20214973E-04 0.00000000E+00
1.8237E+04 2.20496390E-04 0.00000000E+00
1.8261E+04 2.20761748E-04 0.00000000E+00
1.8284E+04 2.20903882E-04 0.00000000E+00
1.8308E+04 2.21120113E-04 0.00000000E+00
1.8331E+04 2.21423485E-04 0.00000000E+00
1.8355E+04 2.21612673E-04 0.00000000E+00
1.8378E+04 2.21769355E-04 0.00000000E+00
1.8402E+04 2.22054040E-04 0.00000000E+00
1.8425E+04 2.22310279E-04 0.00000000E+00
1.8449E+04 2.22452865E-04 0.00000000E+00
1.8473E+04 2.22676562E-04 0.00000000E+00
1.8496E+04 2.22973780E-04 0.00000000E+00
1.8520E+04 2.23155271E-04 0.00000000E+00
1.8543E+04 2.23317650E-04 0.00000000E+00
1.8567E+04 2.23602536E-04 0.00000000E+00
1.8590E+04 2.23847366E-04 0.00000000E+00
1.8614E+04 2.23988542E-04 0.00000000E+00
1.8637E+04 2.24216927E-04 0.00000000E+00
1.8661E+04 2.24505270E-04 0.00000000E+00
1.8685E+04 2.24677289E-04 0.00000000E+00
1.8708E+04 2.24843159E-04 0.00000000E+00
1.8732E+04 2.25125352E-04 0.00000000E+00
1.8755E+04 2.25356693E-04 0.00000000E+00
1.8779E+04 2.25494746E-04 0.00000000E+00
1.8802E+04 2.25725188E-04 0.00000000E+00
1.8826E+04 2.26002143E-04 0.00000000E+00
1.8850E+04 2.26163105E-04 0.00000000E+00
1.8873E+04 2.26330390E-04 0.00000000E+00
1.8897E+04 2.26607183E-04 0.00000000E+00
1.8920E+04 2.26823171E-04 0.00000000E+00
1.8944E+04 2.26956540E-04 0.00000000E+00
1.8967E+04 2.27186559E-04 0.00000000E+00
1.8991E+04 2.27449835E-04 0.00000000E+00
1.9014E+04 2.27598341E-04 0.00000000E+00
1.9038E+04 2.27765106E-04 0.00000000E+00
1.9062E+04 2.28033986E-04 0.00000000E+00
1.9085E+04 2.28232976E-04 0.00000000E+00
1.9109E+04 2.28360255E-04 0.00000000E+00
1.9132E+04 2.28587531E-04 0.00000000E+00
1.9156E+04 2.28835063E-04 0.00000000E+00
1.9179E+04 2.28969904E-04 0.00000000E+00
1.9203E+04 2.29134355E-04 0.00000000E+00
1.9227E+04 2.29393012E-04 0.00000000E+00
1.9250E+04 2.29573583E-04 0.00000000E+00
1.9274E+04 2.29693519E-04 0.00000000E+00
1.9297E+04 2.29915901E-04 0.00000000E+00
1.9321E+04 2.30145853E-04 0.00000000E+00
1.9344E+04 2.30266009E-04 0.00000000E+00
1.9368E+04 2.30426497E-04 0.00000000E+00
1.9391E+04 2.30672827E-04 0.00000000E+00
1.9415E+04 2.30833781E-04 0.00000000E+00
1.9439E+04 2.30945273E-04 0.00000000E+00
1.9462E+04 2.31160779E-04 0.00000000E+00
1.9486E+04 2.31371548E-04 0.00000000E+00
1.9509E+04 2.31476186E-04 0.00000000E+00
1.9533E+04 2.31631208E-04 0.00000000E+00
1.9556E+04 2.31863319E-04 0.00000000E+00
1.9580E+04 2.32003679E-04 0.00000000E+00
1.9604E+04 2.32105777E-04 0.00000000E+00
1.9627E+04 2.32312601E-04 0.00000000E+00
1.9651E+04 2.32502818E-04 0.00000000E+00
1.9674E+04 2.32591283E-04 0.00000000E+00
1.9698E+04 2.32739482E-04 0.00000000E+00
1.9721E+04 2.32955700E-04 0.00000000E+00
1.9745E+04 2.33074704E-04 0.00000000E+00
1.9768E+04 2.33166605E-04 0.00000000E+00
1.9792E+04 2.33363116E-04 0.00000000E+00
1.9816E+04 2.33531645E-04 0.00000000E+00
1.9839E+04 2.33603459E-04 0.00000000E+00
1.9863E+04 2.33743625E-04 0.00000000E+00
1.9886E+04 2.33942488E-04 0.00000000E+00
1.9910E+04 2.34039587E-04 0.00000000E+00
1.9933E+04 2.34120629E-04 0.00000000E+00
1.9957E+04 2.34305376E-04 0.00000000E+00
1.9981E+04 2.34451309E-04 0.00000000E+00
2.0004E+04 2.34506161E-04 0.00000000E+00
2.0028E+04 2.34637225E-04 0.00000000E+00
2.0051E+04 2.34817488E-04 0.00000000E+00
2.0075E+04 2.34892335E-04 0.00000000E+00
2.0098E+04 2.34961992E-04 0.00000000E+00
2.0122E+04 2.35133701E-04 0.00000000E+00
2.0145E+04 2.35256351E-04 0.00000000E+00
2.0169E+04 2.35294089E-04 0.00000000E+00
2.0193E+04 2.35415127E-04 0.00000000E+00
2.0216E+04 2.35575756E-04 0.00000000E+00
2.0240E+04 2.35628198E-04 0.00000000E+00
2.0263E+04 2.35686076E-04 0.00000000E+00
2.0287E+04 2.35843648E-04 0.00000000E+00
2.0310E+04 2.35942546E-04 0.00000000E+00
2.0334E+04 2.35963168E-04 0.00000000E+00
2.0358E+04 2.36073392E-04 0.00000000E+00
2.0381E+04 2.36213560E-04 0.00000000E+00
2.0405E+04 2.36243629E-04 0.00000000E+00
2.0428E+04 2.36289458E-04 0.00000000E+00
2.0452E+04 2.36431968E-04 0.00000000E+00
2.0475E+04 2.36506854E-04 0.00000000E+00
2.0499E+04 2.36510496E-04 0.00000000E+00
2.0522E+04 2.36609257E-04 0.00000000E+00
2.0546E+04 2.36728342E-04 0.00000000E+00
2.0570E+04 2.36736242E-04 0.00000000E+00
2.0593E+04 2.36769868E-04 0.00000000E+00
2.0617E+04 2.36896564E-04 0.00000000E+00
2.0640E+04 2.36947374E-04 0.00000000E+00
2.0664E+04 2.36934304E-04 0.00000000E+00
2.0687E+04 2.37021082E-04 0.00000000E+00
2.0711E+04 2.37118658E-04 0.00000000E+00
2.0735E+04 2.37104753E-04 0.00000000E+00
2.0758E+04 2.37126135E-04 0.00000000E+00
2.0782E+04 2.37236430E-04 0.00000000E+00
2.0805E+04 2.37263290E-04 0.00000000E+00
2.0829E+04 2.37233894E-04 0.00000000E+00
2.0852E+04 2.37308299E-04 0.00000000E+00
2.0876E+04 2.37384129E-04 0.00000000E+00
2.0899E+04 2.37348935E-04 0.00000000E+00
2.0923E+04 2.37358133E-04 0.00000000E+00
2.0947E+04 2.37451603E-04 0.00000000E+00
2.0970E+04 2.37454815E-04 0.00000000E+00
2.0994E+04 2.37409588E-04 0.00000000E+00
2.1017E+04 2.37471351E-04 0.00000000E+00
2.1041E+04 2.37525380E-04 0.00000000E+00
2.1064E+04 2.37469547E-04 0.00000000E+00
2.1088E+04 2.37466718E-04 0.00000000E+00
2.1112E+04 2.37543097E-04 0.00000000E+00
2.1135E+04 2.37523128E-04 0.00000000E+00
2.1159E+04 2.37462660E-04 0.00000000E+00
2.1182E+04 2.37511631E-04 0.00000000E+00
2.1206E+04 2.37543974E-04 0.00000000E+00
2.1229E+04 2.37468276E-04 0.00000000E+00
2.1253E+04 2.37453666E-04 0.00000000E+00
2.1276E+04 2.37512834E-04 0.00000000E+00
2.1300E+04 2.37470302E-04 0.00000000E+00
2.1324E+04 2.37395271E-04 0.00000000E+00
2.1347E+04 2.37431410E-04 0.00000000E+00
2.1371E+04 2.37442344E-04 0.00000000E+00
2.1394E+04 2.37347662E-04 0.00000000E+00
2.1418E+04 2.37321595E-04 0.00000000E+00
2.1441E+04 2.37363575E-04 0.00000000E+00
2.1465E+04 2.37299235E-04 0.00000000E+00
2.1488E+04 2.37210395E-04 0.00000000E+00
2.1512E+04 2.37233765E-04 0.00000000E+00
2.1536E+04 2.37223715E-04 0.00000000E+00
2.1559E+04 2.37111027E-04 0.00000000E+00
2.1583E+04 2.37073901E-04 0.00000000E+00
2.1606E+04 2.37098850E-04 0.00000000E+00
2.1630E+04 2.37013581E-04 0.00000000E+00
2.1653E+04 2.36911748E-04 0.00000000E+00
2.1677E+04 2.36922512E-04 0.00000000E+00
2.1701E+04 2.36892040E-04 0.00000000E+00
2.1724E+04 2.36762404E-04 0.00000000E+00
2.1748E+04 2.36714683E-04 0.00000000E+00
2.1771E+04 2.36722879E-04 0.00000000E+00
2.1795E+04 2.36617669E-04 0.00000000E+00
2.1818E+04 2.36503713E-04 0.00000000E+00
2.1842E+04 2.36502124E-04 0.00000000E+00
2.1865E+04 2.36451919E-04 0.00000000E+00
2.1889E+04 2.36306461E-04 0.00000000E+00
2.1913E+04 2.36248664E-04 0.00000000E+00
2.1936E+04 2.36240504E-04 0.00000000E+00
2.1960E+04 2.36116435E-04 0.00000000E+00
2.1983E+04 2.35991270E-04 0.00000000E+00
2.2007E+04 2.35977665E-04 0.00000000E+00
2.2030E+04 2.35908525E-04 0.00000000E+00
2.2054E+04 2.35748427E-04 0.00000000E+00
2.2078E+04 2.35681125E-04 0.00000000E+00
2.2101E+04 2.35657109E-04 0.00000000E+00
2.2125E+04 2.35515345E-04 0.00000000E+00
2.2148E+04 2.35379918E-04 0.00000000E+00
2.2172E+04 2.35354712E-04 0.00000000E+00
2.2195E+04 2.35267536E-04 0.00000000E+00
2.2219E+04 2.35094023E-04 0.00000000E+00
2.2242E+04 2.35017829E-04 0.00000000E+00
2.2266E+04 2.34978553E-04 0.00000000E+00
2.2290E+04 2.34820326E-04 0.00000000E+00
2.2313E+04 2.34675609E-04 0.00000000E+00
2.2337E+04 2.34639285E-04 0.00000000E+00
2.2360E+04 2.34535059E-04 0.00000000E+00
2.2384E+04 2.34349386E-04 0.00000000E+00
2.2407E+04 2.34264949E-04 0.00000000E+00
2.2431E+04 2.34211096E-04 0.00000000E+00
2.2455E+04 2.34037689E-04 0.00000000E+00
2.2478E+04 2.33884670E-04 0.00000000E+00
2.2502E+04 2.33837771E-04 0.00000000E+00
2.2525E+04 2.33717557E-04 0.00000000E+00
2.2549E+04 2.33520998E-04 0.00000000E+00
2.2572E+04 2.33428996E-04 0.00000000E+00
2.2596E+04 2.33361321E-04 0.00000000E+00
2.2619E+04 2.33174059E-04 0.00000000E+00
2.2643E+04 2.33013734E-04 0.00000000E+00
2.2667E+04 2.32956858E-04 0.00000000E+00
2.2690E+04 2.32821776E-04 0.00000000E+00
2.2714E+04 2.32615614E-04 0.00000000E+00
2.2737E+04 2.32516747E-04 0.00000000E+00
2.2761E+04 2.32436073E-04 0.00000000E+00
2.2784E+04 2.32236308E-04 0.00000000E+00
2.2808E+04 2.32069671E-04 0.00000000E+00
2.2832E+04 2.32003462E-04 0.00000000E+00
2.2855E+04 2.31854682E-04 0.00000000E+00
2.2879E+04 2.31640198E-04 0.00000000E+00
2.2902E+04 2.31535180E-04 0.00000000E+00
2.2926E+04 2.31442382E-04 0.00000000E+00
2.2949E+04 2.31231483E-04 0.00000000E+00
2.2973E+04 2.31059519E-04 0.00000000E+00
2.2996E+04 2.30984658E-04 0.00000000E+00
2.3020E+04 2.30823387E-04 0.00000000E+00
2.3044E+04 2.30601849E-04 0.00000000E+00
2.3067E+04 2.30491405E-04 0.00000000E+00
2.3091E+04 2.30387402E-04 0.00000000E+00
2.3114E+04 2.30166740E-04 0.00000000E+00
2.3138E+04 2.29990420E-04 0.00000000E+00
2.3161E+04 2.29907621E-04 0.00000000E+00
2.3185E+04 2.29735089E-04 0.00000000E+00
2.3209E+04 2.29507745E-04 0.00000000E+00
2.3232E+04 2.29392603E-04 0.00000000E+00
2.3256E+04 2.29278348E-04 0.00000000E+00
2.3279E+04 2.29049287E-04 0.00000000E+00
2.3303E+04 2.28869562E-04 0.00000000E+00
2.3326E+04 2.28779558E-04 0.00000000E+00
2.3350E+04 2.28597010E-04 0.00000000E+00
2.3373E+04 2.28365080E-04 0.00000000E+00
2.3397E+04 2.28245965E-04 0.00000000E+00
2.3421E+04 2.28122437E-04 0.00000000E+00
2.3444E+04 2.27886324E-04 0.00000000E+00
2.3468E+04 2.27704116E-04 0.00000000E+00
2.3491E+04 2.27607659E-04 0.00000000E+00
2.3515E+04 2.27416344E-04 0.00000000E+00
2.3538E+04 2.27181011E-04 0.00000000E+00
2.3562E+04 2.27058639E-04 0.00000000E+00
2.3586E+04 2.26926831E-04 0.00000000E+00
2.3609E+04 2.26684989E-04 0.00000000E+00
2.3633E+04 2.26501190E-04 0.00000000E+00
2.3656E+04 2.26399039E-04 0.00000000E+00
2.3680E+04 2.26200197E-04 0.00000000E+00
2.3703E+04 2.25962604E-04 0.00000000E+00
2.3727E+04 2.25837681E-04 0.00000000E+00
2.3750E+04 2.25698591E-04 0.00000000E+00
2.3774E+04 2.25452307E-04 0.00000000E+00
2.3798E+04 2.25267771E-04 0.00000000E+00
2.3821E+04 2.25160689E-04 0.00000000E+00
2.3845E+04 2.24955546E-04 0.00000000E+00
2.3868E+04 2.24716785E-04 0.00000000E+00
2.3892E+04 2.24589998E-04 0.00000000E+00
2.3915E+04 2.24444624E-04 0.00000000E+00
2.3939E+04 2.24195144E-04 0.00000000E+00
2.3962E+04 2.24010685E-04 0.00000000E+00
2.3986E+04 2.23899431E-04 0.00000000E+00
2.4010E+04 2.23689187E-04 0.00000000E+00
2.4033E+04 2.23450299E-04 0.00000000E+00
2.4057E+04 2.23322313E-04 0.00000000E+00
2.4080E+04 2.23171643E-04 0.00000000E+00
2.4104E+04 2.22920164E-04 0.00000000E+00
2.4127E+04 2.22736552E-04 0.00000000E+00
2.4151E+04 2.22621872E-04 0.00000000E+00
2.4175E+04 2.22407697E-04 0.00000000E+00
2.4198E+04 2.22169664E-04 0.00000000E+00
2.4222E+04 2.22041120E-04 0.00000000E+00
2.4245E+04 2.21886122E-04 0.00000000E+00
2.4269E+04 2.21633787E-04 0.00000000E+00
2.4292E+04 2.21451744E-04 0.00000000E+00
2.4316E+04 2.21334372E-04 0.00000000E+00
2.4339E+04 2.21117394E-04 0.00000000E+00
2.4363E+04 2.20881137E-04 0.00000000E+00
2.4387E+04 2.20752644E-04 0.00000000E+00
2.4410E+04 2.20594265E-04 0.00000000E+00
2.4434E+04 2.20342156E-04 0.00000000E+00
2.4457E+04 2.20162354E-04 0.00000000E+00
2.4481E+04 2.20043001E-04 0.00000000E+00
2.4504E+04 2.19824305E-04 0.00000000E+00
2.4528E+04 2.19590681E-04 0.00000000E+00
2.4552E+04 2.19462817E-04 0.00000000E+00
2.4575E+04 2.19301971E-04 0.00000000E+00
2.4599E+04 2.19051107E-04 0.00000000E+00
2.4622E+04 2.18874167E-04 0.00000000E+00
2.4646E+04 2.18753518E-04 0.00000000E+00
2.4669E+04 2.18534137E-04 0.00000000E+00
2.4693E+04 2.18303935E-04 0.00000000E+00
2.4716E+04 2.18177243E-04 0.00000000E+00
2.4740E+04 2.18014810E-04 0.00000000E+00
2.4764E+04 2.17766142E-04 0.00000000E+00
2.4787E+04 2.17592630E-04 0.00000000E+00
2.4811E+04 2.17471342E-04 0.00000000E+00
2.4834E+04 2.17252251E-04 0.00000000E+00
2.4858E+04 2.17026195E-04 0.00000000E+00
2.4881E+04 2.16901178E-04 0.00000000E+00
2.4905E+04 2.16737998E-04 0.00000000E+00
2.4929E+04 2.16492406E-04 0.00000000E+00
2.4952E+04 2.16322834E-04 0.00000000E+00
2.4976E+04 2.16201529E-04 0.00000000E+00
2.4999E+04 2.15983647E-04 0.00000000E+00
2.5023E+04 2.15762388E-04 0.00000000E+00
2.5046E+04 2.15639511E-04 0.00000000E+00
2.5070E+04 2.15476377E-04 0.00000000E+00
2.5093E+04 2.15234671E-04 0.00000000E+00
2.5117E+04 2.15069496E-04 0.00000000E+00
2.5141E+04 2.14948760E-04 0.00000000E+00
2.5164E+04 2.14732941E-04 0.00000000E+00
2.5188E+04 2.14517063E-04 0.00000000E+00
2.5211E+04 2.14396748E-04 0.00000000E+00
2.5235E+04 2.14234408E-04 0.00000000E+00
2.5258E+04 2.13997322E-04 0.00000000E+00
2.5282E+04 2.13836944E-04 0.00000000E+00
2.5306E+04 2.13717323E-04 0.00000000E+00
2.5329E+04 2.13504358E-04 0.00000000E+00
2.5353E+04 2.13294373E-04 0.00000000E+00
2.5376E+04 2.13177001E-04 0.00000000E+00
2.5400E+04 2.13016148E-04 0.00000000E+00
2.5423E+04 2.12784344E-04 0.00000000E+00
2.5447E+04 2.12629107E-04 0.00000000E+00
2.5470E+04 2.12511106E-04 0.00000000E+00
2.5494E+04 2.12301717E-04 0.00000000E+00
2.5518E+04 2.12098068E-04 0.00000000E+00
2.5541E+04 2.11983976E-04 0.00000000E+00
2.5565E+04 2.11825253E-04 0.00000000E+00
2.5588E+04 2.11599315E-04 0.00000000E+00
2.5612E+04 2.11449510E-04 0.00000000E+00
2.5635E+04 2.11333590E-04 0.00000000E+00
2.5659E+04 2.11128431E-04 0.00000000E+00
2.5683E+04 2.10931493E-04 0.00000000E+00
2.5706E+04 2.10820973E-04 0.00000000E+00
2.5730E+04 2.10664966E-04 0.00000000E+00
2.5753E+04 2.10445406E-04 0.00000000E+00
2.5777E+04 2.10301267E-04 0.00000000E+00
2.5800E+04 2.10187845E-04 0.00000000E+00
2.5824E+04 2.09987501E-04 0.00000000E+00
2.5847E+04 2.09797582E-04 0.00000000E+00
2.5871E+04 2.09690881E-04 0.00000000E+00
2.5895E+04 2.09538121E-04 0.00000000E+00
2.5918E+04 2.09325377E-04 0.00000000E+00
2.5942E+04 2.09187085E-04 0.00000000E+00
2.5965E+04 2.09076531E-04 0.00000000E+00
2.5989E+04 2.08881520E-04 0.00000000E+00
2.6012E+04 2.08698861E-04 0.00000000E+00
2.6036E+04 2.08596184E-04 0.00000000E+00
2.6060E+04 2.08447144E-04 0.00000000E+00
2.6083E+04 2.08241582E-04 0.00000000E+00
2.6107E+04 2.08109266E-04 0.00000000E+00
2.6130E+04 2.08001905E-04 0.00000000E+00
2.6154E+04 2.07812676E-04 0.00000000E+00
2.6177E+04 2.07637454E-04 0.00000000E+00
2.6201E+04 2.07538962E-04 0.00000000E+00
2.6224E+04 2.07394058E-04 0.00000000E+00
2.6248E+04 2.07195975E-04 0.00000000E+00
2.6272E+04 2.07069713E-04 0.00000000E+00
2.6295E+04 2.06965824E-04 0.00000000E+00
2.6319E+04 2.06782758E-04 0.00000000E+00
2.6342E+04 2.06615091E-04 0.00000000E+00
2.6366E+04 2.06520902E-04 0.00000000E+00
2.6389E+04 2.06380494E-04 0.00000000E+00
2.6413E+04 2.06190117E-04 0.00000000E+00
2.6437E+04 2.06069940E-04 0.00000000E+00
2.6460E+04 2.05969757E-04 0.00000000E+00
2.6484E+04 2.05793170E-04 0.00000000E+00
2.6507E+04 2.05633116E-04 0.00000000E+00
2.6531E+04 2.05543306E-04 0.00000000E+00
2.6554E+04 2.05407700E-04 0.00000000E+00
2.6578E+04 2.05225191E-04 0.00000000E+00
2.6601E+04 2.05111084E-04 0.00000000E+00
2.6625E+04 2.05014795E-04 0.00000000E+00
2.6649E+04 2.04844939E-04 0.00000000E+00
2.6672E+04 2.04692501E-04 0.00000000E+00
2.6696E+04 2.04607108E-04 0.00000000E+00
2.6719E+04 2.04476553E-04 0.00000000E+00
2.6743E+04 2.04302013E-04 0.00000000E+00
2.6766E+04 2.04193916E-04 0.00000000E+00
2.6790E+04 2.04101667E-04 0.00000000E+00
2.6813E+04 2.03938733E-04 0.00000000E+00
2.6837E+04 2.03793861E-04 0.00000000E+00
2.6861E+04 2.03712883E-04 0.00000000E+00
2.6884E+04 2.03587577E-04 0.00000000E+00
2.6908E+04 2.03421046E-04 0.00000000E+00
2.6931E+04 2.03318859E-04 0.00000000E+00
2.6955E+04 2.03230752E-04 0.00000000E+00
2.6978E+04 2.03074873E-04 0.00000000E+00
2.7002E+04 2.02937467E-04 0.00000000E+00
2.7026E+04 2.02860868E-04 0.00000000E+00
2.7049E+04 2.02740958E-04 0.00000000E+00
2.7073E+04 2.02582419E-04 0.00000000E+00
2.7096E+04 2.02486003E-04 0.00000000E+00
2.7120E+04 2.02402103E-04 0.00000000E+00
2.7143E+04 2.02253354E-04 0.00000000E+00
2.7167E+04 2.02123269E-04 0.00000000E+00
2.7190E+04 2.02050976E-04 0.00000000E+00
2.7214E+04 2.01936560E-04 0.00000000E+00
2.7238E+04 2.01785946E-04 0.00000000E+00
2.7261E+04 2.01695127E-04 0.00000000E+00
2.7285E+04 2.01615457E-04 0.00000000E+00
2.7308E+04 2.01473861E-04 0.00000000E+00
2.7332E+04 2.01350909E-04 0.00000000E+00
2.7355E+04 2.01282820E-04 0.00000000E+00
2.7379E+04 2.01173950E-04 0.00000000E+00
2.7403E+04 2.01031143E-04 0.00000000E+00
2.7426E+04 2.00945714E-04 0.00000000E+00
2.7450E+04 2.00870263E-04 0.00000000E+00
2.7473E+04 2.00735793E-04 0.00000000E+00
2.7497E+04 2.00619748E-04 0.00000000E+00
2.7520E+04 2.00555730E-04 0.00000000E+00
2.7544E+04 2.00452415E-04 0.00000000E+00
2.7567E+04 2.00317252E-04 0.00000000E+00
2.7591E+04 2.00236977E-04 0.00000000E+00
2.7615E+04 2.00165699E-04 0.00000000E+00
2.7638E+04 2.00038282E-04 0.00000000E+00
2.7662E+04 1.99928882E-04 0.00000000E+00
2.7685E+04 1.99868777E-04 0.00000000E+00
2.7709E+04 1.99770984E-04 0.00000000E+00
2.7732E+04 1.99643261E-04 0.00000000E+00
2.7756E+04 1.99567878E-04 0.00000000E+00
2.7780E+04 1.99500698E-04 0.00000000E+00
2.7803E+04 1.99380217E-04 0.00000000E+00
2.7827E+04 1.99277169E-04 0.00000000E+00
2.7850E+04 1.99220794E-04 0.00000000E+00
2.7874E+04 1.99128453E-04 0.00000000E+00
2.7897E+04 1.99007929E-04 0.00000000E+00
2.7921E+04 1.98937154E-04 0.00000000E+00
2.7944E+04 1.98873965E-04 0.00000000E+00
2.7968E+04 1.98760266E-04 0.00000000E+00
2.7992E+04 1.98663250E-04 0.00000000E+00
2.8015E+04 1.98610400E-04 0.00000000E+00
2.8039E+04 1.98523407E-04 0.00000000E+00
2.8062E+04 1.98409807E-04 0.00000000E+00
2.8086E+04 1.98343334E-04 0.00000000E+00
2.8109E+04 1.98284007E-04 0.00000000E+00
2.8133E+04 1.98176897E-04 0.00000000E+00
2.8157E+04 1.98085570E-04 0.00000000E+00
2.8180E+04 1.98036022E-04 0.00000000E+00
2.8204E+04 1.97954241E-04 0.00000000E+00
2.8227E+04 1.97847260E-04 0.00000000E+00
2.8251E+04 1.97784770E-04 0.00000000E+00
2.8274E+04 1.97729149E-04 0.00000000E+00
2.8298E+04 1.97628406E-04 0.00000000E+00
2.8321E+04 1.97542404E-04 0.00000000E+00
2.8345E+04 1.97495920E-04 0.00000000E+00
2.8369E+04 1.97419187E-04 0.00000000E+00
2.8392E+04 1.97318495E-04 0.00000000E+00
2.8416E+04 1.97259653E-04 0.00000000E+00
2.8439E+04 1.97207564E-04 0.00000000E+00
2.8463E+04 1.97112935E-04 0.00000000E+00
2.8486E+04 1.97031877E-04 0.00000000E+00
2.8510E+04 1.96988206E-04 0.00000000E+00
2.8534E+04 1.96916331E-04 0.00000000E+00
2.8557E+04 1.96821576E-04 0.00000000E+00
2.8581E+04 1.96766039E-04 0.00000000E+00
2.8604E+04 1.96717288E-04 0.00000000E+00
2.8628E+04 1.96628499E-04 0.00000000E+00
2.8651E+04 1.96551992E-04 0.00000000E+00
2.8675E+04 1.96510872E-04 0.00000000E+00
2.8698E+04 1.96443643E-04 0.00000000E+00
2.8722E+04 1.96354455E-04 0.00000000E+00
2.8746E+04 1.96301871E-04 0.00000000E+00
2.8769E+04 1.96256251E-04 0.00000000E+00
2.8793E+04 1.96173004E-04 0.00000000E+00
2.8816E+04 1.96100645E-04 0.00000000E+00
2.8840E+04 1.96061807E-04 0.00000000E+00
2.8863E+04 1.95998994E-04 0.00000000E+00
2.8887E+04 1.95914988E-04 0.00000000E+00
2.8911E+04 1.95865001E-04 0.00000000E+00
2.8934E+04 1.95822294E-04 0.00000000E+00
2.8958E+04 1.95744273E-04 0.00000000E+00
2.8981E+04 1.95675654E-04 0.00000000E+00
2.9005E+04 1.95638824E-04 0.00000000E+00
2.9028E+04 1.95580181E-04 0.00000000E+00
2.9052E+04 1.95500961E-04 0.00000000E+00
2.9075E+04 1.95453215E-04 0.00000000E+00
2.9099E+04 1.95413190E-04 0.00000000E+00
2.9123E+04 1.95340066E-04 0.00000000E+00
2.9146E+04 1.95274775E-04 0.00000000E+00
2.9170E+04 1.95239678E-04 0.00000000E+00
2.9193E+04 1.95184944E-04 0.00000000E+00
2.9217E+04 1.95110108E-04 0.00000000E+00
2.9240E+04 1.95064248E-04 0.00000000E+00
2.9264E+04 1.95026669E-04 0.00000000E+00
2.9287E+04 1.94958102E-04 0.00000000E+00
2.9311E+04 1.94895728E-04 0.00000000E+00
2.9335E+04 1.94862086E-04 0.00000000E+00
2.9358E+04 1.94810993E-04 0.00000000E+00
2.9382E+04 1.94740133E-04 0.00000000E+00
2.9405E+04 1.94695808E-04 0.00000000E+00
2.9429E+04 1.94660434E-04 0.00000000E+00
2.9452E+04 1.94596076E-04 0.00000000E+00
2.9476E+04 1.94536212E-04 0.00000000E+00
2.9500E+04 1.94503750E-04 0.00000000E+00
2.9523E+04 1.94456020E-04 0.00000000E+00
2.9547E+04 1.94388729E-04 0.00000000E+00
2.9570E+04 1.94345594E-04 0.00000000E+00
2.9594E+04 1.94312181E-04 0.00000000E+00
2.9617E+04 1.94251679E-04 0.00000000E+00
2.9641E+04 1.94193922E-04 0.00000000E+00
2.9664E+04 1.94162371E-04 0.00000000E+00
2.9688E+04 1.94117723E-04 0.00000000E+00
2.9712E+04 1.94053594E-04 0.00000000E+00
2.9735E+04 1.94011313E-04 0.00000000E+00
2.9759E+04 1.93979617E-04 0.00000000E+00
2.9782E+04 1.93922617E-04 0.00000000E+00
2.9806E+04 1.93866573E-04 0.00000000E+00
2.9829E+04 1.93835669E-04 0.00000000E+00
2.9853E+04 1.93793819E-04 0.00000000E+00
2.9877E+04 1.93732450E-04 0.00000000E+00
2.9900E+04 1.93690699E-04 0.00000000E+00
2.9924E+04 1.93660477E-04 0.00000000E+00
2.9947E+04 1.93606624E-04 0.00000000E+00
2.9971E+04 1.93551912E-04 0.00000000E+00
2.9994E+04 1.93521398E-04 0.00000000E+00
3.0018E+04 1.93482061E-04 0.00000000E+00
3.0041E+04 1.93423059E-04 0.00000000E+00
3.0065E+04 1.93381523E-04 0.00000000E+00
3.0089E+04 1.93352539E-04 0.00000000E+00
3.0112E+04 1.93301482E-04 0.00000000E+00
3.0136E+04 1.93247730E-04 0.00000000E+00
3.0159E+04 1.93217361E-04 0.00000000E+00
3.0183E+04 1.93180256E-04 0.00000000E+00
3.0206E+04 1.93123236E-04 0.00000000E+00
3.0230E+04 1.93081617E-04 0.00000000E+00
3.0254E+04 1.93053636E-04 0.00000000E+00
3.0277E+04 1.93005030E-04 0.00000000E+00
3.0301E+04 1.92951884E-04 0.00000000E+00
3.0324E+04 1.92921424E-04 0.00000000E+00
3.0348E+04 1.92886274E-04 0.00000000E+00
3.0371E+04 1.92830861E-04 0.00000000E+00
3.0395E+04 1.92788877E-04 0.00000000E+00
3.0418E+04 1.92761674E-04 0.00000000E+00
3.0442E+04 1.92715180E-04 0.00000000E+00
3.0466E+04 1.92662303E-04 0.00000000E+00
3.0489E+04 1.92631528E-04 0.00000000E+00
3.0513E+04 1.92598061E-04 0.00000000E+00
3.0536E+04 1.92543898E-04 0.00000000E+00
3.0560E+04 1.92501282E-04 0.00000000E+00
3.0583E+04 1.92474638E-04 0.00000000E+00
3.0607E+04 1.92429929E-04 0.00000000E+00
3.0631E+04 1.92377000E-04 0.00000000E+00
3.0654E+04 1.92345702E-04 0.00000000E+00
3.0678E+04 1.92313653E-04 0.00000000E+00
3.0701E+04 1.92260395E-04 0.00000000E+00
3.0725E+04 1.92216900E-04 0.00000000E+00
3.0748E+04 1.92190609E-04 0.00000000E+00
3.0772E+04 1.92147368E-04 0.00000000E+00
3.0795E+04 1.92094085E-04 0.00000000E+00
3.0819E+04 1.92062068E-04 0.00000000E+00
3.0843E+04 1.92031184E-04 0.00000000E+00
3.0866E+04 1.91978505E-04 0.00000000E+00
3.0890E+04 1.91933901E-04 0.00000000E+00
3.0913E+04 1.91907765E-04 0.00000000E+00
3.0937E+04 1.91865688E-04 0.00000000E+00
3.0960E+04 1.91811771E-04 0.00000000E+00
3.0984E+04 1.91778857E-04 0.00000000E+00
3.1008E+04 1.91748892E-04 0.00000000E+00
3.1031E+04 1.91696483E-04 0.00000000E+00
3.1055E+04 1.91650563E-04 0.00000000E+00
3.1078E+04 1.91624396E-04 0.00000000E+00
3.1102E+04 1.91583192E-04 0.00000000E+00
3.1125E+04 1.91528384E-04 0.00000000E+00
3.1149E+04 1.91494408E-04 0.00000000E+00
3.1172E+04 1.91465130E-04 0.00000000E+00
3.1196E+04 1.91412702E-04 0.00000000E+00
3.1220E+04 1.91365276E-04 0.00000000E+00
3.1243E+04 1.91338905E-04 0.00000000E+00
3.1267E+04 1.91298302E-04 0.00000000E+00
3.1290E+04 1.91242365E-04 0.00000000E+00
3.1314E+04 1.91207178E-04 0.00000000E+00
3.1337E+04 1.91178368E-04 0.00000000E+00
3.1361E+04 1.91125652E-04 0.00000000E+00
3.1385E+04 1.91076552E-04 0.00000000E+00
3.1408E+04 1.91049817E-04 0.00000000E+00
3.1432E+04 1.91009556E-04 0.00000000E+00
3.1455E+04 1.90952277E-04 0.00000000E+00
3.1479E+04 1.90915749E-04 0.00000000E+00
3.1502E+04 1.90887199E-04 0.00000000E+00
3.1526E+04 1.90833948E-04 0.00000000E+00
3.1549E+04 1.90783027E-04 0.00000000E+00
3.1573E+04 1.90755780E-04 0.00000000E+00
3.1597E+04 1.90715622E-04 0.00000000E+00
3.1620E+04 1.90656809E-04 0.00000000E+00
3.1644E+04 1.90618826E-04 0.00000000E+00
3.1667E+04 1.90590344E-04 0.00000000E+00
3.1691E+04 1.90536332E-04 0.00000000E+00
3.1714E+04 1.90483463E-04 0.00000000E+00
3.1738E+04 1.90455572E-04 0.00000000E+00
3.1762E+04 1.90415295E-04 0.00000000E+00
3.1785E+04 1.90354780E-04 0.00000000E+00
3.1809E+04 1.90315243E-04 0.00000000E+00
3.1832E+04 1.90286651E-04 0.00000000E+00
3.1856E+04 1.90231674E-04 0.00000000E+00
3.1879E+04 1.90176752E-04 0.00000000E+00
3.1903E+04 1.90148098E-04 0.00000000E+00
3.1926E+04 1.90107497E-04 0.00000000E+00
3.1950E+04 1.90045136E-04 0.00000000E+00
3.1974E+04 1.90003964E-04 0.00000000E+00
3.1997E+04 1.89975099E-04 0.00000000E+00
3.2021E+04 1.89918976E-04 0.00000000E+00
3.2044E+04 1.89861914E-04 0.00000000E+00
3.2068E+04 1.89832392E-04 0.00000000E+00
3.2091E+04 1.89791284E-04 0.00000000E+00
3.2115E+04 1.89726954E-04 0.00000000E+00
3.2138E+04 1.89684080E-04 0.00000000E+00
3.2162E+04 1.89654796E-04 0.00000000E+00
3.2186E+04 1.89597367E-04 0.00000000E+00
3.2209E+04 1.89538100E-04 0.00000000E+00
3.2233E+04 1.89507619E-04 0.00000000E+00
3.2256E+04 1.89465837E-04 0.00000000E+00
3.2280E+04 1.89399438E-04 0.00000000E+00
3.2303E+04 1.89354815E-04 0.00000000E+00
3.2327E+04 1.89324979E-04 0.00000000E+00
3.2351E+04 1.89266107E-04 0.00000000E+00
3.2374E+04 1.89204588E-04 0.00000000E+00
3.2398E+04 1.89173071E-04 0.00000000E+00
3.2421E+04 1.89130469E-04 0.00000000E+00
3.2445E+04 1.89061924E-04 0.00000000E+00
3.2468E+04 1.89015515E-04 0.00000000E+00
3.2492E+04 1.88985011E-04 0.00000000E+00
3.2515E+04 1.88924580E-04 0.00000000E+00
3.2539E+04 1.88860782E-04 0.00000000E+00
3.2563E+04 1.88828165E-04 0.00000000E+00
3.2586E+04 1.88784615E-04 0.00000000E+00
3.2610E+04 1.88713867E-04 0.00000000E+00
3.2633E+04 1.88665655E-04 0.00000000E+00
3.2657E+04 1.88634381E-04 0.00000000E+00
3.2680E+04 1.88572297E-04 0.00000000E+00
3.2704E+04 1.88506208E-04 0.00000000E+00
3.2728E+04 1.88472443E-04 0.00000000E+00
3.2751E+04 1.88427835E-04 0.00000000E+00
3.2775E+04 1.88354847E-04 0.00000000E+00
3.2798E+04 1.88304826E-04 0.00000000E+00
3.2822E+04 1.88272696E-04 0.00000000E+00
3.2845E+04 1.88208886E-04 0.00000000E+00
3.2869E+04 1.88140513E-04 0.00000000E+00
3.2892E+04 1.88105562E-04 0.00000000E+00
3.2916E+04 1.88059806E-04 0.00000000E+00
3.2940E+04 1.87984561E-04 0.00000000E+00
3.2963E+04 1.87932739E-04 0.00000000E+00
3.2987E+04 1.87899681E-04 0.00000000E+00
3.3010E+04 1.87834091E-04 0.00000000E+00
3.3034E+04 1.87763458E-04 0.00000000E+00
3.3057E+04 1.87727295E-04 0.00000000E+00
3.3081E+04 1.87680317E-04 0.00000000E+00
3.3105E+04 1.87602819E-04 0.00000000E+00
3.3128E+04 1.87549216E-04 0.00000000E+00
3.3152E+04 1.87515174E-04 0.00000000E+00
3.3175E+04 1.87447768E-04 0.00000000E+00
3.3199E+04 1.87374912E-04 0.00000000E+00
3.3222E+04 1.87337525E-04 0.00000000E+00
3.3246E+04 1.87289270E-04 0.00000000E+00
3.3269E+04 1.87209536E-04 0.00000000E+00
3.3293E+04 1.87154185E-04 0.00000000E+00
3.3317E+04 1.87119115E-04 0.00000000E+00
3.3340E+04 1.87049879E-04 0.00000000E+00
3.3364E+04 1.86974851E-04 0.00000000E+00
3.3387E+04 1.86936238E-04 0.00000000E+00
3.3411E+04 1.86886666E-04 0.00000000E+00
3.3434E+04 1.86804733E-04 0.00000000E+00
3.3458E+04 1.86747677E-04 0.00000000E+00
3.3482E+04 1.86711548E-04 0.00000000E+00
3.3505E+04 1.86640482E-04 0.00000000E+00
3.3529E+04 1.86563348E-04 0.00000000E+00
3.3552E+04 1.86523516E-04 0.00000000E+00
3.3576E+04 1.86472603E-04 0.00000000E+00
3.3599E+04 1.86388523E-04 0.00000000E+00
3.3623E+04 1.86329815E-04 0.00000000E+00
3.3646E+04 1.86292610E-04 0.00000000E+00
3.3670E+04 1.86219732E-04 0.00000000E+00
3.3694E+04 1.86140566E-04 0.00000000E+00
3.3717E+04 1.86099535E-04 0.00000000E+00
3.3741E+04 1.86047272E-04 0.00000000E+00
3.3764E+04 1.85961110E-04 0.00000000E+00
3.3788E+04 1.85900811E-04 0.00000000E+00
3.3811E+04 1.85862524E-04 0.00000000E+00
3.3835E+04 1.85787867E-04 0.00000000E+00
3.3859E+04 1.85706756E-04 0.00000000E+00
3.3882E+04 1.85664553E-04 0.00000000E+00
3.3906E+04 1.85610945E-04 0.00000000E+00
3.3929E+04 1.85522778E-04 0.00000000E+00
3.3953E+04 1.85460960E-04 0.00000000E+00
3.3976E+04 1.85421595E-04 0.00000000E+00
3.4000E+04 1.85345205E-04 0.00000000E+00
3.4023E+04 1.85262246E-04 0.00000000E+00
3.4047E+04 1.85218905E-04 0.00000000E+00
3.4071E+04 1.85163971E-04 0.00000000E+00
3.4094E+04 1.85073889E-04 0.00000000E+00
3.4118E+04 1.85010628E-04 0.00000000E+00
3.4141E+04 1.84970202E-04 0.00000000E+00
3.4165E+04 1.84892139E-04 0.00000000E+00
3.4188E+04 1.84807434E-04 0.00000000E+00
3.4212E+04 1.84762998E-04 0.00000000E+00
3.4236E+04 1.84706769E-04 0.00000000E+00
3.4259E+04 1.84614872E-04 0.00000000E+00
3.4283E+04 1.84550250E-04 0.00000000E+00
3.4306E+04 1.84508787E-04 0.00000000E+00
3.4330E+04 1.84429123E-04 0.00000000E+00
3.4353E+04 1.84342783E-04 0.00000000E+00
3.4377E+04 1.84297302E-04 0.00000000E+00
3.4400E+04 1.84239818E-04 0.00000000E+00
3.4424E+04 1.84146214E-04 0.00000000E+00
3.4448E+04 1.84080320E-04 0.00000000E+00
3.4471E+04 1.84037854E-04 0.00000000E+00
3.4495E+04 1.83956670E-04 0.00000000E+00
3.4518E+04 1.83868811E-04 0.00000000E+00
3.4542E+04 1.83822340E-04 0.00000000E+00
3.4565E+04 1.83763653E-04 0.00000000E+00
3.4589E+04 1.83668459E-04 0.00000000E+00
3.4612E+04 1.83601386E-04 0.00000000E+00
3.4636E+04 1.83557958E-04 0.00000000E+00
3.4660E+04 1.83475345E-04 0.00000000E+00
3.4683E+04 1.83386088E-04 0.00000000E+00
3.4707E+04 1.83338686E-04 0.00000000E+00
3.4730E+04 1.83278857E-04 0.00000000E+00
3.4754E+04 1.83182195E-04 0.00000000E+00
3.4777E+04 1.83114037E-04 0.00000000E+00
3.4801E+04 1.83069696E-04 0.00000000E+00
3.4825E+04 1.82985753E-04 0.00000000E+00
3.4848E+04 1.82895222E-04 0.00000000E+00
3.4872E+04 1.82846954E-04 0.00000000E+00
3.4895E+04 1.82786051E-04 0.00000000E+00
3.4919E+04 1.82688050E-04 0.00000000E+00
3.4942E+04 1.82618905E-04 0.00000000E+00
3.4966E+04 1.82573704E-04 0.00000000E+00
3.4989E+04 1.82488538E-04 0.00000000E+00
3.5013E+04 1.82396859E-04 0.00000000E+00
3.5037E+04 1.82347792E-04 0.00000000E+00
3.5060E+04 1.82285891E-04 0.00000000E+00
3.5084E+04 1.82186682E-04 0.00000000E+00
3.5107E+04 1.82116649E-04 0.00000000E+00
3.5131E+04 1.82070649E-04 0.00000000E+00
3.5154E+04 1.81984370E-04 0.00000000E+00
3.5178E+04 1.81891672E-04 0.00000000E+00
3.5202E+04 1.81841876E-04 0.00000000E+00
3.5225E+04 1.81779058E-04 0.00000000E+00
3.5249E+04 1.81678775E-04 0.00000000E+00
3.5272E+04 1.81607955E-04 0.00000000E+00
3.5296E+04 1.81561219E-04 0.00000000E+00
3.5319E+04 1.81473943E-04 0.00000000E+00
3.5343E+04 1.81380354E-04 0.00000000E+00
3.5366E+04 1.81329901E-04 0.00000000E+00
3.5390E+04 1.81266252E-04 0.00000000E+00
3.5414E+04 1.81165032E-04 0.00000000E+00
3.5437E+04 1.81093524E-04 0.00000000E+00
3.5461E+04 1.81046120E-04 0.00000000E+00
3.5484E+04 1.80957966E-04 0.00000000E+00
3.5508E+04 1.80863613E-04 0.00000000E+00
3.5531E+04 1.80812577E-04 0.00000000E+00
3.5555E+04 1.80748187E-04 0.00000000E+00
3.5579E+04 1.80646167E-04 0.00000000E+00
3.5602E+04 1.80574069E-04 0.00000000E+00
3.5626E+04 1.80526067E-04 0.00000000E+00
3.5649E+04 1.80437157E-04 0.00000000E+00
3.5673E+04 1.80342167E-04 0.00000000E+00
3.5696E+04 1.80290620E-04 0.00000000E+00
3.5720E+04 1.80225583E-04 0.00000000E+00
3.5743E+04 1.80122898E-04 0.00000000E+00
3.5767E+04 1.80050308E-04 0.00000000E+00
3.5791E+04 1.80001781E-04 0.00000000E+00
3.5814E+04 1.79912237E-04 0.00000000E+00
3.5838E+04 1.79816733E-04 0.00000000E+00
3.5861E+04 1.79764749E-04 0.00000000E+00
3.5885E+04 1.79699161E-04 0.00000000E+00
3.5908E+04 1.79595947E-04 0.00000000E+00
3.5932E+04 1.79522959E-04 0.00000000E+00
3.5956E+04 1.79473980E-04 0.00000000E+00
3.5979E+04 1.79383925E-04 0.00000000E+00
3.6003E+04 1.79288029E-04 0.00000000E+00
3.6026E+04 1.79235680E-04 0.00000000E+00
3.6050E+04 1.79169636E-04 0.00000000E+00
3.6073E+04 1.79066025E-04 0.00000000E+00
3.6097E+04 1.78992732E-04 0.00000000E+00
3.6120E+04 1.78943375E-04 0.00000000E+00
3.6144E+04 1.78852932E-04 0.00000000E+00
3.6168E+04 1.78756760E-04 0.00000000E+00
3.6191E+04 1.78704118E-04 0.00000000E+00
3.6215E+04 1.78637714E-04 0.00000000E+00
3.6238E+04 1.78533838E-04 0.00000000E+00
3.6262E+04 1.78460327E-04 0.00000000E+00
3.6285E+04 1.78410667E-04 0.00000000E+00
3.6309E+04 1.78319956E-04 0.00000000E+00
3.6333E+04 1.78223621E-04 0.00000000E+00
3.6356E+04 1.78170755E-04 0.00000000E+00
3.6380E+04 1.78104089E-04 0.00000000E+00
3.6403E+04 1.78000072E-04 0.00000000E+00
3.6427E+04 1.77926429E-04 0.00000000E+00
3.6450E+04 1.77876538E-04 0.00000000E+00
3.6474E+04 1.77785677E-04 0.00000000E+00
3.6497E+04 1.77689289E-04 0.00000000E+00
3.6521E+04 1.77636266E-04 0.00000000E+00
3.6545E+04 1.77569431E-04 0.00000000E+00
3.6568E+04 1.77465395E-04 0.00000000E+00
3.6592E+04 1.77391701E-04 0.00000000E+00
3.6615E+04 1.77341651E-04 0.00000000E+00
3.6639E+04 1.77250756E-04 0.00000000E+00
3.6662E+04 1.77154416E-04 0.00000000E+00
3.6686E+04 1.77101301E-04 0.00000000E+00
3.6710E+04 1.77034391E-04 0.00000000E+00
3.6733E+04 1.76930453E-04 0.00000000E+00
3.6757E+04 1.76856783E-04 0.00000000E+00
3.6780E+04 1.76806645E-04 0.00000000E+00
3.6804E+04 1.76715827E-04 0.00000000E+00
3.6827E+04 1.76619632E-04 0.00000000E+00
3.6851E+04 1.76566485E-04 0.00000000E+00
3.6874E+04 1.76499592E-04 0.00000000E+00
3.6898E+04 1.76395862E-04 0.00000000E+00
3.6922E+04 1.76322287E-04 0.00000000E+00
3.6945E+04 1.76272129E-04 0.00000000E+00
3.6969E+04 1.76181496E-04 0.00000000E+00
3.6992E+04 1.76085536E-04 0.00000000E+00
3.7016E+04 1.76032416E-04 0.00000000E+00
3.7039E+04 1.75965626E-04 0.00000000E+00
3.7063E+04 1.75862210E-04 0.00000000E+00
3.7087E+04 1.75788796E-04 0.00000000E+00
3.7110E+04 1.75738682E-04 0.00000000E+00
3.7134E+04 1.75648337E-04 0.00000000E+00
3.7157E+04 1.75552697E-04 0.00000000E+00
3.7181E+04 1.75499656E-04 0.00000000E+00
3.7204E+04 1.75433055E-04 0.00000000E+00
3.7228E+04 1.75330051E-04 0.00000000E+00
3.7251E+04 1.75256858E-04 0.00000000E+00
3.7275E+04 1.75206850E-04 0.00000000E+00
3.7299E+04 1.75116890E-04 0.00000000E+00
3.7322E+04 1.75021648E-04 0.00000000E+00
3.7346E+04 1.74968737E-04 0.00000000E+00
3.7369E+04 1.74902404E-04 0.00000000E+00
3.7393E+04 1.74799905E-04 0.00000000E+00
3.7416E+04 1.74726987E-04 0.00000000E+00
3.7440E+04 1.74677144E-04 0.00000000E+00
3.7463E+04 1.74587660E-04 0.00000000E+00
3.7487E+04 1.74492887E-04 0.00000000E+00
3.7511E+04 1.74440152E-04 0.00000000E+00
3.7534E+04 1.74374162E-04 0.00000000E+00
3.7558E+04 1.74272253E-04 0.00000000E+00
3.7581E+04 1.74199660E-04 0.00000000E+00
3.7605E+04 1.74150036E-04 0.00000000E+00
3.7628E+04 1.74061114E-04 0.00000000E+00
3.7652E+04 1.73966873E-04 0.00000000E+00
3.7676E+04 1.73914355E-04 0.00000000E+00
3.7699E+04 1.73848781E-04 0.00000000E+00
3.7723E+04 1.73747539E-04 0.00000000E+00
3.7746E+04 1.73675314E-04 0.00000000E+00
3.7770E+04 1.73625960E-04 0.00000000E+00
3.7793E+04 1.73537680E-04 0.00000000E+00
3.7817E+04 1.73444028E-04 0.00000000E+00
3.7840E+04 1.73391764E-04 0.00000000E+00
3.7864E+04 1.73326672E-04 0.00000000E+00
3.7888E+04 1.73226167E-04 0.00000000E+00
3.7911E+04 1.73154348E-04 0.00000000E+00
3.7935E+04 1.73105311E-04 0.00000000E+00
3.7958E+04 1.73017744E-04 0.00000000E+00
3.7982E+04 1.72924732E-04 0.00000000E+00
3.8005E+04 1.72872755E-04 0.00000000E+00
3.8029E+04 1.72808205E-04 0.00000000E+00
3.8053E+04 1.72708501E-04 0.00000000E+00
3.8076E+04 1.72637120E-04 0.00000000E+00
3.8100E+04 1.72588442E-04 0.00000000E+00
3.8123E+04 1.72501656E-04 0.00000000E+00
3.8147E+04 1.72409326E-04 0.00000000E+00
3.8170E+04 1.72357663E-04 0.00000000E+00
3.8194E+04 1.72293712E-04 0.00000000E+00
3.8217E+04 1.72194865E-04 0.00000000E+00
3.8241E+04 1.72123947E-04 0.00000000E+00
3.8265E+04 1.72075666E-04 0.00000000E+00
3.8288E+04 1.71989720E-04 0.00000000E+00
3.8312E+04 1.71898109E-04 0.00000000E+00
3.8335E+04 1.71846783E-04 0.00000000E+00
3.8359E+04 1.71783482E-04 0.00000000E+00
3.8382E+04 1.71685540E-04 0.00000000E+00
3.8406E+04 1.71615107E-04 0.00000000E+00
3.8430E+04 1.71567255E-04 0.00000000E+00
3.8453E+04 1.71482203E-04 0.00000000E+00
3.8477E+04 1.71391340E-04 0.00000000E+00
3.8500E+04 1.71340370E-04 0.00000000E+00
3.8524E+04 1.71277763E-04 0.00000000E+00
3.8547E+04 1.71180768E-04 0.00000000E+00
3.8571E+04 1.71110835E-04 0.00000000E+00
3.8594E+04 1.71063442E-04 0.00000000E+00
3.8618E+04 1.70979330E-04 0.00000000E+00
3.8642E+04 1.70889237E-04 0.00000000E+00
3.8665E+04 1.70838639E-04 0.00000000E+00
3.8689E+04 1.70776766E-04 0.00000000E+00
3.8712E+04 1.70680752E-04 0.00000000E+00
3.8736E+04 1.70611328E-04 0.00000000E+00
3.8759E+04 1.70564419E-04 0.00000000E+00
3.8783E+04 1.70481286E-04 0.00000000E+00
3.8807E+04 1.70391981E-04 0.00000000E+00
3.8830E+04 1.70341764E-04 0.00000000E+00
3.8854E+04 1.70280658E-04 0.00000000E+00
3.8877E+04 1.70185653E-04 0.00000000E+00
3.8901E+04 1.70116744E-04 0.00000000E+00
3.8924E+04 1.70070338E-04 0.00000000E+00
3.8948E+04 1.69988219E-04 0.00000000E+00
3.8971E+04 1.69899712E-04 0.00000000E+00
3.8995E+04 1.69849882E-04 0.00000000E+00
3.9019E+04 1.69789573E-04 0.00000000E+00
3.9042E+04 1.69695598E-04 0.00000000E+00
3.9066E+04 1.69627204E-04 0.00000000E+00
3.9089E+04 1.69581316E-04 0.00000000E+00
3.9113E+04 1.69500237E-04 0.00000000E+00
3.9136E+04 1.69412534E-04 0.00000000E+00
3.9160E+04 1.69363092E-04 0.00000000E+00
3.9184E+04 1.69303603E-04 0.00000000E+00
3.9207E+04 1.69210672E-04 0.00000000E+00
3.9231E+04 1.69142790E-04 0.00000000E+00
3.9254E+04 1.69097432E-04 0.00000000E+00
3.9278E+04 1.69017414E-04 0.00000000E+00
3.9301E+04 1.68930513E-04 0.00000000E+00
3.9325E+04 1.68881460E-04 0.00000000E+00
3.9348E+04 1.68822809E-04 0.00000000E+00
3.9372E+04 1.68730930E-04 0.00000000E+00
3.9396E+04 1.68663550E-04 0.00000000E+00
3.9419E+04 1.68618731E-04 0.00000000E+00
3.9443E+04 1.68539789E-04 0.00000000E+00
3.9466E+04 1.68453684E-04 0.00000000E+00
3.9490E+04 1.68405013E-04 0.00000000E+00
3.9513E+04 1.68347213E-04 0.00000000E+00
3.9537E+04 1.68256390E-04 0.00000000E+00
3.9561E+04 1.68189501E-04 0.00000000E+00
3.9584E+04 1.68145222E-04 0.00000000E+00
3.9608E+04 1.68067365E-04 0.00000000E+00
3.9631E+04 1.67982048E-04 0.00000000E+00
3.9655E+04 1.67933750E-04 0.00000000E+00
3.9678E+04 1.67876810E-04 0.00000000E+00
3.9702E+04 1.67787039E-04 0.00000000E+00
3.9725E+04 1.67720625E-04 0.00000000E+00
3.9749E+04 1.67676887E-04 0.00000000E+00
3.9773E+04 1.67600119E-04 0.00000000E+00
3.9796E+04 1.67515573E-04 0.00000000E+00
3.9820E+04 1.67467637E-04 0.00000000E+00
3.9843E+04 1.67411561E-04 0.00000000E+00
3.9867E+04 1.67322835E-04 0.00000000E+00
3.9890E+04 1.67256876E-04 0.00000000E+00
3.9914E+04 1.67213676E-04 0.00000000E+00
3.9937E+04 1.67137996E-04 0.00000000E+00
3.9961E+04 1.67054203E-04 0.00000000E+00
3.9985E+04 1.67006614E-04 0.00000000E+00
