0.0000E+00 0.00000000E+00 0.00000000E+00
2.3562E+01 0.00000000E+00 0.00000000E+00
4.7124E+01 0.00000000E+00 0.00000000E+00
7.0686E+01 0.00000000E+00 0.00000000E+00
9.4248E+01 0.00000000E+00 0.00000000E+00
1.1781E+02 0.00000000E+00 0.00000000E+00
1.4137E+02 0.00000000E+00 0.00000000E+00
1.6493E+02 0.00000000E+00 0.00000000E+00
1.8850E+02 0.00000000E+00 0.00000000E+00
2.1206E+02 0.00000000E+00 0.00000000E+00
2.3562E+02 0.00000000E+00 0.00000000E+00
2.5918E+02 3.85408663E-272 0.00000000E+00
2.8274E+02 4.99981909E-219 0.00000000E+00
3.0631E+02 2.83609552E-176 0.00000000E+00
3.2987E+02 7.66820828E-141 0.00000000E+00
3.5343E+02 3.85156164E-111 0.00000000E+00
3.7699E+02 3.18955404E-86 0.00000000E+00
4.0055E+02 1.71270477E-65 0.00000000E+00
4.2412E+02 1.37733675E-48 0.00000000E+00
4.4768E+02 2.49077506E-35 0.00000000E+00
4.7124E+02 9.32623434E-26 0.00000000E+00
4.9480E+02 2.63215795E-20 0.00000000E+00
5.1836E+02 2.13065317E-19 0.00000000E+00
5.4192E+02 6.26392310E-19 0.00000000E+00
5.6549E+02 1.04962193E-18 0.00000000E+00
5.8905E+02 1.43572859E-18 0.00000000E+00
6.1261E+02 2.25012242E-18 0.00000000E+00
6.3617E+02 4.24914147E-18 0.00000000E+00
6.5973E+02 6.74327094E-18 0.00000000E+00
6.8330E+02 9.19417712E-18 0.00000000E+00
7.0686E+02 1.56308721E-17 0.00000000E+00
7.3042E+02 2.68998186E-17 0.00000000E+00
7.5398E+02 3.65236842E-17 0.00000000E+00
7.7754E+02 5.05263902E-17 0.00000000E+00
8.0111E+02 8.41828158E-17 0.00000000E+00
8.2467E+02 1.24530991E-16 0.00000000E+00
8.4823E+02 1.58067012E-16 0.00000000E+00
8.7179E+02 2.33609271E-16 0.00000000E+00
8.9535E+02 3.70790820E-16 0.00000000E+00
9.1892E+02 4.93480389E-16 0.00000000E+00
9.4248E+02 6.38289951E-16 0.00000000E+00
9.6604E+02 9.92892027E-16 0.00000000E+00
9.8960E+02 1.45431940E-15 0.00000000E+00
1.0132E+03 1.81842927E-15 0.00000000E+00
1.0367E+03 2.52690212E-15 0.00000000E+00
1.0603E+03 3.91623571E-15 0.00000000E+00
1.0838E+03 5.21975353E-15 0.00000000E+00
1.1074E+03 6.53312260E-15 0.00000000E+00
1.1310E+03 9.67986559E-15 0.00000000E+00
1.1545E+03 1.41359702E-14 0.00000000E+00
1.1781E+03 1.75867120E-14 0.00000000E+00
1.2017E+03 2.32336876E-14 0.00000000E+00
1.2252E+03 3.50789470E-14 0.00000000E+00
1.2488E+03 4.71049515E-14 0.00000000E+00
1.2723E+03 5.75535702E-14 0.00000000E+00
1.2959E+03 8.13227604E-14 0.00000000E+00
1.3195E+03 1.18199955E-13 0.00000000E+00
1.3430E+03 1.47245179E-13 0.00000000E+00
1.3666E+03 1.86371728E-13 0.00000000E+00
1.3902E+03 2.72644325E-13 0.00000000E+00
1.4137E+03 3.68262491E-13 0.00000000E+00
1.4373E+03 4.42883334E-13 0.00000000E+00
1.4608E+03 5.96685038E-13 0.00000000E+00
1.4844E+03 8.57814316E-13 0.00000000E+00
1.5080E+03 1.07352693E-12 0.00000000E+00
1.5315E+03 1.31240890E-12 0.00000000E+00
1.5551E+03 1.85206590E-12 0.00000000E+00
1.5787E+03 2.50843153E-12 0.00000000E+00
1.6022E+03 2.99125001E-12 0.00000000E+00
1.6258E+03 3.85522559E-12 0.00000000E+00
1.6493E+03 5.44666927E-12 0.00000000E+00
1.6729E+03 6.85282301E-12 0.00000000E+00
1.6965E+03 8.15833306E-12 0.00000000E+00
1.7200E+03 1.10746220E-11 0.00000000E+00
1.7436E+03 1.49694140E-11 0.00000000E+00
1.7671E+03 1.77917754E-11 0.00000000E+00
1.7907E+03 2.20427927E-11 0.00000000E+00
1.8143E+03 3.04240945E-11 0.00000000E+00
1.8378E+03 3.84385048E-11 0.00000000E+00
1.8614E+03 4.48942030E-11 0.00000000E+00
1.8850E+03 5.85758835E-11 0.00000000E+00
1.9085E+03 7.85843213E-11 0.00000000E+00
1.9321E+03 9.33761733E-11 0.00000000E+00
1.9556E+03 1.11857224E-10 0.00000000E+00
1.9792E+03 1.50111811E-10 0.00000000E+00
2.0028E+03 1.89941595E-10 0.00000000E+00
2.0263E+03 2.18984074E-10 0.00000000E+00
2.0499E+03 2.74982202E-10 0.00000000E+00
2.0735E+03 3.64150940E-10 0.00000000E+00
2.0970E+03 4.33106535E-10 0.00000000E+00
2.1206E+03 5.04793540E-10 0.00000000E+00
2.1441E+03 6.56660015E-10 0.00000000E+00
2.1677E+03 8.29167879E-10 0.00000000E+00
2.1913E+03 9.48081734E-10 0.00000000E+00
2.2148E+03 1.14927186E-09 0.00000000E+00
2.2384E+03 1.49504973E-09 0.00000000E+00
2.2619E+03 1.77932367E-09 0.00000000E+00
2.2855E+03 2.02990095E-09 0.00000000E+00
2.3091E+03 2.55668414E-09 0.00000000E+00
2.3326E+03 3.20882995E-09 0.00000000E+00
2.3562E+03 3.65041635E-09 0.00000000E+00
2.3798E+03 4.28974442E-09 0.00000000E+00
2.4033E+03 5.46125815E-09 0.00000000E+00
2.4269E+03 6.49475921E-09 0.00000000E+00
2.4504E+03 7.29078264E-09 0.00000000E+00
2.4740E+03 8.89630462E-09 0.00000000E+00
2.4976E+03 1.10550991E-08 0.00000000E+00
2.5211E+03 1.25348654E-08 0.00000000E+00
2.5447E+03 1.43474968E-08 0.00000000E+00
2.5683E+03 1.78330387E-08 0.00000000E+00
2.5918E+03 2.11469657E-08 0.00000000E+00
2.6154E+03 2.34584436E-08 0.00000000E+00
2.6389E+03 2.77864041E-08 0.00000000E+00
2.6625E+03 3.40729200E-08 0.00000000E+00
2.6861E+03 3.85292900E-08 0.00000000E+00
2.7096E+03 4.31580681E-08 0.00000000E+00
2.7332E+03 5.23199647E-08 0.00000000E+00
2.7567E+03 6.17167117E-08 0.00000000E+00
2.7803E+03 6.78686205E-08 0.00000000E+00
2.8039E+03 7.82662504E-08 0.00000000E+00
2.8274E+03 9.44645996E-08 0.00000000E+00
2.8510E+03 1.06505494E-07 0.00000000E+00
2.8746E+03 1.17253684E-07 0.00000000E+00
2.8981E+03 1.38677864E-07 0.00000000E+00
2.9217E+03 1.62350903E-07 0.00000000E+00
2.9452E+03 1.77367410E-07 0.00000000E+00
2.9688E+03 1.99818585E-07 0.00000000E+00
2.9924E+03 2.37003921E-07 0.00000000E+00
3.0159E+03 2.66229103E-07 0.00000000E+00
3.0395E+03 2.89126253E-07 0.00000000E+00
3.0631E+03 3.34038318E-07 0.00000000E+00
3.0866E+03 3.87360062E-07 0.00000000E+00
3.1102E+03 4.20984945E-07 0.00000000E+00
3.1337E+03 4.64950217E-07 0.00000000E+00
3.1573E+03 5.41585276E-07 0.00000000E+00
3.1809E+03 6.05549504E-07 0.00000000E+00
3.2044E+03 6.50649306E-07 0.00000000E+00
3.2280E+03 7.35744153E-07 0.00000000E+00
3.2515E+03 8.43922602E-07 0.00000000E+00
3.2751E+03 9.13072882E-07 0.00000000E+00
3.2987E+03 9.91875762E-07 0.00000000E+00
3.3222E+03 1.13481069E-06 0.00000000E+00
3.3458E+03 1.26178320E-06 0.00000000E+00
3.3694E+03 1.34445401E-06 0.00000000E+00
3.3929E+03 1.49138746E-06 0.00000000E+00
3.4165E+03 1.69065353E-06 0.00000000E+00
3.4400E+03 1.82162380E-06 0.00000000E+00
3.4636E+03 1.95208130E-06 0.00000000E+00
3.4872E+03 2.19531139E-06 0.00000000E+00
3.5107E+03 2.42551282E-06 0.00000000E+00
3.5343E+03 2.56733468E-06 0.00000000E+00
3.5579E+03 2.80042252E-06 0.00000000E+00
3.5814E+03 3.13638616E-06 0.00000000E+00
3.6050E+03 3.36582413E-06 0.00000000E+00
3.6285E+03 3.56704504E-06 0.00000000E+00
3.6521E+03 3.94761064E-06 0.00000000E+00
3.6757E+03 4.33165057E-06 0.00000000E+00
3.6992E+03 4.56049932E-06 0.00000000E+00
3.7228E+03 4.90280889E-06 0.00000000E+00
3.7463E+03 5.42530765E-06 0.00000000E+00
3.7699E+03 5.79906668E-06 0.00000000E+00
3.7935E+03 6.09065997E-06 0.00000000E+00
3.8170E+03 6.64208413E-06 0.00000000E+00
3.8406E+03 7.23600006E-06 0.00000000E+00
3.8642E+03 7.58504019E-06 0.00000000E+00
3.8877E+03 8.05379535E-06 0.00000000E+00
3.9113E+03 8.80875694E-06 0.00000000E+00
3.9348E+03 9.37823343E-06 0.00000000E+00
3.9584E+03 9.77845155E-06 0.00000000E+00
3.9820E+03 1.05232103E-05 0.00000000E+00
4.0055E+03 1.13806061E-05 0.00000000E+00
4.0291E+03 1.18861818E-05 0.00000000E+00
4.0527E+03 1.24889088E-05 0.00000000E+00
4.0762E+03 1.35089947E-05 0.00000000E+00
4.0998E+03 1.43253044E-05 0.00000000E+00
4.1233E+03 1.48497338E-05 0.00000000E+00
4.1469E+03 1.57929526E-05 0.00000000E+00
4.1705E+03 1.69558333E-05 0.00000000E+00
4.1940E+03 1.76545222E-05 0.00000000E+00
4.2176E+03 1.83873337E-05 0.00000000E+00
4.2412E+03 1.96838747E-05 0.00000000E+00
4.2647E+03 2.07909333E-05 0.00000000E+00
4.2883E+03 2.14521244E-05 0.00000000E+00
4.3118E+03 2.25785639E-05 0.00000000E+00
4.3354E+03 2.40690868E-05 0.00000000E+00
4.3590E+03 2.49943480E-05 0.00000000E+00
4.3825E+03 2.58430724E-05 0.00000000E+00
4.4061E+03 2.74015959E-05 0.00000000E+00
4.4296E+03 2.88295411E-05 0.00000000E+00
4.4532E+03 2.96375038E-05 0.00000000E+00
4.4768E+03 3.09128381E-05 0.00000000E+00
4.5003E+03 3.27279795E-05 0.00000000E+00
4.5239E+03 3.39068349E-05 0.00000000E+00
4.5475E+03 3.48506037E-05 0.00000000E+00
4.5710E+03 3.66310640E-05 0.00000000E+00
4.5946E+03 3.83912907E-05 0.00000000E+00
4.6181E+03 3.93543223E-05 0.00000000E+00
4.6417E+03 4.07301971E-05 0.00000000E+00
4.6653E+03 4.28403248E-05 0.00000000E+00
4.6888E+03 4.42903783E-05 0.00000000E+00
4.7124E+03 4.53063845E-05 0.00000000E+00
4.7360E+03 4.72476461E-05 0.00000000E+00
4.7595E+03 4.93301189E-05 0.00000000E+00
4.7831E+03 5.04552620E-05 0.00000000E+00
4.8066E+03 5.18764758E-05 0.00000000E+00
4.8302E+03 5.42276015E-05 0.00000000E+00
4.8538E+03 5.59545436E-05 0.00000000E+00
4.8773E+03 5.70224473E-05 0.00000000E+00
4.9009E+03 5.90494877E-05 0.00000000E+00
4.9244E+03 6.14223518E-05 0.00000000E+00
4.9480E+03 6.27149786E-05 0.00000000E+00
4.9716E+03 6.41268768E-05 0.00000000E+00
4.9951E+03 6.66455988E-05 0.00000000E+00
5.0187E+03 6.86412920E-05 0.00000000E+00
5.0423E+03 6.97461652E-05 0.00000000E+00
5.0658E+03 7.17782685E-05 0.00000000E+00
5.0894E+03 7.43894488E-05 0.00000000E+00
5.1129E+03 7.58518828E-05 0.00000000E+00
5.1365E+03 7.72065375E-05 0.00000000E+00
5.1601E+03 7.98065729E-05 0.00000000E+00
5.1836E+03 8.20479026E-05 0.00000000E+00
5.2072E+03 8.31812807E-05 0.00000000E+00
5.2308E+03 8.51398888E-05 0.00000000E+00
5.2543E+03 8.79203555E-05 0.00000000E+00
5.2779E+03 8.95498561E-05 0.00000000E+00
5.3014E+03 9.08102976E-05 0.00000000E+00
5.3250E+03 9.33997243E-05 0.00000000E+00
5.3486E+03 9.58485133E-05 0.00000000E+00
5.3721E+03 9.70077009E-05 0.00000000E+00
5.3957E+03 9.88230887E-05 0.00000000E+00
5.4192E+03 1.01691526E-04 0.00000000E+00
5.4428E+03 1.03478213E-04 0.00000000E+00
5.4664E+03 1.04620523E-04 0.00000000E+00
5.4899E+03 1.07109053E-04 0.00000000E+00
5.5135E+03 1.09713332E-04 0.00000000E+00
5.5371E+03 1.10899457E-04 0.00000000E+00
5.5606E+03 1.12515736E-04 0.00000000E+00
5.5842E+03 1.15384290E-04 0.00000000E+00
5.6077E+03 1.17309629E-04 0.00000000E+00
5.6313E+03 1.18323047E-04 0.00000000E+00
5.6549E+03 1.20628699E-04 0.00000000E+00
5.6784E+03 1.23325450E-04 0.00000000E+00
5.7020E+03 1.24540905E-04 0.00000000E+00
5.7256E+03 1.25919064E-04 0.00000000E+00
5.7491E+03 1.28699646E-04 0.00000000E+00
5.7727E+03 1.30735980E-04 0.00000000E+00
5.7962E+03 1.31621369E-04 0.00000000E+00
5.8198E+03 1.33675913E-04 0.00000000E+00
5.8434E+03 1.36395073E-04 0.00000000E+00
5.8669E+03 1.37640967E-04 0.00000000E+00
5.8905E+03 1.38759837E-04 0.00000000E+00
5.9140E+03 1.41370262E-04 0.00000000E+00
5.9376E+03 1.43481569E-04 0.00000000E+00
5.9612E+03 1.44248735E-04 0.00000000E+00
5.9847E+03 1.46001336E-04 0.00000000E+00
6.0083E+03 1.48670552E-04 0.00000000E+00
6.0319E+03 1.49944661E-04 0.00000000E+00
6.0554E+03 1.50799916E-04 0.00000000E+00
6.0790E+03 1.53169079E-04 0.00000000E+00
6.1025E+03 1.55312833E-04 0.00000000E+00
6.1261E+03 1.55977248E-04 0.00000000E+00
6.1497E+03 1.57396012E-04 0.00000000E+00
6.1732E+03 1.59945402E-04 0.00000000E+00
6.1968E+03 1.61240912E-04 0.00000000E+00
6.2204E+03 1.61842509E-04 0.00000000E+00
6.2439E+03 1.63913976E-04 0.00000000E+00
6.2675E+03 1.66043734E-04 0.00000000E+00
6.2910E+03 1.66623240E-04 0.00000000E+00
6.3146E+03 1.67694733E-04 0.00000000E+00
6.3382E+03 1.70060998E-04 0.00000000E+00
6.3617E+03 1.71366118E-04 0.00000000E+00
6.3853E+03 1.71734785E-04 0.00000000E+00
6.4088E+03 1.73468572E-04 0.00000000E+00
6.4324E+03 1.75536805E-04 0.00000000E+00
6.4560E+03 1.76048777E-04 0.00000000E+00
6.4795E+03 1.76775947E-04 0.00000000E+00
6.5031E+03 1.78905403E-04 0.00000000E+00
6.5267E+03 1.80203748E-04 0.00000000E+00
6.5502E+03 1.80367185E-04 0.00000000E+00
6.5738E+03 1.81739852E-04 0.00000000E+00
6.5973E+03 1.83700625E-04 0.00000000E+00
6.6209E+03 1.84159865E-04 0.00000000E+00
6.6445E+03 1.84558985E-04 0.00000000E+00
6.6680E+03 1.86409378E-04 0.00000000E+00
6.6916E+03 1.87680911E-04 0.00000000E+00
6.7152E+03 1.87670240E-04 0.00000000E+00
6.7387E+03 1.88673666E-04 0.00000000E+00
6.7623E+03 1.90484883E-04 0.00000000E+00
6.7858E+03 1.90902330E-04 0.00000000E+00
6.8094E+03 1.90999556E-04 0.00000000E+00
6.8330E+03 1.92540728E-04 0.00000000E+00
6.8565E+03 1.93763019E-04 0.00000000E+00
6.8801E+03 1.93609827E-04 0.00000000E+00
6.9036E+03 1.94249157E-04 0.00000000E+00
6.9272E+03 1.95874221E-04 0.00000000E+00
6.9508E+03 1.96256410E-04 0.00000000E+00
6.9743E+03 1.96084405E-04 0.00000000E+00
6.9979E+03 1.97298077E-04 0.00000000E+00
7.0215E+03 1.98447675E-04 0.00000000E+00
7.0450E+03 1.98181807E-04 0.00000000E+00
7.0686E+03 1.98473009E-04 0.00000000E+00
7.0921E+03 1.99881919E-04 0.00000000E+00
7.1157E+03 2.00231048E-04 0.00000000E+00
7.1393E+03 1.99826084E-04 0.00000000E+00
7.1628E+03 2.00705016E-04 0.00000000E+00
7.1864E+03 2.01758769E-04 0.00000000E+00
7.2100E+03 2.01406881E-04 0.00000000E+00
7.2335E+03 2.01374282E-04 0.00000000E+00
7.2571E+03 2.02544270E-04 0.00000000E+00
7.2806E+03 2.02858719E-04 0.00000000E+00
7.3042E+03 2.02258281E-04 0.00000000E+00
7.3278E+03 2.02805132E-04 0.00000000E+00
7.3513E+03 2.03741417E-04 0.00000000E+00
7.3749E+03 2.03326180E-04 0.00000000E+00
7.3985E+03 2.03000163E-04 0.00000000E+00
7.4220E+03 2.03915928E-04 0.00000000E+00
7.4456E+03 2.04191042E-04 0.00000000E+00
7.4691E+03 2.03431982E-04 0.00000000E+00
7.4927E+03 2.03657954E-04 0.00000000E+00
7.5163E+03 2.04457719E-04 0.00000000E+00
7.5398E+03 2.03997519E-04 0.00000000E+00
7.5634E+03 2.03412445E-04 0.00000000E+00
7.5869E+03 2.04066067E-04 0.00000000E+00
7.6105E+03 2.04295066E-04 0.00000000E+00
7.6341E+03 2.03412238E-04 0.00000000E+00
7.6576E+03 2.03335609E-04 0.00000000E+00
7.6812E+03 2.03983168E-04 0.00000000E+00
7.7048E+03 2.03492163E-04 0.00000000E+00
7.7283E+03 2.02684527E-04 0.00000000E+00
7.7519E+03 2.03075084E-04 0.00000000E+00
7.7754E+03 2.03249994E-04 0.00000000E+00
7.7990E+03 2.02275296E-04 0.00000000E+00
7.8226E+03 2.01919928E-04 0.00000000E+00
7.8461E+03 2.02403520E-04 0.00000000E+00
7.8697E+03 2.01891964E-04 0.00000000E+00
7.8933E+03 2.00898839E-04 0.00000000E+00
7.9168E+03 2.01031797E-04 0.00000000E+00
7.9404E+03 2.01144321E-04 0.00000000E+00
7.9639E+03 2.00106101E-04 0.00000000E+00
7.9875E+03 1.99499974E-04 0.00000000E+00
8.0111E+03 1.99812069E-04 0.00000000E+00
8.0346E+03 1.99286807E-04 0.00000000E+00
8.0582E+03 1.98144553E-04 0.00000000E+00
8.0817E+03 1.98030985E-04 0.00000000E+00
8.1053E+03 1.98073280E-04 0.00000000E+00
8.1289E+03 1.96996031E-04 0.00000000E+00
8.1524E+03 1.96169844E-04 0.00000000E+00
8.1760E+03 1.96307214E-04 0.00000000E+00
8.1996E+03 1.95772269E-04 0.00000000E+00
8.2231E+03 1.94515508E-04 0.00000000E+00
8.2467E+03 1.94171190E-04 0.00000000E+00
8.2702E+03 1.94136488E-04 0.00000000E+00
8.2938E+03 1.93040791E-04 0.00000000E+00
8.3174E+03 1.92026692E-04 0.00000000E+00
8.3409E+03 1.91990275E-04 0.00000000E+00
8.3645E+03 1.91447472E-04 0.00000000E+00
8.3881E+03 1.90108335E-04 0.00000000E+00
8.4116E+03 1.89552788E-04 0.00000000E+00
8.4352E+03 1.89435876E-04 0.00000000E+00
8.4587E+03 1.88338545E-04 0.00000000E+00
8.4823E+03 1.87169027E-04 0.00000000E+00
8.5059E+03 1.86963642E-04 0.00000000E+00
8.5294E+03 1.86413243E-04 0.00000000E+00
8.5530E+03 1.85020884E-04 0.00000000E+00
8.5765E+03 1.84276446E-04 0.00000000E+00
8.6001E+03 1.84074004E-04 0.00000000E+00
8.6237E+03 1.82988396E-04 0.00000000E+00
8.6472E+03 1.81695404E-04 0.00000000E+00
8.6708E+03 1.81329365E-04 0.00000000E+00
8.6944E+03 1.80770669E-04 0.00000000E+00
8.7179E+03 1.79351005E-04 0.00000000E+00
8.7415E+03 1.78441960E-04 0.00000000E+00
8.7650E+03 1.78152781E-04 0.00000000E+00
8.7886E+03 1.77089189E-04 0.00000000E+00
8.8122E+03 1.75703404E-04 0.00000000E+00
8.8357E+03 1.75188070E-04 0.00000000E+00
8.8593E+03 1.74619948E-04 0.00000000E+00
8.8829E+03 1.73195564E-04 0.00000000E+00
8.9064E+03 1.72147335E-04 0.00000000E+00
8.9300E+03 1.71772410E-04 0.00000000E+00
8.9535E+03 1.70738503E-04 0.00000000E+00
8.9771E+03 1.69288774E-04 0.00000000E+00
9.0007E+03 1.68638033E-04 0.00000000E+00
9.0242E+03 1.68059376E-04 0.00000000E+00
9.0478E+03 1.66649547E-04 0.00000000E+00
9.0713E+03 1.65487950E-04 0.00000000E+00
9.0949E+03 1.65030432E-04 0.00000000E+00
9.1185E+03 1.64031700E-04 0.00000000E+00
9.1420E+03 1.62544614E-04 0.00000000E+00
9.1656E+03 1.61774323E-04 0.00000000E+00
9.1892E+03 1.61184390E-04 0.00000000E+00
9.2127E+03 1.59805210E-04 0.00000000E+00
9.2363E+03 1.58555784E-04 0.00000000E+00
9.2598E+03 1.58020851E-04 0.00000000E+00
9.2834E+03 1.57061040E-04 0.00000000E+00
9.3070E+03 1.55560620E-04 0.00000000E+00
9.3305E+03 1.54688034E-04 0.00000000E+00
9.3541E+03 1.54086707E-04 0.00000000E+00
9.3777E+03 1.52751290E-04 0.00000000E+00
9.4012E+03 1.51438716E-04 0.00000000E+00
9.4248E+03 1.50833347E-04 0.00000000E+00
9.4483E+03 1.49914865E-04 0.00000000E+00
9.4719E+03 1.48422387E-04 0.00000000E+00
9.4955E+03 1.47465592E-04 0.00000000E+00
9.5190E+03 1.46853535E-04 0.00000000E+00
9.5426E+03 1.45572277E-04 0.00000000E+00
9.5661E+03 1.44219891E-04 0.00000000E+00
9.5897E+03 1.43552571E-04 0.00000000E+00
9.6133E+03 1.42676854E-04 0.00000000E+00
9.6368E+03 1.41210774E-04 0.00000000E+00
9.6604E+03 1.40188146E-04 0.00000000E+00
9.6840E+03 1.39566881E-04 0.00000000E+00
9.7075E+03 1.38347751E-04 0.00000000E+00
9.7311E+03 1.36977165E-04 0.00000000E+00
9.7546E+03 1.36257558E-04 0.00000000E+00
9.7782E+03 1.35425388E-04 0.00000000E+00
9.8018E+03 1.34001372E-04 0.00000000E+00
9.8253E+03 1.32931090E-04 0.00000000E+00
9.8489E+03 1.32302999E-04 0.00000000E+00
9.8725E+03 1.31151877E-04 0.00000000E+00
9.8960E+03 1.29782715E-04 0.00000000E+00
9.9196E+03 1.29021321E-04 0.00000000E+00
9.9431E+03 1.28233104E-04 0.00000000E+00
9.9667E+03 1.26864158E-04 0.00000000E+00
9.9903E+03 1.25763804E-04 0.00000000E+00
1.0014E+04 1.25132084E-04 0.00000000E+00
1.0037E+04 1.24053097E-04 0.00000000E+00
1.0061E+04 1.22702856E-04 0.00000000E+00
1.0085E+04 1.21910686E-04 0.00000000E+00
1.0108E+04 1.21166674E-04 0.00000000E+00
1.0132E+04 1.19863335E-04 0.00000000E+00
1.0155E+04 1.18749575E-04 0.00000000E+00
1.0179E+04 1.18118147E-04 0.00000000E+00
1.0202E+04 1.17113999E-04 0.00000000E+00
1.0226E+04 1.15797990E-04 0.00000000E+00
1.0249E+04 1.14986259E-04 0.00000000E+00
1.0273E+04 1.14286712E-04 0.00000000E+00
1.0297E+04 1.13057278E-04 0.00000000E+00
1.0320E+04 1.11945604E-04 0.00000000E+00
1.0344E+04 1.11318989E-04 0.00000000E+00
1.0367E+04 1.10391247E-04 0.00000000E+00
1.0391E+04 1.09122600E-04 0.00000000E+00
1.0414E+04 1.08302436E-04 0.00000000E+00
1.0438E+04 1.07647724E-04 0.00000000E+00
1.0462E+04 1.06498486E-04 0.00000000E+00
1.0485E+04 1.05403019E-04 0.00000000E+00
1.0509E+04 1.04786176E-04 0.00000000E+00
1.0532E+04 1.03935517E-04 0.00000000E+00
1.0556E+04 1.02725229E-04 0.00000000E+00
1.0579E+04 1.01907409E-04 0.00000000E+00
1.0603E+04 1.01298060E-04 0.00000000E+00
1.0626E+04 1.00233533E-04 0.00000000E+00
1.0650E+04 9.91668802E-05 0.00000000E+00
1.0674E+04 9.85650302E-05 0.00000000E+00
1.0697E+04 9.77914458E-05 0.00000000E+00
1.0721E+04 9.66484734E-05 0.00000000E+00
1.0744E+04 9.58431784E-05 0.00000000E+00
1.0768E+04 9.52798819E-05 0.00000000E+00
1.0791E+04 9.43030392E-05 0.00000000E+00
1.0815E+04 9.32761970E-05 0.00000000E+00
1.0838E+04 9.26946347E-05 0.00000000E+00
1.0862E+04 9.19975972E-05 0.00000000E+00
1.0886E+04 9.09289697E-05 0.00000000E+00
1.0909E+04 9.01455874E-05 0.00000000E+00
1.0933E+04 8.96291600E-05 0.00000000E+00
1.0956E+04 8.87416453E-05 0.00000000E+00
1.0980E+04 8.77639530E-05 0.00000000E+00
1.1003E+04 8.72078622E-05 0.00000000E+00
1.1027E+04 8.65864495E-05 0.00000000E+00
1.1051E+04 8.55974141E-05 0.00000000E+00
1.1074E+04 8.48443678E-05 0.00000000E+00
1.1098E+04 8.43756963E-05 0.00000000E+00
1.1121E+04 8.35780286E-05 0.00000000E+00
1.1145E+04 8.26571689E-05 0.00000000E+00
1.1168E+04 8.21314488E-05 0.00000000E+00
1.1192E+04 8.15844429E-05 0.00000000E+00
1.1215E+04 8.06786316E-05 0.00000000E+00
1.1239E+04 7.99632619E-05 0.00000000E+00
1.1263E+04 7.95432321E-05 0.00000000E+00
1.1286E+04 7.88350020E-05 0.00000000E+00
1.1310E+04 7.79770527E-05 0.00000000E+00
1.1333E+04 7.74861704E-05 0.00000000E+00
1.1357E+04 7.70121328E-05 0.00000000E+00
1.1380E+04 7.61917517E-05 0.00000000E+00
1.1404E+04 7.55202506E-05 0.00000000E+00
1.1428E+04 7.51496717E-05 0.00000000E+00
1.1451E+04 7.45297230E-05 0.00000000E+00
1.1475E+04 7.37392525E-05 0.00000000E+00
1.1498E+04 7.32871254E-05 0.00000000E+00
1.1522E+04 7.28844468E-05 0.00000000E+00
1.1545E+04 7.21504713E-05 0.00000000E+00
1.1569E+04 7.15278613E-05 0.00000000E+00
1.1592E+04 7.12073881E-05 0.00000000E+00
1.1616E+04 7.06739713E-05 0.00000000E+00
1.1640E+04 6.99541599E-05 0.00000000E+00
1.1663E+04 6.95440646E-05 0.00000000E+00
1.1687E+04 6.92109860E-05 0.00000000E+00
1.1710E+04 6.85633448E-05 0.00000000E+00
1.1734E+04 6.79934900E-05 0.00000000E+00
1.1757E+04 6.77235421E-05 0.00000000E+00
1.1781E+04 6.72744357E-05 0.00000000E+00
1.1805E+04 6.66272075E-05 0.00000000E+00
1.1828E+04 6.62617111E-05 0.00000000E+00
1.1852E+04 6.59963218E-05 0.00000000E+00
1.1875E+04 6.54340619E-05 0.00000000E+00
1.1899E+04 6.49197047E-05 0.00000000E+00
1.1922E+04 6.47003901E-05 0.00000000E+00
1.1946E+04 6.43329913E-05 0.00000000E+00
1.1969E+04 6.37591504E-05 0.00000000E+00
1.1993E+04 6.34400666E-05 0.00000000E+00
1.2017E+04 6.32402850E-05 0.00000000E+00
1.2040E+04 6.27617181E-05 0.00000000E+00
1.2064E+04 6.23045376E-05 0.00000000E+00
1.2087E+04 6.21355837E-05 0.00000000E+00
1.2111E+04 6.18469744E-05 0.00000000E+00
1.2134E+04 6.13463418E-05 0.00000000E+00
1.2158E+04 6.10747109E-05 0.00000000E+00
1.2182E+04 6.09382554E-05 0.00000000E+00
1.2205E+04 6.05410840E-05 0.00000000E+00
1.2229E+04 6.01417719E-05 0.00000000E+00
1.2252E+04 6.00224709E-05 0.00000000E+00
1.2276E+04 5.98094607E-05 0.00000000E+00
1.2299E+04 5.93810068E-05 0.00000000E+00
1.2323E+04 5.91570987E-05 0.00000000E+00
1.2346E+04 5.90814542E-05 0.00000000E+00
1.2370E+04 5.87628780E-05 0.00000000E+00
1.2394E+04 5.84212268E-05 0.00000000E+00
1.2417E+04 5.83503960E-05 0.00000000E+00
1.2441E+04 5.82095507E-05 0.00000000E+00
1.2464E+04 5.78515225E-05 0.00000000E+00
1.2488E+04 5.76748623E-05 0.00000000E+00
1.2511E+04 5.76572511E-05 0.00000000E+00
1.2535E+04 5.74140590E-05 0.00000000E+00
1.2559E+04 5.71290630E-05 0.00000000E+00
1.2582E+04 5.71050282E-05 0.00000000E+00
1.2606E+04 5.70326914E-05 0.00000000E+00
1.2629E+04 5.67427368E-05 0.00000000E+00
1.2653E+04 5.66121548E-05 0.00000000E+00
1.2676E+04 5.66495177E-05 0.00000000E+00
1.2700E+04 5.64781709E-05 0.00000000E+00
1.2723E+04 5.62481399E-05 0.00000000E+00
1.2747E+04 5.62687398E-05 0.00000000E+00
1.2771E+04 5.62610526E-05 0.00000000E+00
1.2794E+04 5.60363421E-05 0.00000000E+00
1.2818E+04 5.59500437E-05 0.00000000E+00
1.2841E+04 5.60390330E-05 0.00000000E+00
1.2865E+04 5.59357369E-05 0.00000000E+00
1.2888E+04 5.57584149E-05 0.00000000E+00
1.2912E+04 5.58210256E-05 0.00000000E+00
1.2936E+04 5.58739407E-05 0.00000000E+00
1.2959E+04 5.57112767E-05 0.00000000E+00
1.2983E+04 5.56669267E-05 0.00000000E+00
1.3006E+04 5.58039045E-05 0.00000000E+00
1.3030E+04 5.57646649E-05 0.00000000E+00
1.3053E+04 5.56373454E-05 0.00000000E+00
1.3077E+04 5.57389177E-05 0.00000000E+00
1.3100E+04 5.58482065E-05 0.00000000E+00
1.3124E+04 5.57441167E-05 0.00000000E+00
1.3148E+04 5.57389275E-05 0.00000000E+00
1.3171E+04 5.59199724E-05 0.00000000E+00
1.3195E+04 5.59406347E-05 0.00000000E+00
1.3218E+04 5.58602669E-05 0.00000000E+00
1.3242E+04 5.59973741E-05 0.00000000E+00
1.3265E+04 5.61586304E-05 0.00000000E+00
1.3289E+04 5.61094434E-05 0.00000000E+00
1.3312E+04 5.61402664E-05 0.00000000E+00
1.3336E+04 5.63611881E-05 0.00000000E+00
1.3360E+04 5.64374642E-05 0.00000000E+00
1.3383E+04 5.64007494E-05 0.00000000E+00
1.3407E+04 5.65696454E-05 0.00000000E+00
1.3430E+04 5.67782897E-05 0.00000000E+00
1.3454E+04 5.67801952E-05 0.00000000E+00
1.3477E+04 5.68436123E-05 0.00000000E+00
1.3501E+04 5.70999763E-05 0.00000000E+00
1.3525E+04 5.72274629E-05 0.00000000E+00
1.3548E+04 5.72309392E-05 0.00000000E+00
1.3572E+04 5.74276245E-05 0.00000000E+00
1.3595E+04 5.76789111E-05 0.00000000E+00
1.3619E+04 5.77280061E-05 0.00000000E+00
1.3642E+04 5.78204181E-05 0.00000000E+00
1.3666E+04 5.81075800E-05 0.00000000E+00
1.3689E+04 5.82817704E-05 0.00000000E+00
1.3713E+04 5.83218848E-05 0.00000000E+00
1.3737E+04 5.85421784E-05 0.00000000E+00
1.3760E+04 5.88312081E-05 0.00000000E+00
1.3784E+04 5.89235311E-05 0.00000000E+00
1.3807E+04 5.90412417E-05 0.00000000E+00
1.3831E+04 5.93543926E-05 0.00000000E+00
1.3854E+04 5.95706881E-05 0.00000000E+00
1.3878E+04 5.96438575E-05 0.00000000E+00
1.3902E+04 5.98834742E-05 0.00000000E+00
1.3925E+04 6.02052179E-05 0.00000000E+00
1.3949E+04 6.03367763E-05 0.00000000E+00
1.3972E+04 6.04760719E-05 0.00000000E+00
1.3996E+04 6.08102961E-05 0.00000000E+00
1.4019E+04 6.10640215E-05 0.00000000E+00
1.4043E+04 6.11666863E-05 0.00000000E+00
1.4066E+04 6.14213178E-05 0.00000000E+00
1.4090E+04 6.17706518E-05 0.00000000E+00
1.4114E+04 6.19374477E-05 0.00000000E+00
1.4137E+04 6.20946708E-05 0.00000000E+00
1.4161E+04 6.24450124E-05 0.00000000E+00
1.4184E+04 6.27314373E-05 0.00000000E+00
1.4208E+04 6.28601062E-05 0.00000000E+00
1.4231E+04 6.31255015E-05 0.00000000E+00
1.4255E+04 6.34972508E-05 0.00000000E+00
1.4279E+04 6.36953017E-05 0.00000000E+00
1.4302E+04 6.38669160E-05 0.00000000E+00
1.4326E+04 6.42284474E-05 0.00000000E+00
1.4349E+04 6.45428100E-05 0.00000000E+00
1.4373E+04 6.46940941E-05 0.00000000E+00
1.4396E+04 6.49661319E-05 0.00000000E+00
1.4420E+04 6.53551165E-05 0.00000000E+00
1.4443E+04 6.55804715E-05 0.00000000E+00
1.4467E+04 6.57631127E-05 0.00000000E+00
1.4491E+04 6.61310010E-05 0.00000000E+00
1.4514E+04 6.64685312E-05 0.00000000E+00
1.4538E+04 6.66391662E-05 0.00000000E+00
1.4561E+04 6.69139192E-05 0.00000000E+00
1.4585E+04 6.73150013E-05 0.00000000E+00
1.4608E+04 6.75637516E-05 0.00000000E+00
1.4632E+04 6.77542665E-05 0.00000000E+00
1.4656E+04 6.81238371E-05 0.00000000E+00
1.4679E+04 6.84797813E-05 0.00000000E+00
1.4703E+04 6.86666409E-05 0.00000000E+00
1.4726E+04 6.89404297E-05 0.00000000E+00
1.4750E+04 6.93485634E-05 0.00000000E+00
1.4773E+04 6.96168510E-05 0.00000000E+00
1.4797E+04 6.98123248E-05 0.00000000E+00
1.4820E+04 7.01791207E-05 0.00000000E+00
1.4844E+04 7.05487690E-05 0.00000000E+00
1.4868E+04 7.07488707E-05 0.00000000E+00
1.4891E+04 7.10183085E-05 0.00000000E+00
1.4915E+04 7.14285891E-05 0.00000000E+00
1.4938E+04 7.17126144E-05 0.00000000E+00
1.4962E+04 7.19103873E-05 0.00000000E+00
1.4985E+04 7.22702228E-05 0.00000000E+00
1.5009E+04 7.26489383E-05 0.00000000E+00
1.5033E+04 7.28594431E-05 0.00000000E+00
1.5056E+04 7.31214697E-05 0.00000000E+00
1.5080E+04 7.35291829E-05 0.00000000E+00
1.5103E+04 7.38252120E-05 0.00000000E+00
1.5127E+04 7.40228867E-05 0.00000000E+00
1.5150E+04 7.43718950E-05 0.00000000E+00
1.5174E+04 7.47551453E-05 0.00000000E+00
1.5197E+04 7.49733538E-05 0.00000000E+00
1.5221E+04 7.52252606E-05 0.00000000E+00
1.5245E+04 7.56259316E-05 0.00000000E+00
1.5268E+04 7.59303070E-05 0.00000000E+00
1.5292E+04 7.61257484E-05 0.00000000E+00
1.5315E+04 7.64604250E-05 0.00000000E+00
1.5339E+04 7.68438187E-05 0.00000000E+00
1.5362E+04 7.70671668E-05 0.00000000E+00
1.5386E+04 7.73066143E-05 0.00000000E+00
1.5410E+04 7.76960580E-05 0.00000000E+00
1.5433E+04 7.80052140E-05 0.00000000E+00
1.5457E+04 7.81965449E-05 0.00000000E+00
1.5480E+04 7.85137839E-05 0.00000000E+00
1.5504E+04 7.88931121E-05 0.00000000E+00
1.5527E+04 7.91191682E-05 0.00000000E+00
1.5551E+04 7.93441943E-05 0.00000000E+00
1.5574E+04 7.97185620E-05 0.00000000E+00
1.5598E+04 8.00290450E-05 0.00000000E+00
1.5622E+04 8.02146367E-05 0.00000000E+00
1.5645E+04 8.05117582E-05 0.00000000E+00
1.5669E+04 8.08830345E-05 0.00000000E+00
1.5692E+04 8.11094974E-05 0.00000000E+00
1.5716E+04 8.13185156E-05 0.00000000E+00
1.5739E+04 8.16743343E-05 0.00000000E+00
1.5763E+04 8.19828230E-05 0.00000000E+00
1.5787E+04 8.21612799E-05 0.00000000E+00
1.5810E+04 8.24360446E-05 0.00000000E+00
1.5834E+04 8.27955430E-05 0.00000000E+00
1.5857E+04 8.30202376E-05 0.00000000E+00
1.5881E+04 8.32120255E-05 0.00000000E+00
1.5904E+04 8.35462276E-05 0.00000000E+00
1.5928E+04 8.38495534E-05 0.00000000E+00
1.5951E+04 8.40196940E-05 0.00000000E+00
1.5975E+04 8.42703076E-05 0.00000000E+00
1.5999E+04 8.46145942E-05 0.00000000E+00
1.6022E+04 8.48354688E-05 0.00000000E+00
1.6046E+04 8.50091493E-05 0.00000000E+00
1.6069E+04 8.53190937E-05 0.00000000E+00
1.6093E+04 8.56142608E-05 0.00000000E+00
1.6116E+04 8.57750970E-05 0.00000000E+00
1.6140E+04 8.60002052E-05 0.00000000E+00
1.6163E+04 8.63261667E-05 0.00000000E+00
1.6187E+04 8.65412915E-05 0.00000000E+00
1.6211E+04 8.66963081E-05 0.00000000E+00
1.6234E+04 8.69797939E-05 0.00000000E+00
1.6258E+04 8.72639988E-05 0.00000000E+00
1.6281E+04 8.74147146E-05 0.00000000E+00
1.6305E+04 8.76133901E-05 0.00000000E+00
1.6328E+04 8.79182576E-05 0.00000000E+00
1.6352E+04 8.81258241E-05 0.00000000E+00
1.6376E+04 8.82619129E-05 0.00000000E+00
1.6399E+04 8.85171841E-05 0.00000000E+00
1.6423E+04 8.87878344E-05 0.00000000E+00
1.6446E+04 8.89277648E-05 0.00000000E+00
1.6470E+04 8.90994876E-05 0.00000000E+00
1.6493E+04 8.93808544E-05 0.00000000E+00
1.6517E+04 8.95791764E-05 0.00000000E+00
1.6540E+04 8.96963357E-05 0.00000000E+00
1.6564E+04 8.99220798E-05 0.00000000E+00
1.6588E+04 9.01768121E-05 0.00000000E+00
1.6611E+04 9.03054240E-05 0.00000000E+00
1.6635E+04 9.04500575E-05 0.00000000E+00
1.6658E+04 9.07058940E-05 0.00000000E+00
1.6682E+04 9.08934117E-05 0.00000000E+00
1.6705E+04 9.09918712E-05 0.00000000E+00
1.6729E+04 9.11872138E-05 0.00000000E+00
1.6753E+04 9.14239121E-05 0.00000000E+00
1.6776E+04 9.15407886E-05 0.00000000E+00
1.6800E+04 9.16585535E-05 0.00000000E+00
1.6823E+04 9.18872195E-05 0.00000000E+00
1.6847E+04 9.20625067E-05 0.00000000E+00
1.6870E+04 9.21426980E-05 0.00000000E+00
1.6894E+04 9.23071921E-05 0.00000000E+00
1.6917E+04 9.25240072E-05 0.00000000E+00
1.6941E+04 9.26288347E-05 0.00000000E+00
1.6965E+04 9.27202781E-05 0.00000000E+00
1.6988E+04 9.29205303E-05 0.00000000E+00
1.7012E+04 9.30823041E-05 0.00000000E+00
1.7035E+04 9.31448309E-05 0.00000000E+00
1.7059E+04 9.32784391E-05 0.00000000E+00
1.7082E+04 9.34738035E-05 0.00000000E+00
1.7106E+04 9.35663615E-05 0.00000000E+00
1.7130E+04 9.36323229E-05 0.00000000E+00
1.7153E+04 9.38033144E-05 0.00000000E+00
1.7177E+04 9.39504437E-05 0.00000000E+00
1.7200E+04 9.39960516E-05 0.00000000E+00
1.7224E+04 9.40991215E-05 0.00000000E+00
1.7247E+04 9.42717606E-05 0.00000000E+00
1.7271E+04 9.43519117E-05 0.00000000E+00
1.7294E+04 9.43934850E-05 0.00000000E+00
1.7318E+04 9.45347579E-05 0.00000000E+00
1.7342E+04 9.46662715E-05 0.00000000E+00
1.7365E+04 9.46958192E-05 0.00000000E+00
1.7389E+04 9.47690532E-05 0.00000000E+00
1.7412E+04 9.49179913E-05 0.00000000E+00
1.7436E+04 9.49856743E-05 0.00000000E+00
1.7459E+04 9.50041693E-05 0.00000000E+00
1.7483E+04 9.51156418E-05 0.00000000E+00
1.7507E+04 9.52307358E-05 0.00000000E+00
1.7530E+04 9.52451691E-05 0.00000000E+00
1.7554E+04 9.52895905E-05 0.00000000E+00
1.7577E+04 9.54141530E-05 0.00000000E+00
1.7601E+04 9.54693778E-05 0.00000000E+00
1.7624E+04 9.54662821E-05 0.00000000E+00
1.7648E+04 9.55482296E-05 0.00000000E+00
1.7671E+04 9.56462737E-05 0.00000000E+00
1.7695E+04 9.56466017E-05 0.00000000E+00
1.7719E+04 9.56635183E-05 0.00000000E+00
1.7742E+04 9.57633292E-05 0.00000000E+00
1.7766E+04 9.58061734E-05 0.00000000E+00
1.7789E+04 9.57831150E-05 0.00000000E+00
1.7813E+04 9.58361472E-05 0.00000000E+00
1.7836E+04 9.59166887E-05 0.00000000E+00
1.7860E+04 9.59039630E-05 0.00000000E+00
1.7884E+04 9.58949286E-05 0.00000000E+00
1.7907E+04 9.59699040E-05 0.00000000E+00
1.7931E+04 9.60005106E-05 0.00000000E+00
1.7954E+04 9.59592231E-05 0.00000000E+00
1.7978E+04 9.59842578E-05 0.00000000E+00
1.8001E+04 9.60470245E-05 0.00000000E+00
1.8025E+04 9.60223223E-05 0.00000000E+00
1.8048E+04 9.59890996E-05 0.00000000E+00
1.8072E+04 9.60394382E-05 0.00000000E+00
1.8096E+04 9.60580157E-05 0.00000000E+00
1.8119E+04 9.60003070E-05 0.00000000E+00
1.8143E+04 9.59985426E-05 0.00000000E+00
1.8166E+04 9.60434454E-05 0.00000000E+00
1.8190E+04 9.60078559E-05 0.00000000E+00
1.8213E+04 9.59523804E-05 0.00000000E+00
1.8237E+04 9.59785529E-05 0.00000000E+00
1.8261E+04 9.59853765E-05 0.00000000E+00
1.8284E+04 9.59131005E-05 0.00000000E+00
1.8308E+04 9.58859876E-05 0.00000000E+00
1.8331E+04 9.59131212E-05 0.00000000E+00
1.8355E+04 9.58677351E-05 0.00000000E+00
1.8378E+04 9.57920791E-05 0.00000000E+00
1.8402E+04 9.57948132E-05 0.00000000E+00
1.8425E+04 9.57902268E-05 0.00000000E+00
1.8449E+04 9.57052567E-05 0.00000000E+00
1.8473E+04 9.56544660E-05 0.00000000E+00
1.8496E+04 9.56641069E-05 0.00000000E+00
1.8520E+04 9.56100067E-05 0.00000000E+00
1.8543E+04 9.55163430E-05 0.00000000E+00
1.8567E+04 9.54966050E-05 0.00000000E+00
1.8590E+04 9.54810212E-05 0.00000000E+00
1.8614E+04 9.53852244E-05 0.00000000E+00
1.8637E+04 9.53126125E-05 0.00000000E+00
1.8661E+04 9.53052131E-05 0.00000000E+00
1.8685E+04 9.52434655E-05 0.00000000E+00
1.8708E+04 9.51340316E-05 0.00000000E+00
1.8732E+04 9.50930035E-05 0.00000000E+00
1.8755E+04 9.50669036E-05 0.00000000E+00
1.8779E+04 9.49621198E-05 0.00000000E+00
1.8802E+04 9.48696938E-05 0.00000000E+00
1.8826E+04 9.48458740E-05 0.00000000E+00
1.8850E+04 9.47775236E-05 0.00000000E+00
1.8873E+04 9.46545883E-05 0.00000000E+00
1.8897E+04 9.45936432E-05 0.00000000E+00
1.8920E+04 9.45575758E-05 0.00000000E+00
1.8944E+04 9.44455978E-05 0.00000000E+00
1.8967E+04 9.43354799E-05 0.00000000E+00
1.8991E+04 9.42960163E-05 0.00000000E+00
1.9014E+04 9.42220808E-05 0.00000000E+00
1.9038E+04 9.40879133E-05 0.00000000E+00
1.9062E+04 9.40085883E-05 0.00000000E+00
1.9085E+04 9.39631673E-05 0.00000000E+00
1.9109E+04 9.38457247E-05 0.00000000E+00
1.9132E+04 9.37201173E-05 0.00000000E+00
1.9156E+04 9.36659294E-05 0.00000000E+00
1.9179E+04 9.35873962E-05 0.00000000E+00
1.9203E+04 9.34442371E-05 0.00000000E+00
1.9227E+04 9.33482054E-05 0.00000000E+00
1.9250E+04 9.32941059E-05 0.00000000E+00
1.9274E+04 9.31728516E-05 0.00000000E+00
1.9297E+04 9.30340041E-05 0.00000000E+00
1.9321E+04 9.29661381E-05 0.00000000E+00
1.9344E+04 9.28839621E-05 0.00000000E+00
1.9368E+04 9.27339990E-05 0.00000000E+00
1.9391E+04 9.26230406E-05 0.00000000E+00
1.9415E+04 9.25609946E-05 0.00000000E+00
1.9439E+04 9.24374954E-05 0.00000000E+00
1.9462E+04 9.22876731E-05 0.00000000E+00
1.9486E+04 9.22072861E-05 0.00000000E+00
1.9509E+04 9.21223877E-05 0.00000000E+00
1.9533E+04 9.19677346E-05 0.00000000E+00
1.9556E+04 9.18437102E-05 0.00000000E+00
1.9580E+04 9.17745013E-05 0.00000000E+00
1.9604E+04 9.16502303E-05 0.00000000E+00
1.9627E+04 9.14916873E-05 0.00000000E+00
1.9651E+04 9.14000302E-05 0.00000000E+00
1.9674E+04 9.13132952E-05 0.00000000E+00
1.9698E+04 9.11559747E-05 0.00000000E+00
1.9721E+04 9.10207986E-05 0.00000000E+00
1.9745E+04 9.09452563E-05 0.00000000E+00
1.9768E+04 9.08215876E-05 0.00000000E+00
1.9792E+04 9.06565411E-05 0.00000000E+00
1.9816E+04 9.05549406E-05 0.00000000E+00
1.9839E+04 9.04672183E-05 0.00000000E+00
1.9863E+04 9.03091464E-05 0.00000000E+00
1.9886E+04 9.01647604E-05 0.00000000E+00
1.9910E+04 9.00837520E-05 0.00000000E+00
1.9933E+04 8.99619558E-05 0.00000000E+00
1.9957E+04 8.97925614E-05 0.00000000E+00
1.9981E+04 8.96824006E-05 0.00000000E+00
2.0004E+04 8.95945026E-05 0.00000000E+00
2.0028E+04 8.94374744E-05 0.00000000E+00
2.0051E+04 8.92858217E-05 0.00000000E+00
2.0075E+04 8.92002431E-05 0.00000000E+00
2.0098E+04 8.90814824E-05 0.00000000E+00
2.0122E+04 8.89098122E-05 0.00000000E+00
2.0145E+04 8.87925106E-05 0.00000000E+00
2.0169E+04 8.87052083E-05 0.00000000E+00
2.0193E+04 8.85508874E-05 0.00000000E+00
2.0216E+04 8.83938881E-05 0.00000000E+00
2.0240E+04 8.83046540E-05 0.00000000E+00
2.0263E+04 8.81899824E-05 0.00000000E+00
2.0287E+04 8.80180061E-05 0.00000000E+00
2.0310E+04 8.78950001E-05 0.00000000E+00
2.0334E+04 8.78090223E-05 0.00000000E+00
2.0358E+04 8.76589325E-05 0.00000000E+00
2.0381E+04 8.74984609E-05 0.00000000E+00
2.0405E+04 8.74064941E-05 0.00000000E+00
2.0428E+04 8.72968549E-05 0.00000000E+00
2.0452E+04 8.71264231E-05 0.00000000E+00
2.0475E+04 8.69991465E-05 0.00000000E+00
2.0499E+04 8.69151771E-05 0.00000000E+00
2.0522E+04 8.67706960E-05 0.00000000E+00
2.0546E+04 8.66085596E-05 0.00000000E+00
2.0570E+04 8.65147800E-05 0.00000000E+00
2.0593E+04 8.64110059E-05 0.00000000E+00
2.0617E+04 8.62438361E-05 0.00000000E+00
2.0640E+04 8.61137017E-05 0.00000000E+00
2.0664E+04 8.60323770E-05 0.00000000E+00
2.0687E+04 8.58947319E-05 0.00000000E+00
2.0711E+04 8.57326532E-05 0.00000000E+00
2.0735E+04 8.56379669E-05 0.00000000E+00
2.0758E+04 8.55407811E-05 0.00000000E+00
2.0782E+04 8.53784476E-05 0.00000000E+00
2.0805E+04 8.52468300E-05 0.00000000E+00
2.0829E+04 8.51687360E-05 0.00000000E+00
2.0852E+04 8.50390033E-05 0.00000000E+00
2.0876E+04 8.48786043E-05 0.00000000E+00
2.0899E+04 8.47838933E-05 0.00000000E+00
2.0923E+04 8.46939117E-05 0.00000000E+00
2.0947E+04 8.45378386E-05 0.00000000E+00
2.0970E+04 8.44060598E-05 0.00000000E+00
2.0994E+04 8.43317299E-05 0.00000000E+00
2.1017E+04 8.42108356E-05 0.00000000E+00
2.1041E+04 8.40536263E-05 0.00000000E+00
2.1064E+04 8.39597391E-05 0.00000000E+00
2.1088E+04 8.38774727E-05 0.00000000E+00
2.1112E+04 8.37289290E-05 0.00000000E+00
2.1135E+04 8.35982453E-05 0.00000000E+00
2.1159E+04 8.35281581E-05 0.00000000E+00
2.1182E+04 8.34168796E-05 0.00000000E+00
2.1206E+04 8.32642472E-05 0.00000000E+00
2.1229E+04 8.31719900E-05 0.00000000E+00
2.1253E+04 8.30978468E-05 0.00000000E+00
2.1276E+04 8.29579435E-05 0.00000000E+00
2.1300E+04 8.28295334E-05 0.00000000E+00
2.1324E+04 8.27641099E-05 0.00000000E+00
2.1347E+04 8.26630779E-05 0.00000000E+00
2.1371E+04 8.25162787E-05 0.00000000E+00
2.1394E+04 8.24264063E-05 0.00000000E+00
2.1418E+04 8.23606942E-05 0.00000000E+00
2.1441E+04 8.22303821E-05 0.00000000E+00
2.1465E+04 8.21053360E-05 0.00000000E+00
2.1488E+04 8.20449373E-05 0.00000000E+00
2.1512E+04 8.19546394E-05 0.00000000E+00
2.1536E+04 8.18147921E-05 0.00000000E+00
2.1559E+04 8.17280008E-05 0.00000000E+00
2.1583E+04 8.16709300E-05 0.00000000E+00
2.1606E+04 8.15510004E-05 0.00000000E+00
2.1630E+04 8.14303122E-05 0.00000000E+00
2.1653E+04 8.13752375E-05 0.00000000E+00
2.1677E+04 8.12960223E-05 0.00000000E+00
2.1701E+04 8.11641042E-05 0.00000000E+00
2.1724E+04 8.10810250E-05 0.00000000E+00
2.1748E+04 8.10327115E-05 0.00000000E+00
2.1771E+04 8.09237978E-05 0.00000000E+00
2.1795E+04 8.08083585E-05 0.00000000E+00
2.1818E+04 8.07588434E-05 0.00000000E+00
2.1842E+04 8.06909260E-05 0.00000000E+00
2.1865E+04 8.05677705E-05 0.00000000E+00
2.1889E+04 8.04889640E-05 0.00000000E+00
2.1913E+04 8.04494328E-05 0.00000000E+00
2.1936E+04 8.03520139E-05 0.00000000E+00
2.1960E+04 8.02426064E-05 0.00000000E+00
2.1983E+04 8.01988222E-05 0.00000000E+00
2.2007E+04 8.01422897E-05 0.00000000E+00
2.2030E+04 8.00285859E-05 0.00000000E+00
2.2054E+04 7.99545381E-05 0.00000000E+00
2.2078E+04 7.99237277E-05 0.00000000E+00
2.2101E+04 7.98381327E-05 0.00000000E+00
2.2125E+04 7.97354287E-05 0.00000000E+00
2.2148E+04 7.96974828E-05 0.00000000E+00
2.2172E+04 7.96523011E-05 0.00000000E+00
2.2195E+04 7.95485956E-05 0.00000000E+00
2.2219E+04 7.94797158E-05 0.00000000E+00
2.2242E+04 7.94574827E-05 0.00000000E+00
2.2266E+04 7.93838976E-05 0.00000000E+00
2.2290E+04 7.92884573E-05 0.00000000E+00
2.2313E+04 7.92563934E-05 0.00000000E+00
2.2337E+04 7.92224160E-05 0.00000000E+00
2.2360E+04 7.91291164E-05 0.00000000E+00
2.2384E+04 7.90657361E-05 0.00000000E+00
2.2407E+04 7.90518606E-05 0.00000000E+00
2.2431E+04 7.89903358E-05 0.00000000E+00
2.2455E+04 7.89026083E-05 0.00000000E+00
2.2478E+04 7.88764092E-05 0.00000000E+00
2.2502E+04 7.88533842E-05 0.00000000E+00
2.2525E+04 7.87707642E-05 0.00000000E+00
2.2549E+04 7.87131375E-05 0.00000000E+00
2.2572E+04 7.87073292E-05 0.00000000E+00
2.2596E+04 7.86577869E-05 0.00000000E+00
2.2619E+04 7.85781125E-05 0.00000000E+00
2.2643E+04 7.85577019E-05 0.00000000E+00
2.2667E+04 7.85452805E-05 0.00000000E+00
2.2690E+04 7.84734851E-05 0.00000000E+00
2.2714E+04 7.84217898E-05 0.00000000E+00
2.2737E+04 7.84236928E-05 0.00000000E+00
2.2761E+04 7.83859355E-05 0.00000000E+00
2.2784E+04 7.83145484E-05 0.00000000E+00
2.2808E+04 7.82997937E-05 0.00000000E+00
2.2832E+04 7.82975384E-05 0.00000000E+00
2.2855E+04 7.82365900E-05 0.00000000E+00
2.2879E+04 7.81909295E-05 0.00000000E+00
2.2902E+04 7.82001288E-05 0.00000000E+00
2.2926E+04 7.81738481E-05 0.00000000E+00
2.2949E+04 7.81108801E-05 0.00000000E+00
2.2973E+04 7.81015961E-05 0.00000000E+00
2.2996E+04 7.81089894E-05 0.00000000E+00
2.3020E+04 7.80587951E-05 0.00000000E+00
2.3044E+04 7.80192015E-05 0.00000000E+00
2.3067E+04 7.80352296E-05 0.00000000E+00
2.3091E+04 7.80200151E-05 0.00000000E+00
2.3114E+04 7.79655006E-05 0.00000000E+00
2.3138E+04 7.79614539E-05 0.00000000E+00
2.3161E+04 7.79779072E-05 0.00000000E+00
2.3185E+04 7.79382663E-05 0.00000000E+00
2.3209E+04 7.79047043E-05 0.00000000E+00
2.3232E+04 7.79270478E-05 0.00000000E+00
2.3256E+04 7.79223968E-05 0.00000000E+00
2.3279E+04 7.78762782E-05 0.00000000E+00
2.3303E+04 7.78771917E-05 0.00000000E+00
2.3326E+04 7.79020548E-05 0.00000000E+00
2.3350E+04 7.78726666E-05 0.00000000E+00
2.3373E+04 7.78450375E-05 0.00000000E+00
2.3397E+04 7.78731447E-05 0.00000000E+00
2.3421E+04 7.78784720E-05 0.00000000E+00
2.3444E+04 7.78406057E-05 0.00000000E+00
2.3468E+04 7.78461641E-05 0.00000000E+00
2.3491E+04 7.78787344E-05 0.00000000E+00
2.3515E+04 7.78592076E-05 0.00000000E+00
2.3538E+04 7.78373544E-05 0.00000000E+00
2.3562E+04 7.78706427E-05 0.00000000E+00
2.3586E+04 7.78852910E-05 0.00000000E+00
2.3609E+04 7.78554543E-05 0.00000000E+00
2.3633E+04 7.78653097E-05 0.00000000E+00
2.3656E+04 7.79048426E-05 0.00000000E+00
2.3680E+04 7.78947043E-05 0.00000000E+00
2.3703E+04 7.78784174E-05 0.00000000E+00
2.3727E+04 7.79162815E-05 0.00000000E+00
2.3750E+04 7.79395326E-05 0.00000000E+00
2.3774E+04 7.79174312E-05 0.00000000E+00
2.3798E+04 7.79312091E-05 0.00000000E+00
2.3821E+04 7.79769279E-05 0.00000000E+00
2.3845E+04 7.79756334E-05 0.00000000E+00
2.3868E+04 7.79646567E-05 0.00000000E+00
2.3892E+04 7.80064758E-05 0.00000000E+00
2.3915E+04 7.80375611E-05 0.00000000E+00
2.3939E+04 7.80228362E-05 0.00000000E+00
2.3962E+04 7.80401417E-05 0.00000000E+00
2.3986E+04 7.80912470E-05 0.00000000E+00
2.4010E+04 7.80981893E-05 0.00000000E+00
2.4033E+04 7.80922255E-05 0.00000000E+00
2.4057E+04 7.81373715E-05 0.00000000E+00
2.4080E+04 7.81754819E-05 0.00000000E+00
2.4104E+04 7.81677179E-05 0.00000000E+00
2.4127E+04 7.81881411E-05 0.00000000E+00
2.4151E+04 7.82438203E-05 0.00000000E+00
2.4175E+04 7.82583392E-05 0.00000000E+00
2.4198E+04 7.82570557E-05 0.00000000E+00
2.4222E+04 7.83048999E-05 0.00000000E+00
2.4245E+04 7.83491963E-05 0.00000000E+00
2.4269E+04 7.83479279E-05 0.00000000E+00
2.4292E+04 7.83710497E-05 0.00000000E+00
2.4316E+04 7.84304863E-05 0.00000000E+00
2.4339E+04 7.84518780E-05 0.00000000E+00
2.4363E+04 7.84549126E-05 0.00000000E+00
2.4387E+04 7.85048329E-05 0.00000000E+00
2.4410E+04 7.85544564E-05 0.00000000E+00
2.4434E+04 7.85591761E-05 0.00000000E+00
2.4457E+04 7.85845736E-05 0.00000000E+00
2.4481E+04 7.86469559E-05 0.00000000E+00
2.4504E+04 7.86744822E-05 0.00000000E+00
2.4528E+04 7.86814487E-05 0.00000000E+00
2.4552E+04 7.87328364E-05 0.00000000E+00
2.4575E+04 7.87869179E-05 0.00000000E+00
2.4599E+04 7.87970833E-05 0.00000000E+00
2.4622E+04 7.88243347E-05 0.00000000E+00
2.4646E+04 7.88888645E-05 0.00000000E+00
2.4669E+04 7.89217618E-05 0.00000000E+00
2.4693E+04 7.89322553E-05 0.00000000E+00
2.4716E+04 7.89845213E-05 0.00000000E+00
2.4740E+04 7.90421912E-05 0.00000000E+00
2.4764E+04 7.90572319E-05 0.00000000E+00
2.4787E+04 7.90859217E-05 0.00000000E+00
2.4811E+04 7.91518221E-05 0.00000000E+00
2.4834E+04 7.91893105E-05 0.00000000E+00
2.4858E+04 7.92029124E-05 0.00000000E+00
2.4881E+04 7.92554930E-05 0.00000000E+00
2.4905E+04 7.93158906E-05 0.00000000E+00
2.4929E+04 7.93352154E-05 0.00000000E+00
2.4952E+04 7.93649383E-05 0.00000000E+00
2.4976E+04 7.94314622E-05 0.00000000E+00
2.4999E+04 7.94727546E-05 0.00000000E+00
2.5023E+04 7.94890377E-05 0.00000000E+00
2.5046E+04 7.95413999E-05 0.00000000E+00
2.5070E+04 7.96036825E-05 0.00000000E+00
2.5093E+04 7.96266867E-05 0.00000000E+00
2.5117E+04 7.96570520E-05 0.00000000E+00
2.5141E+04 7.97234886E-05 0.00000000E+00
2.5164E+04 7.97677994E-05 0.00000000E+00
2.5188E+04 7.97863329E-05 0.00000000E+00
2.5211E+04 7.98379793E-05 0.00000000E+00
2.5235E+04 7.99013306E-05 0.00000000E+00
2.5258E+04 7.99274026E-05 0.00000000E+00
2.5282E+04 7.99580375E-05 0.00000000E+00
2.5306E+04 8.00237187E-05 0.00000000E+00
2.5329E+04 8.00702720E-05 0.00000000E+00
2.5353E+04 8.00906257E-05 0.00000000E+00
2.5376E+04 8.01410978E-05 0.00000000E+00
2.5400E+04 8.02047356E-05 0.00000000E+00
2.5423E+04 8.02332634E-05 0.00000000E+00
2.5447E+04 8.02638159E-05 0.00000000E+00
2.5470E+04 8.03281214E-05 0.00000000E+00
2.5494E+04 8.03761587E-05 0.00000000E+00
2.5518E+04 8.03979069E-05 0.00000000E+00
2.5541E+04 8.04467882E-05 0.00000000E+00
2.5565E+04 8.05099711E-05 0.00000000E+00
2.5588E+04 8.05403482E-05 0.00000000E+00
2.5612E+04 8.05704891E-05 0.00000000E+00
2.5635E+04 8.06328514E-05 0.00000000E+00
2.5659E+04 8.06816384E-05 0.00000000E+00
2.5683E+04 8.07043634E-05 0.00000000E+00
2.5706E+04 8.07512820E-05 0.00000000E+00
2.5730E+04 8.08133155E-05 0.00000000E+00
2.5753E+04 8.08449468E-05 0.00000000E+00
2.5777E+04 8.08743717E-05 0.00000000E+00
2.5800E+04 8.09342793E-05 0.00000000E+00
2.5824E+04 8.09831131E-05 0.00000000E+00
2.5847E+04 8.10064087E-05 0.00000000E+00
2.5871E+04 8.10510384E-05 0.00000000E+00
2.5895E+04 8.11112806E-05 0.00000000E+00
2.5918E+04 8.11435876E-05 0.00000000E+00
2.5942E+04 8.11720183E-05 0.00000000E+00
2.5965E+04 8.12290187E-05 0.00000000E+00
2.5989E+04 8.12772332E-05 0.00000000E+00
2.6012E+04 8.13007081E-05 0.00000000E+00
2.6036E+04 8.13427694E-05 0.00000000E+00
2.6060E+04 8.14006351E-05 0.00000000E+00
2.6083E+04 8.14330611E-05 0.00000000E+00
2.6107E+04 8.14602464E-05 0.00000000E+00
2.6130E+04 8.15139478E-05 0.00000000E+00
2.6154E+04 8.15609196E-05 0.00000000E+00
2.6177E+04 8.15841995E-05 0.00000000E+00
2.6201E+04 8.16234597E-05 0.00000000E+00
2.6224E+04 8.16784244E-05 0.00000000E+00
2.6248E+04 8.17104388E-05 0.00000000E+00
2.6272E+04 8.17361554E-05 0.00000000E+00
2.6295E+04 8.17862282E-05 0.00000000E+00
2.6319E+04 8.18313810E-05 0.00000000E+00
2.6342E+04 8.18541115E-05 0.00000000E+00
2.6366E+04 8.18903848E-05 0.00000000E+00
2.6389E+04 8.19419877E-05 0.00000000E+00
2.6413E+04 8.19730908E-05 0.00000000E+00
2.6437E+04 8.19971429E-05 0.00000000E+00
2.6460E+04 8.20433203E-05 0.00000000E+00
2.6484E+04 8.20861296E-05 0.00000000E+00
2.6507E+04 8.21079785E-05 0.00000000E+00
2.6531E+04 8.21411246E-05 0.00000000E+00
2.6554E+04 8.21889709E-05 0.00000000E+00
2.6578E+04 8.22186975E-05 0.00000000E+00
2.6601E+04 8.22409174E-05 0.00000000E+00
2.6625E+04 8.22829943E-05 0.00000000E+00
2.6649E+04 8.23229907E-05 0.00000000E+00
2.6672E+04 8.23436502E-05 0.00000000E+00
2.6696E+04 8.23735729E-05 0.00000000E+00
2.6719E+04 8.24173345E-05 0.00000000E+00
2.6743E+04 8.24452573E-05 0.00000000E+00
2.6766E+04 8.24655048E-05 0.00000000E+00
2.6790E+04 8.25033368E-05 0.00000000E+00
2.6813E+04 8.25401084E-05 0.00000000E+00
2.6837E+04 8.25592965E-05 0.00000000E+00
2.6861E+04 8.25859417E-05 0.00000000E+00
2.6884E+04 8.26253572E-05 0.00000000E+00
2.6908E+04 8.26510898E-05 0.00000000E+00
2.6931E+04 8.26692511E-05 0.00000000E+00
2.6955E+04 8.27027525E-05 0.00000000E+00
2.6978E+04 8.27359466E-05 0.00000000E+00
2.7002E+04 8.27534083E-05 0.00000000E+00
2.7026E+04 8.27767616E-05 0.00000000E+00
2.7049E+04 8.28116362E-05 0.00000000E+00
2.7073E+04 8.28348347E-05 0.00000000E+00
2.7096E+04 8.28508220E-05 0.00000000E+00
2.7120E+04 8.28799629E-05 0.00000000E+00
2.7143E+04 8.29092872E-05 0.00000000E+00
2.7167E+04 8.29247962E-05 0.00000000E+00
2.7190E+04 8.29448799E-05 0.00000000E+00
2.7214E+04 8.29750834E-05 0.00000000E+00
2.7238E+04 8.29954489E-05 0.00000000E+00
2.7261E+04 8.30091992E-05 0.00000000E+00
2.7285E+04 8.30340023E-05 0.00000000E+00
2.7308E+04 8.30592252E-05 0.00000000E+00
2.7332E+04 8.30725843E-05 0.00000000E+00
2.7355E+04 8.30894545E-05 0.00000000E+00
2.7379E+04 8.31149196E-05 0.00000000E+00
2.7403E+04 8.31321987E-05 0.00000000E+00
2.7426E+04 8.31436727E-05 0.00000000E+00
2.7450E+04 8.31642097E-05 0.00000000E+00
2.7473E+04 8.31851593E-05 0.00000000E+00
2.7497E+04 8.31962012E-05 0.00000000E+00
2.7520E+04 8.32099448E-05 0.00000000E+00
2.7544E+04 8.32306638E-05 0.00000000E+00
2.7567E+04 8.32446496E-05 0.00000000E+00
2.7591E+04 8.32538302E-05 0.00000000E+00
2.7615E+04 8.32702179E-05 0.00000000E+00
2.7638E+04 8.32867817E-05 0.00000000E+00
2.7662E+04 8.32953690E-05 0.00000000E+00
2.7685E+04 8.33061004E-05 0.00000000E+00
2.7709E+04 8.33221222E-05 0.00000000E+00
2.7732E+04 8.33326546E-05 0.00000000E+00
2.7756E+04 8.33395458E-05 0.00000000E+00
2.7780E+04 8.33519418E-05 0.00000000E+00
2.7803E+04 8.33640644E-05 0.00000000E+00
2.7827E+04 8.33700901E-05 0.00000000E+00
2.7850E+04 8.33779479E-05 0.00000000E+00
2.7874E+04 8.33893744E-05 0.00000000E+00
2.7897E+04 8.33963394E-05 0.00000000E+00
2.7921E+04 8.34009653E-05 0.00000000E+00
2.7944E+04 8.34095634E-05 0.00000000E+00
2.7968E+04 8.34172445E-05 0.00000000E+00
2.7992E+04 8.34206319E-05 0.00000000E+00
2.8015E+04 8.34257754E-05 0.00000000E+00
2.8039E+04 8.34327569E-05 0.00000000E+00
2.8062E+04 8.34360862E-05 0.00000000E+00
2.8086E+04 8.34384889E-05 0.00000000E+00
2.8109E+04 8.34435143E-05 0.00000000E+00
2.8133E+04 8.34468059E-05 0.00000000E+00
2.8157E+04 8.34475080E-05 0.00000000E+00
2.8180E+04 8.34501138E-05 0.00000000E+00
2.8204E+04 8.34528443E-05 0.00000000E+00
2.8227E+04 8.34525136E-05 0.00000000E+00
2.8251E+04 8.34527522E-05 0.00000000E+00
2.8274E+04 8.34544569E-05 0.00000000E+00
2.8298E+04 8.34534593E-05 0.00000000E+00
2.8321E+04 8.34514578E-05 0.00000000E+00
2.8345E+04 8.34517169E-05 0.00000000E+00
2.8369E+04 8.34504290E-05 0.00000000E+00
2.8392E+04 8.34464564E-05 0.00000000E+00
2.8416E+04 8.34446053E-05 0.00000000E+00
2.8439E+04 8.34432630E-05 0.00000000E+00
2.8463E+04 8.34381215E-05 0.00000000E+00
2.8486E+04 8.34334259E-05 0.00000000E+00
2.8510E+04 8.34315401E-05 0.00000000E+00
2.8534E+04 8.34265002E-05 0.00000000E+00
2.8557E+04 8.34189436E-05 0.00000000E+00
2.8581E+04 8.34150910E-05 0.00000000E+00
2.8604E+04 8.34109926E-05 0.00000000E+00
2.8628E+04 8.34018931E-05 0.00000000E+00
2.8651E+04 8.33945397E-05 0.00000000E+00
2.8675E+04 8.33907188E-05 0.00000000E+00
2.8698E+04 8.33822215E-05 0.00000000E+00
2.8722E+04 8.33711762E-05 0.00000000E+00
2.8746E+04 8.33654227E-05 0.00000000E+00
2.8769E+04 8.33588714E-05 0.00000000E+00
2.8793E+04 8.33460359E-05 0.00000000E+00
2.8816E+04 8.33360860E-05 0.00000000E+00
2.8840E+04 8.33305449E-05 0.00000000E+00
2.8863E+04 8.33189078E-05 0.00000000E+00
2.8887E+04 8.33045035E-05 0.00000000E+00
2.8911E+04 8.32969605E-05 0.00000000E+00
2.8934E+04 8.32882678E-05 0.00000000E+00
2.8958E+04 8.32719496E-05 0.00000000E+00
2.8981E+04 8.32594880E-05 0.00000000E+00
2.9005E+04 8.32524439E-05 0.00000000E+00
2.9028E+04 8.32380026E-05 0.00000000E+00
2.9052E+04 8.32204003E-05 0.00000000E+00
2.9075E+04 8.32111884E-05 0.00000000E+00
2.9099E+04 8.32006697E-05 0.00000000E+00
2.9123E+04 8.31811491E-05 0.00000000E+00
2.9146E+04 8.31662820E-05 0.00000000E+00
2.9170E+04 8.31579522E-05 0.00000000E+00
2.9193E+04 8.31410554E-05 0.00000000E+00
2.9217E+04 8.31204438E-05 0.00000000E+00
2.9240E+04 8.31096915E-05 0.00000000E+00
2.9264E+04 8.30976624E-05 0.00000000E+00
2.9287E+04 8.30752417E-05 0.00000000E+00
2.9311E+04 8.30580952E-05 0.00000000E+00
2.9335E+04 8.30486948E-05 0.00000000E+00
2.9358E+04 8.30296988E-05 0.00000000E+00
2.9382E+04 8.30062912E-05 0.00000000E+00
2.9405E+04 8.29941334E-05 0.00000000E+00
2.9429E+04 8.29809059E-05 0.00000000E+00
2.9452E+04 8.29559045E-05 0.00000000E+00
2.9476E+04 8.29366220E-05 0.00000000E+00
2.9500E+04 8.29263617E-05 0.00000000E+00
2.9523E+04 8.29056264E-05 0.00000000E+00
2.9547E+04 8.28796566E-05 0.00000000E+00
2.9570E+04 8.28662332E-05 0.00000000E+00
2.9594E+04 8.28521122E-05 0.00000000E+00
2.9617E+04 8.28248620E-05 0.00000000E+00
2.9641E+04 8.28036020E-05 0.00000000E+00
2.9664E+04 8.27926863E-05 0.00000000E+00
2.9688E+04 8.27705701E-05 0.00000000E+00
2.9712E+04 8.27422889E-05 0.00000000E+00
2.9735E+04 8.27277429E-05 0.00000000E+00
2.9759E+04 8.27130235E-05 0.00000000E+00
2.9782E+04 8.26838643E-05 0.00000000E+00
2.9806E+04 8.26607980E-05 0.00000000E+00
2.9829E+04 8.26494234E-05 0.00000000E+00
2.9853E+04 8.26262798E-05 0.00000000E+00
2.9877E+04 8.25959507E-05 0.00000000E+00
2.9900E+04 8.25804273E-05 0.00000000E+00
2.9924E+04 8.25653920E-05 0.00000000E+00
2.9947E+04 8.25346668E-05 0.00000000E+00
2.9971E+04 8.25099757E-05 0.00000000E+00
2.9994E+04 8.24983295E-05 0.00000000E+00
3.0018E+04 8.24745025E-05 0.00000000E+00
3.0041E+04 8.24423988E-05 0.00000000E+00
3.0065E+04 8.24260437E-05 0.00000000E+00
3.0089E+04 8.24109598E-05 0.00000000E+00
3.0112E+04 8.23790108E-05 0.00000000E+00
3.0136E+04 8.23528845E-05 0.00000000E+00
3.0159E+04 8.23411432E-05 0.00000000E+00
3.0183E+04 8.23169645E-05 0.00000000E+00
3.0206E+04 8.22833648E-05 0.00000000E+00
3.0230E+04 8.22663230E-05 0.00000000E+00
3.0254E+04 8.22514409E-05 0.00000000E+00
3.0277E+04 8.22186056E-05 0.00000000E+00
3.0301E+04 8.21912387E-05 0.00000000E+00
3.0324E+04 8.21795674E-05 0.00000000E+00
3.0348E+04 8.21553530E-05 0.00000000E+00
3.0371E+04 8.21205381E-05 0.00000000E+00
3.0395E+04 8.21029525E-05 0.00000000E+00
3.0418E+04 8.20885041E-05 0.00000000E+00
3.0442E+04 8.20551114E-05 0.00000000E+00
3.0466E+04 8.20267019E-05 0.00000000E+00
3.0489E+04 8.20152530E-05 0.00000000E+00
3.0513E+04 8.19913010E-05 0.00000000E+00
3.0536E+04 8.19555506E-05 0.00000000E+00
3.0560E+04 8.19375610E-05 0.00000000E+00
3.0583E+04 8.19237582E-05 0.00000000E+00
3.0607E+04 8.18901255E-05 0.00000000E+00
3.0631E+04 8.18608722E-05 0.00000000E+00
3.0654E+04 8.18497850E-05 0.00000000E+00
3.0678E+04 8.18263728E-05 0.00000000E+00
3.0701E+04 8.17899626E-05 0.00000000E+00
3.0725E+04 8.17717043E-05 0.00000000E+00
3.0748E+04 8.17587381E-05 0.00000000E+00
3.0772E+04 8.17251683E-05 0.00000000E+00
3.0795E+04 8.16952685E-05 0.00000000E+00
3.0819E+04 8.16846687E-05 0.00000000E+00
3.0843E+04 8.16620516E-05 0.00000000E+00
3.0866E+04 8.16252500E-05 0.00000000E+00
3.0890E+04 8.16068529E-05 0.00000000E+00
3.0913E+04 8.15948927E-05 0.00000000E+00
3.0937E+04 8.15616713E-05 0.00000000E+00
3.0960E+04 8.15313188E-05 0.00000000E+00
3.0984E+04 8.15213180E-05 0.00000000E+00
3.1008E+04 8.14997275E-05 0.00000000E+00
3.1031E+04 8.14627930E-05 0.00000000E+00
3.1055E+04 8.14443807E-05 0.00000000E+00
3.1078E+04 8.14335736E-05 0.00000000E+00
3.1102E+04 8.14009667E-05 0.00000000E+00
3.1125E+04 8.13703499E-05 0.00000000E+00
3.1149E+04 8.13610456E-05 0.00000000E+00
3.1172E+04 8.13406881E-05 0.00000000E+00
3.1196E+04 8.13038670E-05 0.00000000E+00
3.1220E+04 8.12855559E-05 0.00000000E+00
3.1243E+04 8.12760270E-05 0.00000000E+00
3.1267E+04 8.12442793E-05 0.00000000E+00
3.1290E+04 8.12135793E-05 0.00000000E+00
3.1314E+04 8.12050543E-05 0.00000000E+00
3.1337E+04 8.11861108E-05 0.00000000E+00
3.1361E+04 8.11496352E-05 0.00000000E+00
3.1385E+04 8.11315333E-05 0.00000000E+00
3.1408E+04 8.11233854E-05 0.00000000E+00
3.1432E+04 8.10927188E-05 0.00000000E+00
3.1455E+04 8.10621080E-05 0.00000000E+00
3.1479E+04 8.10544312E-05 0.00000000E+00
3.1502E+04 8.10370564E-05 0.00000000E+00
3.1526E+04 8.10011421E-05 0.00000000E+00
3.1549E+04 8.09833490E-05 0.00000000E+00
3.1573E+04 8.09766630E-05 0.00000000E+00
3.1597E+04 8.09472754E-05 0.00000000E+00
3.1620E+04 8.09169156E-05 0.00000000E+00
3.1644E+04 8.09101418E-05 0.00000000E+00
3.1667E+04 8.08944643E-05 0.00000000E+00
3.1691E+04 8.08593093E-05 0.00000000E+00
3.1714E+04 8.08419153E-05 0.00000000E+00
3.1738E+04 8.08367508E-05 0.00000000E+00
3.1762E+04 8.08088152E-05 0.00000000E+00
3.1785E+04 8.07788568E-05 0.00000000E+00
3.1809E+04 8.07730274E-05 0.00000000E+00
3.1832E+04 8.07591496E-05 0.00000000E+00
3.1856E+04 8.07249333E-05 0.00000000E+00
3.1879E+04 8.07080190E-05 0.00000000E+00
3.1903E+04 8.07044152E-05 0.00000000E+00
3.1926E+04 8.06780793E-05 0.00000000E+00
3.1950E+04 8.06486603E-05 0.00000000E+00
3.1974E+04 8.06438031E-05 0.00000000E+00
3.1997E+04 8.06318022E-05 0.00000000E+00
3.2021E+04 8.05986841E-05 0.00000000E+00
3.2044E+04 8.05823201E-05 0.00000000E+00
3.2068E+04 8.05802965E-05 0.00000000E+00
3.2091E+04 8.05556830E-05 0.00000000E+00
3.2115E+04 8.05269277E-05 0.00000000E+00
3.2138E+04 8.05230583E-05 0.00000000E+00
3.2162E+04 8.05129866E-05 0.00000000E+00
3.2186E+04 8.04811058E-05 0.00000000E+00
3.2209E+04 8.04653526E-05 0.00000000E+00
3.2233E+04 8.04649100E-05 0.00000000E+00
3.2256E+04 8.04421162E-05 0.00000000E+00
3.2280E+04 8.04141352E-05 0.00000000E+00
3.2303E+04 8.04112569E-05 0.00000000E+00
3.2327E+04 8.04031430E-05 0.00000000E+00
3.2351E+04 8.03726175E-05 0.00000000E+00
3.2374E+04 8.03575254E-05 0.00000000E+00
3.2398E+04 8.03586475E-05 0.00000000E+00
3.2421E+04 8.03377457E-05 0.00000000E+00
3.2445E+04 8.03106348E-05 0.00000000E+00
3.2468E+04 8.03087399E-05 0.00000000E+00
3.2492E+04 8.03025896E-05 0.00000000E+00
3.2515E+04 8.02735168E-05 0.00000000E+00
3.2539E+04 8.02591258E-05 0.00000000E+00
3.2563E+04 8.02617798E-05 0.00000000E+00
3.2586E+04 8.02428184E-05 0.00000000E+00
3.2610E+04 8.02166589E-05 0.00000000E+00
3.2633E+04 8.02157290E-05 0.00000000E+00
3.2657E+04 8.02115268E-05 0.00000000E+00
3.2680E+04 8.01839831E-05 0.00000000E+00
3.2704E+04 8.01703233E-05 0.00000000E+00
3.2728E+04 8.01744617E-05 0.00000000E+00
3.2751E+04 8.01574657E-05 0.00000000E+00
3.2775E+04 8.01323240E-05 0.00000000E+00
3.2798E+04 8.01323310E-05 0.00000000E+00
3.2822E+04 8.01300418E-05 0.00000000E+00
3.2845E+04 8.01040830E-05 0.00000000E+00
3.2869E+04 8.00911745E-05 0.00000000E+00
3.2892E+04 8.00967367E-05 0.00000000E+00
3.2916E+04 8.00817090E-05 0.00000000E+00
3.2940E+04 8.00576367E-05 0.00000000E+00
3.2963E+04 8.00585439E-05 0.00000000E+00
3.2987E+04 8.00581140E-05 0.00000000E+00
3.3010E+04 8.00337760E-05 0.00000000E+00
3.3034E+04 8.00216294E-05 0.00000000E+00
3.3057E+04 8.00285429E-05 0.00000000E+00
3.3081E+04 8.00154656E-05 0.00000000E+00
3.3105E+04 7.99924996E-05 0.00000000E+00
3.3128E+04 7.99942626E-05 0.00000000E+00
3.3152E+04 7.99956219E-05 0.00000000E+00
3.3175E+04 7.99729215E-05 0.00000000E+00
3.3199E+04 7.99615383E-05 0.00000000E+00
3.3222E+04 7.99697202E-05 0.00000000E+00
3.3246E+04 7.99585560E-05 0.00000000E+00
3.3269E+04 7.99367194E-05 0.00000000E+00
3.3293E+04 7.99392866E-05 0.00000000E+00
3.3317E+04 7.99423504E-05 0.00000000E+00
3.3340E+04 7.99212861E-05 0.00000000E+00
3.3364E+04 7.99106591E-05 0.00000000E+00
3.3387E+04 7.99200180E-05 0.00000000E+00
3.3411E+04 7.99107118E-05 0.00000000E+00
3.3434E+04 7.98900139E-05 0.00000000E+00
3.3458E+04 7.98933281E-05 0.00000000E+00
3.3482E+04 7.98979989E-05 0.00000000E+00
3.3505E+04 7.98785518E-05 0.00000000E+00
3.3529E+04 7.98686659E-05 0.00000000E+00
3.3552E+04 7.98791032E-05 0.00000000E+00
3.3576E+04 7.98715836E-05 0.00000000E+00
3.3599E+04 7.98520209E-05 0.00000000E+00
3.3623E+04 7.98560198E-05 0.00000000E+00
3.3646E+04 7.98621889E-05 0.00000000E+00
3.3670E+04 7.98443244E-05 0.00000000E+00
3.3694E+04 7.98351569E-05 0.00000000E+00
3.3717E+04 7.98465683E-05 0.00000000E+00
3.3741E+04 7.98407495E-05 0.00000000E+00
3.3764E+04 7.98223062E-05 0.00000000E+00
3.3788E+04 7.98269237E-05 0.00000000E+00
3.3811E+04 7.98344732E-05 0.00000000E+00
3.3835E+04 7.98181418E-05 0.00000000E+00
3.3859E+04 7.98096630E-05 0.00000000E+00
3.3882E+04 7.98219401E-05 0.00000000E+00
3.3906E+04 7.98177239E-05 0.00000000E+00
3.3929E+04 7.98003727E-05 0.00000000E+00
3.3953E+04 7.98055395E-05 0.00000000E+00
3.3976E+04 7.98143444E-05 0.00000000E+00
3.4000E+04 7.97994832E-05 0.00000000E+00
3.4023E+04 7.97916574E-05 0.00000000E+00
3.4047E+04 7.98046892E-05 0.00000000E+00
3.4071E+04 7.98019662E-05 0.00000000E+00
3.4094E+04 7.97856696E-05 0.00000000E+00
3.4118E+04 7.97913143E-05 0.00000000E+00
3.4141E+04 7.98012440E-05 0.00000000E+00
3.4165E+04 7.97877783E-05 0.00000000E+00
3.4188E+04 7.97805642E-05 0.00000000E+00
3.4212E+04 7.97942381E-05 0.00000000E+00
3.4236E+04 7.97928902E-05 0.00000000E+00
3.4259E+04 7.97776011E-05 0.00000000E+00
3.4283E+04 7.97836510E-05 0.00000000E+00
3.4306E+04 7.97945712E-05 0.00000000E+00
3.4330E+04 7.97824157E-05 0.00000000E+00
3.4353E+04 7.97757674E-05 0.00000000E+00
3.4377E+04 7.97899709E-05 0.00000000E+00
3.4400E+04 7.97898729E-05 0.00000000E+00
3.4424E+04 7.97755356E-05 0.00000000E+00
3.4448E+04 7.97819176E-05 0.00000000E+00
3.4471E+04 7.97936921E-05 0.00000000E+00
3.4495E+04 7.97827527E-05 0.00000000E+00
3.4518E+04 7.97766199E-05 0.00000000E+00
3.4542E+04 7.97912419E-05 0.00000000E+00
3.4565E+04 7.97922630E-05 0.00000000E+00
3.4589E+04 7.97788144E-05 0.00000000E+00
3.4612E+04 7.97854558E-05 0.00000000E+00
3.4636E+04 7.97979481E-05 0.00000000E+00
3.4660E+04 7.97881234E-05 0.00000000E+00
3.4683E+04 7.97824526E-05 0.00000000E+00
3.4707E+04 7.97973843E-05 0.00000000E+00
3.4730E+04 7.97993904E-05 0.00000000E+00
3.4754E+04 7.97867611E-05 0.00000000E+00
3.4777E+04 7.97935903E-05 0.00000000E+00
3.4801E+04 7.98066649E-05 0.00000000E+00
3.4825E+04 7.97978475E-05 0.00000000E+00
3.4848E+04 7.97925827E-05 0.00000000E+00
3.4872E+04 7.98077187E-05 0.00000000E+00
3.4895E+04 7.98105738E-05 0.00000000E+00
3.4919E+04 7.97986890E-05 0.00000000E+00
3.4942E+04 7.98056361E-05 0.00000000E+00
3.4966E+04 7.98191604E-05 0.00000000E+00
3.4989E+04 7.98112387E-05 0.00000000E+00
3.5013E+04 7.98063217E-05 0.00000000E+00
3.5037E+04 7.98215610E-05 0.00000000E+00
3.5060E+04 7.98251288E-05 0.00000000E+00
3.5084E+04 7.98139095E-05 0.00000000E+00
3.5107E+04 7.98209070E-05 0.00000000E+00
3.5131E+04 7.98347522E-05 0.00000000E+00
3.5154E+04 7.98276118E-05 0.00000000E+00
3.5178E+04 7.98229833E-05 0.00000000E+00
3.5202E+04 7.98382299E-05 0.00000000E+00
3.5225E+04 7.98423755E-05 0.00000000E+00
3.5249E+04 7.98317396E-05 0.00000000E+00
3.5272E+04 7.98387228E-05 0.00000000E+00
3.5296E+04 7.98527652E-05 0.00000000E+00
3.5319E+04 7.98462900E-05 0.00000000E+00
3.5343E+04 7.98418901E-05 0.00000000E+00
3.5366E+04 7.98570541E-05 0.00000000E+00
3.5390E+04 7.98616451E-05 0.00000000E+00
3.5414E+04 7.98515084E-05 0.00000000E+00
3.5437E+04 7.98584160E-05 0.00000000E+00
3.5461E+04 7.98725383E-05 0.00000000E+00
3.5484E+04 7.98666123E-05 0.00000000E+00
3.5508E+04 7.98623809E-05 0.00000000E+00
3.5531E+04 7.98773788E-05 0.00000000E+00
3.5555E+04 7.98822871E-05 0.00000000E+00
3.5579E+04 7.98725642E-05 0.00000000E+00
3.5602E+04 7.98793387E-05 0.00000000E+00
3.5626E+04 7.98934303E-05 0.00000000E+00
3.5649E+04 7.98879388E-05 0.00000000E+00
3.5673E+04 7.98838165E-05 0.00000000E+00
3.5696E+04 7.98985718E-05 0.00000000E+00
3.5720E+04 7.99036742E-05 0.00000000E+00
3.5743E+04 7.98942796E-05 0.00000000E+00
3.5767E+04 7.99008674E-05 0.00000000E+00
3.5791E+04 7.99148262E-05 0.00000000E+00
3.5814E+04 7.99096565E-05 0.00000000E+00
3.5838E+04 7.99055850E-05 0.00000000E+00
3.5861E+04 7.99200286E-05 0.00000000E+00
3.5885E+04 7.99252085E-05 0.00000000E+00
3.5908E+04 7.99160573E-05 0.00000000E+00
3.5932E+04 7.99224094E-05 0.00000000E+00
3.5956E+04 7.99361415E-05 0.00000000E+00
3.5979E+04 7.99311846E-05 0.00000000E+00
3.6003E+04 7.99271072E-05 0.00000000E+00
3.6026E+04 7.99411777E-05 0.00000000E+00
3.6050E+04 7.99463256E-05 0.00000000E+00
3.6073E+04 7.99373347E-05 0.00000000E+00
3.6097E+04 7.99434065E-05 0.00000000E+00
3.6120E+04 7.99568272E-05 0.00000000E+00
3.6144E+04 7.99519788E-05 0.00000000E+00
3.6168E+04 7.99478408E-05 0.00000000E+00
3.6191E+04 7.99614845E-05 0.00000000E+00
3.6215E+04 7.99664990E-05 0.00000000E+00
3.6238E+04 7.99575877E-05 0.00000000E+00
3.6262E+04 7.99633394E-05 0.00000000E+00
3.6285E+04 7.99763734E-05 0.00000000E+00
3.6309E+04 7.99715345E-05 0.00000000E+00
3.6333E+04 7.99672839E-05 0.00000000E+00
3.6356E+04 7.99804550E-05 0.00000000E+00
3.6380E+04 7.99852433E-05 0.00000000E+00
3.6403E+04 7.99763342E-05 0.00000000E+00
3.6427E+04 7.99817306E-05 0.00000000E+00
3.6450E+04 7.99943126E-05 0.00000000E+00
3.6474E+04 7.99893903E-05 0.00000000E+00
3.6497E+04 7.99849777E-05 0.00000000E+00
3.6521E+04 7.99976384E-05 0.00000000E+00
3.6545E+04 8.00021171E-05 0.00000000E+00
3.6568E+04 7.99931364E-05 0.00000000E+00
3.6592E+04 7.99981472E-05 0.00000000E+00
3.6615E+04 8.00102215E-05 0.00000000E+00
3.6639E+04 8.00051300E-05 0.00000000E+00
3.6662E+04 8.00005094E-05 0.00000000E+00
3.6686E+04 8.00126295E-05 0.00000000E+00
3.6710E+04 8.00167248E-05 0.00000000E+00
3.6733E+04 8.00076032E-05 0.00000000E+00
3.6757E+04 8.00122028E-05 0.00000000E+00
3.6780E+04 8.00237238E-05 0.00000000E+00
3.6804E+04 8.00183847E-05 0.00000000E+00
3.6827E+04 8.00135135E-05 0.00000000E+00
3.6851E+04 8.00250704E-05 0.00000000E+00
3.6874E+04 8.00287184E-05 0.00000000E+00
3.6898E+04 8.00193916E-05 0.00000000E+00
3.6922E+04 8.00235592E-05 0.00000000E+00
3.6945E+04 8.00344908E-05 0.00000000E+00
3.6969E+04 8.00288337E-05 0.00000000E+00
3.6992E+04 8.00236730E-05 0.00000000E+00
3.7016E+04 8.00346514E-05 0.00000000E+00
3.7039E+04 8.00377981E-05 0.00000000E+00
3.7063E+04 8.00282072E-05 0.00000000E+00
3.7087E+04 8.00319265E-05 0.00000000E+00
3.7110E+04 8.00422424E-05 0.00000000E+00
3.7134E+04 8.00362050E-05 0.00000000E+00
3.7157E+04 8.00307200E-05 0.00000000E+00
3.7181E+04 8.00411114E-05 0.00000000E+00
3.7204E+04 8.00437131E-05 0.00000000E+00
3.7228E+04 8.00338047E-05 0.00000000E+00
3.7251E+04 8.00370640E-05 0.00000000E+00
3.7275E+04 8.00467469E-05 0.00000000E+00
3.7299E+04 8.00402759E-05 0.00000000E+00
3.7322E+04 8.00344354E-05 0.00000000E+00
3.7346E+04 8.00442381E-05 0.00000000E+00
3.7369E+04 8.00462609E-05 0.00000000E+00
3.7393E+04 8.00359880E-05 0.00000000E+00
3.7416E+04 8.00387795E-05 0.00000000E+00
3.7440E+04 8.00478213E-05 0.00000000E+00
3.7463E+04 8.00408716E-05 0.00000000E+00
3.7487E+04 8.00346489E-05 0.00000000E+00
3.7511E+04 8.00438673E-05 0.00000000E+00
3.7534E+04 8.00452871E-05 0.00000000E+00
3.7558E+04 8.00346088E-05 0.00000000E+00
3.7581E+04 8.00369290E-05 0.00000000E+00
3.7605E+04 8.00453297E-05 0.00000000E+00
3.7628E+04 8.00378652E-05 0.00000000E+00
3.7652E+04 8.00312377E-05 0.00000000E+00
3.7676E+04 8.00398817E-05 0.00000000E+00
3.7699E+04 8.00406839E-05 0.00000000E+00
3.7723E+04 8.00295656E-05 0.00000000E+00
3.7746E+04 8.00314148E-05 0.00000000E+00
3.7770E+04 8.00391822E-05 0.00000000E+00
3.7793E+04 8.00311754E-05 0.00000000E+00
3.7817E+04 8.00241248E-05 0.00000000E+00
3.7840E+04 8.00322096E-05 0.00000000E+00
3.7864E+04 8.00323887E-05 0.00000000E+00
3.7888E+04 8.00208021E-05 0.00000000E+00
3.7911E+04 8.00221842E-05 0.00000000E+00
3.7935E+04 8.00293336E-05 0.00000000E+00
3.7958E+04 8.00207653E-05 0.00000000E+00
3.7982E+04 8.00132773E-05 0.00000000E+00
3.8005E+04 8.00208227E-05 0.00000000E+00
3.8029E+04 8.00203817E-05 0.00000000E+00
3.8053E+04 8.00083053E-05 0.00000000E+00
3.8076E+04 8.00092272E-05 0.00000000E+00
3.8100E+04 8.00157803E-05 0.00000000E+00
3.8123E+04 8.00066398E-05 0.00000000E+00
3.8147E+04 7.99987043E-05 0.00000000E+00
3.8170E+04 8.00057342E-05 0.00000000E+00
3.8194E+04 8.00046843E-05 0.00000000E+00
3.8217E+04 7.99921025E-05 0.00000000E+00
3.8241E+04 7.99925742E-05 0.00000000E+00
3.8265E+04 7.99985588E-05 0.00000000E+00
3.8288E+04 7.99888431E-05 0.00000000E+00
3.8312E+04 7.99804542E-05 0.00000000E+00
3.8335E+04 7.99869959E-05 0.00000000E+00
3.8359E+04 7.99853555E-05 0.00000000E+00
3.8382E+04 7.99722593E-05 0.00000000E+00
3.8406E+04 7.99722936E-05 0.00000000E+00
3.8430E+04 7.99777425E-05 0.00000000E+00
3.8453E+04 7.99674563E-05 0.00000000E+00
3.8477E+04 7.99586117E-05 0.00000000E+00
3.8500E+04 7.99646957E-05 0.00000000E+00
3.8524E+04 7.99624902E-05 0.00000000E+00
3.8547E+04 7.99488762E-05 0.00000000E+00
3.8571E+04 7.99484882E-05 0.00000000E+00
3.8594E+04 7.99534388E-05 0.00000000E+00
3.8618E+04 7.99425937E-05 0.00000000E+00
3.8642E+04 7.99332952E-05 0.00000000E+00
3.8665E+04 7.99389542E-05 0.00000000E+00
3.8689E+04 7.99362149E-05 0.00000000E+00
3.8712E+04 7.99220857E-05 0.00000000E+00
3.8736E+04 7.99212925E-05 0.00000000E+00
3.8759E+04 7.99257863E-05 0.00000000E+00
3.8783E+04 7.99144004E-05 0.00000000E+00
3.8807E+04 7.99046530E-05 0.00000000E+00
3.8830E+04 7.99099218E-05 0.00000000E+00
3.8854E+04 7.99066857E-05 0.00000000E+00
3.8877E+04 7.98920491E-05 0.00000000E+00
3.8901E+04 7.98908697E-05 0.00000000E+00
3.8924E+04 7.98949509E-05 0.00000000E+00
3.8948E+04 7.98830485E-05 0.00000000E+00
3.8971E+04 7.98728606E-05 0.00000000E+00
3.8995E+04 7.98777753E-05 0.00000000E+00
3.9019E+04 7.98740838E-05 0.00000000E+00
3.9042E+04 7.98589528E-05 0.00000000E+00
3.9066E+04 7.98574078E-05 0.00000000E+00
3.9089E+04 7.98611232E-05 0.00000000E+00
3.9113E+04 7.98487337E-05 0.00000000E+00
3.9136E+04 7.98381170E-05 0.00000000E+00
3.9160E+04 7.98427146E-05 0.00000000E+00
3.9184E+04 7.98386130E-05 0.00000000E+00
3.9207E+04 7.98230053E-05 0.00000000E+00
3.9231E+04 7.98211163E-05 0.00000000E+00
3.9254E+04 7.98245142E-05 0.00000000E+00
3.9278E+04 7.98116719E-05 0.00000000E+00
3.9301E+04 7.98006409E-05 0.00000000E+00
3.9325E+04 7.98049588E-05 0.00000000E+00
3.9348E+04 7.98004956E-05 0.00000000E+00
3.9372E+04 7.97844331E-05 0.00000000E+00
3.9396E+04 7.97822227E-05 0.00000000E+00
3.9419E+04 7.97853525E-05 0.00000000E+00
3.9443E+04 7.97720959E-05 0.00000000E+00
3.9466E+04 7.97606675E-05 0.00000000E+00
3.9490E+04 7.97647431E-05 0.00000000E+00
3.9513E+04 7.97599693E-05 0.00000000E+00
3.9537E+04 7.97434776E-05 0.00000000E+00
3.9561E+04 7.97409690E-05 0.00000000E+00
3.9584E+04 7.97438807E-05 0.00000000E+00
3.9608E+04 7.97302517E-05 0.00000000E+00
3.9631E+04 7.97184451E-05 0.00000000E+00
3.9655E+04 7.97223154E-05 0.00000000E+00
3.9678E+04 7.97172835E-05 0.00000000E+00
3.9702E+04 7.97003917E-05 0.00000000E+00
3.9725E+04 7.96976086E-05 0.00000000E+00
3.9749E+04 7.97003517E-05 0.00000000E+00
3.9773E+04 7.96863949E-05 0.00000000E+00
3.9796E+04 7.96742314E-05 0.00000000E+00
3.9820E+04 7.96779325E-05 0.00000000E+00
3.9843E+04 7.96726961E-05 0.00000000E+00
3.9867E+04 7.96554362E-05 0.00000000E+00
3.9890E+04 7.96524023E-05 0.00000000E+00
3.9914E+04 7.96550257E-05 0.00000000E+00
3.9937E+04 7.96407880E-05 0.00000000E+00
3.9961E+04 7.96282907E-05 0.00000000E+00
3.9985E+04 7.96318575E-05 0.00000000E+00
