0.0000E+00 0.00000000E+00 0.00000000E+00
2.3562E+01 0.00000000E+00 0.00000000E+00
4.7124E+01 0.00000000E+00 0.00000000E+00
7.0686E+01 0.00000000E+00 0.00000000E+00
9.4248E+01 0.00000000E+00 0.00000000E+00
1.1781E+02 0.00000000E+00 0.00000000E+00
1.4137E+02 0.00000000E+00 0.00000000E+00
1.6493E+02 0.00000000E+00 0.00000000E+00
1.8850E+02 0.00000000E+00 0.00000000E+00
2.1206E+02 0.00000000E+00 0.00000000E+00
2.3562E+02 0.00000000E+00 0.00000000E+00
2.5918E+02 2.22923338E-274 0.00000000E+00
2.8274E+02 2.40434886E-221 0.00000000E+00
3.0631E+02 1.07914188E-178 0.00000000E+00
3.2987E+02 2.13280677E-143 0.00000000E+00
3.5343E+02 6.79232019E-114 0.00000000E+00
3.7699E+02 2.61164296E-89 0.00000000E+00
4.0055E+02 2.11902663E-69 0.00000000E+00
4.2412E+02 2.47265683E-52 0.00000000E+00
4.4768E+02 6.67443654E-38 0.00000000E+00
4.7124E+02 1.46351221E-27 0.00000000E+00
4.9480E+02 3.31188228E-21 0.00000000E+00
5.1836E+02 3.12193969E-19 0.00000000E+00
5.4192E+02 6.28604591E-19 0.00000000E+00
5.6549E+02 9.35166229E-19 0.00000000E+00
5.8905E+02 1.45191979E-18 0.00000000E+00
6.1261E+02 2.34156832E-18 0.00000000E+00
6.3617E+02 3.13438869E-18 0.00000000E+00
6.5973E+02 5.02750223E-18 0.00000000E+00
6.8330E+02 9.10943385E-18 0.00000000E+00
7.0686E+02 1.27771279E-17 0.00000000E+00
7.3042E+02 1.77166460E-17 0.00000000E+00
7.5398E+02 3.05229931E-17 0.00000000E+00
7.7754E+02 4.52163177E-17 0.00000000E+00
8.0111E+02 5.76884577E-17 0.00000000E+00
8.2467E+02 8.96494665E-17 0.00000000E+00
8.4823E+02 1.41779761E-16 0.00000000E+00
8.7179E+02 1.81807852E-16 0.00000000E+00
8.9535E+02 2.51403962E-16 0.00000000E+00
9.1892E+02 4.02081578E-16 0.00000000E+00
9.4248E+02 5.50247807E-16 0.00000000E+00
9.6604E+02 6.96365755E-16 0.00000000E+00
9.8960E+02 1.07364028E-15 0.00000000E+00
1.0132E+03 1.59358207E-15 0.00000000E+00
1.0367E+03 1.98543669E-15 0.00000000E+00
1.0603E+03 2.77514084E-15 0.00000000E+00
1.0838E+03 4.29769365E-15 0.00000000E+00
1.1074E+03 5.59796339E-15 0.00000000E+00
1.1310E+03 7.10342266E-15 0.00000000E+00
1.1545E+03 1.07786172E-14 0.00000000E+00
1.1781E+03 1.51053815E-14 0.00000000E+00
1.2017E+03 1.84273687E-14 0.00000000E+00
1.2252E+03 2.58548416E-14 0.00000000E+00
1.2488E+03 3.83536239E-14 0.00000000E+00
1.2723E+03 4.80382142E-14 0.00000000E+00
1.2959E+03 6.13623945E-14 0.00000000E+00
1.3195E+03 9.14111991E-14 0.00000000E+00
1.3430E+03 1.22143414E-13 0.00000000E+00
1.3666E+03 1.47537480E-13 0.00000000E+00
1.3902E+03 2.07686110E-13 0.00000000E+00
1.4137E+03 2.95450375E-13 0.00000000E+00
1.4373E+03 3.58955560E-13 0.00000000E+00
1.4608E+03 4.62853547E-13 0.00000000E+00
1.4844E+03 6.73566420E-13 0.00000000E+00
1.5080E+03 8.62445288E-13 0.00000000E+00
1.5315E+03 1.03913443E-12 0.00000000E+00
1.5551E+03 1.45969609E-12 0.00000000E+00
1.5787E+03 1.99086880E-12 0.00000000E+00
1.6022E+03 2.36539311E-12 0.00000000E+00
1.6258E+03 3.07654421E-12 0.00000000E+00
1.6493E+03 4.34968593E-12 0.00000000E+00
1.6729E+03 5.36291741E-12 0.00000000E+00
1.6965E+03 6.47656358E-12 0.00000000E+00
1.7200E+03 9.01647570E-12 0.00000000E+00
1.7436E+03 1.17927126E-11 0.00000000E+00
1.7671E+03 1.38009585E-11 0.00000000E+00
1.7907E+03 1.80515808E-11 0.00000000E+00
1.8143E+03 2.46893229E-11 0.00000000E+00
1.8378E+03 2.94809736E-11 0.00000000E+00
1.8614E+03 3.57916065E-11 0.00000000E+00
1.8850E+03 4.90637088E-11 0.00000000E+00
1.9085E+03 6.16543501E-11 0.00000000E+00
1.9321E+03 7.15429227E-11 0.00000000E+00
1.9556E+03 9.36930506E-11 0.00000000E+00
1.9792E+03 1.23633854E-10 0.00000000E+00
2.0028E+03 1.43886402E-10 0.00000000E+00
2.0263E+03 1.75766974E-10 0.00000000E+00
2.0499E+03 2.35849959E-10 0.00000000E+00
2.0735E+03 2.85688595E-10 0.00000000E+00
2.0970E+03 3.30493890E-10 0.00000000E+00
2.1206E+03 4.30995905E-10 0.00000000E+00
2.1441E+03 5.48131722E-10 0.00000000E+00
2.1677E+03 6.25835900E-10 0.00000000E+00
2.1913E+03 7.68349842E-10 0.00000000E+00
2.2148E+03 1.00433081E-09 0.00000000E+00
2.2384E+03 1.17794577E-09 0.00000000E+00
2.2619E+03 1.36378045E-09 0.00000000E+00
2.2855E+03 1.76081487E-09 0.00000000E+00
2.3091E+03 2.15961511E-09 0.00000000E+00
2.3326E+03 2.43429640E-09 0.00000000E+00
2.3562E+03 2.99526786E-09 0.00000000E+00
2.3798E+03 3.80106900E-09 0.00000000E+00
2.4033E+03 4.33982074E-09 0.00000000E+00
2.4269E+03 5.03905968E-09 0.00000000E+00
2.4504E+03 6.40626827E-09 0.00000000E+00
2.4740E+03 7.59391696E-09 0.00000000E+00
2.4976E+03 8.49733768E-09 0.00000000E+00
2.5211E+03 1.04370764E-08 0.00000000E+00
2.5447E+03 1.28361643E-08 0.00000000E+00
2.5683E+03 1.43498049E-08 0.00000000E+00
2.5918E+03 1.67147601E-08 0.00000000E+00
2.6154E+03 2.08268687E-08 0.00000000E+00
2.6389E+03 2.39442999E-08 0.00000000E+00
2.6625E+03 2.67123917E-08 0.00000000E+00
2.6861E+03 3.26025568E-08 0.00000000E+00
2.7096E+03 3.88543640E-08 0.00000000E+00
2.7332E+03 4.27770080E-08 0.00000000E+00
2.7567E+03 4.99171736E-08 0.00000000E+00
2.7803E+03 6.07503427E-08 0.00000000E+00
2.8039E+03 6.80440841E-08 0.00000000E+00
2.8274E+03 7.58952257E-08 0.00000000E+00
2.8510E+03 9.16242621E-08 0.00000000E+00
2.8746E+03 1.05960381E-07 0.00000000E+00
2.8981E+03 1.15494917E-07 0.00000000E+00
2.9217E+03 1.34666626E-07 0.00000000E+00
2.9452E+03 1.59759700E-07 0.00000000E+00
2.9688E+03 1.75211420E-07 0.00000000E+00
2.9924E+03 1.95625310E-07 0.00000000E+00
3.0159E+03 2.32666778E-07 0.00000000E+00
3.0395E+03 2.61813928E-07 0.00000000E+00
3.0631E+03 2.83749963E-07 0.00000000E+00
3.0866E+03 3.29497972E-07 0.00000000E+00
3.1102E+03 3.80851923E-07 0.00000000E+00
3.1337E+03 4.11086048E-07 0.00000000E+00
3.1573E+03 4.59324869E-07 0.00000000E+00
3.1809E+03 5.36562652E-07 0.00000000E+00
3.2044E+03 5.89662634E-07 0.00000000E+00
3.2280E+03 6.37388989E-07 0.00000000E+00
3.2515E+03 7.34579397E-07 0.00000000E+00
3.2751E+03 8.28015091E-07 0.00000000E+00
3.2987E+03 8.83812065E-07 0.00000000E+00
3.3222E+03 9.86872976E-07 0.00000000E+00
3.3458E+03 1.13021093E-06 0.00000000E+00
3.3694E+03 1.21816169E-06 0.00000000E+00
3.3929E+03 1.31557550E-06 0.00000000E+00
3.4165E+03 1.50010519E-06 0.00000000E+00
3.4400E+03 1.65244830E-06 0.00000000E+00
3.4636E+03 1.75116826E-06 0.00000000E+00
3.4872E+03 1.94999742E-06 0.00000000E+00
3.5107E+03 2.18823131E-06 0.00000000E+00
3.5343E+03 2.32318954E-06 0.00000000E+00
3.5579E+03 2.50797720E-06 0.00000000E+00
3.5814E+03 2.82278460E-06 0.00000000E+00
3.6050E+03 3.04765074E-06 0.00000000E+00
3.6285E+03 3.21620052E-06 0.00000000E+00
3.6521E+03 3.56333250E-06 0.00000000E+00
3.6757E+03 3.92058472E-06 0.00000000E+00
3.6992E+03 4.11664438E-06 0.00000000E+00
3.7228E+03 4.44033543E-06 0.00000000E+00
3.7463E+03 4.92613688E-06 0.00000000E+00
3.7699E+03 5.23052582E-06 0.00000000E+00
3.7935E+03 5.50733305E-06 0.00000000E+00
3.8170E+03 6.05840113E-06 0.00000000E+00
3.8406E+03 6.54593578E-06 0.00000000E+00
3.8642E+03 6.82119891E-06 0.00000000E+00
3.8877E+03 7.34377447E-06 0.00000000E+00
3.9113E+03 8.02712708E-06 0.00000000E+00
3.9348E+03 8.41108260E-06 0.00000000E+00
3.9584E+03 8.84490083E-06 0.00000000E+00
3.9820E+03 9.64560971E-06 0.00000000E+00
4.0055E+03 1.02570355E-05 0.00000000E+00
4.0291E+03 1.06358464E-05 0.00000000E+00
4.0527E+03 1.14150271E-05 0.00000000E+00
4.0762E+03 1.22986193E-05 0.00000000E+00
4.0998E+03 1.27584567E-05 0.00000000E+00
4.1233E+03 1.34027468E-05 0.00000000E+00
4.1469E+03 1.44759048E-05 0.00000000E+00
4.1705E+03 1.51883278E-05 0.00000000E+00
4.1940E+03 1.57016769E-05 0.00000000E+00
4.2176E+03 1.67800280E-05 0.00000000E+00
4.2412E+03 1.78394933E-05 0.00000000E+00
4.2647E+03 1.83728315E-05 0.00000000E+00
4.2883E+03 1.92766878E-05 0.00000000E+00
4.3118E+03 2.06143790E-05 0.00000000E+00
4.3354E+03 2.13948989E-05 0.00000000E+00
4.3590E+03 2.20777754E-05 0.00000000E+00
4.3825E+03 2.34722108E-05 0.00000000E+00
4.4061E+03 2.46605152E-05 0.00000000E+00
4.4296E+03 2.52703751E-05 0.00000000E+00
4.4532E+03 2.64688810E-05 0.00000000E+00
4.4768E+03 2.80323500E-05 0.00000000E+00
4.5003E+03 2.88467369E-05 0.00000000E+00
4.5239E+03 2.97329220E-05 0.00000000E+00
4.5475E+03 3.14299587E-05 0.00000000E+00
4.5710E+03 3.26868914E-05 0.00000000E+00
4.5946E+03 3.33829835E-05 0.00000000E+00
4.6181E+03 3.48900518E-05 0.00000000E+00
4.6417E+03 3.66162588E-05 0.00000000E+00
4.6653E+03 3.74362914E-05 0.00000000E+00
4.6888E+03 3.85523311E-05 0.00000000E+00
4.7124E+03 4.05096049E-05 0.00000000E+00
4.7360E+03 4.17723612E-05 0.00000000E+00
4.7595E+03 4.25693989E-05 0.00000000E+00
4.7831E+03 4.43746717E-05 0.00000000E+00
4.8066E+03 4.61861849E-05 0.00000000E+00
4.8302E+03 4.69936415E-05 0.00000000E+00
4.8538E+03 4.83537679E-05 0.00000000E+00
4.8773E+03 5.05059406E-05 0.00000000E+00
4.9009E+03 5.17176109E-05 0.00000000E+00
4.9244E+03 5.26317450E-05 0.00000000E+00
4.9480E+03 5.47013067E-05 0.00000000E+00
4.9716E+03 5.65161743E-05 0.00000000E+00
4.9951E+03 5.73033816E-05 0.00000000E+00
5.0187E+03 5.89063323E-05 0.00000000E+00
5.0423E+03 6.11728046E-05 0.00000000E+00
5.0658E+03 6.22875062E-05 0.00000000E+00
5.0894E+03 6.33322551E-05 0.00000000E+00
5.1129E+03 6.56119026E-05 0.00000000E+00
5.1365E+03 6.73515595E-05 0.00000000E+00
5.1601E+03 6.81195585E-05 0.00000000E+00
5.1836E+03 6.99473790E-05 0.00000000E+00
5.2072E+03 7.22398985E-05 0.00000000E+00
5.2308E+03 7.32248597E-05 0.00000000E+00
5.2543E+03 7.44075280E-05 0.00000000E+00
5.2779E+03 7.68273343E-05 0.00000000E+00
5.3014E+03 7.84221118E-05 0.00000000E+00
5.3250E+03 7.91776925E-05 0.00000000E+00
5.3486E+03 8.11961913E-05 0.00000000E+00
5.3721E+03 8.34255229E-05 0.00000000E+00
5.3957E+03 8.42610822E-05 0.00000000E+00
5.4192E+03 8.55801552E-05 0.00000000E+00
5.4428E+03 8.80595556E-05 0.00000000E+00
5.4664E+03 8.94521910E-05 0.00000000E+00
5.4899E+03 9.02047155E-05 0.00000000E+00
5.5135E+03 9.23652132E-05 0.00000000E+00
5.5371E+03 9.44467580E-05 0.00000000E+00
5.5606E+03 9.51251604E-05 0.00000000E+00
5.5842E+03 9.65688249E-05 0.00000000E+00
5.6077E+03 9.90218775E-05 0.00000000E+00
5.6313E+03 1.00169546E-04 0.00000000E+00
5.6549E+03 1.00928054E-04 0.00000000E+00
5.6784E+03 1.03170151E-04 0.00000000E+00
5.7020E+03 1.05028598E-04 0.00000000E+00
5.7256E+03 1.05552133E-04 0.00000000E+00
5.7491E+03 1.07097905E-04 0.00000000E+00
5.7727E+03 1.09438520E-04 0.00000000E+00
5.7962E+03 1.10313713E-04 0.00000000E+00
5.8198E+03 1.11084527E-04 0.00000000E+00
5.8434E+03 1.13339648E-04 0.00000000E+00
5.8669E+03 1.14912661E-04 0.00000000E+00
5.8905E+03 1.15291414E-04 0.00000000E+00
5.9140E+03 1.16906786E-04 0.00000000E+00
5.9376E+03 1.19053694E-04 0.00000000E+00
5.9612E+03 1.19644077E-04 0.00000000E+00
5.9847E+03 1.20429005E-04 0.00000000E+00
6.0083E+03 1.22624459E-04 0.00000000E+00
6.0319E+03 1.23865299E-04 0.00000000E+00
6.0554E+03 1.24114692E-04 0.00000000E+00
6.0790E+03 1.25758665E-04 0.00000000E+00
6.1025E+03 1.27639850E-04 0.00000000E+00
6.1261E+03 1.27947185E-04 0.00000000E+00
6.1497E+03 1.28742372E-04 0.00000000E+00
6.1732E+03 1.30805609E-04 0.00000000E+00
6.1968E+03 1.31684585E-04 0.00000000E+00
6.2204E+03 1.31822866E-04 0.00000000E+00
6.2439E+03 1.33448197E-04 0.00000000E+00
6.2675E+03 1.35004495E-04 0.00000000E+00
6.2910E+03 1.35042754E-04 0.00000000E+00
6.3146E+03 1.35838220E-04 0.00000000E+00
6.3382E+03 1.37700967E-04 0.00000000E+00
6.3617E+03 1.38205677E-04 0.00000000E+00
6.3853E+03 1.38251549E-04 0.00000000E+00
6.4088E+03 1.39807495E-04 0.00000000E+00
6.4324E+03 1.40995165E-04 0.00000000E+00
6.4560E+03 1.40788040E-04 0.00000000E+00
6.4795E+03 1.41567905E-04 0.00000000E+00
6.5031E+03 1.43169885E-04 0.00000000E+00
6.5267E+03 1.43304336E-04 0.00000000E+00
6.5502E+03 1.43274926E-04 0.00000000E+00
6.5738E+03 1.44710264E-04 0.00000000E+00
6.5973E+03 1.45502432E-04 0.00000000E+00
6.6209E+03 1.45080506E-04 0.00000000E+00
6.6445E+03 1.45823856E-04 0.00000000E+00
6.6680E+03 1.47115868E-04 0.00000000E+00
6.6916E+03 1.46898664E-04 0.00000000E+00
6.7152E+03 1.46807981E-04 0.00000000E+00
6.7387E+03 1.48074081E-04 0.00000000E+00
6.7623E+03 1.48461048E-04 0.00000000E+00
6.7858E+03 1.47858907E-04 0.00000000E+00
6.8094E+03 1.48541209E-04 0.00000000E+00
6.8330E+03 1.49487380E-04 0.00000000E+00
6.8565E+03 1.48949213E-04 0.00000000E+00
6.8801E+03 1.48807210E-04 0.00000000E+00
6.9036E+03 1.49860906E-04 0.00000000E+00
6.9272E+03 1.49849421E-04 0.00000000E+00
6.9508E+03 1.49102956E-04 0.00000000E+00
6.9743E+03 1.49697895E-04 0.00000000E+00
6.9979E+03 1.50277031E-04 0.00000000E+00
7.0215E+03 1.49457730E-04 0.00000000E+00
7.0450E+03 1.49269990E-04 0.00000000E+00
7.0686E+03 1.50076069E-04 0.00000000E+00
7.0921E+03 1.49687708E-04 0.00000000E+00
7.1157E+03 1.48831799E-04 0.00000000E+00
7.1393E+03 1.49313276E-04 0.00000000E+00
7.1628E+03 1.49519268E-04 0.00000000E+00
7.1864E+03 1.48464719E-04 0.00000000E+00
7.2100E+03 1.48232720E-04 0.00000000E+00
7.2335E+03 1.48765849E-04 0.00000000E+00
7.2571E+03 1.48034696E-04 0.00000000E+00
7.2806E+03 1.47101408E-04 0.00000000E+00
7.3042E+03 1.47445630E-04 0.00000000E+00
7.3278E+03 1.47286950E-04 0.00000000E+00
7.3513E+03 1.46046059E-04 0.00000000E+00
7.3749E+03 1.45767945E-04 0.00000000E+00
7.3985E+03 1.46013916E-04 0.00000000E+00
7.4220E+03 1.44983800E-04 0.00000000E+00
7.4456E+03 1.44001181E-04 0.00000000E+00
7.4691E+03 1.44188564E-04 0.00000000E+00
7.4927E+03 1.43686992E-04 0.00000000E+00
7.5163E+03 1.42308954E-04 0.00000000E+00
7.5398E+03 1.41980652E-04 0.00000000E+00
7.5634E+03 1.41936909E-04 0.00000000E+00
7.5869E+03 1.40658392E-04 0.00000000E+00
7.6105E+03 1.39649855E-04 0.00000000E+00
7.6341E+03 1.39666613E-04 0.00000000E+00
7.6576E+03 1.38855297E-04 0.00000000E+00
7.6812E+03 1.37387282E-04 0.00000000E+00
7.7048E+03 1.37003840E-04 0.00000000E+00
7.7283E+03 1.36679280E-04 0.00000000E+00
7.7519E+03 1.35206648E-04 0.00000000E+00
7.7754E+03 1.34190903E-04 0.00000000E+00
7.7990E+03 1.34030207E-04 0.00000000E+00
7.8226E+03 1.32951284E-04 0.00000000E+00
7.8461E+03 1.31436673E-04 0.00000000E+00
7.8697E+03 1.30993643E-04 0.00000000E+00
7.8933E+03 1.30407752E-04 0.00000000E+00
7.9168E+03 1.28796213E-04 0.00000000E+00
7.9404E+03 1.27787666E-04 0.00000000E+00
7.9639E+03 1.27450300E-04 0.00000000E+00
7.9875E+03 1.26152262E-04 0.00000000E+00
8.0111E+03 1.24629453E-04 0.00000000E+00
8.0346E+03 1.24124185E-04 0.00000000E+00
8.0582E+03 1.23305623E-04 0.00000000E+00
8.0817E+03 1.21608843E-04 0.00000000E+00
8.1053E+03 1.20618332E-04 0.00000000E+00
8.1289E+03 1.20112793E-04 0.00000000E+00
8.1524E+03 1.18647774E-04 0.00000000E+00
8.1760E+03 1.17149549E-04 0.00000000E+00
8.1996E+03 1.16582236E-04 0.00000000E+00
8.2231E+03 1.15566983E-04 0.00000000E+00
8.2467E+03 1.13835077E-04 0.00000000E+00
8.2702E+03 1.12870806E-04 0.00000000E+00
8.2938E+03 1.12212869E-04 0.00000000E+00
8.3174E+03 1.10634036E-04 0.00000000E+00
8.3409E+03 1.09187426E-04 0.00000000E+00
8.3645E+03 1.08561840E-04 0.00000000E+00
8.3881E+03 1.07391060E-04 0.00000000E+00
8.4116E+03 1.05669107E-04 0.00000000E+00
8.4352E+03 1.04737640E-04 0.00000000E+00
8.4587E+03 1.03949456E-04 0.00000000E+00
8.4823E+03 1.02308666E-04 0.00000000E+00
8.5059E+03 1.00935224E-04 0.00000000E+00
8.5294E+03 1.00259063E-04 0.00000000E+00
8.5530E+03 9.89768559E-05 0.00000000E+00
8.5765E+03 9.73039286E-05 0.00000000E+00
8.6001E+03 9.64111220E-05 0.00000000E+00
8.6237E+03 9.55199174E-05 0.00000000E+00
8.6472E+03 9.38657190E-05 0.00000000E+00
8.6708E+03 9.25820874E-05 0.00000000E+00
8.6944E+03 9.18669153E-05 0.00000000E+00
8.7179E+03 9.05180859E-05 0.00000000E+00
8.7415E+03 8.89267732E-05 0.00000000E+00
8.7650E+03 8.80785369E-05 0.00000000E+00
8.7886E+03 8.71150440E-05 0.00000000E+00
8.8122E+03 8.54911201E-05 0.00000000E+00
8.8357E+03 8.43097735E-05 0.00000000E+00
8.8593E+03 8.35705851E-05 0.00000000E+00
8.8829E+03 8.21985916E-05 0.00000000E+00
8.9064E+03 8.07149615E-05 0.00000000E+00
8.9300E+03 7.99177914E-05 0.00000000E+00
8.9535E+03 7.89145415E-05 0.00000000E+00
8.9771E+03 7.73586321E-05 0.00000000E+00
9.0007E+03 7.62886921E-05 0.00000000E+00
9.0242E+03 7.55431644E-05 0.00000000E+00
9.0478E+03 7.41883552E-05 0.00000000E+00
9.0713E+03 7.28322740E-05 0.00000000E+00
9.0949E+03 7.20935158E-05 0.00000000E+00
9.1185E+03 7.10831219E-05 0.00000000E+00
9.1420E+03 6.96264140E-05 0.00000000E+00
9.1656E+03 6.86744315E-05 0.00000000E+00
9.1892E+03 6.79419332E-05 0.00000000E+00
9.2127E+03 6.66401413E-05 0.00000000E+00
9.2363E+03 6.54258455E-05 0.00000000E+00
9.2598E+03 6.47536777E-05 0.00000000E+00
9.2834E+03 6.37672242E-05 0.00000000E+00
9.3070E+03 6.24341721E-05 0.00000000E+00
9.3305E+03 6.16047968E-05 0.00000000E+00
9.3541E+03 6.09052534E-05 0.00000000E+00
9.3777E+03 5.96868015E-05 0.00000000E+00
9.4012E+03 5.86236270E-05 0.00000000E+00
9.4248E+03 5.80267951E-05 0.00000000E+00
9.4483E+03 5.70924388E-05 0.00000000E+00
9.4719E+03 5.59009600E-05 0.00000000E+00
9.4955E+03 5.51974509E-05 0.00000000E+00
9.5190E+03 5.45501689E-05 0.00000000E+00
9.5426E+03 5.34392953E-05 0.00000000E+00
9.5661E+03 5.25324707E-05 0.00000000E+00
9.5897E+03 5.20198186E-05 0.00000000E+00
9.6133E+03 5.11616718E-05 0.00000000E+00
9.6368E+03 5.01236294E-05 0.00000000E+00
9.6604E+03 4.95481726E-05 0.00000000E+00
9.6840E+03 4.89707152E-05 0.00000000E+00
9.7075E+03 4.79853893E-05 0.00000000E+00
9.7311E+03 4.72368006E-05 0.00000000E+00
9.7546E+03 4.68166582E-05 0.00000000E+00
9.7782E+03 4.60539973E-05 0.00000000E+00
9.8018E+03 4.51758760E-05 0.00000000E+00
9.8253E+03 4.47297030E-05 0.00000000E+00
9.8489E+03 4.42369017E-05 0.00000000E+00
9.8725E+03 4.33889848E-05 0.00000000E+00
9.8960E+03 4.27978509E-05 0.00000000E+00
9.9196E+03 4.24773531E-05 0.00000000E+00
9.9431E+03 4.18241760E-05 0.00000000E+00
9.9667E+03 4.11078682E-05 0.00000000E+00
9.9903E+03 4.07912037E-05 0.00000000E+00
1.0014E+04 4.03943761E-05 0.00000000E+00
1.0037E+04 3.96900702E-05 0.00000000E+00
1.0061E+04 3.92534911E-05 0.00000000E+00
1.0085E+04 3.90379074E-05 0.00000000E+00
1.0108E+04 3.85028314E-05 0.00000000E+00
1.0132E+04 3.79464557E-05 0.00000000E+00
1.0155E+04 3.77583320E-05 0.00000000E+00
1.0179E+04 3.74647538E-05 0.00000000E+00
1.0202E+04 3.69052567E-05 0.00000000E+00
1.0226E+04 3.66186125E-05 0.00000000E+00
1.0249E+04 3.65107556E-05 0.00000000E+00
1.0273E+04 3.60972204E-05 0.00000000E+00
1.0297E+04 3.56958989E-05 0.00000000E+00
1.0320E+04 3.56338858E-05 0.00000000E+00
1.0344E+04 3.54465362E-05 0.00000000E+00
1.0367E+04 3.50288251E-05 0.00000000E+00
1.0391E+04 3.48860241E-05 0.00000000E+00
1.0414E+04 3.48857950E-05 0.00000000E+00
1.0438E+04 3.45925226E-05 0.00000000E+00
1.0462E+04 3.43390708E-05 0.00000000E+00
1.0485E+04 3.43989768E-05 0.00000000E+00
1.0509E+04 3.43165609E-05 0.00000000E+00
1.0532E+04 3.40342320E-05 0.00000000E+00
1.0556E+04 3.40278322E-05 0.00000000E+00
1.0579E+04 3.41319446E-05 0.00000000E+00
1.0603E+04 3.39535965E-05 0.00000000E+00
1.0626E+04 3.38390972E-05 0.00000000E+00
1.0650E+04 3.40147007E-05 0.00000000E+00
1.0674E+04 3.40319260E-05 0.00000000E+00
1.0697E+04 3.38760243E-05 0.00000000E+00
1.0721E+04 3.39972596E-05 0.00000000E+00
1.0744E+04 3.41991696E-05 0.00000000E+00
1.0768E+04 3.41271274E-05 0.00000000E+00
1.0791E+04 3.41413724E-05 0.00000000E+00
1.0815E+04 3.44242303E-05 0.00000000E+00
1.0838E+04 3.45322954E-05 0.00000000E+00
1.0862E+04 3.44920767E-05 0.00000000E+00
1.0886E+04 3.47308237E-05 0.00000000E+00
1.0909E+04 3.50208671E-05 0.00000000E+00
1.0933E+04 3.50440684E-05 0.00000000E+00
1.0956E+04 3.51758701E-05 0.00000000E+00
1.0980E+04 3.55552380E-05 0.00000000E+00
1.1003E+04 3.57424858E-05 0.00000000E+00
1.1027E+04 3.58060729E-05 0.00000000E+00
1.1051E+04 3.61508013E-05 0.00000000E+00
1.1074E+04 3.65165277E-05 0.00000000E+00
1.1098E+04 3.66222956E-05 0.00000000E+00
1.1121E+04 3.68596882E-05 0.00000000E+00
1.1145E+04 3.73225805E-05 0.00000000E+00
1.1168E+04 3.75752579E-05 0.00000000E+00
1.1192E+04 3.77301730E-05 0.00000000E+00
1.1215E+04 3.81679230E-05 0.00000000E+00
1.1239E+04 3.85945976E-05 0.00000000E+00
1.1263E+04 3.87694134E-05 0.00000000E+00
1.1286E+04 3.90997709E-05 0.00000000E+00
1.1310E+04 3.96311699E-05 0.00000000E+00
1.1333E+04 3.99342328E-05 0.00000000E+00
1.1357E+04 4.01677975E-05 0.00000000E+00
1.1380E+04 4.06842139E-05 0.00000000E+00
1.1404E+04 4.11554484E-05 0.00000000E+00
1.1428E+04 4.13856223E-05 0.00000000E+00
1.1451E+04 4.17957222E-05 0.00000000E+00
1.1475E+04 4.23789282E-05 0.00000000E+00
1.1498E+04 4.27168349E-05 0.00000000E+00
1.1522E+04 4.30164432E-05 0.00000000E+00
1.1545E+04 4.35958893E-05 0.00000000E+00
1.1569E+04 4.40943521E-05 0.00000000E+00
1.1592E+04 4.43665680E-05 0.00000000E+00
1.1616E+04 4.48426351E-05 0.00000000E+00
1.1640E+04 4.54597387E-05 0.00000000E+00
1.1663E+04 4.58171830E-05 0.00000000E+00
1.1687E+04 4.61704682E-05 0.00000000E+00
1.1710E+04 4.67962357E-05 0.00000000E+00
1.1734E+04 4.73043934E-05 0.00000000E+00
1.1757E+04 4.76061171E-05 0.00000000E+00
1.1781E+04 4.81338804E-05 0.00000000E+00
1.1805E+04 4.87663306E-05 0.00000000E+00
1.1828E+04 4.91288773E-05 0.00000000E+00
1.1852E+04 4.95237979E-05 0.00000000E+00
1.1875E+04 5.01784136E-05 0.00000000E+00
1.1899E+04 5.06792535E-05 0.00000000E+00
1.1922E+04 5.09990058E-05 0.00000000E+00
1.1946E+04 5.15637907E-05 0.00000000E+00
1.1969E+04 5.21930202E-05 0.00000000E+00
1.1993E+04 5.25476124E-05 0.00000000E+00
1.2017E+04 5.29724841E-05 0.00000000E+00
1.2040E+04 5.36381015E-05 0.00000000E+00
1.2064E+04 5.41157910E-05 0.00000000E+00
1.2087E+04 5.44432953E-05 0.00000000E+00
1.2111E+04 5.50301673E-05 0.00000000E+00
1.2134E+04 5.56382336E-05 0.00000000E+00
1.2158E+04 5.59735589E-05 0.00000000E+00
1.2182E+04 5.64170619E-05 0.00000000E+00
1.2205E+04 5.70759209E-05 0.00000000E+00
1.2229E+04 5.75163688E-05 0.00000000E+00
1.2252E+04 5.78425949E-05 0.00000000E+00
1.2276E+04 5.84365665E-05 0.00000000E+00
1.2299E+04 5.90067726E-05 0.00000000E+00
1.2323E+04 5.93134876E-05 0.00000000E+00
1.2346E+04 5.97646763E-05 0.00000000E+00
1.2370E+04 6.03996072E-05 0.00000000E+00
1.2394E+04 6.07909040E-05 0.00000000E+00
1.2417E+04 6.11080356E-05 0.00000000E+00
1.2441E+04 6.16943320E-05 0.00000000E+00
1.2464E+04 6.22117880E-05 0.00000000E+00
1.2488E+04 6.24826104E-05 0.00000000E+00
1.2511E+04 6.29309431E-05 0.00000000E+00
1.2535E+04 6.35258790E-05 0.00000000E+00
1.2559E+04 6.38585980E-05 0.00000000E+00
1.2582E+04 6.41599481E-05 0.00000000E+00
1.2606E+04 6.47243199E-05 0.00000000E+00
1.2629E+04 6.51764111E-05 0.00000000E+00
1.2653E+04 6.54060922E-05 0.00000000E+00
1.2676E+04 6.58414936E-05 0.00000000E+00
1.2700E+04 6.63819612E-05 0.00000000E+00
1.2723E+04 6.66493147E-05 0.00000000E+00
1.2747E+04 6.69292156E-05 0.00000000E+00
1.2771E+04 6.74582836E-05 0.00000000E+00
1.2794E+04 6.78350236E-05 0.00000000E+00
1.2818E+04 6.80202260E-05 0.00000000E+00
1.2841E+04 6.84331898E-05 0.00000000E+00
1.2865E+04 6.89067480E-05 0.00000000E+00
1.2888E+04 6.91046095E-05 0.00000000E+00
1.2912E+04 6.93583001E-05 0.00000000E+00
1.2936E+04 6.98399109E-05 0.00000000E+00
1.2959E+04 7.01341665E-05 0.00000000E+00
1.2983E+04 7.02732746E-05 0.00000000E+00
1.3006E+04 7.06550025E-05 0.00000000E+00
1.3030E+04 7.10516033E-05 0.00000000E+00
1.3053E+04 7.11784060E-05 0.00000000E+00
1.3077E+04 7.14019342E-05 0.00000000E+00
1.3100E+04 7.18255005E-05 0.00000000E+00
1.3124E+04 7.20330802E-05 0.00000000E+00
1.3148E+04 7.21259670E-05 0.00000000E+00
1.3171E+04 7.24685354E-05 0.00000000E+00
1.3195E+04 7.27807822E-05 0.00000000E+00
1.3218E+04 7.28373141E-05 0.00000000E+00
1.3242E+04 7.30274654E-05 0.00000000E+00
1.3265E+04 7.33842682E-05 0.00000000E+00
1.3289E+04 7.35038791E-05 0.00000000E+00
1.3312E+04 7.35516553E-05 0.00000000E+00
1.3336E+04 7.38481996E-05 0.00000000E+00
1.3360E+04 7.40714954E-05 0.00000000E+00
1.3383E+04 7.40606172E-05 0.00000000E+00
1.3407E+04 7.42148772E-05 0.00000000E+00
1.3430E+04 7.44983120E-05 0.00000000E+00
1.3454E+04 7.45314013E-05 0.00000000E+00
1.3477E+04 7.45361689E-05 0.00000000E+00
1.3501E+04 7.47810693E-05 0.00000000E+00
1.3525E+04 7.49136499E-05 0.00000000E+00
1.3548E+04 7.48399649E-05 0.00000000E+00
1.3572E+04 7.49565126E-05 0.00000000E+00
1.3595E+04 7.51622607E-05 0.00000000E+00
1.3619E+04 7.51127586E-05 0.00000000E+00
1.3642E+04 7.50773858E-05 0.00000000E+00
1.3666E+04 7.52664354E-05 0.00000000E+00
1.3689E+04 7.53092868E-05 0.00000000E+00
1.3713E+04 7.51787843E-05 0.00000000E+00
1.3737E+04 7.52565124E-05 0.00000000E+00
1.3760E+04 7.53826235E-05 0.00000000E+00
1.3784E+04 7.52566071E-05 0.00000000E+00
1.3807E+04 7.51845341E-05 0.00000000E+00
1.3831E+04 7.53150728E-05 0.00000000E+00
1.3854E+04 7.52717440E-05 0.00000000E+00
1.3878E+04 7.50914410E-05 0.00000000E+00
1.3902E+04 7.51299925E-05 0.00000000E+00
1.3925E+04 7.51768762E-05 0.00000000E+00
1.3949E+04 7.49821824E-05 0.00000000E+00
1.3972E+04 7.48772644E-05 0.00000000E+00
1.3996E+04 7.49482673E-05 0.00000000E+00
1.4019E+04 7.48245951E-05 0.00000000E+00
1.4043E+04 7.46021958E-05 0.00000000E+00
1.4066E+04 7.46020074E-05 0.00000000E+00
1.4090E+04 7.45723326E-05 0.00000000E+00
1.4114E+04 7.43181450E-05 0.00000000E+00
1.4137E+04 7.41845314E-05 0.00000000E+00
1.4161E+04 7.41966380E-05 0.00000000E+00
1.4184E+04 7.40004005E-05 0.00000000E+00
1.4208E+04 7.37439879E-05 0.00000000E+00
1.4231E+04 7.37063229E-05 0.00000000E+00
1.4255E+04 7.36048311E-05 0.00000000E+00
1.4279E+04 7.33012603E-05 0.00000000E+00
1.4302E+04 7.31433054E-05 0.00000000E+00
1.4326E+04 7.30987828E-05 0.00000000E+00
1.4349E+04 7.28393035E-05 0.00000000E+00
1.4373E+04 7.25570702E-05 0.00000000E+00
1.4396E+04 7.24840336E-05 0.00000000E+00
1.4420E+04 7.23172774E-05 0.00000000E+00
1.4443E+04 7.19749567E-05 0.00000000E+00
1.4467E+04 7.17971576E-05 0.00000000E+00
1.4491E+04 7.16997997E-05 0.00000000E+00
1.4514E+04 7.13875270E-05 0.00000000E+00
1.4538E+04 7.10875522E-05 0.00000000E+00
1.4561E+04 7.09820788E-05 0.00000000E+00
1.4585E+04 7.07581050E-05 0.00000000E+00
1.4608E+04 7.03878204E-05 0.00000000E+00
1.4632E+04 7.01947710E-05 0.00000000E+00
1.4656E+04 7.00497371E-05 0.00000000E+00
1.4679E+04 6.96958212E-05 0.00000000E+00
1.4703E+04 6.93858942E-05 0.00000000E+00
1.4726E+04 6.92517019E-05 0.00000000E+00
1.4750E+04 6.89796948E-05 0.00000000E+00
1.4773E+04 6.85920583E-05 0.00000000E+00
1.4797E+04 6.83884113E-05 0.00000000E+00
1.4820E+04 6.82020111E-05 0.00000000E+00
1.4844E+04 6.78178965E-05 0.00000000E+00
1.4868E+04 6.75053815E-05 0.00000000E+00
1.4891E+04 6.73468862E-05 0.00000000E+00
1.4915E+04 6.70367915E-05 0.00000000E+00
1.4938E+04 6.66419662E-05 0.00000000E+00
1.4962E+04 6.64323940E-05 0.00000000E+00
1.4985E+04 6.62118317E-05 0.00000000E+00
1.5009E+04 6.58088825E-05 0.00000000E+00
1.5033E+04 6.55006211E-05 0.00000000E+00
1.5056E+04 6.53228172E-05 0.00000000E+00
1.5080E+04 6.49849662E-05 0.00000000E+00
1.5103E+04 6.45924459E-05 0.00000000E+00
1.5127E+04 6.43815963E-05 0.00000000E+00
1.5150E+04 6.41346876E-05 0.00000000E+00
1.5174E+04 6.37238596E-05 0.00000000E+00
1.5197E+04 6.34261025E-05 0.00000000E+00
1.5221E+04 6.32344114E-05 0.00000000E+00
1.5245E+04 6.28791621E-05 0.00000000E+00
1.5268E+04 6.24976049E-05 0.00000000E+00
1.5292E+04 6.22900439E-05 0.00000000E+00
1.5315E+04 6.20249207E-05 0.00000000E+00
1.5339E+04 6.16164854E-05 0.00000000E+00
1.5362E+04 6.13348445E-05 0.00000000E+00
1.5386E+04 6.11349373E-05 0.00000000E+00
1.5410E+04 6.07723462E-05 0.00000000E+00
1.5433E+04 6.04094553E-05 0.00000000E+00
1.5457E+04 6.02095950E-05 0.00000000E+00
1.5480E+04 5.99344119E-05 0.00000000E+00
1.5504E+04 5.95377366E-05 0.00000000E+00
1.5527E+04 5.92771511E-05 0.00000000E+00
1.5551E+04 5.90747560E-05 0.00000000E+00
1.5574E+04 5.87142924E-05 0.00000000E+00
1.5598E+04 5.83767405E-05 0.00000000E+00
1.5622E+04 5.81887549E-05 0.00000000E+00
1.5645E+04 5.79114138E-05 0.00000000E+00
1.5669E+04 5.75347993E-05 0.00000000E+00
1.5692E+04 5.72995107E-05 0.00000000E+00
1.5716E+04 5.71002154E-05 0.00000000E+00
1.5739E+04 5.67505274E-05 0.00000000E+00
1.5763E+04 5.64439162E-05 0.00000000E+00
1.5787E+04 5.62716474E-05 0.00000000E+00
1.5810E+04 5.59995504E-05 0.00000000E+00
1.5834E+04 5.56501228E-05 0.00000000E+00
1.5857E+04 5.54436526E-05 0.00000000E+00
1.5881E+04 5.52527137E-05 0.00000000E+00
1.5904E+04 5.49214475E-05 0.00000000E+00
1.5928E+04 5.46502947E-05 0.00000000E+00
1.5951E+04 5.44971538E-05 0.00000000E+00
1.5975E+04 5.42369944E-05 0.00000000E+00
1.5999E+04 5.39206443E-05 0.00000000E+00
1.6022E+04 5.37457735E-05 0.00000000E+00
1.6046E+04 5.35679421E-05 0.00000000E+00
1.6069E+04 5.32616165E-05 0.00000000E+00
1.6093E+04 5.30293635E-05 0.00000000E+00
1.6116E+04 5.28982329E-05 0.00000000E+00
1.6140E+04 5.26558340E-05 0.00000000E+00
1.6163E+04 5.23771985E-05 0.00000000E+00
1.6187E+04 5.22359487E-05 0.00000000E+00
1.6211E+04 5.20753221E-05 0.00000000E+00
1.6234E+04 5.17992568E-05 0.00000000E+00
1.6258E+04 5.16082932E-05 0.00000000E+00
1.6281E+04 5.15014379E-05 0.00000000E+00
1.6305E+04 5.12816376E-05 0.00000000E+00
1.6328E+04 5.10441175E-05 0.00000000E+00
1.6352E+04 5.09377361E-05 0.00000000E+00
1.6376E+04 5.07976424E-05 0.00000000E+00
1.6399E+04 5.05559339E-05 0.00000000E+00
1.6423E+04 5.04076320E-05 0.00000000E+00
1.6446E+04 5.03266272E-05 0.00000000E+00
1.6470E+04 5.01332126E-05 0.00000000E+00
1.6493E+04 4.99390148E-05 0.00000000E+00
1.6517E+04 4.98679647E-05 0.00000000E+00
1.6540E+04 4.97508850E-05 0.00000000E+00
1.6564E+04 4.95464224E-05 0.00000000E+00
1.6588E+04 4.94411795E-05 0.00000000E+00
1.6611E+04 4.93868582E-05 0.00000000E+00
1.6635E+04 4.92225460E-05 0.00000000E+00
1.6658E+04 4.90727464E-05 0.00000000E+00
1.6682E+04 4.90367045E-05 0.00000000E+00
1.6705E+04 4.89442348E-05 0.00000000E+00
1.6729E+04 4.87787501E-05 0.00000000E+00
1.6753E+04 4.87160373E-05 0.00000000E+00
1.6776E+04 4.86884650E-05 0.00000000E+00
1.6800E+04 4.85549230E-05 0.00000000E+00
1.6823E+04 4.84495432E-05 0.00000000E+00
1.6847E+04 4.84474128E-05 0.00000000E+00
1.6870E+04 4.83802647E-05 0.00000000E+00
1.6894E+04 4.82544083E-05 0.00000000E+00
1.6917E+04 4.82328264E-05 0.00000000E+00
1.6941E+04 4.82313034E-05 0.00000000E+00
1.6965E+04 4.81292069E-05 0.00000000E+00
1.6988E+04 4.80672996E-05 0.00000000E+00
1.7012E+04 4.80972380E-05 0.00000000E+00
1.7035E+04 4.80552753E-05 0.00000000E+00
1.7059E+04 4.79687090E-05 0.00000000E+00
1.7082E+04 4.79860507E-05 0.00000000E+00
1.7106E+04 4.80091447E-05 0.00000000E+00
1.7130E+04 4.79382590E-05 0.00000000E+00
1.7153E+04 4.79179989E-05 0.00000000E+00
1.7177E+04 4.79774627E-05 0.00000000E+00
1.7200E+04 4.79597700E-05 0.00000000E+00
1.7224E+04 4.79112715E-05 0.00000000E+00
1.7247E+04 4.79645911E-05 0.00000000E+00
1.7271E+04 4.80101978E-05 0.00000000E+00
1.7294E+04 4.79694818E-05 0.00000000E+00
1.7318E+04 4.79882603E-05 0.00000000E+00
1.7342E+04 4.80740711E-05 0.00000000E+00
1.7365E+04 4.80790478E-05 0.00000000E+00
1.7389E+04 4.80666217E-05 0.00000000E+00
1.7412E+04 4.81523155E-05 0.00000000E+00
1.7436E+04 4.82177452E-05 0.00000000E+00
1.7459E+04 4.82054670E-05 0.00000000E+00
1.7483E+04 4.82599906E-05 0.00000000E+00
1.7507E+04 4.83684201E-05 0.00000000E+00
1.7530E+04 4.83938932E-05 0.00000000E+00
1.7554E+04 4.84148831E-05 0.00000000E+00
1.7577E+04 4.85287808E-05 0.00000000E+00
1.7601E+04 4.86108649E-05 0.00000000E+00
1.7624E+04 4.86247226E-05 0.00000000E+00
1.7648E+04 4.87111132E-05 0.00000000E+00
1.7671E+04 4.88379863E-05 0.00000000E+00
1.7695E+04 4.88813338E-05 0.00000000E+00
1.7719E+04 4.89325339E-05 0.00000000E+00
1.7742E+04 4.90699998E-05 0.00000000E+00
1.7766E+04 4.91652137E-05 0.00000000E+00
1.7789E+04 4.92024561E-05 0.00000000E+00
1.7813E+04 4.93163544E-05 0.00000000E+00
1.7836E+04 4.94571678E-05 0.00000000E+00
1.7860E+04 4.95154471E-05 0.00000000E+00
1.7884E+04 4.95932099E-05 0.00000000E+00
1.7907E+04 4.97492559E-05 0.00000000E+00
1.7931E+04 4.98538514E-05 0.00000000E+00
1.7954E+04 4.99113941E-05 0.00000000E+00
1.7978E+04 5.00480670E-05 0.00000000E+00
1.8001E+04 5.01981192E-05 0.00000000E+00
1.8025E+04 5.02681933E-05 0.00000000E+00
1.8048E+04 5.03685349E-05 0.00000000E+00
1.8072E+04 5.05379423E-05 0.00000000E+00
1.8096E+04 5.06480816E-05 0.00000000E+00
1.8119E+04 5.07226157E-05 0.00000000E+00
1.8143E+04 5.08770660E-05 0.00000000E+00
1.8166E+04 5.10315934E-05 0.00000000E+00
1.8190E+04 5.11102495E-05 0.00000000E+00
1.8213E+04 5.12289491E-05 0.00000000E+00
1.8237E+04 5.14063971E-05 0.00000000E+00
1.8261E+04 5.15182828E-05 0.00000000E+00
1.8284E+04 5.16063734E-05 0.00000000E+00
1.8308E+04 5.17734524E-05 0.00000000E+00
1.8331E+04 5.19277661E-05 0.00000000E+00
1.8355E+04 5.20118219E-05 0.00000000E+00
1.8378E+04 5.21445185E-05 0.00000000E+00
1.8402E+04 5.23247155E-05 0.00000000E+00
1.8425E+04 5.24347122E-05 0.00000000E+00
1.8449E+04 5.25328858E-05 0.00000000E+00
1.8473E+04 5.27074081E-05 0.00000000E+00
1.8496E+04 5.28570263E-05 0.00000000E+00
1.8520E+04 5.29434226E-05 0.00000000E+00
1.8543E+04 5.30857076E-05 0.00000000E+00
1.8567E+04 5.32635223E-05 0.00000000E+00
1.8590E+04 5.33682639E-05 0.00000000E+00
1.8614E+04 5.34730856E-05 0.00000000E+00
1.8637E+04 5.36499438E-05 0.00000000E+00
1.8661E+04 5.37907138E-05 0.00000000E+00
1.8685E+04 5.38765907E-05 0.00000000E+00
1.8708E+04 5.40240973E-05 0.00000000E+00
1.8732E+04 5.41946847E-05 0.00000000E+00
1.8755E+04 5.42911630E-05 0.00000000E+00
1.8779E+04 5.43993040E-05 0.00000000E+00
1.8802E+04 5.45735807E-05 0.00000000E+00
1.8826E+04 5.47017856E-05 0.00000000E+00
1.8850E+04 5.47845420E-05 0.00000000E+00
1.8873E+04 5.49330310E-05 0.00000000E+00
1.8897E+04 5.50919483E-05 0.00000000E+00
1.8920E+04 5.51775824E-05 0.00000000E+00
1.8944E+04 5.52858785E-05 0.00000000E+00
1.8967E+04 5.54529545E-05 0.00000000E+00
1.8991E+04 5.55654021E-05 0.00000000E+00
1.9014E+04 5.56427390E-05 0.00000000E+00
1.9038E+04 5.57881807E-05 0.00000000E+00
1.9062E+04 5.59314911E-05 0.00000000E+00
1.9085E+04 5.60041758E-05 0.00000000E+00
1.9109E+04 5.61096775E-05 0.00000000E+00
1.9132E+04 5.62653320E-05 0.00000000E+00
1.9156E+04 5.63594223E-05 0.00000000E+00
1.9179E+04 5.64293724E-05 0.00000000E+00
1.9203E+04 5.65680240E-05 0.00000000E+00
1.9227E+04 5.66923825E-05 0.00000000E+00
1.9250E+04 5.67505165E-05 0.00000000E+00
1.9274E+04 5.68505328E-05 0.00000000E+00
1.9297E+04 5.69910322E-05 0.00000000E+00
1.9321E+04 5.70648020E-05 0.00000000E+00
1.9344E+04 5.71257456E-05 0.00000000E+00
1.9368E+04 5.72542216E-05 0.00000000E+00
1.9391E+04 5.73569407E-05 0.00000000E+00
1.9415E+04 5.73994341E-05 0.00000000E+00
1.9439E+04 5.74915701E-05 0.00000000E+00
1.9462E+04 5.76137437E-05 0.00000000E+00
1.9486E+04 5.76658870E-05 0.00000000E+00
1.9509E+04 5.77165580E-05 0.00000000E+00
1.9533E+04 5.78318929E-05 0.00000000E+00
1.9556E+04 5.79109863E-05 0.00000000E+00
1.9580E+04 5.79372518E-05 0.00000000E+00
1.9604E+04 5.80194404E-05 0.00000000E+00
1.9627E+04 5.81207389E-05 0.00000000E+00
1.9651E+04 5.81506059E-05 0.00000000E+00
1.9674E+04 5.81900882E-05 0.00000000E+00
1.9698E+04 5.82897899E-05 0.00000000E+00
1.9721E+04 5.83439939E-05 0.00000000E+00
1.9745E+04 5.83539220E-05 0.00000000E+00
1.9768E+04 5.84244496E-05 0.00000000E+00
1.9792E+04 5.85029854E-05 0.00000000E+00
1.9816E+04 5.85105605E-05 0.00000000E+00
1.9839E+04 5.85382778E-05 0.00000000E+00
1.9863E+04 5.86203684E-05 0.00000000E+00
1.9886E+04 5.86491389E-05 0.00000000E+00
1.9910E+04 5.86430624E-05 0.00000000E+00
1.9933E+04 5.87005879E-05 0.00000000E+00
1.9957E+04 5.87551551E-05 0.00000000E+00
1.9981E+04 5.87410153E-05 0.00000000E+00
2.0004E+04 5.87567165E-05 0.00000000E+00
2.0028E+04 5.88197600E-05 0.00000000E+00
2.0051E+04 5.88232483E-05 0.00000000E+00
2.0075E+04 5.88018960E-05 0.00000000E+00
2.0098E+04 5.88454645E-05 0.00000000E+00
2.0122E+04 5.88755390E-05 0.00000000E+00
2.0145E+04 5.88407977E-05 0.00000000E+00
2.0169E+04 5.88445372E-05 0.00000000E+00
2.0193E+04 5.88876539E-05 0.00000000E+00
2.0216E+04 5.88666631E-05 0.00000000E+00
2.0240E+04 5.88311082E-05 0.00000000E+00
2.0263E+04 5.88601561E-05 0.00000000E+00
2.0287E+04 5.88658760E-05 0.00000000E+00
2.0310E+04 5.88121157E-05 0.00000000E+00
2.0334E+04 5.88042314E-05 0.00000000E+00
2.0358E+04 5.88270965E-05 0.00000000E+00
2.0381E+04 5.87830199E-05 0.00000000E+00
2.0405E+04 5.87346248E-05 0.00000000E+00
2.0428E+04 5.87489778E-05 0.00000000E+00
2.0452E+04 5.87311048E-05 0.00000000E+00
2.0475E+04 5.86603005E-05 0.00000000E+00
2.0499E+04 5.86413889E-05 0.00000000E+00
2.0522E+04 5.86442157E-05 0.00000000E+00
2.0546E+04 5.85789625E-05 0.00000000E+00
2.0570E+04 5.85193220E-05 0.00000000E+00
2.0593E+04 5.85191838E-05 0.00000000E+00
2.0617E+04 5.84790484E-05 0.00000000E+00
2.0640E+04 5.83934866E-05 0.00000000E+00
2.0664E+04 5.83643761E-05 0.00000000E+00
2.0687E+04 5.83478857E-05 0.00000000E+00
2.0711E+04 5.82637953E-05 0.00000000E+00
2.0735E+04 5.81946808E-05 0.00000000E+00
2.0758E+04 5.81806140E-05 0.00000000E+00
2.0782E+04 5.81200469E-05 0.00000000E+00
2.0805E+04 5.80222430E-05 0.00000000E+00
2.0829E+04 5.79839653E-05 0.00000000E+00
2.0852E+04 5.79493417E-05 0.00000000E+00
2.0876E+04 5.78490929E-05 0.00000000E+00
2.0899E+04 5.77723976E-05 0.00000000E+00
2.0923E+04 5.77452954E-05 0.00000000E+00
2.0947E+04 5.76665476E-05 0.00000000E+00
2.0970E+04 5.75591651E-05 0.00000000E+00
2.0994E+04 5.75129233E-05 0.00000000E+00
2.1017E+04 5.74617578E-05 0.00000000E+00
2.1041E+04 5.73482741E-05 0.00000000E+00
2.1064E+04 5.72659608E-05 0.00000000E+00
2.1088E+04 5.72270104E-05 0.00000000E+00
2.1112E+04 5.71326660E-05 0.00000000E+00
2.1135E+04 5.70184382E-05 0.00000000E+00
2.1159E+04 5.69655736E-05 0.00000000E+00
2.1182E+04 5.68997986E-05 0.00000000E+00
2.1206E+04 5.67761542E-05 0.00000000E+00
2.1229E+04 5.66902074E-05 0.00000000E+00
2.1253E+04 5.66408460E-05 0.00000000E+00
2.1276E+04 5.65337309E-05 0.00000000E+00
2.1300E+04 5.64153882E-05 0.00000000E+00
2.1324E+04 5.63573453E-05 0.00000000E+00
2.1347E+04 5.62791622E-05 0.00000000E+00
2.1371E+04 5.61484910E-05 0.00000000E+00
2.1394E+04 5.60608717E-05 0.00000000E+00
2.1418E+04 5.60027369E-05 0.00000000E+00
2.1441E+04 5.58858267E-05 0.00000000E+00
2.1465E+04 5.57660311E-05 0.00000000E+00
2.1488E+04 5.57043201E-05 0.00000000E+00
2.1512E+04 5.56161222E-05 0.00000000E+00
2.1536E+04 5.54815338E-05 0.00000000E+00
2.1559E+04 5.53941380E-05 0.00000000E+00
2.1583E+04 5.53290133E-05 0.00000000E+00
2.1606E+04 5.52053434E-05 0.00000000E+00
2.1630E+04 5.50866296E-05 0.00000000E+00
2.1653E+04 5.50227884E-05 0.00000000E+00
2.1677E+04 5.49270830E-05 0.00000000E+00
2.1701E+04 5.47915848E-05 0.00000000E+00
2.1724E+04 5.47062064E-05 0.00000000E+00
2.1748E+04 5.46359644E-05 0.00000000E+00
2.1771E+04 5.45085453E-05 0.00000000E+00
2.1795E+04 5.43932708E-05 0.00000000E+00
2.1818E+04 5.43288256E-05 0.00000000E+00
2.1842E+04 5.42281576E-05 0.00000000E+00
2.1865E+04 5.40945881E-05 0.00000000E+00
2.1889E+04 5.40128852E-05 0.00000000E+00
2.1913E+04 5.39394302E-05 0.00000000E+00
2.1936E+04 5.38111707E-05 0.00000000E+00
2.1960E+04 5.37014731E-05 0.00000000E+00
2.1983E+04 5.36379010E-05 0.00000000E+00
2.2007E+04 5.35347802E-05 0.00000000E+00
2.2030E+04 5.34057510E-05 0.00000000E+00
2.2054E+04 5.33292169E-05 0.00000000E+00
2.2078E+04 5.32544287E-05 0.00000000E+00
2.2101E+04 5.31280674E-05 0.00000000E+00
2.2125E+04 5.30258307E-05 0.00000000E+00
2.2148E+04 5.29645223E-05 0.00000000E+00
2.2172E+04 5.28613570E-05 0.00000000E+00
2.2195E+04 5.27392059E-05 0.00000000E+00
2.2219E+04 5.26691430E-05 0.00000000E+00
2.2242E+04 5.25948249E-05 0.00000000E+00
2.2266E+04 5.24728726E-05 0.00000000E+00
2.2290E+04 5.23797004E-05 0.00000000E+00
2.2313E+04 5.23219256E-05 0.00000000E+00
2.2337E+04 5.22209641E-05 0.00000000E+00
2.2360E+04 5.21077190E-05 0.00000000E+00
2.2384E+04 5.20452182E-05 0.00000000E+00
2.2407E+04 5.19730488E-05 0.00000000E+00
2.2431E+04 5.18577415E-05 0.00000000E+00
2.2455E+04 5.17749386E-05 0.00000000E+00
2.2478E+04 5.17218163E-05 0.00000000E+00
2.2502E+04 5.16250977E-05 0.00000000E+00
2.2525E+04 5.15224501E-05 0.00000000E+00
2.2549E+04 5.14683745E-05 0.00000000E+00
2.2572E+04 5.13998672E-05 0.00000000E+00
2.2596E+04 5.12931304E-05 0.00000000E+00
2.2619E+04 5.12216912E-05 0.00000000E+00
2.2643E+04 5.11741633E-05 0.00000000E+00
2.2667E+04 5.10834777E-05 0.00000000E+00
2.2690E+04 5.09927667E-05 0.00000000E+00
2.2714E+04 5.09477398E-05 0.00000000E+00
2.2737E+04 5.08842092E-05 0.00000000E+00
2.2761E+04 5.07876334E-05 0.00000000E+00
2.2784E+04 5.07282363E-05 0.00000000E+00
2.2808E+04 5.06870479E-05 0.00000000E+00
2.2832E+04 5.06039079E-05 0.00000000E+00
2.2855E+04 5.05261123E-05 0.00000000E+00
2.2879E+04 5.04905118E-05 0.00000000E+00
2.2902E+04 5.04330490E-05 0.00000000E+00
2.2926E+04 5.03478752E-05 0.00000000E+00
2.2949E+04 5.03008844E-05 0.00000000E+00
2.2973E+04 5.02665702E-05 0.00000000E+00
2.2996E+04 5.01921919E-05 0.00000000E+00
2.3020E+04 5.01279318E-05 0.00000000E+00
2.3044E+04 5.01018888E-05 0.00000000E+00
2.3067E+04 5.00513450E-05 0.00000000E+00
2.3091E+04 4.99784605E-05 0.00000000E+00
2.3114E+04 4.99439339E-05 0.00000000E+00
2.3138E+04 4.99168112E-05 0.00000000E+00
2.3161E+04 4.98521053E-05 0.00000000E+00
2.3185E+04 4.98016504E-05 0.00000000E+00
2.3209E+04 4.97850545E-05 0.00000000E+00
2.3232E+04 4.97420336E-05 0.00000000E+00
2.3256E+04 4.96819763E-05 0.00000000E+00
2.3279E+04 4.96596785E-05 0.00000000E+00
2.3303E+04 4.96398476E-05 0.00000000E+00
2.3326E+04 4.95854196E-05 0.00000000E+00
2.3350E+04 4.95487043E-05 0.00000000E+00
2.3373E+04 4.95412145E-05 0.00000000E+00
2.3397E+04 4.95060737E-05 0.00000000E+00
2.3421E+04 4.94590441E-05 0.00000000E+00
2.3444E+04 4.94484649E-05 0.00000000E+00
2.3468E+04 4.94358163E-05 0.00000000E+00
2.3491E+04 4.93919747E-05 0.00000000E+00
2.3515E+04 4.93686198E-05 0.00000000E+00
2.3538E+04 4.93696802E-05 0.00000000E+00
2.3562E+04 4.93425384E-05 0.00000000E+00
2.3586E+04 4.93084184E-05 0.00000000E+00
2.3609E+04 4.93087973E-05 0.00000000E+00
2.3633E+04 4.93030246E-05 0.00000000E+00
2.3656E+04 4.92697965E-05 0.00000000E+00
2.3680E+04 4.92591352E-05 0.00000000E+00
2.3703E+04 4.92679968E-05 0.00000000E+00
2.3727E+04 4.92487492E-05 0.00000000E+00
2.3750E+04 4.92271268E-05 0.00000000E+00
2.3774E+04 4.92374807E-05 0.00000000E+00
2.3798E+04 4.92380997E-05 0.00000000E+00
2.3821E+04 4.92152514E-05 0.00000000E+00
2.3845E+04 4.92163605E-05 0.00000000E+00
2.3868E+04 4.92321073E-05 0.00000000E+00
2.3892E+04 4.92204453E-05 0.00000000E+00
2.3915E+04 4.92106432E-05 0.00000000E+00
2.3939E+04 4.92297991E-05 0.00000000E+00
2.3962E+04 4.92361715E-05 0.00000000E+00
2.3986E+04 4.92232342E-05 0.00000000E+00
2.4010E+04 4.92349681E-05 0.00000000E+00
2.4033E+04 4.92565468E-05 0.00000000E+00
2.4057E+04 4.92519828E-05 0.00000000E+00
2.4080E+04 4.92530912E-05 0.00000000E+00
2.4104E+04 4.92797212E-05 0.00000000E+00
2.4127E+04 4.92910817E-05 0.00000000E+00
2.4151E+04 4.92873805E-05 0.00000000E+00
2.4175E+04 4.93084093E-05 0.00000000E+00
2.4198E+04 4.93346621E-05 0.00000000E+00
2.4222E+04 4.93365567E-05 0.00000000E+00
2.4245E+04 4.93474684E-05 0.00000000E+00
2.4269E+04 4.93801280E-05 0.00000000E+00
2.4292E+04 4.93956140E-05 0.00000000E+00
2.4316E+04 4.94002997E-05 0.00000000E+00
2.4339E+04 4.94291482E-05 0.00000000E+00
2.4363E+04 4.94588475E-05 0.00000000E+00
2.4387E+04 4.94664389E-05 0.00000000E+00
2.4410E+04 4.94858865E-05 0.00000000E+00
2.4434E+04 4.95230542E-05 0.00000000E+00
2.4457E+04 4.95417365E-05 0.00000000E+00
2.4481E+04 4.95538178E-05 0.00000000E+00
2.4504E+04 4.95889066E-05 0.00000000E+00
2.4528E+04 4.96207908E-05 0.00000000E+00
2.4552E+04 4.96332246E-05 0.00000000E+00
2.4575E+04 4.96598188E-05 0.00000000E+00
2.4599E+04 4.96999359E-05 0.00000000E+00
2.4622E+04 4.97208499E-05 0.00000000E+00
2.4646E+04 4.97392272E-05 0.00000000E+00
2.4669E+04 4.97789147E-05 0.00000000E+00
2.4693E+04 4.98117230E-05 0.00000000E+00
2.4716E+04 4.98280820E-05 0.00000000E+00
2.4740E+04 4.98603505E-05 0.00000000E+00
2.4764E+04 4.99018611E-05 0.00000000E+00
2.4787E+04 4.99240367E-05 0.00000000E+00
2.4811E+04 4.99475352E-05 0.00000000E+00
2.4834E+04 4.99901584E-05 0.00000000E+00
2.4858E+04 5.00226651E-05 0.00000000E+00
2.4881E+04 5.00419983E-05 0.00000000E+00
2.4905E+04 5.00784236E-05 0.00000000E+00
2.4929E+04 5.01198130E-05 0.00000000E+00
2.4952E+04 5.01423027E-05 0.00000000E+00
2.4976E+04 5.01697047E-05 0.00000000E+00
2.4999E+04 5.02136197E-05 0.00000000E+00
2.5023E+04 5.02446649E-05 0.00000000E+00
2.5046E+04 5.02660143E-05 0.00000000E+00
2.5070E+04 5.03050715E-05 0.00000000E+00
2.5093E+04 5.03449021E-05 0.00000000E+00
2.5117E+04 5.03668061E-05 0.00000000E+00
2.5141E+04 5.03968822E-05 0.00000000E+00
2.5164E+04 5.04405020E-05 0.00000000E+00
2.5188E+04 5.04690201E-05 0.00000000E+00
2.5211E+04 5.04914454E-05 0.00000000E+00
2.5235E+04 5.05316375E-05 0.00000000E+00
2.5258E+04 5.05685812E-05 0.00000000E+00
2.5282E+04 5.05890698E-05 0.00000000E+00
2.5306E+04 5.06206079E-05 0.00000000E+00
2.5329E+04 5.06624378E-05 0.00000000E+00
2.5353E+04 5.06874814E-05 0.00000000E+00
2.5376E+04 5.07100823E-05 0.00000000E+00
2.5400E+04 5.07499736E-05 0.00000000E+00
2.5423E+04 5.07828405E-05 0.00000000E+00
2.5447E+04 5.08011721E-05 0.00000000E+00
2.5470E+04 5.08330043E-05 0.00000000E+00
2.5494E+04 5.08716735E-05 0.00000000E+00
2.5518E+04 5.08924325E-05 0.00000000E+00
2.5541E+04 5.09143680E-05 0.00000000E+00
2.5565E+04 5.09526142E-05 0.00000000E+00
2.5588E+04 5.09803757E-05 0.00000000E+00
2.5612E+04 5.09959117E-05 0.00000000E+00
2.5635E+04 5.10269387E-05 0.00000000E+00
2.5659E+04 5.10612272E-05 0.00000000E+00
2.5683E+04 5.10770430E-05 0.00000000E+00
2.5706E+04 5.10975477E-05 0.00000000E+00
2.5730E+04 5.11329230E-05 0.00000000E+00
2.5753E+04 5.11547303E-05 0.00000000E+00
2.5777E+04 5.11669447E-05 0.00000000E+00
2.5800E+04 5.11961575E-05 0.00000000E+00
2.5824E+04 5.12250186E-05 0.00000000E+00
2.5847E+04 5.12353936E-05 0.00000000E+00
2.5871E+04 5.12537913E-05 0.00000000E+00
2.5895E+04 5.12852110E-05 0.00000000E+00
2.5918E+04 5.13004074E-05 0.00000000E+00
2.5942E+04 5.13088940E-05 0.00000000E+00
2.5965E+04 5.13353917E-05 0.00000000E+00
2.5989E+04 5.13579693E-05 0.00000000E+00
2.6012E+04 5.13625711E-05 0.00000000E+00
2.6036E+04 5.13782843E-05 0.00000000E+00
2.6060E+04 5.14048239E-05 0.00000000E+00
2.6083E+04 5.14129518E-05 0.00000000E+00
2.6107E+04 5.14174264E-05 0.00000000E+00
2.6130E+04 5.14404314E-05 0.00000000E+00
2.6154E+04 5.14560709E-05 0.00000000E+00
2.6177E+04 5.14547316E-05 0.00000000E+00
2.6201E+04 5.14672896E-05 0.00000000E+00
2.6224E+04 5.14881977E-05 0.00000000E+00
2.6248E+04 5.14889995E-05 0.00000000E+00
2.6272E+04 5.14892998E-05 0.00000000E+00
2.6295E+04 5.15081693E-05 0.00000000E+00
2.6319E+04 5.15164233E-05 0.00000000E+00
2.6342E+04 5.15091342E-05 0.00000000E+00
2.6366E+04 5.15181772E-05 0.00000000E+00
2.6389E+04 5.15328855E-05 0.00000000E+00
2.6413E+04 5.15262994E-05 0.00000000E+00
2.6437E+04 5.15223805E-05 0.00000000E+00
2.6460E+04 5.15366142E-05 0.00000000E+00
2.6484E+04 5.15372430E-05 0.00000000E+00
2.6507E+04 5.15241458E-05 0.00000000E+00
2.6531E+04 5.15294267E-05 0.00000000E+00
2.6554E+04 5.15375533E-05 0.00000000E+00
2.6578E+04 5.15237042E-05 0.00000000E+00
2.6601E+04 5.15156327E-05 0.00000000E+00
2.6625E+04 5.15248767E-05 0.00000000E+00
2.6649E+04 5.15178426E-05 0.00000000E+00
2.6672E+04 5.14992167E-05 0.00000000E+00
2.6696E+04 5.15005997E-05 0.00000000E+00
2.6719E+04 5.15019488E-05 0.00000000E+00
2.6743E+04 5.14811342E-05 0.00000000E+00
2.6766E+04 5.14690793E-05 0.00000000E+00
2.6790E+04 5.14731265E-05 0.00000000E+00
2.6813E+04 5.14585834E-05 0.00000000E+00
2.6837E+04 5.14348308E-05 0.00000000E+00
2.6861E+04 5.14322886E-05 0.00000000E+00
2.6884E+04 5.14268444E-05 0.00000000E+00
2.6908E+04 5.13995172E-05 0.00000000E+00
2.6931E+04 5.13837400E-05 0.00000000E+00
2.6955E+04 5.13825271E-05 0.00000000E+00
2.6978E+04 5.13608060E-05 0.00000000E+00
2.7002E+04 5.13324336E-05 0.00000000E+00
2.7026E+04 5.13260414E-05 0.00000000E+00
2.7049E+04 5.13139586E-05 0.00000000E+00
2.7073E+04 5.12807066E-05 0.00000000E+00
2.7096E+04 5.12615483E-05 0.00000000E+00
2.7120E+04 5.12551488E-05 0.00000000E+00
2.7143E+04 5.12267392E-05 0.00000000E+00
2.7167E+04 5.11943398E-05 0.00000000E+00
2.7190E+04 5.11842675E-05 0.00000000E+00
2.7214E+04 5.11658578E-05 0.00000000E+00
2.7238E+04 5.11273811E-05 0.00000000E+00
2.7261E+04 5.11052494E-05 0.00000000E+00
2.7285E+04 5.10938642E-05 0.00000000E+00
2.7308E+04 5.10593923E-05 0.00000000E+00
2.7332E+04 5.10236251E-05 0.00000000E+00
2.7355E+04 5.10101277E-05 0.00000000E+00
2.7379E+04 5.09858424E-05 0.00000000E+00
2.7403E+04 5.09429289E-05 0.00000000E+00
2.7426E+04 5.09182846E-05 0.00000000E+00
2.7450E+04 5.09022296E-05 0.00000000E+00
2.7473E+04 5.08624346E-05 0.00000000E+00
2.7497E+04 5.08240048E-05 0.00000000E+00
2.7520E+04 5.08074114E-05 0.00000000E+00
2.7544E+04 5.07778219E-05 0.00000000E+00
2.7567E+04 5.07313227E-05 0.00000000E+00
2.7591E+04 5.07046654E-05 0.00000000E+00
2.7615E+04 5.06843565E-05 0.00000000E+00
2.7638E+04 5.06400653E-05 0.00000000E+00
2.7662E+04 5.05997041E-05 0.00000000E+00
2.7685E+04 5.05804056E-05 0.00000000E+00
2.7709E+04 5.05461816E-05 0.00000000E+00
2.7732E+04 5.04969864E-05 0.00000000E+00
2.7756E+04 5.04688399E-05 0.00000000E+00
2.7780E+04 5.04447767E-05 0.00000000E+00
2.7803E+04 5.03968780E-05 0.00000000E+00
2.7827E+04 5.03553234E-05 0.00000000E+00
2.7850E+04 5.03337587E-05 0.00000000E+00
2.7874E+04 5.02956454E-05 0.00000000E+00
2.7897E+04 5.02446582E-05 0.00000000E+00
2.7921E+04 5.02155564E-05 0.00000000E+00
2.7944E+04 5.01883042E-05 0.00000000E+00
2.7968E+04 5.01377225E-05 0.00000000E+00
2.7992E+04 5.00957012E-05 0.00000000E+00
2.8015E+04 5.00723435E-05 0.00000000E+00
2.8039E+04 5.00311379E-05 0.00000000E+00
2.8062E+04 4.99792541E-05 0.00000000E+00
2.8086E+04 4.99497277E-05 0.00000000E+00
2.8109E+04 4.99198989E-05 0.00000000E+00
2.8133E+04 4.98675693E-05 0.00000000E+00
2.8157E+04 4.98257800E-05 0.00000000E+00
2.8180E+04 4.98011226E-05 0.00000000E+00
2.8204E+04 4.97576502E-05 0.00000000E+00
2.8227E+04 4.97057354E-05 0.00000000E+00
2.8251E+04 4.96762988E-05 0.00000000E+00
2.8274E+04 4.96445340E-05 0.00000000E+00
2.8298E+04 4.95913787E-05 0.00000000E+00
2.8321E+04 4.95504766E-05 0.00000000E+00
2.8345E+04 4.95250190E-05 0.00000000E+00
2.8369E+04 4.94801110E-05 0.00000000E+00
2.8392E+04 4.94289819E-05 0.00000000E+00
2.8416E+04 4.94001213E-05 0.00000000E+00
2.8439E+04 4.93670711E-05 0.00000000E+00
2.8463E+04 4.93139775E-05 0.00000000E+00
2.8486E+04 4.92745612E-05 0.00000000E+00
2.8510E+04 4.92487950E-05 0.00000000E+00
2.8534E+04 4.92032674E-05 0.00000000E+00
2.8557E+04 4.91536752E-05 0.00000000E+00
2.8581E+04 4.91258379E-05 0.00000000E+00
2.8604E+04 4.90921451E-05 0.00000000E+00
2.8628E+04 4.90399461E-05 0.00000000E+00
2.8651E+04 4.90025469E-05 0.00000000E+00
2.8675E+04 4.89769434E-05 0.00000000E+00
2.8698E+04 4.89315771E-05 0.00000000E+00
2.8722E+04 4.88841937E-05 0.00000000E+00
2.8746E+04 4.88577786E-05 0.00000000E+00
2.8769E+04 4.88240620E-05 0.00000000E+00
2.8793E+04 4.87735197E-05 0.00000000E+00
2.8816E+04 4.87385918E-05 0.00000000E+00
2.8840E+04 4.87135907E-05 0.00000000E+00
2.8863E+04 4.86691144E-05 0.00000000E+00
2.8887E+04 4.86245207E-05 0.00000000E+00
2.8911E+04 4.85998710E-05 0.00000000E+00
2.8934E+04 4.85667107E-05 0.00000000E+00
2.8958E+04 4.85185018E-05 0.00000000E+00
2.8981E+04 4.84864163E-05 0.00000000E+00
2.9005E+04 4.84624151E-05 0.00000000E+00
2.9028E+04 4.84194905E-05 0.00000000E+00
2.9052E+04 4.83781686E-05 0.00000000E+00
2.9075E+04 4.83555651E-05 0.00000000E+00
2.9099E+04 4.83234900E-05 0.00000000E+00
2.9123E+04 4.82781957E-05 0.00000000E+00
2.9146E+04 4.82492353E-05 0.00000000E+00
2.9170E+04 4.82265813E-05 0.00000000E+00
2.9193E+04 4.81857915E-05 0.00000000E+00
2.9217E+04 4.81481184E-05 0.00000000E+00
2.9240E+04 4.81277755E-05 0.00000000E+00
2.9264E+04 4.80972531E-05 0.00000000E+00
2.9287E+04 4.80553505E-05 0.00000000E+00
2.9311E+04 4.80297080E-05 0.00000000E+00
2.9335E+04 4.80086917E-05 0.00000000E+00
2.9358E+04 4.79705315E-05 0.00000000E+00
2.9382E+04 4.79367767E-05 0.00000000E+00
2.9405E+04 4.79188400E-05 0.00000000E+00
2.9429E+04 4.78902682E-05 0.00000000E+00
2.9452E+04 4.78521258E-05 0.00000000E+00
2.9476E+04 4.78299035E-05 0.00000000E+00
2.9500E+04 4.78107536E-05 0.00000000E+00
2.9523E+04 4.77756236E-05 0.00000000E+00
2.9547E+04 4.77459490E-05 0.00000000E+00
2.9570E+04 4.77304944E-05 0.00000000E+00
2.9594E+04 4.77041959E-05 0.00000000E+00
2.9617E+04 4.76700714E-05 0.00000000E+00
2.9641E+04 4.76512832E-05 0.00000000E+00
2.9664E+04 4.76341648E-05 0.00000000E+00
2.9688E+04 4.76023676E-05 0.00000000E+00
2.9712E+04 4.75768292E-05 0.00000000E+00
2.9735E+04 4.75638645E-05 0.00000000E+00
2.9759E+04 4.75400838E-05 0.00000000E+00
2.9782E+04 4.75101252E-05 0.00000000E+00
2.9806E+04 4.74947006E-05 0.00000000E+00
2.9829E+04 4.74797136E-05 0.00000000E+00
2.9853E+04 4.74514533E-05 0.00000000E+00
2.9877E+04 4.74300063E-05 0.00000000E+00
2.9900E+04 4.74194736E-05 0.00000000E+00
2.9924E+04 4.73983761E-05 0.00000000E+00
2.9947E+04 4.73726247E-05 0.00000000E+00
2.9971E+04 4.73604146E-05 0.00000000E+00
2.9994E+04 4.73475953E-05 0.00000000E+00
3.0018E+04 4.73229790E-05 0.00000000E+00
3.0041E+04 4.73054841E-05 0.00000000E+00
3.0065E+04 4.72972648E-05 0.00000000E+00
3.0089E+04 4.72789377E-05 0.00000000E+00
3.0112E+04 4.72573337E-05 0.00000000E+00
3.0136E+04 4.72481178E-05 0.00000000E+00
3.0159E+04 4.72374422E-05 0.00000000E+00
3.0183E+04 4.72164835E-05 0.00000000E+00
3.0206E+04 4.72027155E-05 0.00000000E+00
3.0230E+04 4.71966359E-05 0.00000000E+00
3.0254E+04 4.71810921E-05 0.00000000E+00
3.0277E+04 4.71634821E-05 0.00000000E+00
3.0301E+04 4.71569774E-05 0.00000000E+00
3.0324E+04 4.71483652E-05 0.00000000E+00
3.0348E+04 4.71309905E-05 0.00000000E+00
3.0371E+04 4.71206482E-05 0.00000000E+00
3.0395E+04 4.71164870E-05 0.00000000E+00
3.0418E+04 4.71036694E-05 0.00000000E+00
3.0442E+04 4.70898157E-05 0.00000000E+00
3.0466E+04 4.70856868E-05 0.00000000E+00
3.0489E+04 4.70790072E-05 0.00000000E+00
3.0513E+04 4.70650632E-05 0.00000000E+00
3.0536E+04 4.70577807E-05 0.00000000E+00
3.0560E+04 4.70552765E-05 0.00000000E+00
3.0583E+04 4.70450647E-05 0.00000000E+00
3.0607E+04 4.70346561E-05 0.00000000E+00
3.0631E+04 4.70325255E-05 0.00000000E+00
3.0654E+04 4.70276041E-05 0.00000000E+00
3.0678E+04 4.70168665E-05 0.00000000E+00
3.0701E+04 4.70122250E-05 0.00000000E+00
3.0725E+04 4.70110859E-05 0.00000000E+00
3.0748E+04 4.70033035E-05 0.00000000E+00
3.0772E+04 4.69959667E-05 0.00000000E+00
3.0795E+04 4.69954265E-05 0.00000000E+00
3.0819E+04 4.69920527E-05 0.00000000E+00
3.0843E+04 4.69842363E-05 0.00000000E+00
3.0866E+04 4.69817774E-05 0.00000000E+00
3.0890E+04 4.69816897E-05 0.00000000E+00
3.0913E+04 4.69761127E-05 0.00000000E+00
3.0937E+04 4.69714250E-05 0.00000000E+00
3.0960E+04 4.69720478E-05 0.00000000E+00
3.0984E+04 4.69699833E-05 0.00000000E+00
3.1008E+04 4.69647528E-05 0.00000000E+00
3.1031E+04 4.69639909E-05 0.00000000E+00
3.1055E+04 4.69646285E-05 0.00000000E+00
3.1078E+04 4.69609944E-05 0.00000000E+00
3.1102E+04 4.69584964E-05 0.00000000E+00
3.1125E+04 4.69598475E-05 0.00000000E+00
3.1149E+04 4.69588339E-05 0.00000000E+00
3.1172E+04 4.69558151E-05 0.00000000E+00
3.1196E+04 4.69562509E-05 0.00000000E+00
3.1220E+04 4.69572846E-05 0.00000000E+00
3.1243E+04 4.69553016E-05 0.00000000E+00
3.1267E+04 4.69545104E-05 0.00000000E+00
3.1290E+04 4.69561583E-05 0.00000000E+00
3.1314E+04 4.69559258E-05 0.00000000E+00
3.1337E+04 4.69547170E-05 0.00000000E+00
3.1361E+04 4.69558501E-05 0.00000000E+00
3.1385E+04 4.69569566E-05 0.00000000E+00
3.1408E+04 4.69563126E-05 0.00000000E+00
3.1432E+04 4.69567343E-05 0.00000000E+00
3.1455E+04 4.69582618E-05 0.00000000E+00
3.1479E+04 4.69585370E-05 0.00000000E+00
3.1502E+04 4.69587204E-05 0.00000000E+00
3.1526E+04 4.69600613E-05 0.00000000E+00
3.1549E+04 4.69609311E-05 0.00000000E+00
3.1573E+04 4.69613032E-05 0.00000000E+00
3.1597E+04 4.69624457E-05 0.00000000E+00
3.1620E+04 4.69634591E-05 0.00000000E+00
3.1644E+04 4.69639728E-05 0.00000000E+00
3.1667E+04 4.69651253E-05 0.00000000E+00
3.1691E+04 4.69662068E-05 0.00000000E+00
3.1714E+04 4.69665518E-05 0.00000000E+00
3.1738E+04 4.69676150E-05 0.00000000E+00
3.1762E+04 4.69689991E-05 0.00000000E+00
3.1785E+04 4.69691371E-05 0.00000000E+00
3.1809E+04 4.69696310E-05 0.00000000E+00
3.1832E+04 4.69713350E-05 0.00000000E+00
3.1856E+04 4.69717219E-05 0.00000000E+00
3.1879E+04 4.69712818E-05 0.00000000E+00
3.1903E+04 4.69727172E-05 0.00000000E+00
3.1926E+04 4.69738879E-05 0.00000000E+00
3.1950E+04 4.69728289E-05 0.00000000E+00
3.1974E+04 4.69730615E-05 0.00000000E+00
3.1997E+04 4.69749144E-05 0.00000000E+00
3.2021E+04 4.69742129E-05 0.00000000E+00
3.2044E+04 4.69727604E-05 0.00000000E+00
3.2068E+04 4.69742625E-05 0.00000000E+00
3.2091E+04 4.69747983E-05 0.00000000E+00
3.2115E+04 4.69722662E-05 0.00000000E+00
3.2138E+04 4.69720185E-05 0.00000000E+00
3.2162E+04 4.69736415E-05 0.00000000E+00
3.2186E+04 4.69715062E-05 0.00000000E+00
3.2209E+04 4.69688515E-05 0.00000000E+00
3.2233E+04 4.69701350E-05 0.00000000E+00
3.2256E+04 4.69696558E-05 0.00000000E+00
3.2280E+04 4.69654250E-05 0.00000000E+00
3.2303E+04 4.69645045E-05 0.00000000E+00
3.2327E+04 4.69655501E-05 0.00000000E+00
3.2351E+04 4.69616900E-05 0.00000000E+00
3.2374E+04 4.69576831E-05 0.00000000E+00
3.2398E+04 4.69584888E-05 0.00000000E+00
3.2421E+04 4.69566632E-05 0.00000000E+00
3.2445E+04 4.69505609E-05 0.00000000E+00
3.2468E+04 4.69488052E-05 0.00000000E+00
3.2492E+04 4.69489640E-05 0.00000000E+00
3.2515E+04 4.69431463E-05 0.00000000E+00
3.2539E+04 4.69376793E-05 0.00000000E+00
3.2563E+04 4.69377785E-05 0.00000000E+00
3.2586E+04 4.69343287E-05 0.00000000E+00
3.2610E+04 4.69262370E-05 0.00000000E+00
3.2633E+04 4.69235159E-05 0.00000000E+00
3.2657E+04 4.69225214E-05 0.00000000E+00
3.2680E+04 4.69145745E-05 0.00000000E+00
3.2704E+04 4.69075817E-05 0.00000000E+00
3.2728E+04 4.69067800E-05 0.00000000E+00
3.2751E+04 4.69014856E-05 0.00000000E+00
3.2775E+04 4.68913413E-05 0.00000000E+00
3.2798E+04 4.68875581E-05 0.00000000E+00
3.2822E+04 4.68851908E-05 0.00000000E+00
3.2845E+04 4.68750047E-05 0.00000000E+00
3.2869E+04 4.68664621E-05 0.00000000E+00
3.2892E+04 4.68646021E-05 0.00000000E+00
3.2916E+04 4.68573019E-05 0.00000000E+00
3.2940E+04 4.68450950E-05 0.00000000E+00
3.2963E+04 4.68401874E-05 0.00000000E+00
3.2987E+04 4.68362769E-05 0.00000000E+00
3.3010E+04 4.68238028E-05 0.00000000E+00
3.3034E+04 4.68137264E-05 0.00000000E+00
3.3057E+04 4.68106892E-05 0.00000000E+00
3.3081E+04 4.68012818E-05 0.00000000E+00
3.3105E+04 4.67870531E-05 0.00000000E+00
3.3128E+04 4.67809921E-05 0.00000000E+00
3.3152E+04 4.67754189E-05 0.00000000E+00
3.3175E+04 4.67606665E-05 0.00000000E+00
3.3199E+04 4.67491097E-05 0.00000000E+00
3.3222E+04 4.67448153E-05 0.00000000E+00
3.3246E+04 4.67332582E-05 0.00000000E+00
3.3269E+04 4.67170954E-05 0.00000000E+00
3.3293E+04 4.67098842E-05 0.00000000E+00
3.3317E+04 4.67025789E-05 0.00000000E+00
3.3340E+04 4.66856134E-05 0.00000000E+00
3.3364E+04 4.66726637E-05 0.00000000E+00
3.3387E+04 4.66670705E-05 0.00000000E+00
3.3411E+04 4.66533777E-05 0.00000000E+00
3.3434E+04 4.66354106E-05 0.00000000E+00
3.3458E+04 4.66270825E-05 0.00000000E+00
3.3482E+04 4.66180249E-05 0.00000000E+00
3.3505E+04 4.65989618E-05 0.00000000E+00
3.3529E+04 4.65847365E-05 0.00000000E+00
3.3552E+04 4.65778402E-05 0.00000000E+00
3.3576E+04 4.65620780E-05 0.00000000E+00
3.3599E+04 4.65424731E-05 0.00000000E+00
3.3623E+04 4.65330893E-05 0.00000000E+00
3.3646E+04 4.65223053E-05 0.00000000E+00
3.3670E+04 4.65013051E-05 0.00000000E+00
3.3694E+04 4.64859468E-05 0.00000000E+00
3.3717E+04 4.64777777E-05 0.00000000E+00
3.3741E+04 4.64600608E-05 0.00000000E+00
3.3764E+04 4.64390150E-05 0.00000000E+00
3.3788E+04 4.64286608E-05 0.00000000E+00
3.3811E+04 4.64162193E-05 0.00000000E+00
3.3835E+04 4.63934807E-05 0.00000000E+00
3.3859E+04 4.63771525E-05 0.00000000E+00
3.3882E+04 4.63677727E-05 0.00000000E+00
3.3906E+04 4.63482578E-05 0.00000000E+00
3.3929E+04 4.63259923E-05 0.00000000E+00
3.3953E+04 4.63147736E-05 0.00000000E+00
3.3976E+04 4.63007819E-05 0.00000000E+00
3.4000E+04 4.62765350E-05 0.00000000E+00
3.4023E+04 4.62594150E-05 0.00000000E+00
3.4047E+04 4.62489151E-05 0.00000000E+00
3.4071E+04 4.62277947E-05 0.00000000E+00
3.4094E+04 4.62045476E-05 0.00000000E+00
3.4118E+04 4.61925871E-05 0.00000000E+00
3.4141E+04 4.61771862E-05 0.00000000E+00
3.4165E+04 4.61516847E-05 0.00000000E+00
3.4188E+04 4.61339611E-05 0.00000000E+00
3.4212E+04 4.61224554E-05 0.00000000E+00
3.4236E+04 4.60999511E-05 0.00000000E+00
3.4259E+04 4.60759714E-05 0.00000000E+00
3.4283E+04 4.60634043E-05 0.00000000E+00
3.4306E+04 4.60467627E-05 0.00000000E+00
3.4330E+04 4.60202768E-05 0.00000000E+00
3.4353E+04 4.60021424E-05 0.00000000E+00
3.4377E+04 4.59897651E-05 0.00000000E+00
3.4400E+04 4.59661203E-05 0.00000000E+00
3.4424E+04 4.59416604E-05 0.00000000E+00
3.4448E+04 4.59286303E-05 0.00000000E+00
3.4471E+04 4.59109385E-05 0.00000000E+00
3.4495E+04 4.58837471E-05 0.00000000E+00
3.4518E+04 4.58653944E-05 0.00000000E+00
3.4542E+04 4.58522945E-05 0.00000000E+00
3.4565E+04 4.58277670E-05 0.00000000E+00
3.4589E+04 4.58030771E-05 0.00000000E+00
3.4612E+04 4.57897316E-05 0.00000000E+00
3.4636E+04 4.57711958E-05 0.00000000E+00
3.4660E+04 4.57435793E-05 0.00000000E+00
3.4683E+04 4.57251954E-05 0.00000000E+00
3.4707E+04 4.57115321E-05 0.00000000E+00
3.4730E+04 4.56863871E-05 0.00000000E+00
3.4754E+04 4.56617090E-05 0.00000000E+00
3.4777E+04 4.56481957E-05 0.00000000E+00
3.4801E+04 4.56290314E-05 0.00000000E+00
3.4825E+04 4.56012649E-05 0.00000000E+00
3.4848E+04 4.55830278E-05 0.00000000E+00
3.4872E+04 4.55689654E-05 0.00000000E+00
3.4895E+04 4.55434686E-05 0.00000000E+00
3.4919E+04 4.55190301E-05 0.00000000E+00
3.4942E+04 4.55054927E-05 0.00000000E+00
3.4966E+04 4.54859192E-05 0.00000000E+00
3.4989E+04 4.54582661E-05 0.00000000E+00
3.5013E+04 4.54403400E-05 0.00000000E+00
3.5037E+04 4.54260438E-05 0.00000000E+00
3.5060E+04 4.54004544E-05 0.00000000E+00
3.5084E+04 4.53764650E-05 0.00000000E+00
3.5107E+04 4.53630399E-05 0.00000000E+00
3.5131E+04 4.53432741E-05 0.00000000E+00
3.5154E+04 4.53159804E-05 0.00000000E+00
3.5178E+04 4.52985128E-05 0.00000000E+00
3.5202E+04 4.52841444E-05 0.00000000E+00
3.5225E+04 4.52587097E-05 0.00000000E+00
3.5249E+04 4.52353562E-05 0.00000000E+00
3.5272E+04 4.52221690E-05 0.00000000E+00
3.5296E+04 4.52024204E-05 0.00000000E+00
3.5319E+04 4.51757100E-05 0.00000000E+00
3.5343E+04 4.51588288E-05 0.00000000E+00
3.5366E+04 4.51445419E-05 0.00000000E+00
3.5390E+04 4.51194920E-05 0.00000000E+00
3.5414E+04 4.50969354E-05 0.00000000E+00
3.5437E+04 4.50840983E-05 0.00000000E+00
3.5461E+04 4.50645642E-05 0.00000000E+00
3.5484E+04 4.50386345E-05 0.00000000E+00
3.5508E+04 4.50224458E-05 0.00000000E+00
3.5531E+04 4.50083831E-05 0.00000000E+00
3.5555E+04 4.49839261E-05 0.00000000E+00
3.5579E+04 4.49622992E-05 0.00000000E+00
3.5602E+04 4.49499088E-05 0.00000000E+00
3.5626E+04 4.49307700E-05 0.00000000E+00
3.5649E+04 4.49057891E-05 0.00000000E+00
3.5673E+04 4.48903757E-05 0.00000000E+00
3.5696E+04 4.48766656E-05 0.00000000E+00
3.5720E+04 4.48529841E-05 0.00000000E+00
3.5743E+04 4.48323896E-05 0.00000000E+00
3.5767E+04 4.48205252E-05 0.00000000E+00
3.5791E+04 4.48019428E-05 0.00000000E+00
3.5814E+04 4.47780470E-05 0.00000000E+00
3.5838E+04 4.47634672E-05 0.00000000E+00
3.5861E+04 4.47502217E-05 0.00000000E+00
3.5885E+04 4.47274699E-05 0.00000000E+00
3.5908E+04 4.47079797E-05 0.00000000E+00
3.5932E+04 4.46967021E-05 0.00000000E+00
3.5956E+04 4.46788146E-05 0.00000000E+00
3.5979E+04 4.46561069E-05 0.00000000E+00
3.6003E+04 4.46423949E-05 0.00000000E+00
3.6026E+04 4.46297071E-05 0.00000000E+00
3.6050E+04 4.46080089E-05 0.00000000E+00
3.6073E+04 4.45896645E-05 0.00000000E+00
3.6097E+04 4.45790151E-05 0.00000000E+00
3.6120E+04 4.45619366E-05 0.00000000E+00
3.6144E+04 4.45404865E-05 0.00000000E+00
3.6168E+04 4.45276521E-05 0.00000000E+00
3.6191E+04 4.45155955E-05 0.00000000E+00
3.6215E+04 4.44950434E-05 0.00000000E+00
3.6238E+04 4.44778557E-05 0.00000000E+00
3.6262E+04 4.44678569E-05 0.00000000E+00
3.6285E+04 4.44516756E-05 0.00000000E+00
3.6309E+04 4.44315192E-05 0.00000000E+00
3.6333E+04 4.44195492E-05 0.00000000E+00
3.6356E+04 4.44081771E-05 0.00000000E+00
3.6380E+04 4.43888318E-05 0.00000000E+00
3.6403E+04 4.43727831E-05 0.00000000E+00
3.6427E+04 4.43634385E-05 0.00000000E+00
3.6450E+04 4.43482165E-05 0.00000000E+00
3.6474E+04 4.43293575E-05 0.00000000E+00
3.6497E+04 4.43182170E-05 0.00000000E+00
3.6521E+04 4.43075619E-05 0.00000000E+00
3.6545E+04 4.42894531E-05 0.00000000E+00
3.6568E+04 4.42744990E-05 0.00000000E+00
3.6592E+04 4.42657942E-05 0.00000000E+00
3.6615E+04 4.42515674E-05 0.00000000E+00
3.6639E+04 4.42339792E-05 0.00000000E+00
3.6662E+04 4.42236137E-05 0.00000000E+00
3.6686E+04 4.42136883E-05 0.00000000E+00
3.6710E+04 4.41968157E-05 0.00000000E+00
3.6733E+04 4.41828873E-05 0.00000000E+00
3.6757E+04 4.41747914E-05 0.00000000E+00
3.6780E+04 4.41615708E-05 0.00000000E+00
3.6804E+04 4.41451986E-05 0.00000000E+00
3.6827E+04 4.41355360E-05 0.00000000E+00
3.6851E+04 4.41263341E-05 0.00000000E+00
3.6874E+04 4.41106692E-05 0.00000000E+00
3.6898E+04 4.40976764E-05 0.00000000E+00
3.6922E+04 4.40901440E-05 0.00000000E+00
3.6945E+04 4.40779163E-05 0.00000000E+00
3.6969E+04 4.40626804E-05 0.00000000E+00
3.6992E+04 4.40536341E-05 0.00000000E+00
3.7016E+04 4.40451317E-05 0.00000000E+00
3.7039E+04 4.40306205E-05 0.00000000E+00
3.7063E+04 4.40184553E-05 0.00000000E+00
3.7087E+04 4.40114278E-05 0.00000000E+00
3.7110E+04 4.40001581E-05 0.00000000E+00
3.7134E+04 4.39859569E-05 0.00000000E+00
3.7157E+04 4.39774285E-05 0.00000000E+00
3.7181E+04 4.39695858E-05 0.00000000E+00
3.7204E+04 4.39561517E-05 0.00000000E+00
3.7228E+04 4.39446914E-05 0.00000000E+00
3.7251E+04 4.39381000E-05 0.00000000E+00
3.7275E+04 4.39277337E-05 0.00000000E+00
3.7299E+04 4.39144476E-05 0.00000000E+00
3.7322E+04 4.39063298E-05 0.00000000E+00
3.7346E+04 4.38990935E-05 0.00000000E+00
3.7369E+04 4.38866401E-05 0.00000000E+00
3.7393E+04 4.38757518E-05 0.00000000E+00
3.7416E+04 4.38695194E-05 0.00000000E+00
3.7440E+04 4.38599848E-05 0.00000000E+00
3.7463E+04 4.38474801E-05 0.00000000E+00
3.7487E+04 4.38396602E-05 0.00000000E+00
3.7511E+04 4.38329654E-05 0.00000000E+00
3.7534E+04 4.38213806E-05 0.00000000E+00
3.7558E+04 4.38109242E-05 0.00000000E+00
3.7581E+04 4.38049680E-05 0.00000000E+00
3.7605E+04 4.37961795E-05 0.00000000E+00
3.7628E+04 4.37843124E-05 0.00000000E+00
3.7652E+04 4.37766751E-05 0.00000000E+00
3.7676E+04 4.37704479E-05 0.00000000E+00
3.7699E+04 4.37596073E-05 0.00000000E+00
3.7723E+04 4.37494397E-05 0.00000000E+00
3.7746E+04 4.37436739E-05 0.00000000E+00
3.7770E+04 4.37355347E-05 0.00000000E+00
3.7793E+04 4.37241554E-05 0.00000000E+00
3.7817E+04 4.37165859E-05 0.00000000E+00
3.7840E+04 4.37107460E-05 0.00000000E+00
3.7864E+04 4.37005167E-05 0.00000000E+00
3.7888E+04 4.36904954E-05 0.00000000E+00
3.7911E+04 4.36848335E-05 0.00000000E+00
3.7935E+04 4.36772388E-05 0.00000000E+00
3.7958E+04 4.36661954E-05 0.00000000E+00
3.7982E+04 4.36585825E-05 0.00000000E+00
3.8005E+04 4.36530455E-05 0.00000000E+00
3.8029E+04 4.36432897E-05 0.00000000E+00
3.8053E+04 4.36332763E-05 0.00000000E+00
3.8076E+04 4.36276334E-05 0.00000000E+00
3.8100E+04 4.36204737E-05 0.00000000E+00
3.8123E+04 4.36096159E-05 0.00000000E+00
3.8147E+04 4.36018542E-05 0.00000000E+00
3.8170E+04 4.35965342E-05 0.00000000E+00
3.8194E+04 4.35871133E-05 0.00000000E+00
3.8217E+04 4.35769763E-05 0.00000000E+00
3.8241E+04 4.35712713E-05 0.00000000E+00
3.8265E+04 4.35644351E-05 0.00000000E+00
3.8288E+04 4.35536180E-05 0.00000000E+00
3.8312E+04 4.35456105E-05 0.00000000E+00
3.8335E+04 4.35404224E-05 0.00000000E+00
3.8359E+04 4.35311998E-05 0.00000000E+00
3.8382E+04 4.35208180E-05 0.00000000E+00
3.8406E+04 4.35149754E-05 0.00000000E+00
3.8430E+04 4.35083524E-05 0.00000000E+00
3.8453E+04 4.34974394E-05 0.00000000E+00
3.8477E+04 4.34890995E-05 0.00000000E+00
3.8500E+04 4.34839612E-05 0.00000000E+00
3.8524E+04 4.34748058E-05 0.00000000E+00
3.8547E+04 4.34640702E-05 0.00000000E+00
3.8571E+04 4.34580220E-05 0.00000000E+00
3.8594E+04 4.34515054E-05 0.00000000E+00
3.8618E+04 4.34403712E-05 0.00000000E+00
3.8642E+04 4.34316243E-05 0.00000000E+00
3.8665E+04 4.34264585E-05 0.00000000E+00
3.8689E+04 4.34172475E-05 0.00000000E+00
3.8712E+04 4.34060638E-05 0.00000000E+00
3.8736E+04 4.33997505E-05 0.00000000E+00
3.8759E+04 4.33932397E-05 0.00000000E+00
3.8783E+04 4.33817726E-05 0.00000000E+00
3.8807E+04 4.33725574E-05 0.00000000E+00
3.8830E+04 4.33672933E-05 0.00000000E+00
3.8854E+04 4.33579146E-05 0.00000000E+00
3.8877E+04 4.33462042E-05 0.00000000E+00
3.8901E+04 4.33395765E-05 0.00000000E+00
3.8924E+04 4.33329788E-05 0.00000000E+00
3.8948E+04 4.33210829E-05 0.00000000E+00
3.8971E+04 4.33113520E-05 0.00000000E+00
3.8995E+04 4.33059268E-05 0.00000000E+00
3.9019E+04 4.32962813E-05 0.00000000E+00
3.9042E+04 4.32839826E-05 0.00000000E+00
3.9066E+04 4.32770013E-05 0.00000000E+00
3.9089E+04 4.32702343E-05 0.00000000E+00
3.9113E+04 4.32578304E-05 0.00000000E+00
3.9136E+04 4.32475512E-05 0.00000000E+00
3.9160E+04 4.32419110E-05 0.00000000E+00
3.9184E+04 4.32319139E-05 0.00000000E+00
3.9207E+04 4.32189831E-05 0.00000000E+00
3.9231E+04 4.32116202E-05 0.00000000E+00
3.9254E+04 4.32046125E-05 0.00000000E+00
3.9278E+04 4.31916394E-05 0.00000000E+00
3.9301E+04 4.31807938E-05 0.00000000E+00
3.9325E+04 4.31748946E-05 0.00000000E+00
3.9348E+04 4.31644769E-05 0.00000000E+00
3.9372E+04 4.31508877E-05 0.00000000E+00
3.9396E+04 4.31431263E-05 0.00000000E+00
3.9419E+04 4.31358189E-05 0.00000000E+00
3.9443E+04 4.31222340E-05 0.00000000E+00
3.9466E+04 4.31108181E-05 0.00000000E+00
3.9490E+04 4.31046263E-05 0.00000000E+00
3.9513E+04 4.30937350E-05 0.00000000E+00
3.9537E+04 4.30794787E-05 0.00000000E+00
3.9561E+04 4.30713126E-05 0.00000000E+00
3.9584E+04 4.30636596E-05 0.00000000E+00
3.9608E+04 4.30494384E-05 0.00000000E+00
3.9631E+04 4.30374622E-05 0.00000000E+00
3.9655E+04 4.30309545E-05 0.00000000E+00
3.9678E+04 4.30195535E-05 0.00000000E+00
3.9702E+04 4.30046379E-05 0.00000000E+00
3.9725E+04 4.29960717E-05 0.00000000E+00
3.9749E+04 4.29880403E-05 0.00000000E+00
3.9773E+04 4.29731764E-05 0.00000000E+00
3.9796E+04 4.29606623E-05 0.00000000E+00
3.9820E+04 4.29538261E-05 0.00000000E+00
3.9843E+04 4.29418957E-05 0.00000000E+00
3.9867E+04 4.29263442E-05 0.00000000E+00
3.9890E+04 4.29173920E-05 0.00000000E+00
3.9914E+04 4.29089626E-05 0.00000000E+00
3.9937E+04 4.28934665E-05 0.00000000E+00
3.9961E+04 4.28804487E-05 0.00000000E+00
3.9985E+04 4.28732812E-05 0.00000000E+00
