0.0000E+00 0.00000000E+00 0.00000000E+00
2.3562E+01 0.00000000E+00 0.00000000E+00
4.7124E+01 0.00000000E+00 0.00000000E+00
7.0686E+01 0.00000000E+00 0.00000000E+00
9.4248E+01 0.00000000E+00 0.00000000E+00
1.1781E+02 0.00000000E+00 0.00000000E+00
1.4137E+02 0.00000000E+00 0.00000000E+00
1.6493E+02 0.00000000E+00 0.00000000E+00
1.8850E+02 0.00000000E+00 0.00000000E+00
2.1206E+02 0.00000000E+00 0.00000000E+00
2.3562E+02 0.00000000E+00 0.00000000E+00
2.5918E+02 4.23584796E-272 0.00000000E+00
2.8274E+02 5.47304387E-219 0.00000000E+00
3.0631E+02 3.09026776E-176 0.00000000E+00
3.2987E+02 8.31040981E-141 0.00000000E+00
3.5343E+02 4.14693580E-111 0.00000000E+00
3.7699E+02 3.40606569E-86 0.00000000E+00
4.0055E+02 1.80918199E-65 0.00000000E+00
4.2412E+02 1.43252278E-48 0.00000000E+00
4.4768E+02 2.52682692E-35 0.00000000E+00
4.7124E+02 9.00117028E-26 0.00000000E+00
4.9480E+02 2.14098839E-20 0.00000000E+00
5.1836E+02 2.19620317E-19 0.00000000E+00
5.4192E+02 5.28206428E-19 0.00000000E+00
5.6549E+02 1.03844241E-18 0.00000000E+00
5.8905E+02 1.65940496E-18 0.00000000E+00
6.1261E+02 2.33394752E-18 0.00000000E+00
6.3617E+02 3.76053296E-18 0.00000000E+00
6.5973E+02 7.37408736E-18 0.00000000E+00
6.8330E+02 1.20375804E-17 0.00000000E+00
7.0686E+02 1.65363381E-17 0.00000000E+00
7.3042E+02 2.62623011E-17 0.00000000E+00
7.5398E+02 4.65775300E-17 0.00000000E+00
7.7754E+02 6.93458804E-17 0.00000000E+00
8.0111E+02 9.00333063E-17 0.00000000E+00
8.2467E+02 1.34657904E-16 0.00000000E+00
8.4823E+02 2.22129951E-16 0.00000000E+00
8.7179E+02 3.14025897E-16 0.00000000E+00
8.9535E+02 3.97991820E-16 0.00000000E+00
9.1892E+02 5.84585380E-16 0.00000000E+00
9.4248E+02 9.43246123E-16 0.00000000E+00
9.6604E+02 1.30643627E-15 0.00000000E+00
9.8960E+02 1.62806112E-15 0.00000000E+00
1.0132E+03 2.34346163E-15 0.00000000E+00
1.0367E+03 3.67025836E-15 0.00000000E+00
1.0603E+03 4.96898419E-15 0.00000000E+00
1.0838E+03 6.11795621E-15 0.00000000E+00
1.1074E+03 8.70646636E-15 0.00000000E+00
1.1310E+03 1.34129533E-14 0.00000000E+00
1.1545E+03 1.78944553E-14 0.00000000E+00
1.1781E+03 2.18295322E-14 0.00000000E+00
1.2017E+03 3.07379517E-14 0.00000000E+00
1.2252E+03 4.66032034E-14 0.00000000E+00
1.2488E+03 6.13187878E-14 0.00000000E+00
1.2723E+03 7.41651458E-14 0.00000000E+00
1.2959E+03 1.03379319E-13 0.00000000E+00
1.3195E+03 1.54517078E-13 0.00000000E+00
1.3430E+03 2.00878292E-13 0.00000000E+00
1.3666E+03 2.41126493E-13 0.00000000E+00
1.3902E+03 3.32988664E-13 0.00000000E+00
1.4137E+03 4.90909609E-13 0.00000000E+00
1.4373E+03 6.30707623E-13 0.00000000E+00
1.4608E+03 7.51380586E-13 0.00000000E+00
1.4844E+03 1.02780778E-12 0.00000000E+00
1.5080E+03 1.49489151E-12 0.00000000E+00
1.5315E+03 1.89874749E-12 0.00000000E+00
1.5551E+03 2.24547140E-12 0.00000000E+00
1.5787E+03 3.04299329E-12 0.00000000E+00
1.6022E+03 4.36704208E-12 0.00000000E+00
1.6258E+03 5.48428859E-12 0.00000000E+00
1.6493E+03 6.43848706E-12 0.00000000E+00
1.6729E+03 8.64359054E-12 0.00000000E+00
1.6965E+03 1.22399362E-11 0.00000000E+00
1.7200E+03 1.51990684E-11 0.00000000E+00
1.7436E+03 1.77142533E-11 0.00000000E+00
1.7671E+03 2.35596509E-11 0.00000000E+00
1.7907E+03 3.29221730E-11 0.00000000E+00
1.8143E+03 4.04261376E-11 0.00000000E+00
1.8378E+03 4.67762296E-11 0.00000000E+00
1.8614E+03 6.16324108E-11 0.00000000E+00
1.8850E+03 8.49930863E-11 0.00000000E+00
1.9085E+03 1.03209030E-10 0.00000000E+00
1.9321E+03 1.18563929E-10 0.00000000E+00
1.9556E+03 1.54770146E-10 0.00000000E+00
1.9792E+03 2.10644658E-10 0.00000000E+00
2.0028E+03 2.52974153E-10 0.00000000E+00
2.0263E+03 2.88535607E-10 0.00000000E+00
2.0499E+03 3.73162524E-10 0.00000000E+00
2.0735E+03 5.01283967E-10 0.00000000E+00
2.0970E+03 5.95433369E-10 0.00000000E+00
2.1206E+03 6.74311907E-10 0.00000000E+00
2.1441E+03 8.64048312E-10 0.00000000E+00
2.1677E+03 1.14573928E-09 0.00000000E+00
2.1913E+03 1.34615464E-09 0.00000000E+00
2.2148E+03 1.51371549E-09 0.00000000E+00
2.2384E+03 1.92183842E-09 0.00000000E+00
2.2619E+03 2.51575982E-09 0.00000000E+00
2.2855E+03 2.92399503E-09 0.00000000E+00
2.3091E+03 3.26485754E-09 0.00000000E+00
2.3326E+03 4.10723692E-09 0.00000000E+00
2.3562E+03 5.30827045E-09 0.00000000E+00
2.3798E+03 6.10379677E-09 0.00000000E+00
2.4033E+03 6.76772632E-09 0.00000000E+00
2.4269E+03 8.43646612E-09 0.00000000E+00
2.4504E+03 1.07662719E-08 0.00000000E+00
2.4740E+03 1.22488627E-08 0.00000000E+00
2.4976E+03 1.34868282E-08 0.00000000E+00
2.5211E+03 1.66602179E-08 0.00000000E+00
2.5447E+03 2.09962449E-08 0.00000000E+00
2.5683E+03 2.36375090E-08 0.00000000E+00
2.5918E+03 2.58465679E-08 0.00000000E+00
2.6154E+03 3.16409720E-08 0.00000000E+00
2.6389E+03 3.93846051E-08 0.00000000E+00
2.6625E+03 4.38798375E-08 0.00000000E+00
2.6861E+03 4.76505999E-08 0.00000000E+00
2.7096E+03 5.78118517E-08 0.00000000E+00
2.7332E+03 7.10843565E-08 0.00000000E+00
2.7567E+03 7.83866736E-08 0.00000000E+00
2.7803E+03 8.45399780E-08 0.00000000E+00
2.8039E+03 1.01657826E-07 0.00000000E+00
2.8274E+03 1.23494941E-07 0.00000000E+00
2.8510E+03 1.34803407E-07 0.00000000E+00
2.8746E+03 1.44394576E-07 0.00000000E+00
2.8981E+03 1.72104460E-07 0.00000000E+00
2.9217E+03 2.06599373E-07 0.00000000E+00
2.9452E+03 2.23265024E-07 0.00000000E+00
2.9688E+03 2.37527362E-07 0.00000000E+00
2.9924E+03 2.80643106E-07 0.00000000E+00
3.0159E+03 3.32969646E-07 0.00000000E+00
3.0395E+03 3.56283489E-07 0.00000000E+00
3.0631E+03 3.76481645E-07 0.00000000E+00
3.0866E+03 4.40987696E-07 0.00000000E+00
3.1102E+03 5.17229799E-07 0.00000000E+00
3.1337E+03 5.48070638E-07 0.00000000E+00
3.1573E+03 5.75243393E-07 0.00000000E+00
3.1809E+03 6.68075113E-07 0.00000000E+00
3.2044E+03 7.74804907E-07 0.00000000E+00
3.2280E+03 8.13155572E-07 0.00000000E+00
3.2515E+03 8.47749670E-07 0.00000000E+00
3.2751E+03 9.76313461E-07 0.00000000E+00
3.2987E+03 1.11990421E-06 0.00000000E+00
3.3222E+03 1.16429049E-06 0.00000000E+00
3.3458E+03 1.20572100E-06 0.00000000E+00
3.3694E+03 1.37715549E-06 0.00000000E+00
3.3929E+03 1.56288429E-06 0.00000000E+00
3.4165E+03 1.60984184E-06 0.00000000E+00
3.4400E+03 1.65605391E-06 0.00000000E+00
3.4636E+03 1.87630314E-06 0.00000000E+00
3.4872E+03 2.10737746E-06 0.00000000E+00
3.5107E+03 2.15109171E-06 0.00000000E+00
3.5343E+03 2.19823132E-06 0.00000000E+00
3.5579E+03 2.47107381E-06 0.00000000E+00
3.5814E+03 2.74778087E-06 0.00000000E+00
3.6050E+03 2.78005440E-06 0.00000000E+00
3.6285E+03 2.82236678E-06 0.00000000E+00
3.6521E+03 3.14859675E-06 0.00000000E+00
3.6757E+03 3.46779859E-06 0.00000000E+00
3.6992E+03 3.47846463E-06 0.00000000E+00
3.7228E+03 3.50851765E-06 0.00000000E+00
3.7463E+03 3.88548209E-06 0.00000000E+00
3.7699E+03 4.24064107E-06 0.00000000E+00
3.7935E+03 4.21845868E-06 0.00000000E+00
3.8170E+03 4.22773002E-06 0.00000000E+00
3.8406E+03 4.64937515E-06 0.00000000E+00
3.8642E+03 5.03119309E-06 0.00000000E+00
3.8877E+03 4.96514358E-06 0.00000000E+00
3.9113E+03 4.94492586E-06 0.00000000E+00
3.9348E+03 5.40240252E-06 0.00000000E+00
3.9584E+03 5.80001224E-06 0.00000000E+00
3.9820E+03 5.68079751E-06 0.00000000E+00
4.0055E+03 5.62328528E-06 0.00000000E+00
4.0291E+03 6.10603069E-06 0.00000000E+00
4.0527E+03 6.50853054E-06 0.00000000E+00
4.0762E+03 6.32998977E-06 0.00000000E+00
4.0998E+03 6.22934492E-06 0.00000000E+00
4.1233E+03 6.72643566E-06 0.00000000E+00
4.1469E+03 7.12445307E-06 0.00000000E+00
4.1705E+03 6.88459473E-06 0.00000000E+00
4.1940E+03 6.73776687E-06 0.00000000E+00
4.2176E+03 7.23926448E-06 0.00000000E+00
4.2412E+03 7.62620858E-06 0.00000000E+00
4.2647E+03 7.32761543E-06 0.00000000E+00
4.2883E+03 7.13473308E-06 0.00000000E+00
4.3118E+03 7.63274354E-06 0.00000000E+00
4.3354E+03 8.00547329E-06 0.00000000E+00
4.3590E+03 7.65496588E-06 0.00000000E+00
4.3825E+03 7.41920605E-06 0.00000000E+00
4.4061E+03 7.90845005E-06 0.00000000E+00
4.4296E+03 8.26722401E-06 0.00000000E+00
4.4532E+03 7.87483230E-06 0.00000000E+00
4.4768E+03 7.60179635E-06 0.00000000E+00
4.5003E+03 8.07961424E-06 0.00000000E+00
4.5239E+03 8.42736270E-06 0.00000000E+00
4.5475E+03 8.00481008E-06 0.00000000E+00
4.5710E+03 7.70154806E-06 0.00000000E+00
4.5946E+03 8.16740398E-06 0.00000000E+00
4.6181E+03 8.50852204E-06 0.00000000E+00
4.6417E+03 8.06753013E-06 0.00000000E+00
4.6653E+03 7.74143232E-06 0.00000000E+00
4.6888E+03 8.19609460E-06 0.00000000E+00
4.7124E+03 8.53505445E-06 0.00000000E+00
4.7360E+03 8.08580468E-06 0.00000000E+00
4.7595E+03 7.74359735E-06 0.00000000E+00
4.7831E+03 8.18822842E-06 0.00000000E+00
4.8066E+03 8.52832852E-06 0.00000000E+00
4.8302E+03 8.07836433E-06 0.00000000E+00
4.8538E+03 7.72540501E-06 0.00000000E+00
4.8773E+03 8.16078487E-06 0.00000000E+00
4.9009E+03 8.50329532E-06 0.00000000E+00
4.9244E+03 8.05703577E-06 0.00000000E+00
4.9480E+03 7.69701696E-06 0.00000000E+00
4.9716E+03 8.12306103E-06 0.00000000E+00
4.9951E+03 8.46691185E-06 0.00000000E+00
5.0187E+03 8.02580517E-06 0.00000000E+00
5.0423E+03 7.66087151E-06 0.00000000E+00
5.0658E+03 8.07651053E-06 0.00000000E+00
5.0894E+03 8.41853666E-06 0.00000000E+00
5.1129E+03 7.98174832E-06 0.00000000E+00
5.1365E+03 7.61293822E-06 0.00000000E+00
5.1601E+03 8.01633402E-06 0.00000000E+00
5.1836E+03 8.35197074E-06 0.00000000E+00
5.2072E+03 7.91740282E-06 0.00000000E+00
5.2308E+03 7.54526449E-06 0.00000000E+00
5.2543E+03 7.93426252E-06 0.00000000E+00
5.2779E+03 8.25850330E-06 0.00000000E+00
5.3014E+03 7.82389827E-06 0.00000000E+00
5.3250E+03 7.44911092E-06 0.00000000E+00
5.3486E+03 7.82179236E-06 0.00000000E+00
5.3721E+03 8.13018782E-06 0.00000000E+00
5.3957E+03 7.69408179E-06 0.00000000E+00
5.4192E+03 7.31793494E-06 0.00000000E+00
5.4428E+03 7.67312881E-06 0.00000000E+00
5.4664E+03 7.96262081E-06 0.00000000E+00
5.4899E+03 7.52496877E-06 0.00000000E+00
5.5135E+03 7.14960357E-06 0.00000000E+00
5.5371E+03 7.48724612E-06 0.00000000E+00
5.5606E+03 7.75668391E-06 0.00000000E+00
5.5842E+03 7.31906544E-06 0.00000000E+00
5.6077E+03 6.94744667E-06 0.00000000E+00
5.6313E+03 7.26872003E-06 0.00000000E+00
5.6549E+03 7.51898071E-06 0.00000000E+00
5.6784E+03 7.08438751E-06 0.00000000E+00
5.7020E+03 6.72003700E-06 0.00000000E+00
5.7256E+03 7.02726988E-06 0.00000000E+00
5.7491E+03 7.26098656E-06 0.00000000E+00
5.7727E+03 6.83327560E-06 0.00000000E+00
5.7962E+03 6.47984506E-06 0.00000000E+00
5.8198E+03 6.77620494E-06 0.00000000E+00
5.8434E+03 6.99717861E-06 0.00000000E+00
5.8669E+03 6.58033234E-06 0.00000000E+00
5.8905E+03 6.24111872E-06 0.00000000E+00
5.9140E+03 6.53016068E-06 0.00000000E+00
5.9376E+03 6.74258407E-06 0.00000000E+00
5.9612E+03 6.33994418E-06 0.00000000E+00
5.9847E+03 6.01745245E-06 0.00000000E+00
6.0083E+03 6.30261042E-06 0.00000000E+00
6.0319E+03 6.51025807E-06 0.00000000E+00
6.0554E+03 6.12389137E-06 0.00000000E+00
6.0790E+03 5.81953083E-06 0.00000000E+00
6.1025E+03 6.10364144E-06 0.00000000E+00
6.1261E+03 6.30917711E-06 0.00000000E+00
6.1497E+03 5.93949507E-06 0.00000000E+00
6.1732E+03 5.65346224E-06 0.00000000E+00
6.1968E+03 5.93840112E-06 0.00000000E+00
6.2204E+03 6.14292465E-06 0.00000000E+00
6.2439E+03 5.78862189E-06 0.00000000E+00
6.2675E+03 5.51998361E-06 0.00000000E+00
6.2910E+03 5.80647142E-06 0.00000000E+00
6.3146E+03 6.00937793E-06 0.00000000E+00
6.3382E+03 5.66769020E-06 0.00000000E+00
6.3617E+03 5.41464257E-06 0.00000000E+00
6.3853E+03 5.70224744E-06 0.00000000E+00
6.4088E+03 5.90141249E-06 0.00000000E+00
6.4324E+03 5.56863440E-06 0.00000000E+00
6.4560E+03 5.32888306E-06 0.00000000E+00
6.4795E+03 5.61621263E-06 0.00000000E+00
6.5031E+03 5.80845732E-06 0.00000000E+00
6.5267E+03 5.48061410E-06 0.00000000E+00
6.5502E+03 5.25180353E-06 0.00000000E+00
6.5738E+03 5.53684851E-06 0.00000000E+00
6.5973E+03 5.71858949E-06 0.00000000E+00
6.6209E+03 5.39213303E-06 0.00000000E+00
6.6445E+03 5.17224875E-06 0.00000000E+00
6.6680E+03 5.45281552E-06 0.00000000E+00
6.6916E+03 5.62077428E-06 0.00000000E+00
6.7152E+03 5.29317478E-06 0.00000000E+00
6.7387E+03 5.08085224E-06 0.00000000E+00
6.7623E+03 5.35500842E-06 0.00000000E+00
6.7858E+03 5.50684650E-06 0.00000000E+00
6.8094E+03 5.17697586E-06 0.00000000E+00
6.8330E+03 4.97166980E-06 0.00000000E+00
6.8565E+03 5.23812539E-06 0.00000000E+00
6.8801E+03 5.37289355E-06 0.00000000E+00
6.9036E+03 5.04113567E-06 0.00000000E+00
6.9272E+03 4.84313174E-06 0.00000000E+00
6.9508E+03 5.10149233E-06 0.00000000E+00
6.9743E+03 5.21980624E-06 0.00000000E+00
6.9979E+03 4.88789193E-06 0.00000000E+00
7.0215E+03 4.69816675E-06 0.00000000E+00
7.0450E+03 4.94901424E-06 0.00000000E+00
7.0686E+03 5.05294123E-06 0.00000000E+00
7.0921E+03 4.72353917E-06 0.00000000E+00
7.1157E+03 4.54350623E-06 0.00000000E+00
7.1393E+03 4.78829800E-06 0.00000000E+00
7.1628E+03 4.88097294E-06 0.00000000E+00
7.1864E+03 4.55712818E-06 0.00000000E+00
7.2100E+03 4.38831693E-06 0.00000000E+00
7.2335E+03 4.62912084E-06 0.00000000E+00
7.2571E+03 4.71417222E-06 0.00000000E+00
7.2806E+03 4.39869806E-06 0.00000000E+00
7.3042E+03 4.24242792E-06 0.00000000E+00
7.3278E+03 4.48154639E-06 0.00000000E+00
7.3513E+03 4.56244062E-06 0.00000000E+00
7.3749E+03 4.25737933E-06 0.00000000E+00
7.3985E+03 4.11448448E-06 0.00000000E+00
7.4220E+03 4.35403150E-06 0.00000000E+00
7.4456E+03 4.43346081E-06 0.00000000E+00
7.4691E+03 4.13970840E-06 0.00000000E+00
7.4927E+03 4.01035917E-06 0.00000000E+00
7.5163E+03 4.25187273E-06 0.00000000E+00
7.5398E+03 4.33129886E-06 0.00000000E+00
7.5634E+03 4.04845949E-06 0.00000000E+00
7.5869E+03 3.93210670E-06 0.00000000E+00
7.6105E+03 4.17626399E-06 0.00000000E+00
7.6341E+03 4.25570072E-06 0.00000000E+00
7.6576E+03 3.98218840E-06 0.00000000E+00
7.6812E+03 3.87763535E-06 0.00000000E+00
7.7048E+03 4.12412556E-06 0.00000000E+00
7.7283E+03 4.20219697E-06 0.00000000E+00
7.7519E+03 3.93555772E-06 0.00000000E+00
7.7754E+03 3.84114249E-06 0.00000000E+00
7.7990E+03 4.08871949E-06 0.00000000E+00
7.8226E+03 4.16297759E-06 0.00000000E+00
7.8461E+03 3.90036473E-06 0.00000000E+00
7.8697E+03 3.81421717E-06 0.00000000E+00
7.8933E+03 4.06092342E-06 0.00000000E+00
7.9168E+03 4.12836171E-06 0.00000000E+00
7.9404E+03 3.86707027E-06 0.00000000E+00
7.9639E+03 3.78739695E-06 0.00000000E+00
7.9875E+03 4.03091747E-06 0.00000000E+00
8.0111E+03 4.08857968E-06 0.00000000E+00
8.0346E+03 3.82653891E-06 0.00000000E+00
8.0582E+03 3.75188633E-06 0.00000000E+00
8.0817E+03 3.98996738E-06 0.00000000E+00
8.1053E+03 4.03553576E-06 0.00000000E+00
8.1289E+03 3.77166873E-06 0.00000000E+00
8.1524E+03 3.70112064E-06 0.00000000E+00
8.1760E+03 3.93197649E-06 0.00000000E+00
8.1996E+03 3.96422868E-06 0.00000000E+00
8.2231E+03 3.69861684E-06 0.00000000E+00
8.2467E+03 3.63189452E-06 0.00000000E+00
8.2702E+03 3.85452678E-06 0.00000000E+00
8.2938E+03 3.87357782E-06 0.00000000E+00
8.3174E+03 3.60740601E-06 0.00000000E+00
8.3409E+03 3.54485781E-06 0.00000000E+00
8.3645E+03 3.75922908E-06 0.00000000E+00
8.3881E+03 3.76651690E-06 0.00000000E+00
8.4116E+03 3.50181635E-06 0.00000000E+00
8.4352E+03 3.44430232E-06 0.00000000E+00
8.4587E+03 3.65133204E-06 0.00000000E+00
8.4823E+03 3.64935366E-06 0.00000000E+00
8.5059E+03 3.38859767E-06 0.00000000E+00
8.5294E+03 3.33729227E-06 0.00000000E+00
8.5530E+03 3.53867632E-06 0.00000000E+00
8.5765E+03 3.53052932E-06 0.00000000E+00
8.6001E+03 3.27616129E-06 0.00000000E+00
8.6237E+03 3.23231034E-06 0.00000000E+00
8.6472E+03 3.43019791E-06 0.00000000E+00
8.6708E+03 3.41901692E-06 0.00000000E+00
8.6944E+03 3.17300079E-06 0.00000000E+00
8.7179E+03 3.13767490E-06 0.00000000E+00
8.7415E+03 3.33426280E-06 0.00000000E+00
8.7650E+03 3.32265920E-06 0.00000000E+00
8.7886E+03 3.08613424E-06 0.00000000E+00
8.8122E+03 3.06002002E-06 0.00000000E+00
8.8357E+03 3.25713962E-06 0.00000000E+00
8.8593E+03 3.24674965E-06 0.00000000E+00
8.8829E+03 3.01984970E-06 0.00000000E+00
8.9064E+03 3.00311224E-06 0.00000000E+00
8.9300E+03 3.20188551E-06 0.00000000E+00
8.9535E+03 3.19310972E-06 0.00000000E+00
8.9771E+03 2.97497393E-06 0.00000000E+00
9.0007E+03 2.96721116E-06 0.00000000E+00
9.0242E+03 3.16783922E-06 0.00000000E+00
9.0478E+03 3.15981867E-06 0.00000000E+00
9.0713E+03 2.94878459E-06 0.00000000E+00
9.0949E+03 2.94907830E-06 0.00000000E+00
9.1185E+03 3.15080157E-06 0.00000000E+00
9.1420E+03 3.14163066E-06 0.00000000E+00
9.1656E+03 2.93556720E-06 0.00000000E+00
9.1892E+03 2.94261969E-06 0.00000000E+00
9.2127E+03 3.14385681E-06 0.00000000E+00
9.2363E+03 3.13098836E-06 0.00000000E+00
9.2598E+03 2.92770222E-06 0.00000000E+00
9.2834E+03 2.94003379E-06 0.00000000E+00
9.3070E+03 3.13867344E-06 0.00000000E+00
9.3305E+03 3.11943637E-06 0.00000000E+00
9.3541E+03 2.91707462E-06 0.00000000E+00
9.3777E+03 2.93324801E-06 0.00000000E+00
9.4012E+03 3.12703940E-06 0.00000000E+00
9.4248E+03 3.09916993E-06 0.00000000E+00
9.4483E+03 2.89654520E-06 0.00000000E+00
9.4719E+03 2.91537947E-06 0.00000000E+00
9.4955E+03 3.10234902E-06 0.00000000E+00
9.5190E+03 3.06443541E-06 0.00000000E+00
9.5426E+03 2.86121732E-06 0.00000000E+00
9.5661E+03 2.88195596E-06 0.00000000E+00
9.5897E+03 3.06077263E-06 0.00000000E+00
9.6133E+03 3.01253188E-06 0.00000000E+00
9.6368E+03 2.80927478E-06 0.00000000E+00
9.6604E+03 2.83168092E-06 0.00000000E+00
9.6840E+03 3.00190229E-06 0.00000000E+00
9.7075E+03 2.94423983E-06 0.00000000E+00
9.7311E+03 2.74224798E-06 0.00000000E+00
9.7546E+03 2.76661169E-06 0.00000000E+00
9.7782E+03 2.92876468E-06 0.00000000E+00
9.8018E+03 2.86360983E-06 0.00000000E+00
9.8253E+03 2.66467063E-06 0.00000000E+00
9.8489E+03 2.69172771E-06 0.00000000E+00
9.8725E+03 2.84720870E-06 0.00000000E+00
9.8960E+03 2.77716062E-06 0.00000000E+00
9.9196E+03 2.58319913E-06 0.00000000E+00
9.9431E+03 2.61397535E-06 0.00000000E+00
9.9667E+03 2.76478798E-06 0.00000000E+00
9.9903E+03 2.69264161E-06 0.00000000E+00
1.0014E+04 2.50536200E-06 0.00000000E+00
1.0037E+04 2.54096895E-06 0.00000000E+00
1.0061E+04 2.68934819E-06 0.00000000E+00
1.0085E+04 2.61759124E-06 0.00000000E+00
1.0108E+04 2.43817055E-06 0.00000000E+00
1.0132E+04 2.47958719E-06 0.00000000E+00
1.0155E+04 2.62757984E-06 0.00000000E+00
1.0179E+04 2.55795544E-06 0.00000000E+00
1.0202E+04 2.38684314E-06 0.00000000E+00
1.0226E+04 2.43471989E-06 0.00000000E+00
1.0249E+04 2.58379997E-06 0.00000000E+00
1.0273E+04 2.51701602E-06 0.00000000E+00
1.0297E+04 2.35387196E-06 0.00000000E+00
1.0320E+04 2.40839054E-06 0.00000000E+00
1.0344E+04 2.55918174E-06 0.00000000E+00
1.0367E+04 2.49481916E-06 0.00000000E+00
1.0391E+04 2.33859607E-06 0.00000000E+00
1.0414E+04 2.39940935E-06 0.00000000E+00
1.0438E+04 2.55156718E-06 0.00000000E+00
1.0462E+04 2.48820095E-06 0.00000000E+00
1.0485E+04 2.33735168E-06 0.00000000E+00
1.0509E+04 2.40361460E-06 0.00000000E+00
1.0532E+04 2.55589062E-06 0.00000000E+00
1.0556E+04 2.49139763E-06 0.00000000E+00
1.0579E+04 2.34416538E-06 0.00000000E+00
1.0603E+04 2.41465278E-06 0.00000000E+00
1.0626E+04 2.56512941E-06 0.00000000E+00
1.0650E+04 2.49712214E-06 0.00000000E+00
1.0674E+04 2.35185878E-06 0.00000000E+00
1.0697E+04 2.42515063E-06 0.00000000E+00
1.0721E+04 2.57160264E-06 0.00000000E+00
1.0744E+04 2.49790528E-06 0.00000000E+00
1.0768E+04 2.35335947E-06 0.00000000E+00
1.0791E+04 2.42806247E-06 0.00000000E+00
1.0815E+04 2.56837709E-06 0.00000000E+00
1.0838E+04 2.48745401E-06 0.00000000E+00
1.0862E+04 2.34297838E-06 0.00000000E+00
1.0886E+04 2.41794563E-06 0.00000000E+00
1.0909E+04 2.55052209E-06 0.00000000E+00
1.0933E+04 2.46177863E-06 0.00000000E+00
1.0956E+04 2.31742160E-06 0.00000000E+00
1.0980E+04 2.39193172E-06 0.00000000E+00
1.1003E+04 2.51598454E-06 0.00000000E+00
1.1027E+04 2.41988573E-06 0.00000000E+00
1.1051E+04 2.27635518E-06 0.00000000E+00
1.1074E+04 2.35021874E-06 0.00000000E+00
1.1098E+04 2.46592723E-06 0.00000000E+00
1.1121E+04 2.36391484E-06 0.00000000E+00
1.1145E+04 2.22242429E-06 0.00000000E+00
1.1168E+04 2.29599744E-06 0.00000000E+00
1.1192E+04 2.40447289E-06 0.00000000E+00
1.1215E+04 2.29869964E-06 0.00000000E+00
1.1239E+04 2.16072841E-06 0.00000000E+00
1.1263E+04 2.23482995E-06 0.00000000E+00
1.1286E+04 2.33790653E-06 0.00000000E+00
1.1310E+04 2.23084035E-06 0.00000000E+00
1.1333E+04 2.09785328E-06 0.00000000E+00
1.1357E+04 2.17359838E-06 0.00000000E+00
1.1380E+04 2.27348738E-06 0.00000000E+00
1.1404E+04 2.16746226E-06 0.00000000E+00
1.1428E+04 2.04064074E-06 0.00000000E+00
1.1451E+04 2.11921989E-06 0.00000000E+00
1.1475E+04 2.21809278E-06 0.00000000E+00
1.1498E+04 2.11489194E-06 0.00000000E+00
1.1522E+04 1.99492393E-06 0.00000000E+00
1.1545E+04 2.07736601E-06 0.00000000E+00
1.1569E+04 2.17694568E-06 0.00000000E+00
1.1592E+04 2.07749490E-06 0.00000000E+00
1.1616E+04 1.96445985E-06 0.00000000E+00
1.1640E+04 2.05142191E-06 0.00000000E+00
1.1663E+04 2.15265980E-06 0.00000000E+00
1.1687E+04 2.05688719E-06 0.00000000E+00
1.1710E+04 1.95025349E-06 0.00000000E+00
1.1734E+04 2.04187579E-06 0.00000000E+00
1.1757E+04 2.14477631E-06 0.00000000E+00
1.1781E+04 2.05166221E-06 0.00000000E+00
1.1805E+04 1.95039420E-06 0.00000000E+00
1.1828E+04 2.04624782E-06 0.00000000E+00
1.1852E+04 2.14987338E-06 0.00000000E+00
1.1875E+04 2.05767789E-06 0.00000000E+00
1.1899E+04 1.96042983E-06 0.00000000E+00
1.1922E+04 2.05956793E-06 0.00000000E+00
1.1946E+04 2.16222347E-06 0.00000000E+00
1.1969E+04 2.06884560E-06 0.00000000E+00
1.1993E+04 1.97420549E-06 0.00000000E+00
1.2017E+04 2.07531029E-06 0.00000000E+00
1.2040E+04 2.17487179E-06 0.00000000E+00
1.2064E+04 2.07827028E-06 0.00000000E+00
1.2087E+04 1.98500826E-06 0.00000000E+00
1.2111E+04 2.08660832E-06 0.00000000E+00
1.2134E+04 2.18093236E-06 0.00000000E+00
1.2158E+04 2.07952761E-06 0.00000000E+00
1.2182E+04 1.98680453E-06 0.00000000E+00
1.2205E+04 2.08752331E-06 0.00000000E+00
1.2229E+04 2.17485940E-06 0.00000000E+00
1.2252E+04 2.06784089E-06 0.00000000E+00
1.2276E+04 1.97534111E-06 0.00000000E+00
1.2299E+04 2.07413146E-06 0.00000000E+00
1.2323E+04 2.15345842E-06 0.00000000E+00
1.2346E+04 2.04094134E-06 0.00000000E+00
1.2370E+04 1.94890801E-06 0.00000000E+00
1.2394E+04 2.04522918E-06 0.00000000E+00
1.2417E+04 2.11645169E-06 0.00000000E+00
1.2441E+04 1.99945561E-06 0.00000000E+00
1.2464E+04 1.90862522E-06 0.00000000E+00
1.2488E+04 2.00252889E-06 0.00000000E+00
1.2511E+04 2.06649709E-06 0.00000000E+00
1.2535E+04 1.94675413E-06 0.00000000E+00
1.2559E+04 1.85820473E-06 0.00000000E+00
1.2582E+04 1.95031304E-06 0.00000000E+00
1.2606E+04 2.00866215E-06 0.00000000E+00
1.2629E+04 1.88829365E-06 0.00000000E+00
1.2653E+04 1.80323632E-06 0.00000000E+00
1.2676E+04 1.89461469E-06 0.00000000E+00
1.2700E+04 1.94945594E-06 0.00000000E+00
1.2723E+04 1.83058126E-06 0.00000000E+00
1.2747E+04 1.75013358E-06 0.00000000E+00
1.2771E+04 1.84208070E-06 0.00000000E+00
1.2794E+04 1.89560321E-06 0.00000000E+00
1.2818E+04 1.77995581E-06 0.00000000E+00
1.2841E+04 1.70493814E-06 0.00000000E+00
1.2865E+04 1.79873119E-06 0.00000000E+00
1.2888E+04 1.85279125E-06 0.00000000E+00
1.2912E+04 1.74141433E-06 0.00000000E+00
1.2936E+04 1.67220453E-06 0.00000000E+00
1.2959E+04 1.76884663E-06 0.00000000E+00
1.2983E+04 1.82462281E-06 0.00000000E+00
1.3006E+04 1.71770061E-06 0.00000000E+00
1.3030E+04 1.65417130E-06 0.00000000E+00
1.3053E+04 1.75418814E-06 0.00000000E+00
1.3077E+04 1.81196786E-06 0.00000000E+00
1.3100E+04 1.70882196E-06 0.00000000E+00
1.3124E+04 1.65036919E-06 0.00000000E+00
1.3148E+04 1.75369334E-06 0.00000000E+00
1.3171E+04 1.81283082E-06 0.00000000E+00
1.3195E+04 1.71207878E-06 0.00000000E+00
1.3218E+04 1.65773450E-06 0.00000000E+00
1.3242E+04 1.76369975E-06 0.00000000E+00
1.3265E+04 1.82275250E-06 0.00000000E+00
1.3289E+04 1.72259579E-06 0.00000000E+00
1.3312E+04 1.67120194E-06 0.00000000E+00
1.3336E+04 1.77864981E-06 0.00000000E+00
1.3360E+04 1.83566633E-06 0.00000000E+00
1.3383E+04 1.73425059E-06 0.00000000E+00
1.3407E+04 1.68466215E-06 0.00000000E+00
1.3430E+04 1.79214160E-06 0.00000000E+00
1.3454E+04 1.84504432E-06 0.00000000E+00
1.3477E+04 1.74082246E-06 0.00000000E+00
1.3501E+04 1.69210310E-06 0.00000000E+00
1.3525E+04 1.79812673E-06 0.00000000E+00
1.3548E+04 1.84511638E-06 0.00000000E+00
1.3572E+04 1.73714595E-06 0.00000000E+00
1.3595E+04 1.68872154E-06 0.00000000E+00
1.3619E+04 1.79203077E-06 0.00000000E+00
1.3642E+04 1.83193476E-06 0.00000000E+00
1.3666E+04 1.72005486E-06 0.00000000E+00
1.3689E+04 1.67179909E-06 0.00000000E+00
1.3713E+04 1.77158852E-06 0.00000000E+00
1.3737E+04 1.80408714E-06 0.00000000E+00
1.3760E+04 1.68894406E-06 0.00000000E+00
1.3784E+04 1.64118259E-06 0.00000000E+00
1.3807E+04 1.73724125E-06 0.00000000E+00
1.3831E+04 1.76292951E-06 0.00000000E+00
1.3854E+04 1.64584933E-06 0.00000000E+00
1.3878E+04 1.59928394E-06 0.00000000E+00
1.3902E+04 1.69202627E-06 0.00000000E+00
1.3925E+04 1.71230081E-06 0.00000000E+00
1.3949E+04 1.59503647E-06 0.00000000E+00
1.3972E+04 1.55060444E-06 0.00000000E+00
1.3996E+04 1.64098454E-06 0.00000000E+00
1.4019E+04 1.65777880E-06 0.00000000E+00
1.4043E+04 1.54218179E-06 0.00000000E+00
1.4066E+04 1.50087696E-06 0.00000000E+00
1.4090E+04 1.59020156E-06 0.00000000E+00
1.4114E+04 1.60562095E-06 0.00000000E+00
1.4137E+04 1.49330132E-06 0.00000000E+00
1.4161E+04 1.45598933E-06 0.00000000E+00
1.4184E+04 1.54566402E-06 0.00000000E+00
1.4208E+04 1.56159173E-06 0.00000000E+00
1.4231E+04 1.45363070E-06 0.00000000E+00
1.4255E+04 1.42089094E-06 0.00000000E+00
1.4279E+04 1.51214723E-06 0.00000000E+00
1.4302E+04 1.52989617E-06 0.00000000E+00
1.4326E+04 1.42666427E-06 0.00000000E+00
1.4349E+04 1.39868584E-06 0.00000000E+00
1.4373E+04 1.49234006E-06 0.00000000E+00
1.4396E+04 1.51241707E-06 0.00000000E+00
1.4420E+04 1.41352977E-06 0.00000000E+00
1.4443E+04 1.39007833E-06 0.00000000E+00
1.4467E+04 1.48636824E-06 0.00000000E+00
1.4491E+04 1.50839439E-06 0.00000000E+00
1.4514E+04 1.41281028E-06 0.00000000E+00
1.4538E+04 1.39327010E-06 0.00000000E+00
1.4561E+04 1.49180013E-06 0.00000000E+00
1.4585E+04 1.51460086E-06 0.00000000E+00
1.4608E+04 1.42084066E-06 0.00000000E+00
1.4632E+04 1.40432287E-06 0.00000000E+00
1.4656E+04 1.50412879E-06 0.00000000E+00
1.4679E+04 1.52597484E-06 0.00000000E+00
1.4703E+04 1.43241714E-06 0.00000000E+00
1.4726E+04 1.41791371E-06 0.00000000E+00
1.4750E+04 1.51763505E-06 0.00000000E+00
1.4773E+04 1.53658665E-06 0.00000000E+00
1.4797E+04 1.44178294E-06 0.00000000E+00
1.4820E+04 1.42833858E-06 0.00000000E+00
1.4844E+04 1.52646645E-06 0.00000000E+00
1.4868E+04 1.54075382E-06 0.00000000E+00
1.4891E+04 1.44370320E-06 0.00000000E+00
1.4915E+04 1.43057469E-06 0.00000000E+00
1.4938E+04 1.52572854E-06 0.00000000E+00
1.4962E+04 1.53409572E-06 0.00000000E+00
1.4985E+04 1.43442866E-06 0.00000000E+00
1.5009E+04 1.42120395E-06 0.00000000E+00
1.5033E+04 1.51238493E-06 0.00000000E+00
1.5056E+04 1.51433178E-06 0.00000000E+00
1.5080E+04 1.41237068E-06 0.00000000E+00
1.5103E+04 1.39902774E-06 0.00000000E+00
1.5127E+04 1.48580081E-06 0.00000000E+00
1.5150E+04 1.48167812E-06 0.00000000E+00
1.5174E+04 1.37836647E-06 0.00000000E+00
1.5197E+04 1.36526257E-06 0.00000000E+00
1.5221E+04 1.44783280E-06 0.00000000E+00
1.5245E+04 1.43877416E-06 0.00000000E+00
1.5268E+04 1.33549076E-06 0.00000000E+00
1.5292E+04 1.32328538E-06 0.00000000E+00
1.5315E+04 1.40245379E-06 0.00000000E+00
1.5339E+04 1.39015921E-06 0.00000000E+00
1.5362E+04 1.28845537E-06 0.00000000E+00
1.5386E+04 1.27798128E-06 0.00000000E+00
1.5410E+04 1.35498847E-06 0.00000000E+00
1.5433E+04 1.34140277E-06 0.00000000E+00
1.5457E+04 1.24271352E-06 0.00000000E+00
1.5480E+04 1.23481951E-06 0.00000000E+00
1.5504E+04 1.31110650E-06 0.00000000E+00
1.5527E+04 1.29805513E-06 0.00000000E+00
1.5551E+04 1.20343942E-06 0.00000000E+00
1.5574E+04 1.19883254E-06 0.00000000E+00
1.5598E+04 1.27576387E-06 0.00000000E+00
1.5622E+04 1.26461614E-06 0.00000000E+00
1.5645E+04 1.17457373E-06 0.00000000E+00
1.5669E+04 1.17368873E-06 0.00000000E+00
1.5692E+04 1.25229029E-06 0.00000000E+00
1.5716E+04 1.24371380E-06 0.00000000E+00
1.5739E+04 1.15811125E-06 0.00000000E+00
1.5763E+04 1.16102949E-06 0.00000000E+00
1.5787E+04 1.24179059E-06 0.00000000E+00
1.5810E+04 1.23564258E-06 0.00000000E+00
1.5834E+04 1.15375904E-06 0.00000000E+00
1.5857E+04 1.16019054E-06 0.00000000E+00
1.5881E+04 1.24296780E-06 0.00000000E+00
1.5904E+04 1.23834214E-06 0.00000000E+00
1.5928E+04 1.15902331E-06 0.00000000E+00
1.5951E+04 1.16835415E-06 0.00000000E+00
1.5975E+04 1.25239530E-06 0.00000000E+00
1.5999E+04 1.24781418E-06 0.00000000E+00
1.6022E+04 1.16970250E-06 0.00000000E+00
1.6046E+04 1.18109862E-06 0.00000000E+00
1.6069E+04 1.26518182E-06 0.00000000E+00
1.6093E+04 1.25889339E-06 0.00000000E+00
1.6116E+04 1.18068962E-06 0.00000000E+00
1.6140E+04 1.19323823E-06 0.00000000E+00
1.6163E+04 1.27590032E-06 0.00000000E+00
1.6187E+04 1.26622424E-06 0.00000000E+00
1.6211E+04 1.18693061E-06 0.00000000E+00
1.6234E+04 1.19979407E-06 0.00000000E+00
1.6258E+04 1.27960454E-06 0.00000000E+00
1.6281E+04 1.26525886E-06 0.00000000E+00
1.6305E+04 1.18435913E-06 0.00000000E+00
1.6328E+04 1.19691430E-06 0.00000000E+00
1.6352E+04 1.27274283E-06 0.00000000E+00
1.6376E+04 1.25309022E-06 0.00000000E+00
1.6399E+04 1.17063498E-06 0.00000000E+00
1.6423E+04 1.18257364E-06 0.00000000E+00
1.6446E+04 1.25380074E-06 0.00000000E+00
1.6470E+04 1.22896845E-06 0.00000000E+00
1.6493E+04 1.14555244E-06 0.00000000E+00
1.6517E+04 1.15692551E-06 0.00000000E+00
1.6540E+04 1.22355616E-06 0.00000000E+00
1.6564E+04 1.19440884E-06 0.00000000E+00
1.6588E+04 1.11104770E-06 0.00000000E+00
1.6611E+04 1.12224584E-06 0.00000000E+00
1.6635E+04 1.18490499E-06 0.00000000E+00
1.6658E+04 1.15287766E-06 0.00000000E+00
1.6682E+04 1.07080988E-06 0.00000000E+00
1.6705E+04 1.08248438E-06 0.00000000E+00
1.6729E+04 1.14229518E-06 0.00000000E+00
1.6753E+04 1.10912038E-06 0.00000000E+00
1.6776E+04 1.02957350E-06 0.00000000E+00
1.6800E+04 1.04251157E-06 0.00000000E+00
1.6823E+04 1.10087986E-06 0.00000000E+00
1.6847E+04 1.06826238E-06 0.00000000E+00
1.6870E+04 9.92227796E-07 0.00000000E+00
1.6894E+04 1.00720461E-06 0.00000000E+00
1.6917E+04 1.06555050E-06 0.00000000E+00
1.6941E+04 1.03485257E-06 0.00000000E+00
1.6965E+04 9.62910431E-07 0.00000000E+00
1.6988E+04 9.80543994E-07 0.00000000E+00
1.7012E+04 1.04003175E-06 0.00000000E+00
1.7035E+04 1.01202811E-06 0.00000000E+00
1.7059E+04 9.44253306E-07 0.00000000E+00
1.7082E+04 9.64887748E-07 0.00000000E+00
1.7106E+04 1.02620510E-06 0.00000000E+00
1.7130E+04 1.00095361E-06 0.00000000E+00
1.7153E+04 9.36917672E-07 0.00000000E+00
1.7177E+04 9.60555532E-07 0.00000000E+00
1.7200E+04 1.02378420E-06 0.00000000E+00
1.7224E+04 1.00063456E-06 0.00000000E+00
1.7247E+04 9.39500200E-07 0.00000000E+00
1.7271E+04 9.65795549E-07 0.00000000E+00
1.7294E+04 1.03039726E-06 0.00000000E+00
1.7318E+04 1.00813398E-06 0.00000000E+00
1.7342E+04 9.48821915E-07 0.00000000E+00
1.7365E+04 9.77135495E-07 0.00000000E+00
1.7389E+04 1.04205584E-06 0.00000000E+00
1.7412E+04 1.01914594E-06 0.00000000E+00
1.7436E+04 9.60540972E-07 0.00000000E+00
1.7459E+04 9.90047550E-07 0.00000000E+00
1.7483E+04 1.05391752E-06 0.00000000E+00
1.7507E+04 1.02881413E-06 0.00000000E+00
1.7530E+04 9.69971351E-07 0.00000000E+00
1.7554E+04 9.99800247E-07 0.00000000E+00
1.7577E+04 1.06119686E-06 0.00000000E+00
1.7601E+04 1.03264014E-06 0.00000000E+00
1.7624E+04 9.72953249E-07 0.00000000E+00
1.7648E+04 1.00233703E-06 0.00000000E+00
1.7671E+04 1.06005326E-06 0.00000000E+00
1.7695E+04 1.02731155E-06 0.00000000E+00
1.7719E+04 9.66613653E-07 0.00000000E+00
1.7742E+04 9.95018515E-07 0.00000000E+00
1.7766E+04 1.04829129E-06 0.00000000E+00
1.7789E+04 1.01129777E-06 0.00000000E+00
1.7813E+04 9.49878274E-07 0.00000000E+00
1.7836E+04 9.77092779E-07 0.00000000E+00
1.7860E+04 1.02574588E-06 0.00000000E+00
1.7884E+04 9.85106732E-07 0.00000000E+00
1.7907E+04 9.23643917E-07 0.00000000E+00
1.7931E+04 9.49810126E-07 0.00000000E+00
1.7954E+04 9.94285239E-07 0.00000000E+00
1.7978E+04 9.51160028E-07 0.00000000E+00
1.8001E+04 8.90584409E-07 0.00000000E+00
1.8025E+04 9.16165702E-07 0.00000000E+00
1.8048E+04 9.57436228E-07 0.00000000E+00
1.8072E+04 9.13315502E-07 0.00000000E+00
1.8096E+04 8.54631221E-07 0.00000000E+00
1.8119E+04 8.80322406E-07 0.00000000E+00
1.8143E+04 9.19706960E-07 0.00000000E+00
1.8166E+04 8.76131088E-07 0.00000000E+00
1.8190E+04 8.20229368E-07 0.00000000E+00
1.8213E+04 8.46825038E-07 0.00000000E+00
1.8237E+04 8.85736500E-07 0.00000000E+00
1.8261E+04 8.44010134E-07 0.00000000E+00
1.8284E+04 7.91509165E-07 0.00000000E+00
1.8308E+04 8.19753823E-07 0.00000000E+00
1.8331E+04 8.59431935E-07 0.00000000E+00
1.8355E+04 8.20388306E-07 0.00000000E+00
1.8378E+04 7.71527890E-07 0.00000000E+00
1.8402E+04 8.01974759E-07 0.00000000E+00
1.8425E+04 8.43253147E-07 0.00000000E+00
1.8449E+04 8.07111916E-07 0.00000000E+00
1.8473E+04 7.61720265E-07 0.00000000E+00
1.8496E+04 7.94624281E-07 0.00000000E+00
1.8520E+04 8.37775998E-07 0.00000000E+00
1.8543E+04 8.04119841E-07 0.00000000E+00
1.8567E+04 7.61656148E-07 0.00000000E+00
1.8590E+04 7.96920630E-07 0.00000000E+00
1.8614E+04 8.41611168E-07 0.00000000E+00
1.8637E+04 8.09483232E-07 0.00000000E+00
1.8661E+04 7.69145734E-07 0.00000000E+00
1.8685E+04 8.06332681E-07 0.00000000E+00
1.8708E+04 8.51688783E-07 0.00000000E+00
1.8732E+04 8.19790203E-07 0.00000000E+00
1.8755E+04 7.80667918E-07 0.00000000E+00
1.8779E+04 8.19070423E-07 0.00000000E+00
1.8802E+04 8.63850934E-07 0.00000000E+00
1.8826E+04 8.30799039E-07 0.00000000E+00
1.8850E+04 7.92038249E-07 0.00000000E+00
1.8873E+04 8.30802243E-07 0.00000000E+00
1.8897E+04 8.73637887E-07 0.00000000E+00
1.8920E+04 8.38235022E-07 0.00000000E+00
1.8944E+04 7.99189892E-07 0.00000000E+00
1.8967E+04 8.37463357E-07 0.00000000E+00
1.8991E+04 8.77119400E-07 0.00000000E+00
1.9014E+04 8.38581301E-07 0.00000000E+00
1.9038E+04 7.98921973E-07 0.00000000E+00
1.9062E+04 8.36004598E-07 0.00000000E+00
1.9085E+04 8.71616299E-07 0.00000000E+00
1.9109E+04 8.29717659E-07 0.00000000E+00
1.9132E+04 7.89477766E-07 0.00000000E+00
1.9156E+04 8.24943713E-07 0.00000000E+00
1.9179E+04 8.56179971E-07 0.00000000E+00
1.9203E+04 8.11291378E-07 0.00000000E+00
1.9227E+04 7.70848435E-07 0.00000000E+00
1.9250E+04 8.04619632E-07 0.00000000E+00
1.9274E+04 8.31744206E-07 0.00000000E+00
1.9297E+04 7.84755687E-07 0.00000000E+00
1.9321E+04 7.44750143E-07 0.00000000E+00
1.9344E+04 7.77106385E-07 0.00000000E+00
1.9368E+04 8.00925762E-07 0.00000000E+00
1.9391E+04 7.53073717E-07 0.00000000E+00
1.9415E+04 7.14283275E-07 0.00000000E+00
1.9439E+04 7.45806905E-07 0.00000000E+00
1.9462E+04 7.67515528E-07 0.00000000E+00
1.9486E+04 7.20147738E-07 0.00000000E+00
1.9509E+04 6.83341003E-07 0.00000000E+00
1.9533E+04 7.14805936E-07 0.00000000E+00
1.9556E+04 7.35758941E-07 0.00000000E+00
1.9580E+04 6.90083341E-07 0.00000000E+00
1.9604E+04 6.55879734E-07 0.00000000E+00
1.9627E+04 6.88104838E-07 0.00000000E+00
1.9651E+04 7.09562045E-07 0.00000000E+00
1.9674E+04 6.66427040E-07 0.00000000E+00
1.9698E+04 6.35187846E-07 0.00000000E+00
1.9721E+04 6.68881417E-07 0.00000000E+00
1.9745E+04 6.91771472E-07 0.00000000E+00
1.9768E+04 6.51518622E-07 0.00000000E+00
1.9792E+04 6.23287597E-07 0.00000000E+00
1.9816E+04 6.58911481E-07 0.00000000E+00
1.9839E+04 6.83660866E-07 0.00000000E+00
1.9863E+04 6.46076197E-07 0.00000000E+00
1.9886E+04 6.20578661E-07 0.00000000E+00
1.9910E+04 6.58257198E-07 0.00000000E+00
1.9933E+04 6.84716152E-07 0.00000000E+00
1.9957E+04 6.49087128E-07 0.00000000E+00
1.9981E+04 6.25785748E-07 0.00000000E+00
2.0004E+04 6.65276644E-07 0.00000000E+00
2.0028E+04 6.92755308E-07 0.00000000E+00
2.0051E+04 6.58020400E-07 0.00000000E+00
2.0075E+04 6.36215877E-07 0.00000000E+00
2.0098E+04 6.76948791E-07 0.00000000E+00
2.0122E+04 7.04355808E-07 0.00000000E+00
2.0145E+04 6.69316366E-07 0.00000000E+00
2.0169E+04 6.48273699E-07 0.00000000E+00
2.0193E+04 6.89449853E-07 0.00000000E+00
2.0216E+04 7.15506165E-07 0.00000000E+00
2.0240E+04 6.79059274E-07 0.00000000E+00
2.0263E+04 6.58136409E-07 0.00000000E+00
2.0287E+04 6.98871146E-07 0.00000000E+00
2.0310E+04 7.22357634E-07 0.00000000E+00
2.0334E+04 6.83705608E-07 0.00000000E+00
2.0358E+04 6.62461667E-07 0.00000000E+00
2.0381E+04 7.01943755E-07 0.00000000E+00
2.0405E+04 7.21935305E-07 0.00000000E+00
2.0428E+04 6.80732902E-07 0.00000000E+00
2.0452E+04 6.58997514E-07 0.00000000E+00
2.0475E+04 6.96635720E-07 0.00000000E+00
2.0499E+04 7.12677287E-07 0.00000000E+00
2.0522E+04 6.69090368E-07 0.00000000E+00
2.0546E+04 6.46983103E-07 0.00000000E+00
2.0570E+04 6.82512695E-07 0.00000000E+00
2.0593E+04 6.94704416E-07 0.00000000E+00
2.0617E+04 6.49371057E-07 0.00000000E+00
2.0640E+04 6.27269058E-07 0.00000000E+00
2.0664E+04 6.60798209E-07 0.00000000E+00
2.0687E+04 6.69774225E-07 0.00000000E+00
2.0711E+04 6.23677839E-07 0.00000000E+00
2.0735E+04 6.02138938E-07 0.00000000E+00
2.0758E+04 6.34126085E-07 0.00000000E+00
2.0782E+04 6.40932097E-07 0.00000000E+00
2.0805E+04 5.95212492E-07 0.00000000E+00
2.0829E+04 5.74868670E-07 0.00000000E+00
2.0852E+04 6.06034672E-07 0.00000000E+00
2.0876E+04 6.11928492E-07 0.00000000E+00
2.0899E+04 5.67667831E-07 0.00000000E+00
2.0923E+04 5.49108607E-07 0.00000000E+00
2.0947E+04 5.80299756E-07 0.00000000E+00
2.0970E+04 5.86513533E-07 0.00000000E+00
2.0994E+04 5.44538048E-07 0.00000000E+00
2.1017E+04 5.28204549E-07 0.00000000E+00
2.1041E+04 5.60231727E-07 0.00000000E+00
2.1064E+04 5.67741459E-07 0.00000000E+00
2.1088E+04 5.28475819E-07 0.00000000E+00
2.1112E+04 5.14583742E-07 0.00000000E+00
2.1135E+04 5.48067636E-07 0.00000000E+00
2.1159E+04 5.57413771E-07 0.00000000E+00
2.1182E+04 5.20814198E-07 0.00000000E+00
2.1206E+04 5.09318316E-07 0.00000000E+00
2.1229E+04 5.44569652E-07 0.00000000E+00
2.1253E+04 5.55762389E-07 0.00000000E+00
2.1276E+04 5.21339181E-07 0.00000000E+00
2.1300E+04 5.11944403E-07 0.00000000E+00
2.1324E+04 5.48901776E-07 0.00000000E+00
2.1347E+04 5.61428241E-07 0.00000000E+00
2.1371E+04 5.28351243E-07 0.00000000E+00
2.1394E+04 5.20567057E-07 0.00000000E+00
2.1418E+04 5.58804281E-07 0.00000000E+00
2.1441E+04 5.71735107E-07 0.00000000E+00
2.1465E+04 5.39000289E-07 0.00000000E+00
2.1488E+04 5.32227976E-07 0.00000000E+00
2.1512E+04 5.71029884E-07 0.00000000E+00
2.1536E+04 5.83203842E-07 0.00000000E+00
2.1559E+04 5.49828192E-07 0.00000000E+00
2.1583E+04 5.43464827E-07 0.00000000E+00
2.1606E+04 5.81957611E-07 0.00000000E+00
2.1630E+04 5.92208255E-07 0.00000000E+00
2.1653E+04 5.57415761E-07 0.00000000E+00
2.1677E+04 5.50956554E-07 0.00000000E+00
2.1701E+04 5.88268353E-07 0.00000000E+00
2.1724E+04 5.95649091E-07 0.00000000E+00
2.1748E+04 5.59013190E-07 0.00000000E+00
2.1771E+04 5.52134433E-07 0.00000000E+00
2.1795E+04 5.87556132E-07 0.00000000E+00
2.1818E+04 5.91520897E-07 0.00000000E+00
2.1842E+04 5.53037873E-07 0.00000000E+00
2.1865E+04 5.45646545E-07 0.00000000E+00
2.1889E+04 5.78762534E-07 0.00000000E+00
2.1913E+04 5.79268219E-07 0.00000000E+00
2.1936E+04 5.39349560E-07 0.00000000E+00
2.1960E+04 5.31591707E-07 0.00000000E+00
2.1983E+04 5.62355938E-07 0.00000000E+00
2.2007E+04 5.59868030E-07 0.00000000E+00
2.2030E+04 5.19255296E-07 0.00000000E+00
2.2054E+04 5.11482598E-07 0.00000000E+00
2.2078E+04 5.40225468E-07 0.00000000E+00
2.2101E+04 5.35626969E-07 0.00000000E+00
2.2125E+04 4.95247071E-07 0.00000000E+00
2.2148E+04 4.87948246E-07 0.00000000E+00
2.2172E+04 5.15312838E-07 0.00000000E+00
2.2195E+04 5.09734933E-07 0.00000000E+00
2.2219E+04 4.70524454E-07 0.00000000E+00
2.2242E+04 4.64234087E-07 0.00000000E+00
2.2266E+04 4.91053579E-07 0.00000000E+00
2.2290E+04 4.85661223E-07 0.00000000E+00
2.2313E+04 4.48393420E-07 0.00000000E+00
2.2337E+04 4.43594427E-07 0.00000000E+00
2.2360E+04 4.70733621E-07 0.00000000E+00
2.2384E+04 4.66507352E-07 0.00000000E+00
2.2407E+04 4.31654099E-07 0.00000000E+00
2.2431E+04 4.28690849E-07 0.00000000E+00
2.2455E+04 4.56881578E-07 0.00000000E+00
2.2478E+04 4.54437126E-07 0.00000000E+00
2.2502E+04 4.22090655E-07 0.00000000E+00
2.2525E+04 4.21107582E-07 0.00000000E+00
2.2549E+04 4.50809019E-07 0.00000000E+00
2.2572E+04 4.50288558E-07 0.00000000E+00
2.2596E+04 4.20155962E-07 0.00000000E+00
2.2619E+04 4.21071897E-07 0.00000000E+00
2.2643E+04 4.52382169E-07 0.00000000E+00
2.2667E+04 4.53436982E-07 0.00000000E+00
2.2690E+04 4.24906527E-07 0.00000000E+00
2.2714E+04 4.27428653E-07 0.00000000E+00
2.2737E+04 4.60064559E-07 0.00000000E+00
2.2761E+04 4.61931219E-07 0.00000000E+00
2.2784E+04 4.34196098E-07 0.00000000E+00
2.2808E+04 4.37870582E-07 0.00000000E+00
2.2832E+04 4.71219342E-07 0.00000000E+00
2.2855E+04 4.72873670E-07 0.00000000E+00
2.2879E+04 4.45088543E-07 0.00000000E+00
2.2902E+04 4.49378634E-07 0.00000000E+00
2.2926E+04 4.82611995E-07 0.00000000E+00
2.2949E+04 4.82970436E-07 0.00000000E+00
2.2973E+04 4.54410722E-07 0.00000000E+00
2.2996E+04 4.58788464E-07 0.00000000E+00
2.3020E+04 4.91017633E-07 0.00000000E+00
2.3044E+04 4.89147106E-07 0.00000000E+00
2.3067E+04 4.59341323E-07 0.00000000E+00
2.3091E+04 4.63376825E-07 0.00000000E+00
2.3114E+04 4.93818941E-07 0.00000000E+00
2.3138E+04 4.89115143E-07 0.00000000E+00
2.3161E+04 4.57926492E-07 0.00000000E+00
2.3185E+04 4.61359257E-07 0.00000000E+00
2.3209E+04 4.89483904E-07 0.00000000E+00
2.3232E+04 4.81784627E-07 0.00000000E+00
2.3256E+04 4.49428117E-07 0.00000000E+00
2.3279E+04 4.52208155E-07 0.00000000E+00
2.3303E+04 4.77836182E-07 0.00000000E+00
2.3326E+04 4.67449047E-07 0.00000000E+00
2.3350E+04 4.34442821E-07 0.00000000E+00
2.3373E+04 4.36734598E-07 0.00000000E+00
2.3397E+04 4.60070565E-07 0.00000000E+00
2.3421E+04 4.47711133E-07 0.00000000E+00
2.3444E+04 4.14772911E-07 0.00000000E+00
2.3468E+04 4.16921707E-07 0.00000000E+00
2.3491E+04 4.38513830E-07 0.00000000E+00
2.3515E+04 4.25167148E-07 0.00000000E+00
2.3538E+04 3.93076575E-07 0.00000000E+00
2.3562E+04 3.95543354E-07 0.00000000E+00
2.3586E+04 4.16178572E-07 0.00000000E+00
2.3609E+04 4.02911563E-07 0.00000000E+00
2.3633E+04 3.72364966E-07 0.00000000E+00
2.3656E+04 3.75641326E-07 0.00000000E+00
2.3680E+04 3.96195400E-07 0.00000000E+00
2.3703E+04 3.83956474E-07 0.00000000E+00
2.3727E+04 3.55441160E-07 0.00000000E+00
2.3750E+04 3.59959340E-07 0.00000000E+00
2.3774E+04 3.81230389E-07 0.00000000E+00
2.3798E+04 3.70674539E-07 0.00000000E+00
2.3821E+04 3.44385333E-07 0.00000000E+00
2.3845E+04 3.50439063E-07 0.00000000E+00
2.3868E+04 3.72996114E-07 0.00000000E+00
2.3892E+04 3.64368350E-07 0.00000000E+00
2.3915E+04 3.40180547E-07 0.00000000E+00
2.3939E+04 3.47870578E-07 0.00000000E+00
2.3962E+04 3.71945818E-07 0.00000000E+00
2.3986E+04 3.65044202E-07 0.00000000E+00
2.4010E+04 3.42546227E-07 0.00000000E+00
2.4033E+04 3.51760089E-07 0.00000000E+00
2.4057E+04 3.77205211E-07 0.00000000E+00
2.4080E+04 3.71429278E-07 0.00000000E+00
2.4104E+04 3.50007182E-07 0.00000000E+00
2.4127E+04 3.60436689E-07 0.00000000E+00
2.4151E+04 3.86751532E-07 0.00000000E+00
2.4175E+04 3.81225524E-07 0.00000000E+00
2.4198E+04 3.60182157E-07 0.00000000E+00
2.4222E+04 3.71375596E-07 0.00000000E+00
2.4245E+04 3.97803504E-07 0.00000000E+00
2.4269E+04 3.91549817E-07 0.00000000E+00
2.4292E+04 3.70235650E-07 0.00000000E+00
2.4316E+04 3.81675453E-07 0.00000000E+00
2.4339E+04 4.07347108E-07 0.00000000E+00
2.4363E+04 3.99476170E-07 0.00000000E+00
2.4387E+04 3.77407347E-07 0.00000000E+00
2.4410E+04 3.88599530E-07 0.00000000E+00
2.4434E+04 4.12697816E-07 0.00000000E+00
2.4457E+04 4.02578099E-07 0.00000000E+00
2.4481E+04 3.79520414E-07 0.00000000E+00
2.4504E+04 3.90079925E-07 0.00000000E+00
2.4528E+04 4.11994450E-07 0.00000000E+00
2.4552E+04 3.99370683E-07 0.00000000E+00
2.4575E+04 3.75375136E-07 0.00000000E+00
2.4599E+04 3.85091905E-07 0.00000000E+00
2.4622E+04 4.04533859E-07 0.00000000E+00
2.4646E+04 3.89571904E-07 0.00000000E+00
2.4669E+04 3.64956804E-07 0.00000000E+00
2.4693E+04 3.73830673E-07 0.00000000E+00
2.4716E+04 3.90886340E-07 0.00000000E+00
2.4740E+04 3.74137461E-07 0.00000000E+00
2.4764E+04 3.49422036E-07 0.00000000E+00
2.4787E+04 3.57660225E-07 0.00000000E+00
2.4811E+04 3.72773204E-07 0.00000000E+00
2.4834E+04 3.55065880E-07 0.00000000E+00
2.4858E+04 3.30869065E-07 0.00000000E+00
2.4881E+04 3.38846527E-07 0.00000000E+00
2.4905E+04 3.52732272E-07 0.00000000E+00
2.4929E+04 3.35013306E-07 0.00000000E+00
2.4952E+04 3.11937365E-07 0.00000000E+00
2.4976E+04 3.20126986E-07 0.00000000E+00
2.4999E+04 3.33636154E-07 0.00000000E+00
2.5023E+04 3.16792083E-07 0.00000000E+00
2.5046E+04 2.95312834E-07 0.00000000E+00
2.5070E+04 3.04197877E-07 0.00000000E+00
2.5093E+04 3.18154614E-07 0.00000000E+00
2.5117E+04 3.02847633E-07 0.00000000E+00
2.5141E+04 2.83231152E-07 0.00000000E+00
2.5164E+04 2.93215582E-07 0.00000000E+00
2.5188E+04 3.08261582E-07 0.00000000E+00
2.5211E+04 2.94810846E-07 0.00000000E+00
2.5235E+04 2.77071001E-07 0.00000000E+00
2.5258E+04 2.88403801E-07 0.00000000E+00
2.5282E+04 3.04877755E-07 0.00000000E+00
2.5306E+04 2.93207749E-07 0.00000000E+00
2.5329E+04 2.77110980E-07 0.00000000E+00
2.5353E+04 2.89838170E-07 0.00000000E+00
2.5376E+04 3.07713385E-07 0.00000000E+00
2.5400E+04 2.97377950E-07 0.00000000E+00
2.5423E+04 2.82492864E-07 0.00000000E+00
2.5447E+04 2.96446036E-07 0.00000000E+00
2.5470E+04 3.15337851E-07 0.00000000E+00
2.5494E+04 3.05613884E-07 0.00000000E+00
2.5518E+04 2.91395179E-07 0.00000000E+00
2.5541E+04 3.06218865E-07 0.00000000E+00
2.5565E+04 3.25460102E-07 0.00000000E+00
2.5588E+04 3.15491882E-07 0.00000000E+00
2.5612E+04 3.01382228E-07 0.00000000E+00
2.5635E+04 3.16595397E-07 0.00000000E+00
2.5659E+04 3.35365161E-07 0.00000000E+00
2.5683E+04 3.24330982E-07 0.00000000E+00
2.5706E+04 3.09861800E-07 0.00000000E+00
2.5730E+04 3.24942535E-07 0.00000000E+00
2.5753E+04 3.42423553E-07 0.00000000E+00
2.5777E+04 3.29692689E-07 0.00000000E+00
2.5800E+04 3.14565633E-07 0.00000000E+00
2.5824E+04 3.29043742E-07 0.00000000E+00
2.5847E+04 3.44578127E-07 0.00000000E+00
2.5871E+04 3.29828618E-07 0.00000000E+00
2.5895E+04 3.13963652E-07 0.00000000E+00
2.5918E+04 3.27504363E-07 0.00000000E+00
2.5942E+04 3.40718183E-07 0.00000000E+00
2.5965E+04 3.23993926E-07 0.00000000E+00
2.5989E+04 3.07536404E-07 0.00000000E+00
2.6012E+04 3.19999818E-07 0.00000000E+00
2.6036E+04 3.30872957E-07 0.00000000E+00
2.6060E+04 3.12570500E-07 0.00000000E+00
2.6083E+04 2.95857297E-07 0.00000000E+00
2.6107E+04 3.07322565E-07 0.00000000E+00
2.6130E+04 3.16190934E-07 0.00000000E+00
2.6154E+04 2.96979852E-07 0.00000000E+00
2.6177E+04 2.80471999E-07 0.00000000E+00
2.6201E+04 2.91221590E-07 0.00000000E+00
2.6224E+04 2.98711701E-07 0.00000000E+00
2.6248E+04 2.79404921E-07 0.00000000E+00
2.6272E+04 2.63599960E-07 0.00000000E+00
2.6295E+04 2.74066654E-07 0.00000000E+00
2.6319E+04 2.80975426E-07 0.00000000E+00
2.6342E+04 2.62375013E-07 0.00000000E+00
2.6366E+04 2.47715539E-07 0.00000000E+00
2.6389E+04 2.58401617E-07 0.00000000E+00
2.6413E+04 2.65544644E-07 0.00000000E+00
2.6437E+04 2.48292701E-07 0.00000000E+00
2.6460E+04 2.35087641E-07 0.00000000E+00
2.6484E+04 2.46470936E-07 0.00000000E+00
2.6507E+04 2.54528279E-07 0.00000000E+00
2.6531E+04 2.38991055E-07 0.00000000E+00
2.6554E+04 2.27363407E-07 0.00000000E+00
2.6578E+04 2.39807365E-07 0.00000000E+00
2.6601E+04 2.49196256E-07 0.00000000E+00
2.6625E+04 2.35402679E-07 0.00000000E+00
2.6649E+04 2.25272181E-07 0.00000000E+00
2.6672E+04 2.38956529E-07 0.00000000E+00
2.6696E+04 2.49755018E-07 0.00000000E+00
2.6719E+04 2.37400153E-07 0.00000000E+00
2.6743E+04 2.28502831E-07 0.00000000E+00
2.6766E+04 2.43387741E-07 0.00000000E+00
2.6790E+04 2.55323488E-07 0.00000000E+00
2.6813E+04 2.43834871E-07 0.00000000E+00
2.6837E+04 2.35774742E-07 0.00000000E+00
2.6861E+04 2.51605371E-07 0.00000000E+00
2.6884E+04 2.64111208E-07 0.00000000E+00
2.6908E+04 2.52764176E-07 0.00000000E+00
2.6931E+04 2.45086852E-07 0.00000000E+00
2.6955E+04 2.61437687E-07 0.00000000E+00
2.6978E+04 2.73762862E-07 0.00000000E+00
2.7002E+04 2.61822039E-07 0.00000000E+00
2.7026E+04 2.54096434E-07 0.00000000E+00
2.7049E+04 2.70447508E-07 0.00000000E+00
2.7073E+04 2.81802946E-07 0.00000000E+00
2.7096E+04 2.68662614E-07 0.00000000E+00
2.7120E+04 2.60555997E-07 0.00000000E+00
2.7143E+04 2.76387051E-07 0.00000000E+00
2.7167E+04 2.86096696E-07 0.00000000E+00
2.7190E+04 2.71393620E-07 0.00000000E+00
2.7214E+04 2.62726912E-07 0.00000000E+00
2.7238E+04 2.77612135E-07 0.00000000E+00
2.7261E+04 2.85241487E-07 0.00000000E+00
2.7285E+04 2.68919545E-07 0.00000000E+00
2.7308E+04 2.59693688E-07 0.00000000E+00
2.7332E+04 2.73379429E-07 0.00000000E+00
2.7355E+04 2.78817025E-07 0.00000000E+00
2.7379E+04 2.61132549E-07 0.00000000E+00
2.7403E+04 2.51522163E-07 0.00000000E+00
2.7426E+04 2.63973088E-07 0.00000000E+00
2.7450E+04 2.67449834E-07 0.00000000E+00
2.7473E+04 2.48917992E-07 0.00000000E+00
2.7497E+04 2.39234442E-07 0.00000000E+00
2.7520E+04 2.50639362E-07 0.00000000E+00
2.7544E+04 2.52682615E-07 0.00000000E+00
2.7567E+04 2.33976243E-07 0.00000000E+00
2.7591E+04 2.24607578E-07 0.00000000E+00
2.7615E+04 2.35343674E-07 0.00000000E+00
2.7638E+04 2.36675388E-07 0.00000000E+00
2.7662E+04 2.18496415E-07 0.00000000E+00
2.7685E+04 2.09835463E-07 0.00000000E+00
2.7709E+04 2.20397350E-07 0.00000000E+00
2.7732E+04 2.21796187E-07 0.00000000E+00
2.7756E+04 2.04744473E-07 0.00000000E+00
2.7780E+04 1.97118145E-07 0.00000000E+00
2.7803E+04 2.08024799E-07 0.00000000E+00
2.7827E+04 2.10178789E-07 0.00000000E+00
2.7850E+04 1.94643135E-07 0.00000000E+00
2.7874E+04 1.88255316E-07 0.00000000E+00
2.7897E+04 1.99952113E-07 0.00000000E+00
2.7921E+04 2.03329986E-07 0.00000000E+00
2.7944E+04 1.89421329E-07 0.00000000E+00
2.7968E+04 1.84318993E-07 0.00000000E+00
2.7992E+04 1.97093094E-07 0.00000000E+00
2.8015E+04 2.01858627E-07 0.00000000E+00
2.8039E+04 1.89396982E-07 0.00000000E+00
2.8062E+04 1.85464775E-07 0.00000000E+00
2.8086E+04 1.99389755E-07 0.00000000E+00
2.8109E+04 2.05375017E-07 0.00000000E+00
2.8133E+04 1.93931333E-07 0.00000000E+00
2.8157E+04 1.90914766E-07 0.00000000E+00
2.8180E+04 2.05834980E-07 0.00000000E+00
2.8204E+04 2.12576988E-07 0.00000000E+00
2.8227E+04 2.01560701E-07 0.00000000E+00
2.8251E+04 1.99113099E-07 0.00000000E+00
2.8274E+04 2.14670926E-07 0.00000000E+00
2.8298E+04 2.21504054E-07 0.00000000E+00
2.8321E+04 2.10278769E-07 0.00000000E+00
2.8345E+04 2.08023169E-07 0.00000000E+00
2.8369E+04 2.23724210E-07 0.00000000E+00
2.8392E+04 2.29910159E-07 0.00000000E+00
2.8416E+04 2.17915038E-07 0.00000000E+00
2.8439E+04 2.15509858E-07 0.00000000E+00
2.8463E+04 2.30814038E-07 0.00000000E+00
2.8486E+04 2.35684185E-07 0.00000000E+00
2.8510E+04 2.22538138E-07 0.00000000E+00
2.8534E+04 2.19735112E-07 0.00000000E+00
2.8557E+04 2.34156655E-07 0.00000000E+00
2.8581E+04 2.37239554E-07 0.00000000E+00
2.8604E+04 2.22809139E-07 0.00000000E+00
2.8628E+04 2.19493602E-07 0.00000000E+00
2.8651E+04 2.32691145E-07 0.00000000E+00
2.8675E+04 2.33801079E-07 0.00000000E+00
2.8698E+04 2.18220312E-07 0.00000000E+00
2.8722E+04 2.14427251E-07 0.00000000E+00
2.8746E+04 2.26267120E-07 0.00000000E+00
2.8769E+04 2.25537323E-07 0.00000000E+00
2.8793E+04 2.09176891E-07 0.00000000E+00
2.8816E+04 2.05080506E-07 0.00000000E+00
2.8840E+04 2.15661195E-07 0.00000000E+00
2.8863E+04 2.13516055E-07 0.00000000E+00
2.8887E+04 1.96908996E-07 0.00000000E+00
2.8911E+04 1.92788182E-07 0.00000000E+00
2.8934E+04 2.02421326E-07 0.00000000E+00
2.8958E+04 1.99493584E-07 0.00000000E+00
2.8981E+04 1.83232437E-07 0.00000000E+00
2.9005E+04 1.79418703E-07 0.00000000E+00
2.9028E+04 1.88570017E-07 0.00000000E+00
2.9052E+04 1.85579342E-07 0.00000000E+00
2.9075E+04 1.70204762E-07 0.00000000E+00
2.9099E+04 1.67022016E-07 0.00000000E+00
2.9123E+04 1.76223196E-07 0.00000000E+00
2.9146E+04 1.73839700E-07 0.00000000E+00
2.9170E+04 1.59741610E-07 0.00000000E+00
2.9193E+04 1.57448420E-07 0.00000000E+00
2.9217E+04 1.67196511E-07 0.00000000E+00
2.9240E+04 1.65915339E-07 0.00000000E+00
2.9264E+04 1.53264790E-07 0.00000000E+00
2.9287E+04 1.52009083E-07 0.00000000E+00
2.9311E+04 1.62672222E-07 0.00000000E+00
2.9335E+04 1.62722979E-07 0.00000000E+00
2.9358E+04 1.51446640E-07 0.00000000E+00
2.9382E+04 1.51240443E-07 0.00000000E+00
2.9405E+04 1.62987758E-07 0.00000000E+00
2.9429E+04 1.64295560E-07 0.00000000E+00
2.9452E+04 1.54096469E-07 0.00000000E+00
2.9476E+04 1.54814711E-07 0.00000000E+00
2.9500E+04 1.67583652E-07 0.00000000E+00
2.9523E+04 1.69788581E-07 0.00000000E+00
2.9547E+04 1.60207994E-07 0.00000000E+00
2.9570E+04 1.61611186E-07 0.00000000E+00
2.9594E+04 1.75118538E-07 0.00000000E+00
2.9617E+04 1.77649035E-07 0.00000000E+00
2.9641E+04 1.68156709E-07 0.00000000E+00
2.9664E+04 1.69933215E-07 0.00000000E+00
2.9688E+04 1.83727794E-07 0.00000000E+00
2.9712E+04 1.85913293E-07 0.00000000E+00
2.9735E+04 1.76008570E-07 0.00000000E+00
2.9759E+04 1.77828905E-07 0.00000000E+00
2.9782E+04 1.91376023E-07 0.00000000E+00
2.9806E+04 1.92576866E-07 0.00000000E+00
2.9829E+04 1.81881448E-07 0.00000000E+00
2.9853E+04 1.83455015E-07 0.00000000E+00
2.9877E+04 1.96236785E-07 0.00000000E+00
2.9900E+04 1.95966463E-07 0.00000000E+00
2.9924E+04 1.84291843E-07 0.00000000E+00
2.9947E+04 1.85416255E-07 0.00000000E+00
2.9971E+04 1.97028756E-07 0.00000000E+00
2.9994E+04 1.95045351E-07 0.00000000E+00
3.0018E+04 1.82423089E-07 0.00000000E+00
3.0041E+04 1.83017557E-07 0.00000000E+00
3.0065E+04 1.93246494E-07 0.00000000E+00
3.0089E+04 1.89596376E-07 0.00000000E+00
3.0112E+04 1.76266634E-07 0.00000000E+00
3.0136E+04 1.76383767E-07 0.00000000E+00
3.0159E+04 1.85244308E-07 0.00000000E+00
3.0183E+04 1.80250473E-07 0.00000000E+00
3.0206E+04 1.66612110E-07 0.00000000E+00
3.0230E+04 1.66426270E-07 0.00000000E+00
3.0254E+04 1.74159547E-07 0.00000000E+00
3.0277E+04 1.68357589E-07 0.00000000E+00
3.0301E+04 1.54890181E-07 0.00000000E+00
3.0324E+04 1.54664617E-07 0.00000000E+00
3.0348E+04 1.61691564E-07 0.00000000E+00
3.0371E+04 1.55726200E-07 0.00000000E+00
3.0395E+04 1.42899255E-07 0.00000000E+00
3.0418E+04 1.42937936E-07 0.00000000E+00
3.0442E+04 1.49779211E-07 0.00000000E+00
3.0466E+04 1.44281566E-07 0.00000000E+00
3.0489E+04 1.32468166E-07 0.00000000E+00
3.0513E+04 1.33060825E-07 0.00000000E+00
3.0536E+04 1.40237979E-07 0.00000000E+00
3.0560E+04 1.35707247E-07 0.00000000E+00
3.0583E+04 1.25118010E-07 0.00000000E+00
3.0607E+04 1.26488041E-07 0.00000000E+00
3.0631E+04 1.34424641E-07 0.00000000E+00
3.0654E+04 1.31136548E-07 0.00000000E+00
3.0678E+04 1.21785562E-07 0.00000000E+00
3.0701E+04 1.24049857E-07 0.00000000E+00
3.0725E+04 1.32991297E-07 0.00000000E+00
3.0748E+04 1.30950371E-07 0.00000000E+00
3.0772E+04 1.22658453E-07 0.00000000E+00
3.0795E+04 1.25806145E-07 0.00000000E+00
3.0819E+04 1.35773329E-07 0.00000000E+00
3.0843E+04 1.34717392E-07 0.00000000E+00
3.0866E+04 1.27150929E-07 0.00000000E+00
3.0890E+04 1.31044718E-07 0.00000000E+00
3.0913E+04 1.41830377E-07 0.00000000E+00
3.0937E+04 1.41285596E-07 0.00000000E+00
3.0960E+04 1.34022702E-07 0.00000000E+00
3.0984E+04 1.38422483E-07 0.00000000E+00
3.1008E+04 1.49630772E-07 0.00000000E+00
3.1031E+04 1.49005994E-07 0.00000000E+00
3.1055E+04 1.41616934E-07 0.00000000E+00
3.1078E+04 1.46221569E-07 0.00000000E+00
3.1102E+04 1.57343351E-07 0.00000000E+00
3.1125E+04 1.56045171E-07 0.00000000E+00
3.1149E+04 1.48171786E-07 0.00000000E+00
3.1172E+04 1.52671643E-07 0.00000000E+00
3.1196E+04 1.63181104E-07 0.00000000E+00
3.1220E+04 1.60727466E-07 0.00000000E+00
3.1243E+04 1.52147013E-07 0.00000000E+00
3.1267E+04 1.56278000E-07 0.00000000E+00
3.1290E+04 1.65732180E-07 0.00000000E+00
3.1314E+04 1.61842987E-07 0.00000000E+00
3.1337E+04 1.52505133E-07 0.00000000E+00
3.1361E+04 1.56094650E-07 0.00000000E+00
3.1385E+04 1.64216989E-07 0.00000000E+00
3.1408E+04 1.58864907E-07 0.00000000E+00
3.1432E+04 1.48895913E-07 0.00000000E+00
3.1455E+04 1.51892527E-07 0.00000000E+00
3.1479E+04 1.58624623E-07 0.00000000E+00
3.1502E+04 1.52037131E-07 0.00000000E+00
3.1526E+04 1.41711448E-07 0.00000000E+00
3.1549E+04 1.44193009E-07 0.00000000E+00
3.1573E+04 1.49704858E-07 0.00000000E+00
3.1597E+04 1.42317953E-07 0.00000000E+00
3.1620E+04 1.32003468E-07 0.00000000E+00
3.1644E+04 1.34162157E-07 0.00000000E+00
3.1667E+04 1.38819080E-07 0.00000000E+00
3.1691E+04 1.31192240E-07 0.00000000E+00
3.1714E+04 1.21280031E-07 0.00000000E+00
3.1738E+04 1.23386982E-07 0.00000000E+00
3.1762E+04 1.27679650E-07 0.00000000E+00
3.1785E+04 1.20388819E-07 0.00000000E+00
3.1809E+04 1.11220796E-07 0.00000000E+00
3.1832E+04 1.13576544E-07 0.00000000E+00
3.1856E+04 1.18027506E-07 0.00000000E+00
3.1879E+04 1.11556777E-07 0.00000000E+00
3.1903E+04 1.03364557E-07 0.00000000E+00
3.1926E+04 1.06244127E-07 0.00000000E+00
3.1950E+04 1.11308656E-07 0.00000000E+00
3.1974E+04 1.05961226E-07 0.00000000E+00
3.1997E+04 9.88270769E-08 0.00000000E+00
3.2021E+04 1.02429504E-07 0.00000000E+00
3.2044E+04 1.08409630E-07 0.00000000E+00
3.2068E+04 1.04254586E-07 0.00000000E+00
3.2091E+04 9.81008615E-08 0.00000000E+00
3.2115E+04 1.02512224E-07 0.00000000E+00
3.2138E+04 1.09500230E-07 0.00000000E+00
3.2162E+04 1.06364635E-07 0.00000000E+00
3.2186E+04 1.00972701E-07 0.00000000E+00
3.2209E+04 1.06149346E-07 0.00000000E+00
3.2233E+04 1.14011381E-07 0.00000000E+00
3.2256E+04 1.11518337E-07 0.00000000E+00
3.2280E+04 1.06572561E-07 0.00000000E+00
3.2303E+04 1.12347678E-07 0.00000000E+00
3.2327E+04 1.20750438E-07 0.00000000E+00
3.2351E+04 1.18395055E-07 0.00000000E+00
3.2374E+04 1.13543015E-07 0.00000000E+00
3.2398E+04 1.19655516E-07 0.00000000E+00
3.2421E+04 1.28130709E-07 0.00000000E+00
3.2445E+04 1.25378879E-07 0.00000000E+00
3.2468E+04 1.20296319E-07 0.00000000E+00
3.2492E+04 1.26436949E-07 0.00000000E+00
3.2515E+04 1.34471107E-07 0.00000000E+00
3.2539E+04 1.30861915E-07 0.00000000E+00
3.2563E+04 1.25310518E-07 0.00000000E+00
3.2586E+04 1.31176945E-07 0.00000000E+00
3.2610E+04 1.38309341E-07 0.00000000E+00
3.2633E+04 1.33541678E-07 0.00000000E+00
3.2657E+04 1.27409417E-07 0.00000000E+00
3.2680E+04 1.32760358E-07 0.00000000E+00
3.2704E+04 1.38670351E-07 0.00000000E+00
3.2728E+04 1.32657634E-07 0.00000000E+00
3.2751E+04 1.25974964E-07 0.00000000E+00
3.2775E+04 1.30673475E-07 0.00000000E+00
3.2798E+04 1.35240741E-07 0.00000000E+00
3.2822E+04 1.28124028E-07 0.00000000E+00
3.2845E+04 1.21053770E-07 0.00000000E+00
3.2869E+04 1.25091750E-07 0.00000000E+00
3.2892E+04 1.28418107E-07 0.00000000E+00
3.2916E+04 1.20535915E-07 0.00000000E+00
3.2940E+04 1.13339508E-07 0.00000000E+00
3.2963E+04 1.16838836E-07 0.00000000E+00
3.2987E+04 1.19227753E-07 0.00000000E+00
3.3010E+04 1.11049132E-07 0.00000000E+00
3.3034E+04 1.04036118E-07 0.00000000E+00
3.3057E+04 1.07226085E-07 0.00000000E+00
3.3081E+04 1.09124031E-07 0.00000000E+00
3.3105E+04 1.01158254E-07 0.00000000E+00
3.3128E+04 9.46286729E-08 0.00000000E+00
3.3152E+04 9.78036878E-08 0.00000000E+00
3.3175E+04 9.97146891E-08 0.00000000E+00
3.3199E+04 9.24151033E-08 0.00000000E+00
3.3222E+04 8.66054195E-08 0.00000000E+00
3.3246E+04 9.00706039E-08 0.00000000E+00
3.3269E+04 9.24604297E-08 0.00000000E+00
3.3293E+04 8.61407664E-08 0.00000000E+00
3.3317E+04 8.11829646E-08 0.00000000E+00
3.3340E+04 8.51975075E-08 0.00000000E+00
3.3364E+04 8.84057708E-08 0.00000000E+00
3.3387E+04 8.31845057E-08 0.00000000E+00
3.3411E+04 7.90852625E-08 0.00000000E+00
3.3434E+04 8.38138967E-08 0.00000000E+00
3.3458E+04 8.79907526E-08 0.00000000E+00
3.3482E+04 8.37734752E-08 0.00000000E+00
3.3505E+04 8.04164675E-08 0.00000000E+00
3.3529E+04 8.58980305E-08 0.00000000E+00
3.3552E+04 9.09773714E-08 0.00000000E+00
3.3576E+04 8.74797075E-08 0.00000000E+00
3.3599E+04 8.46498606E-08 0.00000000E+00
3.3623E+04 9.07888499E-08 0.00000000E+00
3.3646E+04 9.65028542E-08 0.00000000E+00
3.3670E+04 9.33087486E-08 0.00000000E+00
3.3694E+04 9.07333559E-08 0.00000000E+00
3.3717E+04 9.73162090E-08 0.00000000E+00
3.3741E+04 1.03248173E-07 0.00000000E+00
3.3764E+04 9.98917577E-08 0.00000000E+00
3.3788E+04 9.72905829E-08 0.00000000E+00
3.3811E+04 1.04023863E-07 0.00000000E+00
3.3835E+04 1.09688955E-07 0.00000000E+00
3.3859E+04 1.05744032E-07 0.00000000E+00
3.3882E+04 1.02879188E-07 0.00000000E+00
3.3906E+04 1.09442763E-07 0.00000000E+00
3.3929E+04 1.14381085E-07 0.00000000E+00
3.3953E+04 1.09541183E-07 0.00000000E+00
3.3976E+04 1.06257934E-07 0.00000000E+00
3.4000E+04 1.12363403E-07 0.00000000E+00
3.4023E+04 1.16227540E-07 0.00000000E+00
3.4047E+04 1.10361656E-07 0.00000000E+00
3.4071E+04 1.06613180E-07 0.00000000E+00
3.4094E+04 1.12056733E-07 0.00000000E+00
3.4118E+04 1.14677171E-07 0.00000000E+00
3.4141E+04 1.07851242E-07 0.00000000E+00
3.4165E+04 1.03703460E-07 0.00000000E+00
3.4188E+04 1.08403339E-07 0.00000000E+00
3.4212E+04 1.09819501E-07 0.00000000E+00
3.4236E+04 1.02280310E-07 0.00000000E+00
3.4259E+04 9.78965421E-08 0.00000000E+00
3.4283E+04 1.01908052E-07 0.00000000E+00
3.4306E+04 1.02359350E-07 0.00000000E+00
3.4330E+04 9.44847319E-08 0.00000000E+00
3.4353E+04 9.00935084E-08 0.00000000E+00
3.4377E+04 9.35986914E-08 0.00000000E+00
3.4400E+04 9.34776550E-08 0.00000000E+00
3.4424E+04 8.57031064E-08 0.00000000E+00
3.4448E+04 8.15553723E-08 0.00000000E+00
3.4471E+04 8.48291178E-08 0.00000000E+00
3.4495E+04 8.46058333E-08 0.00000000E+00
3.4518E+04 7.73418968E-08 0.00000000E+00
3.4542E+04 7.36654969E-08 0.00000000E+00
3.4565E+04 7.70242706E-08 0.00000000E+00
3.4589E+04 7.71567640E-08 0.00000000E+00
3.4612E+04 7.07129429E-08 0.00000000E+00
3.4636E+04 6.76725208E-08 0.00000000E+00
3.4660E+04 7.14151434E-08 0.00000000E+00
3.4683E+04 7.22628803E-08 0.00000000E+00
3.4707E+04 6.67922878E-08 0.00000000E+00
3.4730E+04 6.44614942E-08 0.00000000E+00
3.4754E+04 6.88129448E-08 0.00000000E+00
3.4777E+04 7.05698953E-08 0.00000000E+00
3.4801E+04 6.60445872E-08 0.00000000E+00
3.4825E+04 6.43951032E-08 0.00000000E+00
3.4848E+04 6.94638356E-08 0.00000000E+00
3.4872E+04 7.21236782E-08 0.00000000E+00
3.4895E+04 6.83445939E-08 0.00000000E+00
3.4919E+04 6.72533826E-08 0.00000000E+00
3.4942E+04 7.30101994E-08 0.00000000E+00
3.4966E+04 7.63699936E-08 0.00000000E+00
3.4989E+04 7.30088013E-08 0.00000000E+00
3.5013E+04 7.22817801E-08 0.00000000E+00
3.5037E+04 7.85643406E-08 0.00000000E+00
3.5060E+04 8.22655882E-08 0.00000000E+00
3.5084E+04 7.89297859E-08 0.00000000E+00
3.5107E+04 7.83373172E-08 0.00000000E+00
3.5131E+04 8.48795770E-08 0.00000000E+00
3.5154E+04 8.84784610E-08 0.00000000E+00
3.5178E+04 8.47869248E-08 0.00000000E+00
3.5202E+04 8.41046147E-08 0.00000000E+00
3.5225E+04 9.05858072E-08 0.00000000E+00
3.5249E+04 9.36389112E-08 0.00000000E+00
3.5272E+04 8.92934537E-08 0.00000000E+00
3.5296E+04 8.83410093E-08 0.00000000E+00
3.5319E+04 9.44450659E-08 0.00000000E+00
3.5343E+04 9.65940808E-08 0.00000000E+00
3.5366E+04 9.14336994E-08 0.00000000E+00
3.5390E+04 9.01051241E-08 0.00000000E+00
3.5414E+04 9.55794195E-08 0.00000000E+00
3.5437E+04 9.66187272E-08 0.00000000E+00
3.5461E+04 9.06468093E-08 0.00000000E+00
3.5484E+04 8.89268825E-08 0.00000000E+00
3.5508E+04 9.36292726E-08 0.00000000E+00
3.5531E+04 9.35437465E-08 0.00000000E+00
3.5555E+04 8.69238060E-08 0.00000000E+00
3.5579E+04 8.48883009E-08 0.00000000E+00
3.5602E+04 8.88135857E-08 0.00000000E+00
3.5626E+04 8.77797627E-08 0.00000000E+00
3.5649E+04 8.08012858E-08 0.00000000E+00
3.5673E+04 7.86012669E-08 0.00000000E+00
3.5696E+04 8.18820540E-08 0.00000000E+00
3.5720E+04 8.02328711E-08 0.00000000E+00
3.5743E+04 7.32544082E-08 0.00000000E+00
3.5767E+04 7.10877176E-08 0.00000000E+00
3.5791E+04 7.39694553E-08 0.00000000E+00
3.5814E+04 7.21296665E-08 0.00000000E+00
3.5838E+04 6.55103994E-08 0.00000000E+00
3.5861E+04 6.35855926E-08 0.00000000E+00
3.5885E+04 6.63803880E-08 0.00000000E+00
3.5908E+04 6.47852716E-08 0.00000000E+00
3.5932E+04 5.88181721E-08 0.00000000E+00
3.5956E+04 5.73173485E-08 0.00000000E+00
3.5979E+04 6.03451784E-08 0.00000000E+00
3.6003E+04 5.93581902E-08 0.00000000E+00
3.6026E+04 5.42172586E-08 0.00000000E+00
3.6050E+04 5.32642638E-08 0.00000000E+00
3.6073E+04 5.67925858E-08 0.00000000E+00
3.6097E+04 5.66376450E-08 0.00000000E+00
3.6120E+04 5.23487514E-08 0.00000000E+00
3.6144E+04 5.19881420E-08 0.00000000E+00
3.6168E+04 5.61812595E-08 0.00000000E+00
3.6191E+04 5.69023947E-08 0.00000000E+00
3.6215E+04 5.33425576E-08 0.00000000E+00
3.6238E+04 5.35327488E-08 0.00000000E+00
3.6262E+04 5.84204967E-08 0.00000000E+00
3.6285E+04 5.98762113E-08 0.00000000E+00
3.6309E+04 5.68006823E-08 0.00000000E+00
3.6333E+04 5.74221901E-08 0.00000000E+00
3.6356E+04 6.28939061E-08 0.00000000E+00
3.6380E+04 6.47869059E-08 0.00000000E+00
3.6403E+04 6.18782338E-08 0.00000000E+00
3.6427E+04 6.27553280E-08 0.00000000E+00
3.6450E+04 6.85803158E-08 0.00000000E+00
3.6474E+04 7.05164803E-08 0.00000000E+00
3.6497E+04 6.74457881E-08 0.00000000E+00
3.6521E+04 6.83776032E-08 0.00000000E+00
3.6545E+04 7.42482796E-08 0.00000000E+00
3.6568E+04 7.58132591E-08 0.00000000E+00
3.6592E+04 7.23019706E-08 0.00000000E+00
3.6615E+04 7.30975580E-08 0.00000000E+00
3.6639E+04 7.86871625E-08 0.00000000E+00
3.6662E+04 7.95257849E-08 0.00000000E+00
3.6686E+04 7.53962971E-08 0.00000000E+00
3.6710E+04 7.59074924E-08 0.00000000E+00
3.6733E+04 8.09314589E-08 0.00000000E+00
3.6757E+04 8.08148081E-08 0.00000000E+00
3.6780E+04 7.60209912E-08 0.00000000E+00
3.6804E+04 7.61674121E-08 0.00000000E+00
3.6827E+04 8.04368005E-08 0.00000000E+00
3.6851E+04 7.93043912E-08 0.00000000E+00
3.6874E+04 7.39368037E-08 0.00000000E+00
3.6898E+04 7.37187172E-08 0.00000000E+00
3.6922E+04 7.71756030E-08 0.00000000E+00
3.6945E+04 7.51449917E-08 0.00000000E+00
3.6969E+04 6.94105366E-08 0.00000000E+00
3.6992E+04 6.89074860E-08 0.00000000E+00
3.7016E+04 7.16356230E-08 0.00000000E+00
3.7039E+04 6.89780831E-08 0.00000000E+00
3.7063E+04 6.31585913E-08 0.00000000E+00
3.7087E+04 6.25141720E-08 0.00000000E+00
3.7110E+04 6.47229209E-08 0.00000000E+00
3.7134E+04 6.18102689E-08 0.00000000E+00
3.7157E+04 5.62082938E-08 0.00000000E+00
3.7181E+04 5.56038781E-08 0.00000000E+00
3.7204E+04 5.75884401E-08 0.00000000E+00
3.7228E+04 5.48215109E-08 0.00000000E+00
3.7251E+04 4.97037731E-08 0.00000000E+00
3.7275E+04 4.93258722E-08 0.00000000E+00
3.7299E+04 5.14113387E-08 0.00000000E+00
3.7322E+04 4.91439538E-08 0.00000000E+00
3.7346E+04 4.46930222E-08 0.00000000E+00
3.7369E+04 4.47000299E-08 0.00000000E+00
3.7393E+04 4.71798212E-08 0.00000000E+00
3.7416E+04 4.56527711E-08 0.00000000E+00
3.7440E+04 4.19357270E-08 0.00000000E+00
3.7463E+04 4.24298385E-08 0.00000000E+00
3.7487E+04 4.55101744E-08 0.00000000E+00
3.7511E+04 4.48076323E-08 0.00000000E+00
3.7534E+04 4.17670366E-08 0.00000000E+00
3.7558E+04 4.27761964E-08 0.00000000E+00
3.7581E+04 4.65371167E-08 0.00000000E+00
3.7605E+04 4.65734536E-08 0.00000000E+00
3.7628E+04 4.40416230E-08 0.00000000E+00
3.7652E+04 4.55145952E-08 0.00000000E+00
3.7676E+04 4.98949186E-08 0.00000000E+00
3.7699E+04 5.04339742E-08 0.00000000E+00
3.7723E+04 4.81672120E-08 0.00000000E+00
3.7746E+04 4.99825841E-08 0.00000000E+00
3.7770E+04 5.47916549E-08 0.00000000E+00
3.7793E+04 5.54942963E-08 0.00000000E+00
3.7817E+04 5.32201323E-08 0.00000000E+00
3.7840E+04 5.52076497E-08 0.00000000E+00
3.7864E+04 6.01616168E-08 0.00000000E+00
3.7888E+04 6.06520936E-08 0.00000000E+00
3.7911E+04 5.81204131E-08 0.00000000E+00
3.7935E+04 6.00908842E-08 0.00000000E+00
3.7958E+04 6.48665899E-08 0.00000000E+00
3.7982E+04 6.48047696E-08 0.00000000E+00
3.8005E+04 6.18332879E-08 0.00000000E+00
3.8029E+04 6.36117936E-08 0.00000000E+00
3.8053E+04 6.79079985E-08 0.00000000E+00
3.8076E+04 6.70536743E-08 0.00000000E+00
3.8100E+04 6.35595570E-08 0.00000000E+00
3.8123E+04 6.50160959E-08 0.00000000E+00
3.8147E+04 6.86103965E-08 0.00000000E+00
3.8170E+04 6.68675970E-08 0.00000000E+00
3.8194E+04 6.28798308E-08 0.00000000E+00
3.8217E+04 6.39519671E-08 0.00000000E+00
3.8241E+04 6.67426162E-08 0.00000000E+00
3.8265E+04 6.41758501E-08 0.00000000E+00
3.8288E+04 5.98266666E-08 0.00000000E+00
3.8312E+04 6.05301570E-08 0.00000000E+00
3.8335E+04 6.25549012E-08 0.00000000E+00
3.8359E+04 5.93747186E-08 0.00000000E+00
3.8382E+04 5.48722790E-08 0.00000000E+00
3.8406E+04 5.52977833E-08 0.00000000E+00
3.8430E+04 5.67262205E-08 0.00000000E+00
3.8453E+04 5.32473298E-08 0.00000000E+00
3.8477E+04 4.88352609E-08 0.00000000E+00
3.8500E+04 4.91317162E-08 0.00000000E+00
3.8524E+04 5.02327021E-08 0.00000000E+00
3.8547E+04 4.68130274E-08 0.00000000E+00
3.8571E+04 4.27246557E-08 0.00000000E+00
3.8594E+04 4.30722619E-08 0.00000000E+00
3.8618E+04 4.41626182E-08 0.00000000E+00
3.8642E+04 4.11351689E-08 0.00000000E+00
3.8665E+04 3.75510362E-08 0.00000000E+00
3.8689E+04 3.81286467E-08 0.00000000E+00
3.8712E+04 3.95129494E-08 0.00000000E+00
3.8736E+04 3.71235476E-08 0.00000000E+00
3.8759E+04 3.41399177E-08 0.00000000E+00
3.8783E+04 3.50926247E-08 0.00000000E+00
3.8807E+04 3.70055227E-08 0.00000000E+00
3.8830E+04 3.53681205E-08 0.00000000E+00
3.8854E+04 3.29819036E-08 0.00000000E+00
3.8877E+04 3.43945938E-08 0.00000000E+00
3.8901E+04 3.69566095E-08 0.00000000E+00
3.8924E+04 3.60343810E-08 0.00000000E+00
3.8948E+04 3.41467040E-08 0.00000000E+00
3.8971E+04 3.60283267E-08 0.00000000E+00
3.8995E+04 3.92235036E-08 0.00000000E+00
3.9019E+04 3.88388540E-08 0.00000000E+00
3.9042E+04 3.72760022E-08 0.00000000E+00
3.9066E+04 3.95574215E-08 0.00000000E+00
3.9089E+04 4.32370027E-08 0.00000000E+00
3.9113E+04 4.31080716E-08 0.00000000E+00
3.9136E+04 4.16554014E-08 0.00000000E+00
3.9160E+04 4.42013012E-08 0.00000000E+00
3.9184E+04 4.81126404E-08 0.00000000E+00
3.9207E+04 4.79088817E-08 0.00000000E+00
3.9231E+04 4.63510975E-08 0.00000000E+00
3.9254E+04 4.89838891E-08 0.00000000E+00
3.9278E+04 5.28189798E-08 0.00000000E+00
3.9301E+04 5.22249210E-08 0.00000000E+00
3.9325E+04 5.03851864E-08 0.00000000E+00
3.9348E+04 5.29166807E-08 0.00000000E+00
3.9372E+04 5.63709663E-08 0.00000000E+00
3.9396E+04 5.51459140E-08 0.00000000E+00
3.9419E+04 5.29167395E-08 0.00000000E+00
3.9443E+04 5.51818960E-08 0.00000000E+00
3.9466E+04 5.80121114E-08 0.00000000E+00
3.9490E+04 5.60345842E-08 0.00000000E+00
3.9513E+04 5.33951554E-08 0.00000000E+00
3.9537E+04 5.52817904E-08 0.00000000E+00
3.9561E+04 5.73518395E-08 0.00000000E+00
3.9584E+04 5.46406201E-08 0.00000000E+00
3.9608E+04 5.16578572E-08 0.00000000E+00
3.9631E+04 5.31268840E-08 0.00000000E+00
3.9655E+04 5.44331051E-08 0.00000000E+00
3.9678E+04 5.11413775E-08 0.00000000E+00
3.9702E+04 4.79550483E-08 0.00000000E+00
3.9725E+04 4.90475146E-08 0.00000000E+00
3.9749E+04 4.97186586E-08 0.00000000E+00
3.9773E+04 4.61028474E-08 0.00000000E+00
3.9796E+04 4.28979386E-08 0.00000000E+00
3.9820E+04 4.37275143E-08 0.00000000E+00
3.9843E+04 4.39995903E-08 0.00000000E+00
3.9867E+04 4.03692688E-08 0.00000000E+00
3.9890E+04 3.73410317E-08 0.00000000E+00
3.9914E+04 3.80732425E-08 0.00000000E+00
3.9937E+04 3.82441506E-08 0.00000000E+00
3.9961E+04 3.49028483E-08 0.00000000E+00
3.9985E+04 3.22210921E-08 0.00000000E+00
