0.0000E+00 0.00000000E+00 0.00000000E+00
2.3562E+01 0.00000000E+00 0.00000000E+00
4.7124E+01 0.00000000E+00 0.00000000E+00
7.0686E+01 0.00000000E+00 0.00000000E+00
9.4248E+01 0.00000000E+00 0.00000000E+00
1.1781E+02 0.00000000E+00 0.00000000E+00
1.4137E+02 0.00000000E+00 0.00000000E+00
1.6493E+02 0.00000000E+00 0.00000000E+00
1.8850E+02 0.00000000E+00 0.00000000E+00
2.1206E+02 0.00000000E+00 0.00000000E+00
2.3562E+02 0.00000000E+00 0.00000000E+00
2.5918E+02 3.40283525E-272 0.00000000E+00
2.8274E+02 4.42312382E-219 0.00000000E+00
3.0631E+02 2.51459788E-176 0.00000000E+00
3.2987E+02 6.81671657E-141 0.00000000E+00
3.5343E+02 3.43462735E-111 0.00000000E+00
3.7699E+02 2.85543302E-86 0.00000000E+00
4.0055E+02 1.54119373E-65 0.00000000E+00
4.2412E+02 1.24844969E-48 0.00000000E+00
4.4768E+02 2.28385965E-35 0.00000000E+00
4.7124E+02 8.74649576E-26 0.00000000E+00
4.9480E+02 2.65493409E-20 0.00000000E+00
5.1836E+02 2.18953561E-19 0.00000000E+00
5.4192E+02 6.50874289E-19 0.00000000E+00
5.6549E+02 9.33210843E-19 0.00000000E+00
5.8905E+02 1.24351519E-18 0.00000000E+00
6.1261E+02 2.14215579E-18 0.00000000E+00
6.3617E+02 3.64453599E-18 0.00000000E+00
6.5973E+02 4.97334959E-18 0.00000000E+00
6.8330E+02 7.47395966E-18 0.00000000E+00
7.0686E+02 1.32594915E-17 0.00000000E+00
7.3042E+02 1.88833069E-17 0.00000000E+00
7.5398E+02 2.49050729E-17 0.00000000E+00
7.7754E+02 4.12444865E-17 0.00000000E+00
8.0111E+02 6.22191490E-17 0.00000000E+00
8.2467E+02 7.87497756E-17 0.00000000E+00
8.4823E+02 1.19171592E-16 0.00000000E+00
8.7179E+02 1.90520340E-16 0.00000000E+00
8.9535E+02 2.46262057E-16 0.00000000E+00
9.1892E+02 3.31887562E-16 0.00000000E+00
9.4248E+02 5.31897183E-16 0.00000000E+00
9.6604E+02 7.36409230E-16 0.00000000E+00
9.8960E+02 9.24717818E-16 0.00000000E+00
1.0132E+03 1.41299709E-15 0.00000000E+00
1.0367E+03 2.10519178E-15 0.00000000E+00
1.0603E+03 2.61639221E-15 0.00000000E+00
1.0838E+03 3.62018107E-15 0.00000000E+00
1.1074E+03 5.58588084E-15 0.00000000E+00
1.1310E+03 7.24877316E-15 0.00000000E+00
1.1545E+03 9.16661918E-15 0.00000000E+00
1.1781E+03 1.38852450E-14 0.00000000E+00
1.2017E+03 1.92959136E-14 0.00000000E+00
1.2252E+03 2.34455898E-14 0.00000000E+00
1.2488E+03 3.30935742E-14 0.00000000E+00
1.2723E+03 4.86517351E-14 0.00000000E+00
1.2959E+03 6.01882836E-14 0.00000000E+00
1.3195E+03 7.76960499E-14 0.00000000E+00
1.3430E+03 1.15755386E-13 0.00000000E+00
1.3666E+03 1.51555703E-13 0.00000000E+00
1.3902E+03 1.83677332E-13 0.00000000E+00
1.4137E+03 2.62582168E-13 0.00000000E+00
1.4373E+03 3.66003052E-13 0.00000000E+00
1.4608E+03 4.38746128E-13 0.00000000E+00
1.4844E+03 5.79802983E-13 0.00000000E+00
1.5080E+03 8.37676844E-13 0.00000000E+00
1.5315E+03 1.04179695E-12 0.00000000E+00
1.5551E+03 1.27601524E-12 0.00000000E+00
1.5787E+03 1.82105393E-12 0.00000000E+00
1.6022E+03 2.40201733E-12 0.00000000E+00
1.6258E+03 2.83455603E-12 0.00000000E+00
1.6493E+03 3.81542351E-12 0.00000000E+00
1.6729E+03 5.28615408E-12 0.00000000E+00
1.6965E+03 6.31503109E-12 0.00000000E+00
1.7200E+03 7.87439464E-12 0.00000000E+00
1.7436E+03 1.10527300E-11 0.00000000E+00
1.7671E+03 1.38355510E-11 0.00000000E+00
1.7907E+03 1.63051701E-11 0.00000000E+00
1.8143E+03 2.21317944E-11 0.00000000E+00
1.8378E+03 2.92212753E-11 0.00000000E+00
1.8614E+03 3.39926620E-11 0.00000000E+00
1.8850E+03 4.31908490E-11 0.00000000E+00
1.9085E+03 5.88581739E-11 0.00000000E+00
1.9321E+03 7.04351852E-11 0.00000000E+00
1.9556E+03 8.37873877E-11 0.00000000E+00
1.9792E+03 1.13202182E-10 0.00000000E+00
2.0028E+03 1.42239839E-10 0.00000000E+00
2.0263E+03 1.63383907E-10 0.00000000E+00
2.0499E+03 2.10415001E-10 0.00000000E+00
2.0735E+03 2.75768851E-10 0.00000000E+00
2.0970E+03 3.18850283E-10 0.00000000E+00
2.1206E+03 3.84899102E-10 0.00000000E+00
2.1441E+03 5.10842944E-10 0.00000000E+00
2.1677E+03 6.12927286E-10 0.00000000E+00
2.1913E+03 7.03690291E-10 0.00000000E+00
2.2148E+03 9.09765198E-10 0.00000000E+00
2.2384E+03 1.14114972E-09 0.00000000E+00
2.2619E+03 1.29068451E-09 0.00000000E+00
2.2855E+03 1.58031526E-09 0.00000000E+00
2.3091E+03 2.03786653E-09 0.00000000E+00
2.3326E+03 2.35214547E-09 0.00000000E+00
2.3562E+03 2.72198518E-09 0.00000000E+00
2.3798E+03 3.49216462E-09 0.00000000E+00
2.4033E+03 4.19185820E-09 0.00000000E+00
2.4269E+03 4.69482707E-09 0.00000000E+00
2.4504E+03 5.79828369E-09 0.00000000E+00
2.4740E+03 7.21156242E-09 0.00000000E+00
2.4976E+03 8.08856221E-09 0.00000000E+00
2.5211E+03 9.46789591E-09 0.00000000E+00
2.5447E+03 1.19208136E-08 0.00000000E+00
2.5683E+03 1.37506639E-08 0.00000000E+00
2.5918E+03 1.54035652E-08 0.00000000E+00
2.6154E+03 1.90205466E-08 0.00000000E+00
2.6389E+03 2.27471119E-08 0.00000000E+00
2.6625E+03 2.50700761E-08 0.00000000E+00
2.6861E+03 2.96365317E-08 0.00000000E+00
2.7096E+03 3.63030801E-08 0.00000000E+00
2.7332E+03 4.05421633E-08 0.00000000E+00
2.7567E+03 4.57100477E-08 0.00000000E+00
2.7803E+03 5.58787123E-08 0.00000000E+00
2.8039E+03 6.43339540E-08 0.00000000E+00
2.8274E+03 7.03935517E-08 0.00000000E+00
2.8510E+03 8.35785064E-08 0.00000000E+00
2.8746E+03 9.90894589E-08 0.00000000E+00
2.8981E+03 1.08143683E-07 0.00000000E+00
2.9217E+03 1.22944488E-07 0.00000000E+00
2.9452E+03 1.47479249E-07 0.00000000E+00
2.9688E+03 1.64241945E-07 0.00000000E+00
2.9924E+03 1.79818894E-07 0.00000000E+00
3.0159E+03 2.12781264E-07 0.00000000E+00
3.0395E+03 2.43848592E-07 0.00000000E+00
3.0631E+03 2.62590291E-07 0.00000000E+00
3.0866E+03 3.00341636E-07 0.00000000E+00
3.1102E+03 3.51291520E-07 0.00000000E+00
3.1337E+03 3.81164742E-07 0.00000000E+00
3.1573E+03 4.19356610E-07 0.00000000E+00
3.1809E+03 4.90641740E-07 0.00000000E+00
3.2044E+03 5.44735706E-07 0.00000000E+00
3.2280E+03 5.83607225E-07 0.00000000E+00
3.2515E+03 6.68155149E-07 0.00000000E+00
3.2751E+03 7.59644508E-07 0.00000000E+00
3.2987E+03 8.09717084E-07 0.00000000E+00
3.3222E+03 8.95733337E-07 0.00000000E+00
3.3458E+03 1.02943520E-06 0.00000000E+00
3.3694E+03 1.11279170E-06 0.00000000E+00
3.3929E+03 1.19293773E-06 0.00000000E+00
3.4165E+03 1.35852472E-06 0.00000000E+00
3.4400E+03 1.50157089E-06 0.00000000E+00
3.4636E+03 1.58474425E-06 0.00000000E+00
3.4872E+03 1.75843807E-06 0.00000000E+00
3.5107E+03 1.97691634E-06 0.00000000E+00
3.5343E+03 2.09426208E-06 0.00000000E+00
3.5579E+03 2.25257393E-06 0.00000000E+00
3.5814E+03 2.53664558E-06 0.00000000E+00
3.6050E+03 2.73352783E-06 0.00000000E+00
3.6285E+03 2.87443976E-06 0.00000000E+00
3.6521E+03 3.18580453E-06 0.00000000E+00
3.6757E+03 3.49868714E-06 0.00000000E+00
3.6992E+03 3.65716625E-06 0.00000000E+00
3.7228E+03 3.94638436E-06 0.00000000E+00
3.7463E+03 4.37522912E-06 0.00000000E+00
3.7699E+03 4.61822812E-06 0.00000000E+00
3.7935E+03 4.85812162E-06 0.00000000E+00
3.8170E+03 5.35326325E-06 0.00000000E+00
3.8406E+03 5.74886579E-06 0.00000000E+00
3.8642E+03 5.96556711E-06 0.00000000E+00
3.8877E+03 6.44480193E-06 0.00000000E+00
3.9113E+03 7.01783599E-06 0.00000000E+00
3.9348E+03 7.29548425E-06 0.00000000E+00
3.9584E+03 7.69034579E-06 0.00000000E+00
3.9820E+03 8.39165283E-06 0.00000000E+00
4.0055E+03 8.83759197E-06 0.00000000E+00
4.0291E+03 9.14574153E-06 0.00000000E+00
4.0527E+03 9.86174018E-06 0.00000000E+00
4.0762E+03 1.05435941E-05 0.00000000E+00
4.0998E+03 1.08521527E-05 0.00000000E+00
4.1233E+03 1.14607453E-05 0.00000000E+00
4.1469E+03 1.23506184E-05 0.00000000E+00
4.1705E+03 1.28053510E-05 0.00000000E+00
4.1940E+03 1.32530167E-05 0.00000000E+00
4.2176E+03 1.42192572E-05 0.00000000E+00
4.2412E+03 1.49456460E-05 0.00000000E+00
4.2647E+03 1.52988319E-05 0.00000000E+00
4.2883E+03 1.61634309E-05 0.00000000E+00
4.3118E+03 1.71806588E-05 0.00000000E+00
4.3354E+03 1.76105270E-05 0.00000000E+00
4.3590E+03 1.82495747E-05 0.00000000E+00
4.3825E+03 1.94330979E-05 0.00000000E+00
4.4061E+03 2.01285906E-05 0.00000000E+00
4.4296E+03 2.05589669E-05 0.00000000E+00
4.4532E+03 2.16867871E-05 0.00000000E+00
4.4768E+03 2.27380688E-05 0.00000000E+00
4.5003E+03 2.31310295E-05 0.00000000E+00
4.5239E+03 2.40000914E-05 0.00000000E+00
4.5475E+03 2.53222996E-05 0.00000000E+00
4.5710E+03 2.59216996E-05 0.00000000E+00
4.5946E+03 2.64721992E-05 0.00000000E+00
4.6181E+03 2.78254894E-05 0.00000000E+00
4.6417E+03 2.88068451E-05 0.00000000E+00
4.6653E+03 2.91766387E-05 0.00000000E+00
4.6888E+03 3.02851803E-05 0.00000000E+00
4.7124E+03 3.16357469E-05 0.00000000E+00
4.7360E+03 3.21001646E-05 0.00000000E+00
4.7595E+03 3.28095870E-05 0.00000000E+00
4.7831E+03 3.43077230E-05 0.00000000E+00
4.8066E+03 3.51269970E-05 0.00000000E+00
4.8302E+03 3.55071356E-05 0.00000000E+00
4.8538E+03 3.68264733E-05 0.00000000E+00
4.8773E+03 3.80842578E-05 0.00000000E+00
4.9009E+03 3.84071421E-05 0.00000000E+00
4.9244E+03 3.92955614E-05 0.00000000E+00
4.9480E+03 4.08271842E-05 0.00000000E+00
4.9716E+03 4.14205455E-05 0.00000000E+00
4.9951E+03 4.18518741E-05 0.00000000E+00
5.0187E+03 4.33152463E-05 0.00000000E+00
5.0423E+03 4.43692191E-05 0.00000000E+00
5.0658E+03 4.45726703E-05 0.00000000E+00
5.0894E+03 4.56314122E-05 0.00000000E+00
5.1129E+03 4.70719330E-05 0.00000000E+00
5.1365E+03 4.74114419E-05 0.00000000E+00
5.1601E+03 4.79282708E-05 0.00000000E+00
5.1836E+03 4.94387734E-05 0.00000000E+00
5.2072E+03 5.02041806E-05 0.00000000E+00
5.2308E+03 5.03288618E-05 0.00000000E+00
5.2543E+03 5.15171243E-05 0.00000000E+00
5.2779E+03 5.27469867E-05 0.00000000E+00
5.3014E+03 5.28397966E-05 0.00000000E+00
5.3250E+03 5.34585387E-05 0.00000000E+00
5.3486E+03 5.49022003E-05 0.00000000E+00
5.3721E+03 5.53300024E-05 0.00000000E+00
5.3957E+03 5.54225359E-05 0.00000000E+00
5.4192E+03 5.66705899E-05 0.00000000E+00
5.4428E+03 5.75910338E-05 0.00000000E+00
5.4664E+03 5.74724790E-05 0.00000000E+00
5.4899E+03 5.81849927E-05 0.00000000E+00
5.5135E+03 5.94460881E-05 0.00000000E+00
5.5371E+03 5.95256233E-05 0.00000000E+00
5.5606E+03 5.96266380E-05 0.00000000E+00
5.5842E+03 6.08443393E-05 0.00000000E+00
5.6077E+03 6.13887608E-05 0.00000000E+00
5.6313E+03 6.11119141E-05 0.00000000E+00
5.6549E+03 6.18842913E-05 0.00000000E+00
5.6784E+03 6.28603364E-05 0.00000000E+00
5.7020E+03 6.26161235E-05 0.00000000E+00
5.7256E+03 6.27511089E-05 0.00000000E+00
5.7491E+03 6.38398618E-05 0.00000000E+00
5.7727E+03 6.39798056E-05 0.00000000E+00
5.7962E+03 6.36038766E-05 0.00000000E+00
5.8198E+03 6.43803690E-05 0.00000000E+00
5.8434E+03 6.49946552E-05 0.00000000E+00
5.8669E+03 6.44787177E-05 0.00000000E+00
5.8905E+03 6.46529347E-05 0.00000000E+00
5.9140E+03 6.55189651E-05 0.00000000E+00
5.9376E+03 6.52645259E-05 0.00000000E+00
5.9612E+03 6.48441323E-05 0.00000000E+00
5.9847E+03 6.55551438E-05 0.00000000E+00
6.0083E+03 6.57651813E-05 0.00000000E+00
6.0319E+03 6.50466023E-05 0.00000000E+00
6.0554E+03 6.52444967E-05 0.00000000E+00
6.0790E+03 6.58112800E-05 0.00000000E+00
6.1025E+03 6.52064125E-05 0.00000000E+00
6.1261E+03 6.47833522E-05 0.00000000E+00
6.1497E+03 6.53558913E-05 0.00000000E+00
6.1732E+03 6.51568232E-05 0.00000000E+00
6.1968E+03 6.43104331E-05 0.00000000E+00
6.2204E+03 6.44992442E-05 0.00000000E+00
6.2439E+03 6.47171970E-05 0.00000000E+00
6.2675E+03 6.38311207E-05 0.00000000E+00
6.2910E+03 6.34297126E-05 0.00000000E+00
6.3146E+03 6.37984116E-05 0.00000000E+00
6.3382E+03 6.32212742E-05 0.00000000E+00
6.3617E+03 6.23173159E-05 0.00000000E+00
6.3853E+03 6.24539026E-05 0.00000000E+00
6.4088E+03 6.23059985E-05 0.00000000E+00
6.4324E+03 6.12223682E-05 0.00000000E+00
6.4560E+03 6.08487381E-05 0.00000000E+00
6.4795E+03 6.09655785E-05 0.00000000E+00
6.5031E+03 6.00710938E-05 0.00000000E+00
6.5267E+03 5.91673664E-05 0.00000000E+00
6.5502E+03 5.92068010E-05 0.00000000E+00
6.5738E+03 5.87095184E-05 0.00000000E+00
6.5973E+03 5.75152264E-05 0.00000000E+00
6.6209E+03 5.71602057E-05 0.00000000E+00
6.6445E+03 5.70014306E-05 0.00000000E+00
6.6680E+03 5.58706602E-05 0.00000000E+00
6.6916E+03 5.50080678E-05 0.00000000E+00
6.7152E+03 5.49123484E-05 0.00000000E+00
6.7387E+03 5.41121461E-05 0.00000000E+00
6.7623E+03 5.28874725E-05 0.00000000E+00
6.7858E+03 5.25321666E-05 0.00000000E+00
6.8094E+03 5.21014217E-05 0.00000000E+00
6.8330E+03 5.08249642E-05 0.00000000E+00
6.8565E+03 5.00266982E-05 0.00000000E+00
6.8801E+03 4.97720276E-05 0.00000000E+00
6.9036E+03 4.87382241E-05 0.00000000E+00
6.9272E+03 4.75496178E-05 0.00000000E+00
6.9508E+03 4.71723115E-05 0.00000000E+00
6.9743E+03 4.64997734E-05 0.00000000E+00
6.9979E+03 4.51672157E-05 0.00000000E+00
7.0215E+03 4.44411310E-05 0.00000000E+00
7.0450E+03 4.40225740E-05 0.00000000E+00
7.0686E+03 4.28379874E-05 0.00000000E+00
7.0921E+03 4.17341645E-05 0.00000000E+00
7.1157E+03 4.13171231E-05 0.00000000E+00
7.1393E+03 4.04549595E-05 0.00000000E+00
7.1628E+03 3.91460766E-05 0.00000000E+00
7.1864E+03 3.84893429E-05 0.00000000E+00
7.2100E+03 3.79222242E-05 0.00000000E+00
7.2335E+03 3.66731400E-05 0.00000000E+00
7.2571E+03 3.56845355E-05 0.00000000E+00
7.2806E+03 3.52194186E-05 0.00000000E+00
7.3042E+03 3.42346094E-05 0.00000000E+00
7.3278E+03 3.30132920E-05 0.00000000E+00
7.3513E+03 3.24180700E-05 0.00000000E+00
7.3749E+03 3.17360716E-05 0.00000000E+00
7.3985E+03 3.05030388E-05 0.00000000E+00
7.4220E+03 2.96441012E-05 0.00000000E+00
7.4456E+03 2.91350861E-05 0.00000000E+00
7.4691E+03 2.81008575E-05 0.00000000E+00
7.4927E+03 2.70122354E-05 0.00000000E+00
7.5163E+03 2.64711469E-05 0.00000000E+00
7.5398E+03 2.57216330E-05 0.00000000E+00
7.5634E+03 2.45722730E-05 0.00000000E+00
7.5869E+03 2.38456522E-05 0.00000000E+00
7.6105E+03 2.33098469E-05 0.00000000E+00
7.6341E+03 2.22970964E-05 0.00000000E+00
7.6576E+03 2.13677045E-05 0.00000000E+00
7.6812E+03 2.08780287E-05 0.00000000E+00
7.7048E+03 2.01155408E-05 0.00000000E+00
7.7283E+03 1.91001082E-05 0.00000000E+00
7.7519E+03 1.85016252E-05 0.00000000E+00
7.7754E+03 1.79668956E-05 0.00000000E+00
7.7990E+03 1.70368648E-05 0.00000000E+00
7.8226E+03 1.62772517E-05 0.00000000E+00
7.8461E+03 1.58431645E-05 0.00000000E+00
7.8697E+03 1.51222500E-05 0.00000000E+00
7.8933E+03 1.42721450E-05 0.00000000E+00
7.9168E+03 1.37954575E-05 0.00000000E+00
7.9404E+03 1.32962317E-05 0.00000000E+00
7.9639E+03 1.24953273E-05 0.00000000E+00
7.9875E+03 1.19041920E-05 0.00000000E+00
8.0111E+03 1.15368046E-05 0.00000000E+00
8.0346E+03 1.09053426E-05 0.00000000E+00
8.0582E+03 1.02342832E-05 0.00000000E+00
8.0817E+03 9.87437254E-06 0.00000000E+00
8.1053E+03 9.44629530E-06 0.00000000E+00
8.1289E+03 8.80351026E-06 0.00000000E+00
8.1524E+03 8.37233407E-06 0.00000000E+00
8.1760E+03 8.08773539E-06 0.00000000E+00
8.1996E+03 7.58173010E-06 0.00000000E+00
8.2231E+03 7.08891432E-06 0.00000000E+00
8.2467E+03 6.84388752E-06 0.00000000E+00
8.2702E+03 6.51833569E-06 0.00000000E+00
8.2938E+03 6.04528155E-06 0.00000000E+00
8.3174E+03 5.76252632E-06 0.00000000E+00
8.3409E+03 5.57839986E-06 0.00000000E+00
8.3645E+03 5.21888606E-06 0.00000000E+00
8.3881E+03 4.89326671E-06 0.00000000E+00
8.4116E+03 4.76436225E-06 0.00000000E+00
8.4352E+03 4.56376613E-06 0.00000000E+00
8.4587E+03 4.25690436E-06 0.00000000E+00
8.4823E+03 4.11108195E-06 0.00000000E+00
8.5059E+03 4.04268360E-06 0.00000000E+00
8.5294E+03 3.83497493E-06 0.00000000E+00
8.5530E+03 3.65972382E-06 0.00000000E+00
8.5765E+03 3.64978392E-06 0.00000000E+00
8.6001E+03 3.58448057E-06 0.00000000E+00
8.6237E+03 3.42885316E-06 0.00000000E+00
8.6472E+03 3.41009959E-06 0.00000000E+00
8.6708E+03 3.46643927E-06 0.00000000E+00
8.6944E+03 3.40155614E-06 0.00000000E+00
8.7179E+03 3.35792900E-06 0.00000000E+00
8.7415E+03 3.46888092E-06 0.00000000E+00
8.7650E+03 3.53590866E-06 0.00000000E+00
8.7886E+03 3.50954095E-06 0.00000000E+00
8.8122E+03 3.60968739E-06 0.00000000E+00
8.8357E+03 3.79065546E-06 0.00000000E+00
8.8593E+03 3.84844374E-06 0.00000000E+00
8.8829E+03 3.91850374E-06 0.00000000E+00
8.9064E+03 4.14853929E-06 0.00000000E+00
8.9300E+03 4.33241861E-06 0.00000000E+00
8.9535E+03 4.41058510E-06 0.00000000E+00
8.9771E+03 4.62202144E-06 0.00000000E+00
9.0007E+03 4.91697118E-06 0.00000000E+00
9.0242E+03 5.07021285E-06 0.00000000E+00
9.0478E+03 5.23817447E-06 0.00000000E+00
9.0713E+03 5.57931594E-06 0.00000000E+00
9.0949E+03 5.85453133E-06 0.00000000E+00
9.1185E+03 6.01323079E-06 0.00000000E+00
9.1420E+03 6.32706632E-06 0.00000000E+00
9.1656E+03 6.71506683E-06 0.00000000E+00
9.1892E+03 6.93382066E-06 0.00000000E+00
9.2127E+03 7.18608141E-06 0.00000000E+00
9.2363E+03 7.62269207E-06 0.00000000E+00
9.2598E+03 7.95734091E-06 0.00000000E+00
9.2834E+03 8.17557612E-06 0.00000000E+00
9.3070E+03 8.57969065E-06 0.00000000E+00
9.3305E+03 9.03135551E-06 0.00000000E+00
9.3541E+03 9.28683640E-06 0.00000000E+00
9.3777E+03 9.61101492E-06 0.00000000E+00
9.4012E+03 1.01195926E-05 0.00000000E+00
9.4248E+03 1.04795362E-05 0.00000000E+00
9.4483E+03 1.07402756E-05 0.00000000E+00
9.4719E+03 1.12178210E-05 0.00000000E+00
9.4955E+03 1.16983583E-05 0.00000000E+00
9.5190E+03 1.19658433E-05 0.00000000E+00
9.5426E+03 1.23492980E-05 0.00000000E+00
9.5661E+03 1.28996281E-05 0.00000000E+00
9.5897E+03 1.32524766E-05 0.00000000E+00
9.6133E+03 1.35424374E-05 0.00000000E+00
9.6368E+03 1.40712063E-05 0.00000000E+00
9.6604E+03 1.45441575E-05 0.00000000E+00
9.6840E+03 1.48046465E-05 0.00000000E+00
9.7075E+03 1.52329887E-05 0.00000000E+00
9.7311E+03 1.57904731E-05 0.00000000E+00
9.7546E+03 1.61088384E-05 0.00000000E+00
9.7782E+03 1.64174266E-05 0.00000000E+00
9.8018E+03 1.69702955E-05 0.00000000E+00
9.8253E+03 1.74013558E-05 0.00000000E+00
9.8489E+03 1.76419648E-05 0.00000000E+00
9.8725E+03 1.80980200E-05 0.00000000E+00
9.8960E+03 1.86267963E-05 0.00000000E+00
9.9196E+03 1.88904355E-05 0.00000000E+00
9.9431E+03 1.92082898E-05 0.00000000E+00
9.9667E+03 1.97547167E-05 0.00000000E+00
9.9903E+03 2.01150756E-05 0.00000000E+00
1.0014E+04 2.03283657E-05 0.00000000E+00
1.0037E+04 2.07918941E-05 0.00000000E+00
1.0061E+04 2.12582484E-05 0.00000000E+00
1.0085E+04 2.14549494E-05 0.00000000E+00
1.0108E+04 2.17725410E-05 0.00000000E+00
1.0132E+04 2.22808933E-05 0.00000000E+00
1.0155E+04 2.25496597E-05 0.00000000E+00
1.0179E+04 2.27322544E-05 0.00000000E+00
1.0202E+04 2.31805487E-05 0.00000000E+00
1.0226E+04 2.35560963E-05 0.00000000E+00
1.0249E+04 2.36813747E-05 0.00000000E+00
1.0273E+04 2.39880357E-05 0.00000000E+00
1.0297E+04 2.44283668E-05 0.00000000E+00
1.0320E+04 2.45938250E-05 0.00000000E+00
1.0344E+04 2.47447350E-05 0.00000000E+00
1.0367E+04 2.51540180E-05 0.00000000E+00
1.0391E+04 2.54181987E-05 0.00000000E+00
1.0414E+04 2.54740576E-05 0.00000000E+00
1.0438E+04 2.57576698E-05 0.00000000E+00
1.0462E+04 2.61045032E-05 0.00000000E+00
1.0485E+04 2.61641626E-05 0.00000000E+00
1.0509E+04 2.62832235E-05 0.00000000E+00
1.0532E+04 2.66306122E-05 0.00000000E+00
1.0556E+04 2.67721936E-05 0.00000000E+00
1.0579E+04 2.67653141E-05 0.00000000E+00
1.0603E+04 2.70127246E-05 0.00000000E+00
1.0626E+04 2.72474198E-05 0.00000000E+00
1.0650E+04 2.72070073E-05 0.00000000E+00
1.0674E+04 2.72937439E-05 0.00000000E+00
1.0697E+04 2.75594364E-05 0.00000000E+00
1.0721E+04 2.75768903E-05 0.00000000E+00
1.0744E+04 2.75166495E-05 0.00000000E+00
1.0768E+04 2.77147095E-05 0.00000000E+00
1.0791E+04 2.78270638E-05 0.00000000E+00
1.0815E+04 2.76987460E-05 0.00000000E+00
1.0838E+04 2.77518372E-05 0.00000000E+00
1.0862E+04 2.79211438E-05 0.00000000E+00
1.0886E+04 2.78219418E-05 0.00000000E+00
1.0909E+04 2.77186172E-05 0.00000000E+00
1.0933E+04 2.78556155E-05 0.00000000E+00
1.0956E+04 2.78445051E-05 0.00000000E+00
1.0980E+04 2.76447059E-05 0.00000000E+00
1.1003E+04 2.76620787E-05 0.00000000E+00
1.1027E+04 2.77269649E-05 0.00000000E+00
1.1051E+04 2.75260009E-05 0.00000000E+00
1.1074E+04 2.73894238E-05 0.00000000E+00
1.1098E+04 2.74566203E-05 0.00000000E+00
1.1121E+04 2.73296412E-05 0.00000000E+00
1.1145E+04 2.70768273E-05 0.00000000E+00
1.1168E+04 2.70562691E-05 0.00000000E+00
1.1192E+04 2.70161669E-05 0.00000000E+00
1.1215E+04 2.67336110E-05 0.00000000E+00
1.1239E+04 2.65724007E-05 0.00000000E+00
1.1263E+04 2.65653484E-05 0.00000000E+00
1.1286E+04 2.63375678E-05 0.00000000E+00
1.1310E+04 2.60503099E-05 0.00000000E+00
1.1333E+04 2.59903873E-05 0.00000000E+00
1.1357E+04 2.58521600E-05 0.00000000E+00
1.1380E+04 2.55110913E-05 0.00000000E+00
1.1404E+04 2.53324649E-05 0.00000000E+00
1.1428E+04 2.52518654E-05 0.00000000E+00
1.1451E+04 2.49439161E-05 0.00000000E+00
1.1475E+04 2.46394398E-05 0.00000000E+00
1.1498E+04 2.45404696E-05 0.00000000E+00
1.1522E+04 2.43175648E-05 0.00000000E+00
1.1545E+04 2.39417152E-05 0.00000000E+00
1.1569E+04 2.37517622E-05 0.00000000E+00
1.1592E+04 2.36036961E-05 0.00000000E+00
1.1616E+04 2.32395216E-05 0.00000000E+00
1.1640E+04 2.29328393E-05 0.00000000E+00
1.1663E+04 2.27976698E-05 0.00000000E+00
1.1687E+04 2.25086092E-05 0.00000000E+00
1.1710E+04 2.21204809E-05 0.00000000E+00
1.1734E+04 2.19247124E-05 0.00000000E+00
1.1757E+04 2.17201988E-05 0.00000000E+00
1.1781E+04 2.13247626E-05 0.00000000E+00
1.1805E+04 2.10283597E-05 0.00000000E+00
1.1828E+04 2.08627688E-05 0.00000000E+00
1.1852E+04 2.05292140E-05 0.00000000E+00
1.1875E+04 2.01487277E-05 0.00000000E+00
1.1899E+04 1.99526820E-05 0.00000000E+00
1.1922E+04 1.97066366E-05 0.00000000E+00
1.1946E+04 1.93038774E-05 0.00000000E+00
1.1969E+04 1.90278327E-05 0.00000000E+00
1.1993E+04 1.88404436E-05 0.00000000E+00
1.2017E+04 1.84851187E-05 0.00000000E+00
1.2040E+04 1.81288450E-05 0.00000000E+00
1.2064E+04 1.79385558E-05 0.00000000E+00
1.2087E+04 1.76683169E-05 0.00000000E+00
1.2111E+04 1.72795544E-05 0.00000000E+00
1.2134E+04 1.70319245E-05 0.00000000E+00
1.2158E+04 1.68336370E-05 0.00000000E+00
1.2182E+04 1.64783798E-05 0.00000000E+00
1.2205E+04 1.61593021E-05 0.00000000E+00
1.2229E+04 1.59814874E-05 0.00000000E+00
1.2252E+04 1.57051303E-05 0.00000000E+00
1.2276E+04 1.53480263E-05 0.00000000E+00
1.2299E+04 1.51353036E-05 0.00000000E+00
1.2323E+04 1.49383291E-05 0.00000000E+00
1.2346E+04 1.46024878E-05 0.00000000E+00
1.2370E+04 1.43301687E-05 0.00000000E+00
1.2394E+04 1.41720771E-05 0.00000000E+00
1.2417E+04 1.39067549E-05 0.00000000E+00
1.2441E+04 1.35948345E-05 0.00000000E+00
1.2464E+04 1.34223181E-05 0.00000000E+00
1.2488E+04 1.32389773E-05 0.00000000E+00
1.2511E+04 1.29382955E-05 0.00000000E+00
1.2535E+04 1.27192823E-05 0.00000000E+00
1.2559E+04 1.25882180E-05 0.00000000E+00
1.2582E+04 1.23487454E-05 0.00000000E+00
1.2606E+04 1.20914024E-05 0.00000000E+00
1.2629E+04 1.19633758E-05 0.00000000E+00
1.2653E+04 1.18048517E-05 0.00000000E+00
1.2676E+04 1.15508935E-05 0.00000000E+00
1.2700E+04 1.13892007E-05 0.00000000E+00
1.2723E+04 1.12918179E-05 0.00000000E+00
1.2747E+04 1.10896533E-05 0.00000000E+00
1.2771E+04 1.08925056E-05 0.00000000E+00
1.2794E+04 1.08121822E-05 0.00000000E+00
1.2818E+04 1.06874176E-05 0.00000000E+00
1.2841E+04 1.04874969E-05 0.00000000E+00
1.2865E+04 1.03850261E-05 0.00000000E+00
1.2888E+04 1.03265317E-05 0.00000000E+00
1.2912E+04 1.01692375E-05 0.00000000E+00
1.2936E+04 1.00346736E-05 0.00000000E+00
1.2959E+04 1.00039403E-05 0.00000000E+00
1.2983E+04 9.91883501E-06 0.00000000E+00
1.3006E+04 9.77634813E-06 0.00000000E+00
1.3030E+04 9.73316460E-06 0.00000000E+00
1.3053E+04 9.71658268E-06 0.00000000E+00
1.3077E+04 9.60776659E-06 0.00000000E+00
1.3100E+04 9.53553633E-06 0.00000000E+00
1.3124E+04 9.55457746E-06 0.00000000E+00
1.3148E+04 9.51158254E-06 0.00000000E+00
1.3171E+04 9.42660576E-06 0.00000000E+00
1.3195E+04 9.44104904E-06 0.00000000E+00
1.3218E+04 9.46668851E-06 0.00000000E+00
1.3242E+04 9.40635653E-06 0.00000000E+00
1.3265E+04 9.39409321E-06 0.00000000E+00
1.3289E+04 9.46100925E-06 0.00000000E+00
1.3312E+04 9.45914483E-06 0.00000000E+00
1.3336E+04 9.42914569E-06 0.00000000E+00
1.3360E+04 9.49780577E-06 0.00000000E+00
1.3383E+04 9.56303097E-06 0.00000000E+00
1.3407E+04 9.54823301E-06 0.00000000E+00
1.3430E+04 9.59184028E-06 0.00000000E+00
1.3454E+04 9.70237792E-06 0.00000000E+00
1.3477E+04 9.73763400E-06 0.00000000E+00
1.3501E+04 9.75816538E-06 0.00000000E+00
1.3525E+04 9.87579565E-06 0.00000000E+00
1.3548E+04 9.97514441E-06 0.00000000E+00
1.3572E+04 1.00007721E-05 0.00000000E+00
1.3595E+04 1.00946657E-05 0.00000000E+00
1.3619E+04 1.02421550E-05 0.00000000E+00
1.3642E+04 1.03081828E-05 0.00000000E+00
1.3666E+04 1.03734670E-05 0.00000000E+00
1.3689E+04 1.05329259E-05 0.00000000E+00
1.3713E+04 1.06585612E-05 0.00000000E+00
1.3737E+04 1.07181613E-05 0.00000000E+00
1.3760E+04 1.08553997E-05 0.00000000E+00
1.3784E+04 1.10309554E-05 0.00000000E+00
1.3807E+04 1.11199236E-05 0.00000000E+00
1.3831E+04 1.12232805E-05 0.00000000E+00
1.3854E+04 1.14155880E-05 0.00000000E+00
1.3878E+04 1.15580155E-05 0.00000000E+00
1.3902E+04 1.16445065E-05 0.00000000E+00
1.3925E+04 1.18168737E-05 0.00000000E+00
1.3949E+04 1.20098669E-05 0.00000000E+00
1.3972E+04 1.21133491E-05 0.00000000E+00
1.3996E+04 1.22474682E-05 0.00000000E+00
1.4019E+04 1.24620384E-05 0.00000000E+00
1.4043E+04 1.26109839E-05 0.00000000E+00
1.4066E+04 1.27172060E-05 0.00000000E+00
1.4090E+04 1.29153193E-05 0.00000000E+00
1.4114E+04 1.31140774E-05 0.00000000E+00
1.4137E+04 1.32238512E-05 0.00000000E+00
1.4161E+04 1.33809473E-05 0.00000000E+00
1.4184E+04 1.36060233E-05 0.00000000E+00
1.4208E+04 1.37513491E-05 0.00000000E+00
1.4231E+04 1.38704206E-05 0.00000000E+00
1.4255E+04 1.40839309E-05 0.00000000E+00
1.4279E+04 1.42765850E-05 0.00000000E+00
1.4302E+04 1.43852568E-05 0.00000000E+00
1.4326E+04 1.45571700E-05 0.00000000E+00
1.4349E+04 1.47804441E-05 0.00000000E+00
1.4373E+04 1.49129859E-05 0.00000000E+00
1.4396E+04 1.50384838E-05 0.00000000E+00
1.4420E+04 1.52564064E-05 0.00000000E+00
1.4443E+04 1.54317822E-05 0.00000000E+00
1.4467E+04 1.55331912E-05 0.00000000E+00
1.4491E+04 1.57114941E-05 0.00000000E+00
1.4514E+04 1.59208584E-05 0.00000000E+00
1.4538E+04 1.60330871E-05 0.00000000E+00
1.4561E+04 1.61590964E-05 0.00000000E+00
1.4585E+04 1.63702806E-05 0.00000000E+00
1.4608E+04 1.65187224E-05 0.00000000E+00
1.4632E+04 1.66081191E-05 0.00000000E+00
1.4656E+04 1.67842862E-05 0.00000000E+00
1.4679E+04 1.69686311E-05 0.00000000E+00
1.4703E+04 1.70550798E-05 0.00000000E+00
1.4726E+04 1.71761756E-05 0.00000000E+00
1.4750E+04 1.73698863E-05 0.00000000E+00
1.4773E+04 1.74839188E-05 0.00000000E+00
1.4797E+04 1.75579534E-05 0.00000000E+00
1.4820E+04 1.77236215E-05 0.00000000E+00
1.4844E+04 1.78735901E-05 0.00000000E+00
1.4868E+04 1.79310274E-05 0.00000000E+00
1.4891E+04 1.80422502E-05 0.00000000E+00
1.4915E+04 1.82088069E-05 0.00000000E+00
1.4938E+04 1.82835683E-05 0.00000000E+00
1.4962E+04 1.83401431E-05 0.00000000E+00
1.4985E+04 1.84874631E-05 0.00000000E+00
1.5009E+04 1.85960712E-05 0.00000000E+00
1.5033E+04 1.86234387E-05 0.00000000E+00
1.5056E+04 1.87203121E-05 0.00000000E+00
1.5080E+04 1.88517095E-05 0.00000000E+00
1.5103E+04 1.88851215E-05 0.00000000E+00
1.5127E+04 1.89231755E-05 0.00000000E+00
1.5150E+04 1.90452277E-05 0.00000000E+00
1.5174E+04 1.91082779E-05 0.00000000E+00
1.5197E+04 1.91064406E-05 0.00000000E+00
1.5221E+04 1.91850569E-05 0.00000000E+00
1.5245E+04 1.92754924E-05 0.00000000E+00
1.5268E+04 1.92681731E-05 0.00000000E+00
1.5292E+04 1.92874605E-05 0.00000000E+00
1.5315E+04 1.93786851E-05 0.00000000E+00
1.5339E+04 1.93949363E-05 0.00000000E+00
1.5362E+04 1.93663125E-05 0.00000000E+00
1.5386E+04 1.94234867E-05 0.00000000E+00
1.5410E+04 1.94697270E-05 0.00000000E+00
1.5433E+04 1.94246855E-05 0.00000000E+00
1.5457E+04 1.94255952E-05 0.00000000E+00
1.5480E+04 1.94821774E-05 0.00000000E+00
1.5504E+04 1.94532606E-05 0.00000000E+00
1.5527E+04 1.94014018E-05 0.00000000E+00
1.5551E+04 1.94348687E-05 0.00000000E+00
1.5574E+04 1.94364092E-05 0.00000000E+00
1.5598E+04 1.93585808E-05 0.00000000E+00
1.5622E+04 1.93420214E-05 0.00000000E+00
1.5645E+04 1.93621722E-05 0.00000000E+00
1.5669E+04 1.92922773E-05 0.00000000E+00
1.5692E+04 1.92214588E-05 0.00000000E+00
1.5716E+04 1.92300763E-05 0.00000000E+00
1.5739E+04 1.91890750E-05 0.00000000E+00
1.5763E+04 1.90847696E-05 0.00000000E+00
1.5787E+04 1.90521223E-05 0.00000000E+00
1.5810E+04 1.90362092E-05 0.00000000E+00
1.5834E+04 1.89315946E-05 0.00000000E+00
1.5857E+04 1.88464644E-05 0.00000000E+00
1.5881E+04 1.88303751E-05 0.00000000E+00
1.5904E+04 1.87513744E-05 0.00000000E+00
1.5928E+04 1.86277094E-05 0.00000000E+00
1.5951E+04 1.85808310E-05 0.00000000E+00
1.5975E+04 1.85313338E-05 0.00000000E+00
1.5999E+04 1.83997263E-05 0.00000000E+00
1.6022E+04 1.83050341E-05 0.00000000E+00
1.6046E+04 1.82657444E-05 0.00000000E+00
1.6069E+04 1.81552169E-05 0.00000000E+00
1.6093E+04 1.80195928E-05 0.00000000E+00
1.6116E+04 1.79608369E-05 0.00000000E+00
1.6140E+04 1.78821267E-05 0.00000000E+00
1.6163E+04 1.77320813E-05 0.00000000E+00
1.6187E+04 1.76324920E-05 0.00000000E+00
1.6211E+04 1.75728372E-05 0.00000000E+00
1.6234E+04 1.74386132E-05 0.00000000E+00
1.6258E+04 1.72982729E-05 0.00000000E+00
1.6281E+04 1.72304962E-05 0.00000000E+00
1.6305E+04 1.71284612E-05 0.00000000E+00
1.6328E+04 1.69687487E-05 0.00000000E+00
1.6352E+04 1.68687239E-05 0.00000000E+00
1.6376E+04 1.67927103E-05 0.00000000E+00
1.6399E+04 1.66433533E-05 0.00000000E+00
1.6423E+04 1.65050458E-05 0.00000000E+00
1.6446E+04 1.64315679E-05 0.00000000E+00
1.6470E+04 1.63131295E-05 0.00000000E+00
1.6493E+04 1.61522024E-05 0.00000000E+00
1.6517E+04 1.60559266E-05 0.00000000E+00
1.6540E+04 1.59684575E-05 0.00000000E+00
1.6564E+04 1.58126511E-05 0.00000000E+00
1.6588E+04 1.56823985E-05 0.00000000E+00
1.6611E+04 1.56068971E-05 0.00000000E+00
1.6635E+04 1.54794698E-05 0.00000000E+00
1.6658E+04 1.53250377E-05 0.00000000E+00
1.6682E+04 1.52363593E-05 0.00000000E+00
1.6705E+04 1.51428735E-05 0.00000000E+00
1.6729E+04 1.49888755E-05 0.00000000E+00
1.6753E+04 1.48718288E-05 0.00000000E+00
1.6776E+04 1.47981651E-05 0.00000000E+00
1.6800E+04 1.46691189E-05 0.00000000E+00
1.6823E+04 1.45278466E-05 0.00000000E+00
1.6847E+04 1.44502117E-05 0.00000000E+00
1.6870E+04 1.43562727E-05 0.00000000E+00
1.6894E+04 1.42114756E-05 0.00000000E+00
1.6917E+04 1.41118359E-05 0.00000000E+00
1.6941E+04 1.40438238E-05 0.00000000E+00
1.6965E+04 1.39200014E-05 0.00000000E+00
1.6988E+04 1.37973237E-05 0.00000000E+00
1.7012E+04 1.37336881E-05 0.00000000E+00
1.7035E+04 1.36445737E-05 0.00000000E+00
1.7059E+04 1.35151907E-05 0.00000000E+00
1.7082E+04 1.34361709E-05 0.00000000E+00
1.7106E+04 1.33773136E-05 0.00000000E+00
1.7130E+04 1.32646422E-05 0.00000000E+00
1.7153E+04 1.31646771E-05 0.00000000E+00
1.7177E+04 1.31173950E-05 0.00000000E+00
1.7200E+04 1.30377296E-05 0.00000000E+00
1.7224E+04 1.29286088E-05 0.00000000E+00
1.7247E+04 1.28724139E-05 0.00000000E+00
1.7271E+04 1.28256410E-05 0.00000000E+00
1.7294E+04 1.27288625E-05 0.00000000E+00
1.7318E+04 1.26543983E-05 0.00000000E+00
1.7342E+04 1.26250977E-05 0.00000000E+00
1.7365E+04 1.25585654E-05 0.00000000E+00
1.7389E+04 1.24731183E-05 0.00000000E+00
1.7412E+04 1.24409330E-05 0.00000000E+00
1.7436E+04 1.24083738E-05 0.00000000E+00
1.7459E+04 1.23309012E-05 0.00000000E+00
1.7483E+04 1.22834321E-05 0.00000000E+00
1.7507E+04 1.22728970E-05 0.00000000E+00
1.7530E+04 1.22220592E-05 0.00000000E+00
1.7554E+04 1.21622815E-05 0.00000000E+00
1.7577E+04 1.21542626E-05 0.00000000E+00
1.7601E+04 1.21370847E-05 0.00000000E+00
1.7624E+04 1.20809734E-05 0.00000000E+00
1.7648E+04 1.20607648E-05 0.00000000E+00
1.7671E+04 1.20688451E-05 0.00000000E+00
1.7695E+04 1.20350716E-05 0.00000000E+00
1.7719E+04 1.20016283E-05 0.00000000E+00
1.7742E+04 1.20169066E-05 0.00000000E+00
1.7766E+04 1.20152414E-05 0.00000000E+00
1.7789E+04 1.19812563E-05 0.00000000E+00
1.7813E+04 1.19874245E-05 0.00000000E+00
1.7836E+04 1.20129984E-05 0.00000000E+00
1.7860E+04 1.19965036E-05 0.00000000E+00
1.7884E+04 1.19888535E-05 0.00000000E+00
1.7907E+04 1.20255592E-05 0.00000000E+00
1.7931E+04 1.20385225E-05 0.00000000E+00
1.7954E+04 1.20262729E-05 0.00000000E+00
1.7978E+04 1.20568769E-05 0.00000000E+00
1.8001E+04 1.20978810E-05 0.00000000E+00
1.8025E+04 1.20978490E-05 0.00000000E+00
1.8048E+04 1.21143886E-05 0.00000000E+00
1.8072E+04 1.21697134E-05 0.00000000E+00
1.8096E+04 1.21955165E-05 0.00000000E+00
1.8119E+04 1.22036300E-05 0.00000000E+00
1.8143E+04 1.22557780E-05 0.00000000E+00
1.8166E+04 1.23093120E-05 0.00000000E+00
1.8190E+04 1.23240824E-05 0.00000000E+00
1.8213E+04 1.23622964E-05 0.00000000E+00
1.8237E+04 1.24326040E-05 0.00000000E+00
1.8261E+04 1.24687383E-05 0.00000000E+00
1.8284E+04 1.24950503E-05 0.00000000E+00
1.8308E+04 1.25650260E-05 0.00000000E+00
1.8331E+04 1.26275292E-05 0.00000000E+00
1.8355E+04 1.26548147E-05 0.00000000E+00
1.8378E+04 1.27114285E-05 0.00000000E+00
1.8402E+04 1.27924194E-05 0.00000000E+00
1.8425E+04 1.28358904E-05 0.00000000E+00
1.8449E+04 1.28776292E-05 0.00000000E+00
1.8473E+04 1.29610477E-05 0.00000000E+00
1.8496E+04 1.30285328E-05 0.00000000E+00
1.8520E+04 1.30656419E-05 0.00000000E+00
1.8543E+04 1.31367770E-05 0.00000000E+00
1.8567E+04 1.32237059E-05 0.00000000E+00
1.8590E+04 1.32712872E-05 0.00000000E+00
1.8614E+04 1.33252463E-05 0.00000000E+00
1.8637E+04 1.34172430E-05 0.00000000E+00
1.8661E+04 1.34855659E-05 0.00000000E+00
1.8685E+04 1.35296078E-05 0.00000000E+00
1.8708E+04 1.36109452E-05 0.00000000E+00
1.8732E+04 1.36988791E-05 0.00000000E+00
1.8755E+04 1.37473597E-05 0.00000000E+00
1.8779E+04 1.38100521E-05 0.00000000E+00
1.8802E+04 1.39055053E-05 0.00000000E+00
1.8826E+04 1.39706427E-05 0.00000000E+00
1.8850E+04 1.40187016E-05 0.00000000E+00
1.8873E+04 1.41056571E-05 0.00000000E+00
1.8897E+04 1.41897567E-05 0.00000000E+00
1.8920E+04 1.42361555E-05 0.00000000E+00
1.8944E+04 1.43039553E-05 0.00000000E+00
1.8967E+04 1.43977345E-05 0.00000000E+00
1.8991E+04 1.44560435E-05 0.00000000E+00
1.9014E+04 1.45053153E-05 0.00000000E+00
1.9038E+04 1.45932303E-05 0.00000000E+00
1.9062E+04 1.46690307E-05 0.00000000E+00
1.9085E+04 1.47107649E-05 0.00000000E+00
1.9109E+04 1.47800387E-05 0.00000000E+00
1.9132E+04 1.48672667E-05 0.00000000E+00
1.9156E+04 1.49157023E-05 0.00000000E+00
1.9179E+04 1.49635957E-05 0.00000000E+00
1.9203E+04 1.50479405E-05 0.00000000E+00
1.9227E+04 1.51116077E-05 0.00000000E+00
1.9250E+04 1.51466051E-05 0.00000000E+00
1.9274E+04 1.52138409E-05 0.00000000E+00
1.9297E+04 1.52901496E-05 0.00000000E+00
1.9321E+04 1.53264230E-05 0.00000000E+00
1.9344E+04 1.53706307E-05 0.00000000E+00
1.9368E+04 1.54472125E-05 0.00000000E+00
1.9391E+04 1.54957520E-05 0.00000000E+00
1.9415E+04 1.55225081E-05 0.00000000E+00
1.9439E+04 1.55844434E-05 0.00000000E+00
1.9462E+04 1.56462049E-05 0.00000000E+00
1.9486E+04 1.56688721E-05 0.00000000E+00
1.9509E+04 1.57074211E-05 0.00000000E+00
1.9533E+04 1.57725861E-05 0.00000000E+00
1.9556E+04 1.58039875E-05 0.00000000E+00
1.9580E+04 1.58215741E-05 0.00000000E+00
1.9604E+04 1.58753235E-05 0.00000000E+00
1.9627E+04 1.59198348E-05 0.00000000E+00
1.9651E+04 1.59283168E-05 0.00000000E+00
1.9674E+04 1.59596060E-05 0.00000000E+00
1.9698E+04 1.60104192E-05 0.00000000E+00
1.9721E+04 1.60237258E-05 0.00000000E+00
1.9745E+04 1.60317636E-05 0.00000000E+00
1.9768E+04 1.60749399E-05 0.00000000E+00
1.9792E+04 1.61005467E-05 0.00000000E+00
1.9816E+04 1.60950866E-05 0.00000000E+00
1.9839E+04 1.61179175E-05 0.00000000E+00
1.9863E+04 1.61523056E-05 0.00000000E+00
1.9886E+04 1.61476081E-05 0.00000000E+00
1.9910E+04 1.61462129E-05 0.00000000E+00
1.9933E+04 1.61770345E-05 0.00000000E+00
1.9957E+04 1.61831835E-05 0.00000000E+00
1.9981E+04 1.61647536E-05 0.00000000E+00
2.0004E+04 1.61783560E-05 0.00000000E+00
2.0028E+04 1.61951996E-05 0.00000000E+00
2.0051E+04 1.61735592E-05 0.00000000E+00
2.0075E+04 1.61632770E-05 0.00000000E+00
2.0098E+04 1.61806500E-05 0.00000000E+00
2.0122E+04 1.61678666E-05 0.00000000E+00
2.0145E+04 1.61380415E-05 0.00000000E+00
2.0169E+04 1.61420941E-05 0.00000000E+00
2.0193E+04 1.61412595E-05 0.00000000E+00
2.0216E+04 1.61045744E-05 0.00000000E+00
2.0240E+04 1.60863113E-05 0.00000000E+00
2.0263E+04 1.60898785E-05 0.00000000E+00
2.0287E+04 1.60596752E-05 0.00000000E+00
2.0310E+04 1.60204860E-05 0.00000000E+00
2.0334E+04 1.60151263E-05 0.00000000E+00
2.0358E+04 1.59974347E-05 0.00000000E+00
2.0381E+04 1.59482641E-05 0.00000000E+00
2.0405E+04 1.59232191E-05 0.00000000E+00
2.0428E+04 1.59133657E-05 0.00000000E+00
2.0452E+04 1.58680918E-05 0.00000000E+00
2.0475E+04 1.58218763E-05 0.00000000E+00
2.0499E+04 1.58076953E-05 0.00000000E+00
2.0522E+04 1.57748296E-05 0.00000000E+00
2.0546E+04 1.57161969E-05 0.00000000E+00
2.0570E+04 1.56857970E-05 0.00000000E+00
2.0593E+04 1.56636104E-05 0.00000000E+00
2.0617E+04 1.56062598E-05 0.00000000E+00
2.0640E+04 1.55555194E-05 0.00000000E+00
2.0664E+04 1.55335353E-05 0.00000000E+00
2.0687E+04 1.54878961E-05 0.00000000E+00
2.0711E+04 1.54230855E-05 0.00000000E+00
2.0735E+04 1.53889239E-05 0.00000000E+00
2.0758E+04 1.53561085E-05 0.00000000E+00
2.0782E+04 1.52901026E-05 0.00000000E+00
2.0805E+04 1.52373734E-05 0.00000000E+00
2.0829E+04 1.52089800E-05 0.00000000E+00
2.0852E+04 1.51535027E-05 0.00000000E+00
2.0876E+04 1.50858662E-05 0.00000000E+00
2.0899E+04 1.50496399E-05 0.00000000E+00
2.0923E+04 1.50083927E-05 0.00000000E+00
2.0947E+04 1.49373579E-05 0.00000000E+00
2.0970E+04 1.48850985E-05 0.00000000E+00
2.0994E+04 1.48519887E-05 0.00000000E+00
2.1017E+04 1.47899383E-05 0.00000000E+00
2.1041E+04 1.47227229E-05 0.00000000E+00
2.1064E+04 1.46861674E-05 0.00000000E+00
2.1088E+04 1.46390235E-05 0.00000000E+00
2.1112E+04 1.45665794E-05 0.00000000E+00
2.1135E+04 1.45170765E-05 0.00000000E+00
2.1159E+04 1.44811425E-05 0.00000000E+00
2.1182E+04 1.44159042E-05 0.00000000E+00
2.1206E+04 1.43521062E-05 0.00000000E+00
2.1229E+04 1.43169252E-05 0.00000000E+00
2.1253E+04 1.42665880E-05 0.00000000E+00
2.1276E+04 1.41961596E-05 0.00000000E+00
2.1300E+04 1.41514489E-05 0.00000000E+00
2.1324E+04 1.41146673E-05 0.00000000E+00
2.1347E+04 1.40495475E-05 0.00000000E+00
2.1371E+04 1.39917972E-05 0.00000000E+00
2.1394E+04 1.39595881E-05 0.00000000E+00
2.1418E+04 1.39087581E-05 0.00000000E+00
2.1441E+04 1.38434193E-05 0.00000000E+00
2.1465E+04 1.38052204E-05 0.00000000E+00
2.1488E+04 1.37695295E-05 0.00000000E+00
2.1512E+04 1.37075819E-05 0.00000000E+00
2.1536E+04 1.36580568E-05 0.00000000E+00
2.1559E+04 1.36302349E-05 0.00000000E+00
2.1583E+04 1.35814496E-05 0.00000000E+00
2.1606E+04 1.35238043E-05 0.00000000E+00
2.1630E+04 1.34934673E-05 0.00000000E+00
2.1653E+04 1.34606483E-05 0.00000000E+00
2.1677E+04 1.34045330E-05 0.00000000E+00
2.1701E+04 1.33648991E-05 0.00000000E+00
2.1724E+04 1.33426246E-05 0.00000000E+00
2.1748E+04 1.32981231E-05 0.00000000E+00
2.1771E+04 1.32502232E-05 0.00000000E+00
2.1795E+04 1.32286874E-05 0.00000000E+00
2.1818E+04 1.32002593E-05 0.00000000E+00
2.1842E+04 1.31521404E-05 0.00000000E+00
2.1865E+04 1.31235174E-05 0.00000000E+00
2.1889E+04 1.31076323E-05 0.00000000E+00
2.1913E+04 1.30692510E-05 0.00000000E+00
2.1936E+04 1.30325492E-05 0.00000000E+00
2.1960E+04 1.30203148E-05 0.00000000E+00
2.1983E+04 1.29974517E-05 0.00000000E+00
2.2007E+04 1.29589336E-05 0.00000000E+00
2.2030E+04 1.29418818E-05 0.00000000E+00
2.2054E+04 1.29328628E-05 0.00000000E+00
2.2078E+04 1.29019680E-05 0.00000000E+00
2.2101E+04 1.28773011E-05 0.00000000E+00
2.2125E+04 1.28744151E-05 0.00000000E+00
2.2148E+04 1.28578929E-05 0.00000000E+00
2.2172E+04 1.28299938E-05 0.00000000E+00
2.2195E+04 1.28245202E-05 0.00000000E+00
2.2219E+04 1.28224530E-05 0.00000000E+00
2.2242E+04 1.27999094E-05 0.00000000E+00
2.2266E+04 1.27875087E-05 0.00000000E+00
2.2290E+04 1.27935692E-05 0.00000000E+00
2.2313E+04 1.27837439E-05 0.00000000E+00
2.2337E+04 1.27669008E-05 0.00000000E+00
2.2360E+04 1.27724836E-05 0.00000000E+00
2.2384E+04 1.27770627E-05 0.00000000E+00
2.2407E+04 1.27632361E-05 0.00000000E+00
2.2431E+04 1.27627592E-05 0.00000000E+00
2.2455E+04 1.27769399E-05 0.00000000E+00
2.2478E+04 1.27737571E-05 0.00000000E+00
2.2502E+04 1.27678563E-05 0.00000000E+00
2.2525E+04 1.27834876E-05 0.00000000E+00
2.2549E+04 1.27940428E-05 0.00000000E+00
2.2572E+04 1.27888303E-05 0.00000000E+00
2.2596E+04 1.27994113E-05 0.00000000E+00
2.2619E+04 1.28205073E-05 0.00000000E+00
2.2643E+04 1.28235395E-05 0.00000000E+00
2.2667E+04 1.28279680E-05 0.00000000E+00
2.2690E+04 1.28522137E-05 0.00000000E+00
2.2714E+04 1.28677616E-05 0.00000000E+00
2.2737E+04 1.28706435E-05 0.00000000E+00
2.2761E+04 1.28909586E-05 0.00000000E+00
2.2784E+04 1.29174534E-05 0.00000000E+00
2.2808E+04 1.29259589E-05 0.00000000E+00
2.2832E+04 1.29396698E-05 0.00000000E+00
2.2855E+04 1.29707474E-05 0.00000000E+00
2.2879E+04 1.29900624E-05 0.00000000E+00
2.2902E+04 1.30001689E-05 0.00000000E+00
2.2926E+04 1.30285163E-05 0.00000000E+00
2.2949E+04 1.30586671E-05 0.00000000E+00
2.2973E+04 1.30716629E-05 0.00000000E+00
2.2996E+04 1.30932518E-05 0.00000000E+00
2.3020E+04 1.31291226E-05 0.00000000E+00
2.3044E+04 1.31508236E-05 0.00000000E+00
2.3067E+04 1.31670090E-05 0.00000000E+00
2.3091E+04 1.32013994E-05 0.00000000E+00
2.3114E+04 1.32333356E-05 0.00000000E+00
2.3138E+04 1.32496777E-05 0.00000000E+00
2.3161E+04 1.32774657E-05 0.00000000E+00
2.3185E+04 1.33159396E-05 0.00000000E+00
2.3209E+04 1.33385819E-05 0.00000000E+00
2.3232E+04 1.33595023E-05 0.00000000E+00
2.3256E+04 1.33977588E-05 0.00000000E+00
2.3279E+04 1.34295885E-05 0.00000000E+00
2.3303E+04 1.34480515E-05 0.00000000E+00
2.3326E+04 1.34801735E-05 0.00000000E+00
2.3350E+04 1.35190211E-05 0.00000000E+00
2.3373E+04 1.35411882E-05 0.00000000E+00
2.3397E+04 1.35653775E-05 0.00000000E+00
2.3421E+04 1.36052426E-05 0.00000000E+00
2.3444E+04 1.36351578E-05 0.00000000E+00
2.3468E+04 1.36545090E-05 0.00000000E+00
2.3491E+04 1.36890039E-05 0.00000000E+00
2.3515E+04 1.37260709E-05 0.00000000E+00
2.3538E+04 1.37464567E-05 0.00000000E+00
2.3562E+04 1.37724005E-05 0.00000000E+00
2.3586E+04 1.38116443E-05 0.00000000E+00
2.3609E+04 1.38380192E-05 0.00000000E+00
2.3633E+04 1.38570829E-05 0.00000000E+00
2.3656E+04 1.38919846E-05 0.00000000E+00
2.3680E+04 1.39253000E-05 0.00000000E+00
2.3703E+04 1.39427782E-05 0.00000000E+00
2.3727E+04 1.39689819E-05 0.00000000E+00
2.3750E+04 1.40055085E-05 0.00000000E+00
2.3774E+04 1.40269825E-05 0.00000000E+00
2.3798E+04 1.40446926E-05 0.00000000E+00
2.3821E+04 1.40781187E-05 0.00000000E+00
2.3845E+04 1.41059919E-05 0.00000000E+00
2.3868E+04 1.41196671E-05 0.00000000E+00
2.3892E+04 1.41447184E-05 0.00000000E+00
2.3915E+04 1.41766645E-05 0.00000000E+00
2.3939E+04 1.41922053E-05 0.00000000E+00
2.3962E+04 1.42076460E-05 0.00000000E+00
2.3986E+04 1.42378812E-05 0.00000000E+00
2.4010E+04 1.42589801E-05 0.00000000E+00
2.4033E+04 1.42682198E-05 0.00000000E+00
2.4057E+04 1.42908455E-05 0.00000000E+00
2.4080E+04 1.43166653E-05 0.00000000E+00
2.4104E+04 1.43256082E-05 0.00000000E+00
2.4127E+04 1.43380427E-05 0.00000000E+00
2.4151E+04 1.43636135E-05 0.00000000E+00
2.4175E+04 1.43770198E-05 0.00000000E+00
2.4198E+04 1.43814676E-05 0.00000000E+00
2.4222E+04 1.44005822E-05 0.00000000E+00
2.4245E+04 1.44191137E-05 0.00000000E+00
2.4269E+04 1.44211764E-05 0.00000000E+00
2.4292E+04 1.44300650E-05 0.00000000E+00
2.4316E+04 1.44498018E-05 0.00000000E+00
2.4339E+04 1.44550401E-05 0.00000000E+00
2.4363E+04 1.44546115E-05 0.00000000E+00
2.4387E+04 1.44693575E-05 0.00000000E+00
2.4410E+04 1.44798666E-05 0.00000000E+00
2.4434E+04 1.44751402E-05 0.00000000E+00
2.4457E+04 1.44801492E-05 0.00000000E+00
2.4481E+04 1.44932325E-05 0.00000000E+00
2.4504E+04 1.44902725E-05 0.00000000E+00
2.4528E+04 1.44851368E-05 0.00000000E+00
2.4552E+04 1.44949150E-05 0.00000000E+00
2.4575E+04 1.44971135E-05 0.00000000E+00
2.4599E+04 1.44860326E-05 0.00000000E+00
2.4622E+04 1.44870356E-05 0.00000000E+00
2.4646E+04 1.44930226E-05 0.00000000E+00
2.4669E+04 1.44822549E-05 0.00000000E+00
2.4693E+04 1.44728060E-05 0.00000000E+00
2.4716E+04 1.44772939E-05 0.00000000E+00
2.4740E+04 1.44713327E-05 0.00000000E+00
2.4764E+04 1.44546282E-05 0.00000000E+00
2.4787E+04 1.44516995E-05 0.00000000E+00
2.4811E+04 1.44505308E-05 0.00000000E+00
2.4834E+04 1.44327209E-05 0.00000000E+00
2.4858E+04 1.44195404E-05 0.00000000E+00
2.4881E+04 1.44186973E-05 0.00000000E+00
2.4905E+04 1.44051347E-05 0.00000000E+00
2.4929E+04 1.43837747E-05 0.00000000E+00
2.4952E+04 1.43771762E-05 0.00000000E+00
2.4976E+04 1.43691605E-05 0.00000000E+00
2.4999E+04 1.43453843E-05 0.00000000E+00
2.5023E+04 1.43292006E-05 0.00000000E+00
2.5046E+04 1.43232585E-05 0.00000000E+00
2.5070E+04 1.43030069E-05 0.00000000E+00
2.5093E+04 1.42781309E-05 0.00000000E+00
2.5117E+04 1.42682922E-05 0.00000000E+00
2.5141E+04 1.42540714E-05 0.00000000E+00
2.5164E+04 1.42256384E-05 0.00000000E+00
2.5188E+04 1.42072830E-05 0.00000000E+00
2.5211E+04 1.41967236E-05 0.00000000E+00
2.5235E+04 1.41709798E-05 0.00000000E+00
2.5258E+04 1.41438295E-05 0.00000000E+00
2.5282E+04 1.41313219E-05 0.00000000E+00
2.5306E+04 1.41118188E-05 0.00000000E+00
2.5329E+04 1.40801890E-05 0.00000000E+00
2.5353E+04 1.40605522E-05 0.00000000E+00
2.5376E+04 1.40460707E-05 0.00000000E+00
2.5400E+04 1.40162348E-05 0.00000000E+00
2.5423E+04 1.39880866E-05 0.00000000E+00
2.5447E+04 1.39735908E-05 0.00000000E+00
2.5470E+04 1.39499435E-05 0.00000000E+00
2.5494E+04 1.39166427E-05 0.00000000E+00
2.5518E+04 1.38966308E-05 0.00000000E+00
2.5541E+04 1.38790887E-05 0.00000000E+00
2.5565E+04 1.38466775E-05 0.00000000E+00
2.5588E+04 1.38187799E-05 0.00000000E+00
2.5612E+04 1.38030485E-05 0.00000000E+00
2.5635E+04 1.37765364E-05 0.00000000E+00
2.5659E+04 1.37430761E-05 0.00000000E+00
2.5683E+04 1.37235700E-05 0.00000000E+00
2.5706E+04 1.37039397E-05 0.00000000E+00
2.5730E+04 1.36705006E-05 0.00000000E+00
2.5753E+04 1.36440177E-05 0.00000000E+00
2.5777E+04 1.36278345E-05 0.00000000E+00
2.5800E+04 1.35998010E-05 0.00000000E+00
2.5824E+04 1.35676053E-05 0.00000000E+00
2.5847E+04 1.35494219E-05 0.00000000E+00
2.5871E+04 1.35287275E-05 0.00000000E+00
2.5895E+04 1.34957576E-05 0.00000000E+00
2.5918E+04 1.34717210E-05 0.00000000E+00
2.5942E+04 1.34558586E-05 0.00000000E+00
2.5965E+04 1.34276355E-05 0.00000000E+00
2.5989E+04 1.33979792E-05 0.00000000E+00
2.6012E+04 1.33818363E-05 0.00000000E+00
2.6036E+04 1.33610940E-05 0.00000000E+00
2.6060E+04 1.33299692E-05 0.00000000E+00
2.6083E+04 1.33092390E-05 0.00000000E+00
2.6107E+04 1.32944174E-05 0.00000000E+00
2.6130E+04 1.32672560E-05 0.00000000E+00
2.6154E+04 1.32412142E-05 0.00000000E+00
2.6177E+04 1.32277010E-05 0.00000000E+00
2.6201E+04 1.32078635E-05 0.00000000E+00
2.6224E+04 1.31797788E-05 0.00000000E+00
2.6248E+04 1.31630144E-05 0.00000000E+00
2.6272E+04 1.31498627E-05 0.00000000E+00
2.6295E+04 1.31248752E-05 0.00000000E+00
2.6319E+04 1.31032868E-05 0.00000000E+00
2.6342E+04 1.30928391E-05 0.00000000E+00
2.6366E+04 1.30747472E-05 0.00000000E+00
2.6389E+04 1.30506726E-05 0.00000000E+00
2.6413E+04 1.30383127E-05 0.00000000E+00
2.6437E+04 1.30273378E-05 0.00000000E+00
2.6460E+04 1.30054505E-05 0.00000000E+00
2.6484E+04 1.29888948E-05 0.00000000E+00
2.6507E+04 1.29817783E-05 0.00000000E+00
2.6531E+04 1.29661227E-05 0.00000000E+00
2.6554E+04 1.29467728E-05 0.00000000E+00
2.6578E+04 1.29390260E-05 0.00000000E+00
2.6601E+04 1.29305888E-05 0.00000000E+00
2.6625E+04 1.29125099E-05 0.00000000E+00
2.6649E+04 1.29012958E-05 0.00000000E+00
2.6672E+04 1.28975979E-05 0.00000000E+00
2.6696E+04 1.28848926E-05 0.00000000E+00
2.6719E+04 1.28707107E-05 0.00000000E+00
2.6743E+04 1.28675563E-05 0.00000000E+00
2.6766E+04 1.28618581E-05 0.00000000E+00
2.6790E+04 1.28480594E-05 0.00000000E+00
2.6813E+04 1.28422271E-05 0.00000000E+00
2.6837E+04 1.28418570E-05 0.00000000E+00
2.6861E+04 1.28324253E-05 0.00000000E+00
2.6884E+04 1.28235819E-05 0.00000000E+00
2.6908E+04 1.28247797E-05 0.00000000E+00
2.6931E+04 1.28218588E-05 0.00000000E+00
2.6955E+04 1.28125711E-05 0.00000000E+00
2.6978E+04 1.28119053E-05 0.00000000E+00
2.7002E+04 1.28146039E-05 0.00000000E+00
2.7026E+04 1.28085764E-05 0.00000000E+00
2.7049E+04 1.28049793E-05 0.00000000E+00
2.7073E+04 1.28100897E-05 0.00000000E+00
2.7096E+04 1.28098285E-05 0.00000000E+00
2.7120E+04 1.28050488E-05 0.00000000E+00
2.7143E+04 1.28091018E-05 0.00000000E+00
2.7167E+04 1.28144607E-05 0.00000000E+00
2.7190E+04 1.28117841E-05 0.00000000E+00
2.7214E+04 1.28130996E-05 0.00000000E+00
2.7238E+04 1.28215121E-05 0.00000000E+00
2.7261E+04 1.28236534E-05 0.00000000E+00
2.7285E+04 1.28231628E-05 0.00000000E+00
2.7308E+04 1.28312866E-05 0.00000000E+00
2.7332E+04 1.28387750E-05 0.00000000E+00
2.7355E+04 1.28392301E-05 0.00000000E+00
2.7379E+04 1.28449131E-05 0.00000000E+00
2.7403E+04 1.28558822E-05 0.00000000E+00
2.7426E+04 1.28600528E-05 0.00000000E+00
2.7450E+04 1.28634427E-05 0.00000000E+00
2.7473E+04 1.28748286E-05 0.00000000E+00
2.7497E+04 1.28838264E-05 0.00000000E+00
2.7520E+04 1.28870532E-05 0.00000000E+00
2.7544E+04 1.28963846E-05 0.00000000E+00
2.7567E+04 1.29090716E-05 0.00000000E+00
2.7591E+04 1.29148114E-05 0.00000000E+00
2.7615E+04 1.29215158E-05 0.00000000E+00
2.7638E+04 1.29352400E-05 0.00000000E+00
2.7662E+04 1.29450754E-05 0.00000000E+00
2.7685E+04 1.29506024E-05 0.00000000E+00
2.7709E+04 1.29627322E-05 0.00000000E+00
2.7732E+04 1.29762507E-05 0.00000000E+00
2.7756E+04 1.29830446E-05 0.00000000E+00
2.7780E+04 1.29923776E-05 0.00000000E+00
2.7803E+04 1.30074502E-05 0.00000000E+00
2.7827E+04 1.30174380E-05 0.00000000E+00
2.7850E+04 1.30247149E-05 0.00000000E+00
2.7874E+04 1.30387086E-05 0.00000000E+00
2.7897E+04 1.30521709E-05 0.00000000E+00
2.7921E+04 1.30594817E-05 0.00000000E+00
2.7944E+04 1.30706767E-05 0.00000000E+00
2.7968E+04 1.30860921E-05 0.00000000E+00
2.7992E+04 1.30955722E-05 0.00000000E+00
2.8015E+04 1.31040029E-05 0.00000000E+00
2.8039E+04 1.31188893E-05 0.00000000E+00
2.8062E+04 1.31314523E-05 0.00000000E+00
2.8086E+04 1.31387512E-05 0.00000000E+00
2.8109E+04 1.31510014E-05 0.00000000E+00
2.8133E+04 1.31657884E-05 0.00000000E+00
2.8157E+04 1.31741603E-05 0.00000000E+00
2.8180E+04 1.31831349E-05 0.00000000E+00
2.8204E+04 1.31979543E-05 0.00000000E+00
2.8227E+04 1.32088600E-05 0.00000000E+00
2.8251E+04 1.32156548E-05 0.00000000E+00
2.8274E+04 1.32281533E-05 0.00000000E+00
2.8298E+04 1.32414209E-05 0.00000000E+00
2.8321E+04 1.32481731E-05 0.00000000E+00
2.8345E+04 1.32570981E-05 0.00000000E+00
2.8369E+04 1.32709473E-05 0.00000000E+00
2.8392E+04 1.32795587E-05 0.00000000E+00
2.8416E+04 1.32854167E-05 0.00000000E+00
2.8439E+04 1.32973943E-05 0.00000000E+00
2.8463E+04 1.33083724E-05 0.00000000E+00
2.8486E+04 1.33131046E-05 0.00000000E+00
2.8510E+04 1.33214297E-05 0.00000000E+00
2.8534E+04 1.33335028E-05 0.00000000E+00
2.8557E+04 1.33393309E-05 0.00000000E+00
2.8581E+04 1.33438968E-05 0.00000000E+00
2.8604E+04 1.33546560E-05 0.00000000E+00
2.8628E+04 1.33627282E-05 0.00000000E+00
2.8651E+04 1.33651665E-05 0.00000000E+00
2.8675E+04 1.33724077E-05 0.00000000E+00
2.8698E+04 1.33820306E-05 0.00000000E+00
2.8722E+04 1.33847516E-05 0.00000000E+00
2.8746E+04 1.33877603E-05 0.00000000E+00
2.8769E+04 1.33967047E-05 0.00000000E+00
2.8793E+04 1.34014316E-05 0.00000000E+00
2.8816E+04 1.34014351E-05 0.00000000E+00
2.8840E+04 1.34071935E-05 0.00000000E+00
2.8863E+04 1.34138505E-05 0.00000000E+00
2.8887E+04 1.34133144E-05 0.00000000E+00
2.8911E+04 1.34145972E-05 0.00000000E+00
2.8934E+04 1.34212550E-05 0.00000000E+00
2.8958E+04 1.34223875E-05 0.00000000E+00
2.8981E+04 1.34199473E-05 0.00000000E+00
2.9005E+04 1.34239226E-05 0.00000000E+00
2.9028E+04 1.34272738E-05 0.00000000E+00
2.9052E+04 1.34235019E-05 0.00000000E+00
2.9075E+04 1.34229889E-05 0.00000000E+00
2.9099E+04 1.34270290E-05 0.00000000E+00
2.9123E+04 1.34245108E-05 0.00000000E+00
2.9146E+04 1.34197422E-05 0.00000000E+00
2.9170E+04 1.34217417E-05 0.00000000E+00
2.9193E+04 1.34216307E-05 0.00000000E+00
2.9217E+04 1.34148050E-05 0.00000000E+00
2.9240E+04 1.34125213E-05 0.00000000E+00
2.9264E+04 1.34137626E-05 0.00000000E+00
2.9287E+04 1.34077220E-05 0.00000000E+00
2.9311E+04 1.34008508E-05 0.00000000E+00
2.9335E+04 1.34007925E-05 0.00000000E+00
2.9358E+04 1.33972445E-05 0.00000000E+00
2.9382E+04 1.33876887E-05 0.00000000E+00
2.9405E+04 1.33837476E-05 0.00000000E+00
2.9429E+04 1.33821598E-05 0.00000000E+00
2.9452E+04 1.33728929E-05 0.00000000E+00
2.9476E+04 1.33642372E-05 0.00000000E+00
2.9500E+04 1.33621480E-05 0.00000000E+00
2.9523E+04 1.33553580E-05 0.00000000E+00
2.9547E+04 1.33435126E-05 0.00000000E+00
2.9570E+04 1.33381049E-05 0.00000000E+00
2.9594E+04 1.33338013E-05 0.00000000E+00
2.9617E+04 1.33217473E-05 0.00000000E+00
2.9641E+04 1.33116960E-05 0.00000000E+00
2.9664E+04 1.33077044E-05 0.00000000E+00
2.9688E+04 1.32980176E-05 0.00000000E+00
2.9712E+04 1.32844109E-05 0.00000000E+00
2.9735E+04 1.32777911E-05 0.00000000E+00
2.9759E+04 1.32710154E-05 0.00000000E+00
2.9782E+04 1.32567253E-05 0.00000000E+00
2.9806E+04 1.32457148E-05 0.00000000E+00
2.9829E+04 1.32400390E-05 0.00000000E+00
2.9853E+04 1.32279245E-05 0.00000000E+00
2.9877E+04 1.32131409E-05 0.00000000E+00
2.9900E+04 1.32056114E-05 0.00000000E+00
2.9924E+04 1.31967174E-05 0.00000000E+00
2.9947E+04 1.31808197E-05 0.00000000E+00
2.9971E+04 1.31693101E-05 0.00000000E+00
2.9994E+04 1.31622422E-05 0.00000000E+00
3.0018E+04 1.31482614E-05 0.00000000E+00
3.0041E+04 1.31329090E-05 0.00000000E+00
3.0065E+04 1.31248033E-05 0.00000000E+00
3.0089E+04 1.31142299E-05 0.00000000E+00
3.0112E+04 1.30973948E-05 0.00000000E+00
3.0136E+04 1.30858460E-05 0.00000000E+00
3.0159E+04 1.30777329E-05 0.00000000E+00
3.0183E+04 1.30625053E-05 0.00000000E+00
3.0206E+04 1.30471852E-05 0.00000000E+00
3.0230E+04 1.30388492E-05 0.00000000E+00
3.0254E+04 1.30270931E-05 0.00000000E+00
3.0277E+04 1.30099962E-05 0.00000000E+00
3.0301E+04 1.29988463E-05 0.00000000E+00
3.0324E+04 1.29900684E-05 0.00000000E+00
3.0348E+04 1.29742368E-05 0.00000000E+00
3.0371E+04 1.29595143E-05 0.00000000E+00
3.0395E+04 1.29512889E-05 0.00000000E+00
3.0418E+04 1.29388750E-05 0.00000000E+00
3.0442E+04 1.29221641E-05 0.00000000E+00
3.0466E+04 1.29118094E-05 0.00000000E+00
3.0489E+04 1.29027586E-05 0.00000000E+00
3.0513E+04 1.28869555E-05 0.00000000E+00
3.0536E+04 1.28733352E-05 0.00000000E+00
3.0560E+04 1.28655387E-05 0.00000000E+00
3.0583E+04 1.28529913E-05 0.00000000E+00
3.0607E+04 1.28372566E-05 0.00000000E+00
3.0631E+04 1.28280347E-05 0.00000000E+00
3.0654E+04 1.28190931E-05 0.00000000E+00
3.0678E+04 1.28039098E-05 0.00000000E+00
3.0701E+04 1.27918151E-05 0.00000000E+00
3.0725E+04 1.27847279E-05 0.00000000E+00
3.0748E+04 1.27725441E-05 0.00000000E+00
3.0772E+04 1.27582932E-05 0.00000000E+00
3.0795E+04 1.27504695E-05 0.00000000E+00
3.0819E+04 1.27419894E-05 0.00000000E+00
3.0843E+04 1.27279496E-05 0.00000000E+00
3.0866E+04 1.27177070E-05 0.00000000E+00
3.0890E+04 1.27115588E-05 0.00000000E+00
3.0913E+04 1.27001846E-05 0.00000000E+00
3.0937E+04 1.26878237E-05 0.00000000E+00
3.0960E+04 1.26815819E-05 0.00000000E+00
3.0984E+04 1.26738689E-05 0.00000000E+00
3.1008E+04 1.26614076E-05 0.00000000E+00
3.1031E+04 1.26532369E-05 0.00000000E+00
3.1055E+04 1.26481965E-05 0.00000000E+00
3.1078E+04 1.26380078E-05 0.00000000E+00
3.1102E+04 1.26278283E-05 0.00000000E+00
3.1125E+04 1.26232652E-05 0.00000000E+00
3.1149E+04 1.26165646E-05 0.00000000E+00
3.1172E+04 1.26060129E-05 0.00000000E+00
3.1196E+04 1.26000223E-05 0.00000000E+00
3.1220E+04 1.25961913E-05 0.00000000E+00
3.1243E+04 1.25874801E-05 0.00000000E+00
3.1267E+04 1.25796517E-05 0.00000000E+00
3.1290E+04 1.25767761E-05 0.00000000E+00
3.1314E+04 1.25712641E-05 0.00000000E+00
3.1337E+04 1.25628398E-05 0.00000000E+00
3.1361E+04 1.25590268E-05 0.00000000E+00
3.1385E+04 1.25564374E-05 0.00000000E+00
3.1408E+04 1.25494029E-05 0.00000000E+00
3.1432E+04 1.25439731E-05 0.00000000E+00
3.1455E+04 1.25427090E-05 0.00000000E+00
3.1479E+04 1.25384879E-05 0.00000000E+00
3.1502E+04 1.25322931E-05 0.00000000E+00
3.1526E+04 1.25305498E-05 0.00000000E+00
3.1549E+04 1.25291663E-05 0.00000000E+00
3.1573E+04 1.25239117E-05 0.00000000E+00
3.1597E+04 1.25208105E-05 0.00000000E+00
3.1620E+04 1.25210045E-05 0.00000000E+00
3.1644E+04 1.25181023E-05 0.00000000E+00
3.1667E+04 1.25141258E-05 0.00000000E+00
3.1691E+04 1.25142499E-05 0.00000000E+00
3.1714E+04 1.25139736E-05 0.00000000E+00
3.1738E+04 1.25105080E-05 0.00000000E+00
3.1762E+04 1.25095583E-05 0.00000000E+00
3.1785E+04 1.25109905E-05 0.00000000E+00
3.1809E+04 1.25093649E-05 0.00000000E+00
3.1832E+04 1.25074899E-05 0.00000000E+00
3.1856E+04 1.25091987E-05 0.00000000E+00
3.1879E+04 1.25098769E-05 0.00000000E+00
3.1903E+04 1.25081214E-05 0.00000000E+00
3.1926E+04 1.25090530E-05 0.00000000E+00
3.1950E+04 1.25114512E-05 0.00000000E+00
3.1974E+04 1.25109967E-05 0.00000000E+00
3.1997E+04 1.25110137E-05 0.00000000E+00
3.2021E+04 1.25139615E-05 0.00000000E+00
3.2044E+04 1.25153985E-05 0.00000000E+00
3.2068E+04 1.25151963E-05 0.00000000E+00
3.2091E+04 1.25176644E-05 0.00000000E+00
3.2115E+04 1.25207197E-05 0.00000000E+00
3.2138E+04 1.25212781E-05 0.00000000E+00
3.2162E+04 1.25228998E-05 0.00000000E+00
3.2186E+04 1.25266981E-05 0.00000000E+00
3.2209E+04 1.25286680E-05 0.00000000E+00
3.2233E+04 1.25297979E-05 0.00000000E+00
3.2256E+04 1.25334030E-05 0.00000000E+00
3.2280E+04 1.25367877E-05 0.00000000E+00
3.2303E+04 1.25381599E-05 0.00000000E+00
3.2327E+04 1.25410404E-05 0.00000000E+00
3.2351E+04 1.25452784E-05 0.00000000E+00
3.2374E+04 1.25475395E-05 0.00000000E+00
3.2398E+04 1.25497305E-05 0.00000000E+00
3.2421E+04 1.25540410E-05 0.00000000E+00
3.2445E+04 1.25574261E-05 0.00000000E+00
3.2468E+04 1.25593853E-05 0.00000000E+00
3.2492E+04 1.25631397E-05 0.00000000E+00
3.2515E+04 1.25674062E-05 0.00000000E+00
3.2539E+04 1.25697142E-05 0.00000000E+00
3.2563E+04 1.25726624E-05 0.00000000E+00
3.2586E+04 1.25772369E-05 0.00000000E+00
3.2610E+04 1.25803089E-05 0.00000000E+00
3.2633E+04 1.25826144E-05 0.00000000E+00
3.2657E+04 1.25868396E-05 0.00000000E+00
3.2680E+04 1.25907429E-05 0.00000000E+00
3.2704E+04 1.25928649E-05 0.00000000E+00
3.2728E+04 1.25962501E-05 0.00000000E+00
3.2751E+04 1.26006592E-05 0.00000000E+00
3.2775E+04 1.26031356E-05 0.00000000E+00
3.2798E+04 1.26055461E-05 0.00000000E+00
3.2822E+04 1.26098412E-05 0.00000000E+00
3.2845E+04 1.26130276E-05 0.00000000E+00
3.2869E+04 1.26147534E-05 0.00000000E+00
3.2892E+04 1.26182556E-05 0.00000000E+00
3.2916E+04 1.26221023E-05 0.00000000E+00
3.2940E+04 1.26237447E-05 0.00000000E+00
3.2963E+04 1.26260302E-05 0.00000000E+00
3.2987E+04 1.26300157E-05 0.00000000E+00
3.3010E+04 1.26321854E-05 0.00000000E+00
3.3034E+04 1.26333373E-05 0.00000000E+00
3.3057E+04 1.26366525E-05 0.00000000E+00
3.3081E+04 1.26395896E-05 0.00000000E+00
3.3105E+04 1.26402137E-05 0.00000000E+00
3.3128E+04 1.26421665E-05 0.00000000E+00
3.3152E+04 1.26455013E-05 0.00000000E+00
3.3175E+04 1.26464204E-05 0.00000000E+00
3.3199E+04 1.26468606E-05 0.00000000E+00
3.3222E+04 1.26497142E-05 0.00000000E+00
3.3246E+04 1.26514590E-05 0.00000000E+00
3.3269E+04 1.26509408E-05 0.00000000E+00
3.3293E+04 1.26523845E-05 0.00000000E+00
3.3317E+04 1.26547804E-05 0.00000000E+00
3.3340E+04 1.26542893E-05 0.00000000E+00
3.3364E+04 1.26539246E-05 0.00000000E+00
3.3387E+04 1.26560830E-05 0.00000000E+00
3.3411E+04 1.26564275E-05 0.00000000E+00
3.3434E+04 1.26547068E-05 0.00000000E+00
3.3458E+04 1.26555026E-05 0.00000000E+00
3.3482E+04 1.26567355E-05 0.00000000E+00
3.3505E+04 1.26547528E-05 0.00000000E+00
3.3529E+04 1.26535368E-05 0.00000000E+00
3.3552E+04 1.26548162E-05 0.00000000E+00
3.3576E+04 1.26536335E-05 0.00000000E+00
3.3599E+04 1.26507132E-05 0.00000000E+00
3.3623E+04 1.26507648E-05 0.00000000E+00
3.3646E+04 1.26506818E-05 0.00000000E+00
3.3670E+04 1.26472041E-05 0.00000000E+00
3.3694E+04 1.26451366E-05 0.00000000E+00
3.3717E+04 1.26454093E-05 0.00000000E+00
3.3741E+04 1.26426551E-05 0.00000000E+00
3.3764E+04 1.26385979E-05 0.00000000E+00
3.3788E+04 1.26378533E-05 0.00000000E+00
3.3811E+04 1.26363761E-05 0.00000000E+00
3.3835E+04 1.26314741E-05 0.00000000E+00
3.3859E+04 1.26285985E-05 0.00000000E+00
3.3882E+04 1.26277956E-05 0.00000000E+00
3.3906E+04 1.26235057E-05 0.00000000E+00
3.3929E+04 1.26184273E-05 0.00000000E+00
3.3953E+04 1.26168790E-05 0.00000000E+00
3.3976E+04 1.26140036E-05 0.00000000E+00
3.4000E+04 1.26078138E-05 0.00000000E+00
3.4023E+04 1.26042126E-05 0.00000000E+00
3.4047E+04 1.26023239E-05 0.00000000E+00
3.4071E+04 1.25966081E-05 0.00000000E+00
3.4094E+04 1.25906683E-05 0.00000000E+00
3.4118E+04 1.25883508E-05 0.00000000E+00
3.4141E+04 1.25841432E-05 0.00000000E+00
3.4165E+04 1.25768581E-05 0.00000000E+00
3.4188E+04 1.25726460E-05 0.00000000E+00
3.4212E+04 1.25697170E-05 0.00000000E+00
3.4236E+04 1.25627489E-05 0.00000000E+00
3.4259E+04 1.25561417E-05 0.00000000E+00
3.4283E+04 1.25531271E-05 0.00000000E+00
3.4306E+04 1.25477157E-05 0.00000000E+00
3.4330E+04 1.25395706E-05 0.00000000E+00
3.4353E+04 1.25348873E-05 0.00000000E+00
3.4377E+04 1.25310135E-05 0.00000000E+00
3.4400E+04 1.25230185E-05 0.00000000E+00
3.4424E+04 1.25159603E-05 0.00000000E+00
3.4448E+04 1.25123525E-05 0.00000000E+00
3.4471E+04 1.25059182E-05 0.00000000E+00
3.4495E+04 1.24971771E-05 0.00000000E+00
3.4518E+04 1.24921790E-05 0.00000000E+00
3.4542E+04 1.24874978E-05 0.00000000E+00
3.4565E+04 1.24787388E-05 0.00000000E+00
3.4589E+04 1.24714562E-05 0.00000000E+00
3.4612E+04 1.24673839E-05 0.00000000E+00
3.4636E+04 1.24601474E-05 0.00000000E+00
3.4660E+04 1.24510887E-05 0.00000000E+00
3.4683E+04 1.24459398E-05 0.00000000E+00
3.4707E+04 1.24406214E-05 0.00000000E+00
3.4730E+04 1.24313831E-05 0.00000000E+00
3.4754E+04 1.24241017E-05 0.00000000E+00
3.4777E+04 1.24197102E-05 0.00000000E+00
3.4801E+04 1.24119190E-05 0.00000000E+00
3.4825E+04 1.24028206E-05 0.00000000E+00
3.4848E+04 1.23976843E-05 0.00000000E+00
3.4872E+04 1.23919204E-05 0.00000000E+00
3.4895E+04 1.23824946E-05 0.00000000E+00
3.4919E+04 1.23754278E-05 0.00000000E+00
3.4942E+04 1.23708702E-05 0.00000000E+00
3.4966E+04 1.23627841E-05 0.00000000E+00
3.4989E+04 1.23539103E-05 0.00000000E+00
3.5013E+04 1.23489407E-05 0.00000000E+00
3.5037E+04 1.23429338E-05 0.00000000E+00
3.5060E+04 1.23336043E-05 0.00000000E+00
3.5084E+04 1.23269434E-05 0.00000000E+00
3.5107E+04 1.23223727E-05 0.00000000E+00
3.5131E+04 1.23142505E-05 0.00000000E+00
3.5154E+04 1.23058396E-05 0.00000000E+00
3.5178E+04 1.23011746E-05 0.00000000E+00
3.5202E+04 1.22951265E-05 0.00000000E+00
3.5225E+04 1.22861558E-05 0.00000000E+00
3.5249E+04 1.22800622E-05 0.00000000E+00
3.5272E+04 1.22756226E-05 0.00000000E+00
3.5296E+04 1.22677090E-05 0.00000000E+00
3.5319E+04 1.22599636E-05 0.00000000E+00
3.5343E+04 1.22557183E-05 0.00000000E+00
3.5366E+04 1.22498205E-05 0.00000000E+00
3.5390E+04 1.22414383E-05 0.00000000E+00
3.5414E+04 1.22360367E-05 0.00000000E+00
3.5437E+04 1.22318569E-05 0.00000000E+00
3.5461E+04 1.22243717E-05 0.00000000E+00
3.5484E+04 1.22174506E-05 0.00000000E+00
3.5508E+04 1.22137128E-05 0.00000000E+00
3.5531E+04 1.22081369E-05 0.00000000E+00
3.5555E+04 1.22005309E-05 0.00000000E+00
3.5579E+04 1.21959054E-05 0.00000000E+00
3.5602E+04 1.21920928E-05 0.00000000E+00
3.5626E+04 1.21852213E-05 0.00000000E+00
3.5649E+04 1.21792344E-05 0.00000000E+00
3.5673E+04 1.21760611E-05 0.00000000E+00
3.5696E+04 1.21709516E-05 0.00000000E+00
3.5720E+04 1.21642613E-05 0.00000000E+00
3.5743E+04 1.21604532E-05 0.00000000E+00
3.5767E+04 1.21570892E-05 0.00000000E+00
3.5791E+04 1.21509754E-05 0.00000000E+00
3.5814E+04 1.21459816E-05 0.00000000E+00
3.5838E+04 1.21433976E-05 0.00000000E+00
3.5861E+04 1.21388663E-05 0.00000000E+00
3.5885E+04 1.21331788E-05 0.00000000E+00
3.5908E+04 1.21301868E-05 0.00000000E+00
3.5932E+04 1.21273242E-05 0.00000000E+00
3.5956E+04 1.21220668E-05 0.00000000E+00
3.5979E+04 1.21180731E-05 0.00000000E+00
3.6003E+04 1.21160714E-05 0.00000000E+00
3.6026E+04 1.21121942E-05 0.00000000E+00
3.6050E+04 1.21075434E-05 0.00000000E+00
3.6073E+04 1.21053255E-05 0.00000000E+00
3.6097E+04 1.21029874E-05 0.00000000E+00
3.6120E+04 1.20986375E-05 0.00000000E+00
3.6144E+04 1.20956026E-05 0.00000000E+00
3.6168E+04 1.20941459E-05 0.00000000E+00
3.6191E+04 1.20909613E-05 0.00000000E+00
3.6215E+04 1.20873293E-05 0.00000000E+00
3.6238E+04 1.20858073E-05 0.00000000E+00
3.6262E+04 1.20839876E-05 0.00000000E+00
3.6285E+04 1.20805498E-05 0.00000000E+00
3.6309E+04 1.20783876E-05 0.00000000E+00
3.6333E+04 1.20774121E-05 0.00000000E+00
3.6356E+04 1.20749218E-05 0.00000000E+00
3.6380E+04 1.20722432E-05 0.00000000E+00
3.6403E+04 1.20713077E-05 0.00000000E+00
3.6427E+04 1.20699738E-05 0.00000000E+00
3.6450E+04 1.20674084E-05 0.00000000E+00
3.6474E+04 1.20659955E-05 0.00000000E+00
3.6497E+04 1.20654150E-05 0.00000000E+00
3.6521E+04 1.20635865E-05 0.00000000E+00
3.6545E+04 1.20617541E-05 0.00000000E+00
3.6568E+04 1.20612720E-05 0.00000000E+00
3.6592E+04 1.20603676E-05 0.00000000E+00
3.6615E+04 1.20585959E-05 0.00000000E+00
3.6639E+04 1.20577790E-05 0.00000000E+00
3.6662E+04 1.20574910E-05 0.00000000E+00
3.6686E+04 1.20562615E-05 0.00000000E+00
3.6710E+04 1.20551339E-05 0.00000000E+00
3.6733E+04 1.20549557E-05 0.00000000E+00
3.6757E+04 1.20544059E-05 0.00000000E+00
3.6780E+04 1.20533162E-05 0.00000000E+00
3.6804E+04 1.20529215E-05 0.00000000E+00
3.6827E+04 1.20528131E-05 0.00000000E+00
3.6851E+04 1.20520947E-05 0.00000000E+00
3.6874E+04 1.20515052E-05 0.00000000E+00
3.6898E+04 1.20514737E-05 0.00000000E+00
3.6922E+04 1.20511895E-05 0.00000000E+00
3.6945E+04 1.20506449E-05 0.00000000E+00
3.6969E+04 1.20504873E-05 0.00000000E+00
3.6992E+04 1.20504417E-05 0.00000000E+00
3.7016E+04 1.20501276E-05 0.00000000E+00
3.7039E+04 1.20498939E-05 0.00000000E+00
3.7063E+04 1.20498519E-05 0.00000000E+00
3.7087E+04 1.20497365E-05 0.00000000E+00
3.7110E+04 1.20495829E-05 0.00000000E+00
3.7134E+04 1.20494759E-05 0.00000000E+00
3.7157E+04 1.20493785E-05 0.00000000E+00
3.7181E+04 1.20493496E-05 0.00000000E+00
3.7204E+04 1.20492831E-05 0.00000000E+00
3.7228E+04 1.20490817E-05 0.00000000E+00
3.7251E+04 1.20490356E-05 0.00000000E+00
3.7275E+04 1.20491103E-05 0.00000000E+00
3.7299E+04 1.20488752E-05 0.00000000E+00
3.7322E+04 1.20486197E-05 0.00000000E+00
3.7346E+04 1.20487513E-05 0.00000000E+00
3.7369E+04 1.20486670E-05 0.00000000E+00
3.7393E+04 1.20481724E-05 0.00000000E+00
3.7416E+04 1.20480991E-05 0.00000000E+00
3.7440E+04 1.20482392E-05 0.00000000E+00
3.7463E+04 1.20477133E-05 0.00000000E+00
3.7487E+04 1.20472068E-05 0.00000000E+00
3.7511E+04 1.20473750E-05 0.00000000E+00
3.7534E+04 1.20471001E-05 0.00000000E+00
3.7558E+04 1.20461998E-05 0.00000000E+00
3.7581E+04 1.20460101E-05 0.00000000E+00
3.7605E+04 1.20460608E-05 0.00000000E+00
3.7628E+04 1.20451046E-05 0.00000000E+00
3.7652E+04 1.20442714E-05 0.00000000E+00
3.7676E+04 1.20443595E-05 0.00000000E+00
3.7699E+04 1.20437413E-05 0.00000000E+00
3.7723E+04 1.20423481E-05 0.00000000E+00
3.7746E+04 1.20419651E-05 0.00000000E+00
3.7770E+04 1.20417862E-05 0.00000000E+00
3.7793E+04 1.20402891E-05 0.00000000E+00
3.7817E+04 1.20390738E-05 0.00000000E+00
3.7840E+04 1.20389776E-05 0.00000000E+00
3.7864E+04 1.20378894E-05 0.00000000E+00
3.7888E+04 1.20359451E-05 0.00000000E+00
3.7911E+04 1.20353066E-05 0.00000000E+00
3.7935E+04 1.20347788E-05 0.00000000E+00
3.7958E+04 1.20326628E-05 0.00000000E+00
3.7982E+04 1.20310325E-05 0.00000000E+00
3.8005E+04 1.20306642E-05 0.00000000E+00
3.8029E+04 1.20290106E-05 0.00000000E+00
3.8053E+04 1.20264870E-05 0.00000000E+00
3.8076E+04 1.20255480E-05 0.00000000E+00
3.8100E+04 1.20245776E-05 0.00000000E+00
3.8123E+04 1.20217995E-05 0.00000000E+00
3.8147E+04 1.20197437E-05 0.00000000E+00
3.8170E+04 1.20190358E-05 0.00000000E+00
3.8194E+04 1.20167549E-05 0.00000000E+00
3.8217E+04 1.20136538E-05 0.00000000E+00
3.8241E+04 1.20123880E-05 0.00000000E+00
3.8265E+04 1.20109095E-05 0.00000000E+00
3.8288E+04 1.20074610E-05 0.00000000E+00
3.8312E+04 1.20049911E-05 0.00000000E+00
3.8335E+04 1.20038982E-05 0.00000000E+00
3.8359E+04 1.20009634E-05 0.00000000E+00
3.8382E+04 1.19973145E-05 0.00000000E+00
3.8406E+04 1.19957145E-05 0.00000000E+00
3.8430E+04 1.19936924E-05 0.00000000E+00
3.8453E+04 1.19895987E-05 0.00000000E+00
3.8477E+04 1.19867464E-05 0.00000000E+00
3.8500E+04 1.19852459E-05 0.00000000E+00
3.8524E+04 1.19816646E-05 0.00000000E+00
3.8547E+04 1.19775232E-05 0.00000000E+00
3.8571E+04 1.19755992E-05 0.00000000E+00
3.8594E+04 1.19730279E-05 0.00000000E+00
3.8618E+04 1.19683446E-05 0.00000000E+00
3.8642E+04 1.19651590E-05 0.00000000E+00
3.8665E+04 1.19632509E-05 0.00000000E+00
3.8689E+04 1.19590625E-05 0.00000000E+00
3.8712E+04 1.19545048E-05 0.00000000E+00
3.8736E+04 1.19522835E-05 0.00000000E+00
3.8759E+04 1.19491857E-05 0.00000000E+00
3.8783E+04 1.19439940E-05 0.00000000E+00
3.8807E+04 1.19405384E-05 0.00000000E+00
3.8830E+04 1.19382441E-05 0.00000000E+00
3.8854E+04 1.19335157E-05 0.00000000E+00
3.8877E+04 1.19286342E-05 0.00000000E+00
3.8901E+04 1.19261564E-05 0.00000000E+00
3.8924E+04 1.19225800E-05 0.00000000E+00
3.8948E+04 1.19169817E-05 0.00000000E+00
3.8971E+04 1.19133295E-05 0.00000000E+00
3.8995E+04 1.19106890E-05 0.00000000E+00
3.9019E+04 1.19055109E-05 0.00000000E+00
3.9042E+04 1.19004088E-05 0.00000000E+00
3.9066E+04 1.18977264E-05 0.00000000E+00
3.9089E+04 1.18937409E-05 0.00000000E+00
3.9113E+04 1.18878519E-05 0.00000000E+00
3.9136E+04 1.18840823E-05 0.00000000E+00
3.9160E+04 1.18811511E-05 0.00000000E+00
3.9184E+04 1.18756308E-05 0.00000000E+00
3.9207E+04 1.18704164E-05 0.00000000E+00
3.9231E+04 1.18675889E-05 0.00000000E+00
3.9254E+04 1.18632804E-05 0.00000000E+00
3.9278E+04 1.18572245E-05 0.00000000E+00
3.9301E+04 1.18534184E-05 0.00000000E+00
3.9325E+04 1.18502637E-05 0.00000000E+00
3.9348E+04 1.18445195E-05 0.00000000E+00
3.9372E+04 1.18393007E-05 0.00000000E+00
3.9396E+04 1.18363918E-05 0.00000000E+00
3.9419E+04 1.18318576E-05 0.00000000E+00
3.9443E+04 1.18257597E-05 0.00000000E+00
3.9466E+04 1.18219955E-05 0.00000000E+00
3.9490E+04 1.18186920E-05 0.00000000E+00
3.9513E+04 1.18128466E-05 0.00000000E+00
3.9537E+04 1.18077254E-05 0.00000000E+00
3.9561E+04 1.18047994E-05 0.00000000E+00
3.9584E+04 1.18001427E-05 0.00000000E+00
3.9608E+04 1.17941229E-05 0.00000000E+00
3.9631E+04 1.17904725E-05 0.00000000E+00
3.9655E+04 1.17870981E-05 0.00000000E+00
3.9678E+04 1.17812724E-05 0.00000000E+00
3.9702E+04 1.17763403E-05 0.00000000E+00
3.9725E+04 1.17734590E-05 0.00000000E+00
3.9749E+04 1.17687829E-05 0.00000000E+00
3.9773E+04 1.17629507E-05 0.00000000E+00
3.9796E+04 1.17594765E-05 0.00000000E+00
3.9820E+04 1.17561080E-05 0.00000000E+00
3.9843E+04 1.17504152E-05 0.00000000E+00
3.9867E+04 1.17457495E-05 0.00000000E+00
3.9890E+04 1.17429684E-05 0.00000000E+00
3.9914E+04 1.17383715E-05 0.00000000E+00
3.9937E+04 1.17328212E-05 0.00000000E+00
3.9961E+04 1.17295732E-05 0.00000000E+00
3.9985E+04 1.17262825E-05 0.00000000E+00
