0.0000E+00 0.00000000E+00 0.00000000E+00
2.3562E+01 0.00000000E+00 0.00000000E+00
4.7124E+01 0.00000000E+00 0.00000000E+00
7.0686E+01 0.00000000E+00 0.00000000E+00
9.4248E+01 0.00000000E+00 0.00000000E+00
1.1781E+02 0.00000000E+00 0.00000000E+00
1.4137E+02 0.00000000E+00 0.00000000E+00
1.6493E+02 0.00000000E+00 0.00000000E+00
1.8850E+02 0.00000000E+00 0.00000000E+00
2.1206E+02 0.00000000E+00 0.00000000E+00
2.3562E+02 0.00000000E+00 0.00000000E+00
2.5918E+02 2.99573379E-272 0.00000000E+00
2.8274E+02 3.83890474E-219 0.00000000E+00
3.0631E+02 2.14707073E-176 0.00000000E+00
3.2987E+02 5.70961774E-141 0.00000000E+00
3.5343E+02 2.81063620E-111 0.00000000E+00
3.7699E+02 2.26921975E-86 0.00000000E+00
4.0055E+02 1.17813354E-65 0.00000000E+00
4.2412E+02 9.02800713E-49 0.00000000E+00
4.4768E+02 1.51006313E-35 0.00000000E+00
4.7124E+02 4.82384870E-26 0.00000000E+00
4.9480E+02 7.53125468E-21 0.00000000E+00
5.1836E+02 2.46689229E-19 0.00000000E+00
5.4192E+02 4.87237237E-19 0.00000000E+00
5.6549E+02 1.03883448E-18 0.00000000E+00
5.8905E+02 1.64838309E-18 0.00000000E+00
6.1261E+02 2.34744809E-18 0.00000000E+00
6.3617E+02 3.55506078E-18 0.00000000E+00
6.5973E+02 6.76644050E-18 0.00000000E+00
6.8330E+02 1.11745381E-17 0.00000000E+00
7.0686E+02 1.52412405E-17 0.00000000E+00
7.3042E+02 2.44286572E-17 0.00000000E+00
7.5398E+02 4.27553380E-17 0.00000000E+00
7.7754E+02 6.04156890E-17 0.00000000E+00
8.0111E+02 7.99760344E-17 0.00000000E+00
8.2467E+02 1.28714091E-16 0.00000000E+00
8.4823E+02 2.00358764E-16 0.00000000E+00
8.7179E+02 2.58548362E-16 0.00000000E+00
8.9535E+02 3.54957337E-16 0.00000000E+00
9.1892E+02 5.68734686E-16 0.00000000E+00
9.4248E+02 8.10574347E-16 0.00000000E+00
9.6604E+02 1.01680243E-15 0.00000000E+00
9.8960E+02 1.47331663E-15 0.00000000E+00
1.0132E+03 2.28391806E-15 0.00000000E+00
1.0367E+03 2.99850018E-15 0.00000000E+00
1.0603E+03 3.81587442E-15 0.00000000E+00
1.0838E+03 5.76338593E-15 0.00000000E+00
1.1074E+03 8.38744301E-15 0.00000000E+00
1.1310E+03 1.04366755E-14 0.00000000E+00
1.1545E+03 1.39204171E-14 0.00000000E+00
1.1781E+03 2.11604797E-14 0.00000000E+00
1.2017E+03 2.86224234E-14 0.00000000E+00
1.2252E+03 3.50429235E-14 0.00000000E+00
1.2488E+03 4.93776587E-14 0.00000000E+00
1.2723E+03 7.27974691E-14 0.00000000E+00
1.2959E+03 9.21541826E-14 0.00000000E+00
1.3195E+03 1.15291931E-13 0.00000000E+00
1.3430E+03 1.68200113E-13 0.00000000E+00
1.3666E+03 2.34003544E-13 0.00000000E+00
1.3902E+03 2.83822713E-13 0.00000000E+00
1.4137E+03 3.71835733E-13 0.00000000E+00
1.4373E+03 5.42886384E-13 0.00000000E+00
1.4608E+03 7.06422704E-13 0.00000000E+00
1.4844E+03 8.49344064E-13 0.00000000E+00
1.5080E+03 1.16701175E-12 0.00000000E+00
1.5315E+03 1.64786527E-12 0.00000000E+00
1.5551E+03 2.02276207E-12 0.00000000E+00
1.5787E+03 2.49111764E-12 0.00000000E+00
1.6022E+03 3.51554355E-12 0.00000000E+00
1.6258E+03 4.69485279E-12 0.00000000E+00
1.6493E+03 5.56690104E-12 0.00000000E+00
1.6729E+03 7.15808642E-12 0.00000000E+00
1.6965E+03 1.00475264E-11 0.00000000E+00
1.7200E+03 1.26161385E-11 0.00000000E+00
1.7436E+03 1.49144281E-11 0.00000000E+00
1.7671E+03 1.99720541E-11 0.00000000E+00
1.7907E+03 2.70596234E-11 0.00000000E+00
1.8143E+03 3.22904377E-11 0.00000000E+00
1.8378E+03 3.91583620E-11 0.00000000E+00
1.8614E+03 5.34449814E-11 0.00000000E+00
1.8850E+03 6.86338188E-11 0.00000000E+00
1.9085E+03 7.97049285E-11 0.00000000E+00
1.9321E+03 1.00550137E-10 0.00000000E+00
1.9556E+03 1.35759242E-10 0.00000000E+00
1.9792E+03 1.64824508E-10 0.00000000E+00
2.0028E+03 1.91805407E-10 0.00000000E+00
2.0263E+03 2.50213033E-10 0.00000000E+00
2.0499E+03 3.25617153E-10 0.00000000E+00
2.0735E+03 3.78485622E-10 0.00000000E+00
2.0970E+03 4.52092467E-10 0.00000000E+00
2.1206E+03 5.96644001E-10 0.00000000E+00
2.1441E+03 7.37892311E-10 0.00000000E+00
2.1677E+03 8.40700104E-10 0.00000000E+00
2.1913E+03 1.04022528E-09 0.00000000E+00
2.2148E+03 1.35147490E-09 0.00000000E+00
2.2384E+03 1.58951836E-09 0.00000000E+00
2.2619E+03 1.82282806E-09 0.00000000E+00
2.2855E+03 2.31551069E-09 0.00000000E+00
2.3091E+03 2.89724091E-09 0.00000000E+00
2.3326E+03 3.28711542E-09 0.00000000E+00
2.3562E+03 3.86881002E-09 0.00000000E+00
2.3798E+03 4.93679209E-09 0.00000000E+00
2.4033E+03 5.88963718E-09 0.00000000E+00
2.4269E+03 6.59561715E-09 0.00000000E+00
2.4504E+03 8.00308594E-09 0.00000000E+00
2.4740E+03 1.00112120E-08 0.00000000E+00
2.4976E+03 1.14314372E-08 0.00000000E+00
2.5211E+03 1.29354894E-08 0.00000000E+00
2.5447E+03 1.59971957E-08 0.00000000E+00
2.5683E+03 1.92712910E-08 0.00000000E+00
2.5918E+03 2.13940419E-08 0.00000000E+00
2.6154E+03 2.48240503E-08 0.00000000E+00
2.6389E+03 3.06351698E-08 0.00000000E+00
2.6625E+03 3.53311347E-08 0.00000000E+00
2.6861E+03 3.89773957E-08 0.00000000E+00
2.7096E+03 4.63811176E-08 0.00000000E+00
2.7332E+03 5.59186402E-08 0.00000000E+00
2.7567E+03 6.21631120E-08 0.00000000E+00
2.7803E+03 6.95159409E-08 0.00000000E+00
2.8039E+03 8.37002769E-08 0.00000000E+00
2.8274E+03 9.72680172E-08 0.00000000E+00
2.8510E+03 1.05977537E-07 0.00000000E+00
2.8746E+03 1.21313056E-07 0.00000000E+00
2.8981E+03 1.44881576E-07 0.00000000E+00
2.9217E+03 1.61995117E-07 0.00000000E+00
2.9452E+03 1.76517561E-07 0.00000000E+00
2.9688E+03 2.06022374E-07 0.00000000E+00
2.9924E+03 2.39787688E-07 0.00000000E+00
3.0159E+03 2.60446776E-07 0.00000000E+00
3.0395E+03 2.88318559E-07 0.00000000E+00
3.0631E+03 3.38095171E-07 0.00000000E+00
3.0866E+03 3.80087231E-07 0.00000000E+00
3.1102E+03 4.07913054E-07 0.00000000E+00
3.1337E+03 4.60961137E-07 0.00000000E+00
3.1573E+03 5.33388064E-07 0.00000000E+00
3.1809E+03 5.80461891E-07 0.00000000E+00
3.2044E+03 6.26517366E-07 0.00000000E+00
3.2280E+03 7.17371982E-07 0.00000000E+00
3.2515E+03 8.08055957E-07 0.00000000E+00
3.2751E+03 8.61330839E-07 0.00000000E+00
3.2987E+03 9.45341321E-07 0.00000000E+00
3.3222E+03 1.08033595E-06 0.00000000E+00
3.3458E+03 1.17950308E-06 0.00000000E+00
3.3694E+03 1.25187246E-06 0.00000000E+00
3.3929E+03 1.39708112E-06 0.00000000E+00
3.4165E+03 1.56927268E-06 0.00000000E+00
3.4400E+03 1.67028522E-06 0.00000000E+00
3.4636E+03 1.79041395E-06 0.00000000E+00
3.4872E+03 2.01144679E-06 0.00000000E+00
3.5107E+03 2.20048942E-06 0.00000000E+00
3.5343E+03 2.31318190E-06 0.00000000E+00
3.5579E+03 2.51927196E-06 0.00000000E+00
3.5814E+03 2.80866555E-06 0.00000000E+00
3.6050E+03 2.99270953E-06 0.00000000E+00
3.6285E+03 3.15280302E-06 0.00000000E+00
3.6521E+03 3.47414760E-06 0.00000000E+00
3.6757E+03 3.79835151E-06 0.00000000E+00
3.6992E+03 3.97544204E-06 0.00000000E+00
3.7228E+03 4.23898772E-06 0.00000000E+00
3.7463E+03 4.67305768E-06 0.00000000E+00
3.7699E+03 4.98693013E-06 0.00000000E+00
3.7935E+03 5.19332637E-06 0.00000000E+00
3.8170E+03 5.61167783E-06 0.00000000E+00
3.8406E+03 6.11275149E-06 0.00000000E+00
3.8642E+03 6.39061585E-06 0.00000000E+00
3.8877E+03 6.69922246E-06 0.00000000E+00
3.9113E+03 7.28403683E-06 0.00000000E+00
3.9348E+03 7.77783866E-06 0.00000000E+00
3.9584E+03 8.04451367E-06 0.00000000E+00
3.9820E+03 8.53482918E-06 0.00000000E+00
4.0055E+03 9.23501487E-06 0.00000000E+00
4.0291E+03 9.65945244E-06 0.00000000E+00
4.0527E+03 9.99752216E-06 0.00000000E+00
4.0762E+03 1.07072583E-05 0.00000000E+00
4.0998E+03 1.14193682E-05 0.00000000E+00
4.1233E+03 1.17714462E-05 0.00000000E+00
4.1469E+03 1.22901984E-05 0.00000000E+00
4.1705E+03 1.31762690E-05 0.00000000E+00
4.1940E+03 1.37924767E-05 0.00000000E+00
4.2176E+03 1.41501944E-05 0.00000000E+00
4.2412E+03 1.49250014E-05 0.00000000E+00
4.2647E+03 1.58635954E-05 0.00000000E+00
4.2883E+03 1.63357391E-05 0.00000000E+00
4.3118E+03 1.68325058E-05 0.00000000E+00
4.3354E+03 1.78468105E-05 0.00000000E+00
4.3590E+03 1.86831487E-05 0.00000000E+00
4.3825E+03 1.90646857E-05 0.00000000E+00
4.4061E+03 1.98207715E-05 0.00000000E+00
4.4296E+03 2.09489528E-05 0.00000000E+00
4.4532E+03 2.15764760E-05 0.00000000E+00
4.4768E+03 2.20105067E-05 0.00000000E+00
4.5003E+03 2.30555143E-05 0.00000000E+00
4.5239E+03 2.41061162E-05 0.00000000E+00
4.5475E+03 2.45318485E-05 0.00000000E+00
4.5710E+03 2.51821632E-05 0.00000000E+00
4.5946E+03 2.64145063E-05 0.00000000E+00
4.6181E+03 2.72186000E-05 0.00000000E+00
4.6417E+03 2.75730038E-05 0.00000000E+00
4.6653E+03 2.85301764E-05 0.00000000E+00
4.6888E+03 2.97438027E-05 0.00000000E+00
4.7124E+03 3.02434681E-05 0.00000000E+00
4.7360E+03 3.07211028E-05 0.00000000E+00
4.7595E+03 3.19350400E-05 0.00000000E+00
4.7831E+03 3.29073106E-05 0.00000000E+00
4.8066E+03 3.31937377E-05 0.00000000E+00
4.8302E+03 3.39502920E-05 0.00000000E+00
4.8538E+03 3.52308950E-05 0.00000000E+00
4.8773E+03 3.58293818E-05 0.00000000E+00
4.9009E+03 3.61041273E-05 0.00000000E+00
4.9244E+03 3.71628845E-05 0.00000000E+00
4.9480E+03 3.82555114E-05 0.00000000E+00
4.9716E+03 3.85071155E-05 0.00000000E+00
4.9951E+03 3.89810770E-05 0.00000000E+00
5.0187E+03 4.02007774E-05 0.00000000E+00
5.0423E+03 4.09021399E-05 0.00000000E+00
5.0658E+03 4.09847185E-05 0.00000000E+00
5.0894E+03 4.17645724E-05 0.00000000E+00
5.1129E+03 4.28904121E-05 0.00000000E+00
5.1365E+03 4.31464653E-05 0.00000000E+00
5.1601E+03 4.33027386E-05 0.00000000E+00
5.1836E+03 4.43240138E-05 0.00000000E+00
5.2072E+03 4.51001001E-05 0.00000000E+00
5.2308E+03 4.50342144E-05 0.00000000E+00
5.2543E+03 4.54489200E-05 0.00000000E+00
5.2779E+03 4.64927648E-05 0.00000000E+00
5.3014E+03 4.67811016E-05 0.00000000E+00
5.3250E+03 4.66353384E-05 0.00000000E+00
5.3486E+03 4.73372127E-05 0.00000000E+00
5.3721E+03 4.81255682E-05 0.00000000E+00
5.3957E+03 4.79715202E-05 0.00000000E+00
5.4192E+03 4.79881993E-05 0.00000000E+00
5.4428E+03 4.88271738E-05 0.00000000E+00
5.4664E+03 4.91506450E-05 0.00000000E+00
5.4899E+03 4.87608549E-05 0.00000000E+00
5.5135E+03 4.90625937E-05 0.00000000E+00
5.5371E+03 4.97751724E-05 0.00000000E+00
5.5606E+03 4.95905038E-05 0.00000000E+00
5.5842E+03 4.92330695E-05 0.00000000E+00
5.6077E+03 4.97609189E-05 0.00000000E+00
5.6313E+03 5.00923267E-05 0.00000000E+00
5.6549E+03 4.95411193E-05 0.00000000E+00
5.6784E+03 4.94169130E-05 0.00000000E+00
5.7020E+03 4.99573246E-05 0.00000000E+00
5.7256E+03 4.97804800E-05 0.00000000E+00
5.7491E+03 4.91200541E-05 0.00000000E+00
5.7727E+03 4.92683689E-05 0.00000000E+00
5.7962E+03 4.95553717E-05 0.00000000E+00
5.8198E+03 4.89285614E-05 0.00000000E+00
5.8434E+03 4.84095080E-05 0.00000000E+00
5.8669E+03 4.86936358E-05 0.00000000E+00
5.8905E+03 4.85354533E-05 0.00000000E+00
5.9140E+03 4.76715577E-05 0.00000000E+00
5.9376E+03 4.74223521E-05 0.00000000E+00
5.9612E+03 4.76005044E-05 0.00000000E+00
5.9847E+03 4.69686360E-05 0.00000000E+00
6.0083E+03 4.61328068E-05 0.00000000E+00
6.0319E+03 4.61070854E-05 0.00000000E+00
6.0554E+03 4.59519448E-05 0.00000000E+00
6.0790E+03 4.49906583E-05 0.00000000E+00
6.1025E+03 4.43780010E-05 0.00000000E+00
6.1261E+03 4.43877745E-05 0.00000000E+00
6.1497E+03 4.37951818E-05 0.00000000E+00
6.1732E+03 4.27496598E-05 0.00000000E+00
6.1968E+03 4.24025314E-05 0.00000000E+00
6.2204E+03 4.22176938E-05 0.00000000E+00
6.2439E+03 4.12524469E-05 0.00000000E+00
6.2675E+03 4.03536731E-05 0.00000000E+00
6.2910E+03 4.01564201E-05 0.00000000E+00
6.3146E+03 3.96193008E-05 0.00000000E+00
6.3382E+03 3.84790340E-05 0.00000000E+00
6.3617E+03 3.78429115E-05 0.00000000E+00
6.3853E+03 3.75922387E-05 0.00000000E+00
6.4088E+03 3.66910766E-05 0.00000000E+00
6.4324E+03 3.56101677E-05 0.00000000E+00
6.4560E+03 3.51984105E-05 0.00000000E+00
6.4795E+03 3.47106992E-05 0.00000000E+00
6.5031E+03 3.35790939E-05 0.00000000E+00
6.5267E+03 3.27226163E-05 0.00000000E+00
6.5502E+03 3.23799602E-05 0.00000000E+00
6.5738E+03 3.15811095E-05 0.00000000E+00
6.5973E+03 3.04287687E-05 0.00000000E+00
6.6209E+03 2.98282082E-05 0.00000000E+00
6.6445E+03 2.93721644E-05 0.00000000E+00
6.6680E+03 2.83277268E-05 0.00000000E+00
6.6916E+03 2.73411627E-05 0.00000000E+00
6.7152E+03 2.68995207E-05 0.00000000E+00
6.7387E+03 2.62148039E-05 0.00000000E+00
6.7623E+03 2.50906171E-05 0.00000000E+00
6.7858E+03 2.43543507E-05 0.00000000E+00
6.8094E+03 2.39120189E-05 0.00000000E+00
6.8330E+03 2.30032067E-05 0.00000000E+00
6.8565E+03 2.19817870E-05 0.00000000E+00
6.8801E+03 2.14564235E-05 0.00000000E+00
6.9036E+03 2.08798868E-05 0.00000000E+00
6.9272E+03 1.98604336E-05 0.00000000E+00
6.9508E+03 1.90581830E-05 0.00000000E+00
6.9743E+03 1.86204088E-05 0.00000000E+00
6.9979E+03 1.78678874E-05 0.00000000E+00
7.0215E+03 1.68972583E-05 0.00000000E+00
7.0450E+03 1.63230502E-05 0.00000000E+00
7.0686E+03 1.58411994E-05 0.00000000E+00
7.0921E+03 1.49751196E-05 0.00000000E+00
7.1157E+03 1.41806894E-05 0.00000000E+00
7.1393E+03 1.37517737E-05 0.00000000E+00
7.1628E+03 1.31553747E-05 0.00000000E+00
7.1864E+03 1.23014034E-05 0.00000000E+00
7.2100E+03 1.17258203E-05 0.00000000E+00
7.2335E+03 1.13263770E-05 0.00000000E+00
7.2571E+03 1.06353839E-05 0.00000000E+00
7.2806E+03 9.91491638E-06 0.00000000E+00
7.3042E+03 9.51240592E-06 0.00000000E+00
7.3278E+03 9.05987802E-06 0.00000000E+00
7.3513E+03 8.36363746E-06 0.00000000E+00
7.3749E+03 7.83740345E-06 0.00000000E+00
7.3985E+03 7.51476593E-06 0.00000000E+00
7.4220E+03 6.99892390E-06 0.00000000E+00
7.4456E+03 6.40206477E-06 0.00000000E+00
7.4691E+03 6.05256445E-06 0.00000000E+00
7.4927E+03 5.72780690E-06 0.00000000E+00
7.5163E+03 5.20571718E-06 0.00000000E+00
7.5398E+03 4.77359214E-06 0.00000000E+00
7.5634E+03 4.53048614E-06 0.00000000E+00
7.5869E+03 4.17581751E-06 0.00000000E+00
7.6105E+03 3.73121471E-06 0.00000000E+00
7.6341E+03 3.46401479E-06 0.00000000E+00
7.6576E+03 3.25317638E-06 0.00000000E+00
7.6812E+03 2.90132423E-06 0.00000000E+00
7.7048E+03 2.59511144E-06 0.00000000E+00
7.7283E+03 2.44093930E-06 0.00000000E+00
7.7519E+03 2.22723850E-06 0.00000000E+00
7.7754E+03 1.94248072E-06 0.00000000E+00
7.7990E+03 1.78290717E-06 0.00000000E+00
7.8226E+03 1.67747652E-06 0.00000000E+00
7.8461E+03 1.47820710E-06 0.00000000E+00
7.8697E+03 1.31297553E-06 0.00000000E+00
7.8933E+03 1.25991627E-06 0.00000000E+00
7.9168E+03 1.16697314E-06 0.00000000E+00
7.9404E+03 1.03188554E-06 0.00000000E+00
7.9639E+03 9.95759770E-07 0.00000000E+00
7.9875E+03 9.92607928E-07 0.00000000E+00
8.0111E+03 9.21428533E-07 0.00000000E+00
8.0346E+03 8.94931025E-07 0.00000000E+00
8.0582E+03 9.53042727E-07 0.00000000E+00
8.0817E+03 9.64348218E-07 0.00000000E+00
8.1053E+03 9.56259416E-07 0.00000000E+00
8.1289E+03 1.04636932E-06 0.00000000E+00
8.1524E+03 1.14544465E-06 0.00000000E+00
8.1760E+03 1.17692185E-06 0.00000000E+00
8.1996E+03 1.27182806E-06 0.00000000E+00
8.2231E+03 1.44448696E-06 0.00000000E+00
8.2467E+03 1.54837752E-06 0.00000000E+00
8.2702E+03 1.63818796E-06 0.00000000E+00
8.2938E+03 1.84336915E-06 0.00000000E+00
8.3174E+03 2.04419997E-06 0.00000000E+00
8.3409E+03 2.15613005E-06 0.00000000E+00
8.3645E+03 2.34444592E-06 0.00000000E+00
8.3881E+03 2.62530437E-06 0.00000000E+00
8.4116E+03 2.81403112E-06 0.00000000E+00
8.4352E+03 2.97197920E-06 0.00000000E+00
8.4587E+03 3.26885293E-06 0.00000000E+00
8.4823E+03 3.56705197E-06 0.00000000E+00
8.5059E+03 3.74253685E-06 0.00000000E+00
8.5294E+03 3.99112392E-06 0.00000000E+00
8.5530E+03 4.36318554E-06 0.00000000E+00
8.5765E+03 4.63062403E-06 0.00000000E+00
8.6001E+03 4.83070442E-06 0.00000000E+00
8.6237E+03 5.18737755E-06 0.00000000E+00
8.6472E+03 5.57201378E-06 0.00000000E+00
8.6708E+03 5.79945564E-06 0.00000000E+00
8.6944E+03 6.07536901E-06 0.00000000E+00
8.7179E+03 6.51209399E-06 0.00000000E+00
8.7415E+03 6.85089867E-06 0.00000000E+00
8.7650E+03 7.07332959E-06 0.00000000E+00
8.7886E+03 7.45404311E-06 0.00000000E+00
8.8122E+03 7.90637954E-06 0.00000000E+00
8.8357E+03 8.17787257E-06 0.00000000E+00
8.8593E+03 8.45261144E-06 0.00000000E+00
8.8829E+03 8.92065844E-06 0.00000000E+00
8.9064E+03 9.31969944E-06 0.00000000E+00
8.9300E+03 9.55146270E-06 0.00000000E+00
8.9535E+03 9.92136077E-06 0.00000000E+00
8.9771E+03 1.04152511E-05 0.00000000E+00
9.0007E+03 1.07241709E-05 0.00000000E+00
9.0242E+03 1.09764363E-05 0.00000000E+00
9.0478E+03 1.14395802E-05 0.00000000E+00
9.0713E+03 1.18824182E-05 0.00000000E+00
9.0949E+03 1.21162813E-05 0.00000000E+00
9.1185E+03 1.24456258E-05 0.00000000E+00
9.1420E+03 1.29495839E-05 0.00000000E+00
9.1656E+03 1.32882040E-05 0.00000000E+00
9.1892E+03 1.35049948E-05 0.00000000E+00
9.2127E+03 1.39285156E-05 0.00000000E+00
9.2363E+03 1.43933253E-05 0.00000000E+00
9.2598E+03 1.46258729E-05 0.00000000E+00
9.2834E+03 1.48930113E-05 0.00000000E+00
9.3070E+03 1.53734623E-05 0.00000000E+00
9.3305E+03 1.57312059E-05 0.00000000E+00
9.3541E+03 1.59072727E-05 0.00000000E+00
9.3777E+03 1.62618710E-05 0.00000000E+00
9.4012E+03 1.67227047E-05 0.00000000E+00
9.4248E+03 1.69519592E-05 0.00000000E+00
9.4483E+03 1.71445897E-05 0.00000000E+00
9.4719E+03 1.75694714E-05 0.00000000E+00
9.4955E+03 1.79321049E-05 0.00000000E+00
9.5190E+03 1.80681413E-05 0.00000000E+00
9.5426E+03 1.83326715E-05 0.00000000E+00
9.5661E+03 1.87616454E-05 0.00000000E+00
9.5897E+03 1.89848813E-05 0.00000000E+00
9.6133E+03 1.90997160E-05 0.00000000E+00
9.6368E+03 1.94417693E-05 0.00000000E+00
9.6604E+03 1.97916470E-05 0.00000000E+00
9.6840E+03 1.98918877E-05 0.00000000E+00
9.7075E+03 2.00547562E-05 0.00000000E+00
9.7311E+03 2.04247837E-05 0.00000000E+00
9.7546E+03 2.06370503E-05 0.00000000E+00
9.7782E+03 2.06783561E-05 0.00000000E+00
9.8018E+03 2.09177921E-05 0.00000000E+00
9.8253E+03 2.12351473E-05 0.00000000E+00
9.8489E+03 2.13050114E-05 0.00000000E+00
9.8725E+03 2.13643482E-05 0.00000000E+00
9.8960E+03 2.16520850E-05 0.00000000E+00
9.9196E+03 2.18457307E-05 0.00000000E+00
9.9431E+03 2.18231920E-05 0.00000000E+00
9.9667E+03 2.19494536E-05 0.00000000E+00
9.9903E+03 2.22145141E-05 0.00000000E+00
1.0014E+04 2.22587031E-05 0.00000000E+00
1.0037E+04 2.22213536E-05 0.00000000E+00
1.0061E+04 2.24098252E-05 0.00000000E+00
1.0085E+04 2.25750114E-05 0.00000000E+00
1.0108E+04 2.25012518E-05 0.00000000E+00
1.0132E+04 2.25135029E-05 0.00000000E+00
1.0155E+04 2.27089061E-05 0.00000000E+00
1.0179E+04 2.27301865E-05 0.00000000E+00
1.0202E+04 2.26096583E-05 0.00000000E+00
1.0226E+04 2.26899592E-05 0.00000000E+00
1.0249E+04 2.28158928E-05 0.00000000E+00
1.0273E+04 2.27040710E-05 0.00000000E+00
1.0297E+04 2.26103190E-05 0.00000000E+00
1.0320E+04 2.27232323E-05 0.00000000E+00
1.0344E+04 2.27220197E-05 0.00000000E+00
1.0367E+04 2.25358657E-05 0.00000000E+00
1.0391E+04 2.25076658E-05 0.00000000E+00
1.0414E+04 2.25841991E-05 0.00000000E+00
1.0438E+04 2.24461522E-05 0.00000000E+00
1.0462E+04 2.22613982E-05 0.00000000E+00
1.0485E+04 2.22850146E-05 0.00000000E+00
1.0509E+04 2.22597532E-05 0.00000000E+00
1.0532E+04 2.20270293E-05 0.00000000E+00
1.0556E+04 2.18980690E-05 0.00000000E+00
1.0579E+04 2.19173806E-05 0.00000000E+00
1.0603E+04 2.17625935E-05 0.00000000E+00
1.0626E+04 2.15065601E-05 0.00000000E+00
1.0650E+04 2.14408960E-05 0.00000000E+00
1.0674E+04 2.13890605E-05 0.00000000E+00
1.0697E+04 2.11282520E-05 0.00000000E+00
1.0721E+04 2.09130890E-05 0.00000000E+00
1.0744E+04 2.08711739E-05 0.00000000E+00
1.0768E+04 2.07065438E-05 0.00000000E+00
1.0791E+04 2.04013001E-05 0.00000000E+00
1.0815E+04 2.02532080E-05 0.00000000E+00
1.0838E+04 2.01726054E-05 0.00000000E+00
1.0862E+04 1.99001200E-05 0.00000000E+00
1.0886E+04 1.96182417E-05 0.00000000E+00
1.0909E+04 1.95158749E-05 0.00000000E+00
1.0933E+04 1.93460677E-05 0.00000000E+00
1.0956E+04 1.90137284E-05 0.00000000E+00
1.0980E+04 1.87960117E-05 0.00000000E+00
1.1003E+04 1.86860028E-05 0.00000000E+00
1.1027E+04 1.84152652E-05 0.00000000E+00
1.1051E+04 1.80887574E-05 0.00000000E+00
1.1074E+04 1.79316711E-05 0.00000000E+00
1.1098E+04 1.77598532E-05 0.00000000E+00
1.1121E+04 1.74206412E-05 0.00000000E+00
1.1145E+04 1.71504103E-05 0.00000000E+00
1.1168E+04 1.70127654E-05 0.00000000E+00
1.1192E+04 1.67539789E-05 0.00000000E+00
1.1215E+04 1.64051967E-05 0.00000000E+00
1.1239E+04 1.62034977E-05 0.00000000E+00
1.1263E+04 1.60322449E-05 0.00000000E+00
1.1286E+04 1.57032459E-05 0.00000000E+00
1.1310E+04 1.53999421E-05 0.00000000E+00
1.1333E+04 1.52392282E-05 0.00000000E+00
1.1357E+04 1.49997457E-05 0.00000000E+00
1.1380E+04 1.46494400E-05 0.00000000E+00
1.1404E+04 1.44165193E-05 0.00000000E+00
1.1428E+04 1.42486900E-05 0.00000000E+00
1.1451E+04 1.39433703E-05 0.00000000E+00
1.1475E+04 1.36268641E-05 0.00000000E+00
1.1498E+04 1.34503542E-05 0.00000000E+00
1.1522E+04 1.32354032E-05 0.00000000E+00
1.1545E+04 1.29014513E-05 0.00000000E+00
1.1569E+04 1.26526028E-05 0.00000000E+00
1.1592E+04 1.24919450E-05 0.00000000E+00
1.1616E+04 1.22202248E-05 0.00000000E+00
1.1640E+04 1.19091434E-05 0.00000000E+00
1.1663E+04 1.17262427E-05 0.00000000E+00
1.1687E+04 1.15396851E-05 0.00000000E+00
1.1710E+04 1.12363395E-05 0.00000000E+00
1.1734E+04 1.09872051E-05 0.00000000E+00
1.1757E+04 1.08385311E-05 0.00000000E+00
1.1781E+04 1.06071681E-05 0.00000000E+00
1.1805E+04 1.03175207E-05 0.00000000E+00
1.1828E+04 1.01387620E-05 0.00000000E+00
1.1852E+04 9.98368401E-06 0.00000000E+00
1.1875E+04 9.72128801E-06 0.00000000E+00
1.1899E+04 9.48631159E-06 0.00000000E+00
1.1922E+04 9.35522806E-06 0.00000000E+00
1.1946E+04 9.16838670E-06 0.00000000E+00
1.1969E+04 8.91264767E-06 0.00000000E+00
1.1993E+04 8.74846531E-06 0.00000000E+00
1.2017E+04 8.62753485E-06 0.00000000E+00
1.2040E+04 8.41271950E-06 0.00000000E+00
1.2064E+04 8.20390329E-06 0.00000000E+00
1.2087E+04 8.09622996E-06 0.00000000E+00
1.2111E+04 7.95614312E-06 0.00000000E+00
1.2134E+04 7.74293597E-06 0.00000000E+00
1.2158E+04 7.60250878E-06 0.00000000E+00
1.2182E+04 7.51808430E-06 0.00000000E+00
1.2205E+04 7.35435019E-06 0.00000000E+00
1.2229E+04 7.18051895E-06 0.00000000E+00
1.2252E+04 7.10155741E-06 0.00000000E+00
1.2276E+04 7.00911215E-06 0.00000000E+00
1.2299E+04 6.84342403E-06 0.00000000E+00
1.2323E+04 6.73377570E-06 0.00000000E+00
1.2346E+04 6.68774526E-06 0.00000000E+00
1.2370E+04 6.57617483E-06 0.00000000E+00
1.2394E+04 6.44273171E-06 0.00000000E+00
1.2417E+04 6.39650106E-06 0.00000000E+00
1.2441E+04 6.35157473E-06 0.00000000E+00
1.2464E+04 6.23526741E-06 0.00000000E+00
1.2488E+04 6.16067869E-06 0.00000000E+00
1.2511E+04 6.15405823E-06 0.00000000E+00
1.2535E+04 6.09392563E-06 0.00000000E+00
1.2559E+04 6.00298212E-06 0.00000000E+00
1.2582E+04 5.99153751E-06 0.00000000E+00
1.2606E+04 5.99304546E-06 0.00000000E+00
1.2629E+04 5.92547685E-06 0.00000000E+00
1.2653E+04 5.88724773E-06 0.00000000E+00
1.2676E+04 5.91967909E-06 0.00000000E+00
1.2700E+04 5.90888609E-06 0.00000000E+00
1.2723E+04 5.85969524E-06 0.00000000E+00
1.2747E+04 5.88269009E-06 0.00000000E+00
1.2771E+04 5.92845490E-06 0.00000000E+00
1.2794E+04 5.90713682E-06 0.00000000E+00
1.2818E+04 5.90374883E-06 0.00000000E+00
1.2841E+04 5.97309309E-06 0.00000000E+00
1.2865E+04 6.00846056E-06 0.00000000E+00
1.2888E+04 5.99809336E-06 0.00000000E+00
1.2912E+04 6.05270626E-06 0.00000000E+00
1.2936E+04 6.13928009E-06 0.00000000E+00
1.2959E+04 6.16050172E-06 0.00000000E+00
1.2983E+04 6.18814037E-06 0.00000000E+00
1.3006E+04 6.29028567E-06 0.00000000E+00
1.3030E+04 6.36770508E-06 0.00000000E+00
1.3053E+04 6.39182334E-06 0.00000000E+00
1.3077E+04 6.47303279E-06 0.00000000E+00
1.3100E+04 6.59553186E-06 0.00000000E+00
1.3124E+04 6.65482670E-06 0.00000000E+00
1.3148E+04 6.70810178E-06 0.00000000E+00
1.3171E+04 6.83699512E-06 0.00000000E+00
1.3195E+04 6.95141910E-06 0.00000000E+00
1.3218E+04 7.00495510E-06 0.00000000E+00
1.3242E+04 7.10605440E-06 0.00000000E+00
1.3265E+04 7.25804168E-06 0.00000000E+00
1.3289E+04 7.35041570E-06 0.00000000E+00
1.3312E+04 7.42310746E-06 0.00000000E+00
1.3336E+04 7.57100435E-06 0.00000000E+00
1.3360E+04 7.71632908E-06 0.00000000E+00
1.3383E+04 7.79396732E-06 0.00000000E+00
1.3407E+04 7.90723554E-06 0.00000000E+00
1.3430E+04 8.08074679E-06 0.00000000E+00
1.3454E+04 8.20071401E-06 0.00000000E+00
1.3477E+04 8.28645532E-06 0.00000000E+00
1.3501E+04 8.44441384E-06 0.00000000E+00
1.3525E+04 8.61340103E-06 0.00000000E+00
1.3548E+04 8.70987211E-06 0.00000000E+00
1.3572E+04 8.82734398E-06 0.00000000E+00
1.3595E+04 9.01316546E-06 0.00000000E+00
1.3619E+04 9.15471711E-06 0.00000000E+00
1.3642E+04 9.24756232E-06 0.00000000E+00
1.3666E+04 9.40615715E-06 0.00000000E+00
1.3689E+04 9.59052401E-06 0.00000000E+00
1.3713E+04 9.70075111E-06 0.00000000E+00
1.3737E+04 9.81497796E-06 0.00000000E+00
1.3760E+04 1.00031729E-05 0.00000000E+00
1.3784E+04 1.01597681E-05 0.00000000E+00
1.3807E+04 1.02545806E-05 0.00000000E+00
1.3831E+04 1.04046985E-05 0.00000000E+00
1.3854E+04 1.05953853E-05 0.00000000E+00
1.3878E+04 1.07144980E-05 0.00000000E+00
1.3902E+04 1.08191516E-05 0.00000000E+00
1.3925E+04 1.09997141E-05 0.00000000E+00
1.3949E+04 1.11643101E-05 0.00000000E+00
1.3972E+04 1.12569169E-05 0.00000000E+00
1.3996E+04 1.13904702E-05 0.00000000E+00
1.4019E+04 1.15780253E-05 0.00000000E+00
1.4043E+04 1.17012665E-05 0.00000000E+00
1.4066E+04 1.17915025E-05 0.00000000E+00
1.4090E+04 1.19550282E-05 0.00000000E+00
1.4114E+04 1.21201698E-05 0.00000000E+00
1.4137E+04 1.22073113E-05 0.00000000E+00
1.4161E+04 1.23177961E-05 0.00000000E+00
1.4184E+04 1.24928600E-05 0.00000000E+00
1.4208E+04 1.26154667E-05 0.00000000E+00
1.4231E+04 1.26880667E-05 0.00000000E+00
1.4255E+04 1.28264057E-05 0.00000000E+00
1.4279E+04 1.29844410E-05 0.00000000E+00
1.4302E+04 1.30636076E-05 0.00000000E+00
1.4326E+04 1.31465024E-05 0.00000000E+00
1.4349E+04 1.33003998E-05 0.00000000E+00
1.4373E+04 1.34175628E-05 0.00000000E+00
1.4396E+04 1.34708995E-05 0.00000000E+00
1.4420E+04 1.35777545E-05 0.00000000E+00
1.4443E+04 1.37212150E-05 0.00000000E+00
1.4467E+04 1.37904541E-05 0.00000000E+00
1.4491E+04 1.38434197E-05 0.00000000E+00
1.4514E+04 1.39687979E-05 0.00000000E+00
1.4538E+04 1.40757476E-05 0.00000000E+00
1.4561E+04 1.41095921E-05 0.00000000E+00
1.4585E+04 1.41809457E-05 0.00000000E+00
1.4608E+04 1.43030293E-05 0.00000000E+00
1.4632E+04 1.43607626E-05 0.00000000E+00
1.4656E+04 1.43835896E-05 0.00000000E+00
1.4679E+04 1.44749533E-05 0.00000000E+00
1.4703E+04 1.45671430E-05 0.00000000E+00
1.4726E+04 1.45823414E-05 0.00000000E+00
1.4750E+04 1.46166110E-05 0.00000000E+00
1.4773E+04 1.47116469E-05 0.00000000E+00
1.4797E+04 1.47565254E-05 0.00000000E+00
1.4820E+04 1.47508470E-05 0.00000000E+00
1.4844E+04 1.48048878E-05 0.00000000E+00
1.4868E+04 1.48782282E-05 0.00000000E+00
1.4891E+04 1.48763313E-05 0.00000000E+00
1.4915E+04 1.48742661E-05 0.00000000E+00
1.4938E+04 1.49380954E-05 0.00000000E+00
1.4962E+04 1.49689341E-05 0.00000000E+00
1.4985E+04 1.49378158E-05 0.00000000E+00
1.5009E+04 1.49535441E-05 0.00000000E+00
1.5033E+04 1.50046792E-05 0.00000000E+00
1.5056E+04 1.49876236E-05 0.00000000E+00
1.5080E+04 1.49520388E-05 0.00000000E+00
1.5103E+04 1.49823131E-05 0.00000000E+00
1.5127E+04 1.49981372E-05 0.00000000E+00
1.5150E+04 1.49456458E-05 0.00000000E+00
1.5174E+04 1.49243686E-05 0.00000000E+00
1.5197E+04 1.49509820E-05 0.00000000E+00
1.5221E+04 1.49208699E-05 0.00000000E+00
1.5245E+04 1.48562735E-05 0.00000000E+00
1.5268E+04 1.48526483E-05 0.00000000E+00
1.5292E+04 1.48528338E-05 0.00000000E+00
1.5315E+04 1.47836176E-05 0.00000000E+00
1.5339E+04 1.47287465E-05 0.00000000E+00
1.5362E+04 1.47298325E-05 0.00000000E+00
1.5386E+04 1.46888000E-05 0.00000000E+00
1.5410E+04 1.46009120E-05 0.00000000E+00
1.5433E+04 1.45650607E-05 0.00000000E+00
1.5457E+04 1.45495059E-05 0.00000000E+00
1.5480E+04 1.44683963E-05 0.00000000E+00
1.5504E+04 1.43850567E-05 0.00000000E+00
1.5527E+04 1.43610660E-05 0.00000000E+00
1.5551E+04 1.43112185E-05 0.00000000E+00
1.5574E+04 1.42064236E-05 0.00000000E+00
1.5598E+04 1.41418339E-05 0.00000000E+00
1.5622E+04 1.41110981E-05 0.00000000E+00
1.5645E+04 1.40227808E-05 0.00000000E+00
1.5669E+04 1.39172849E-05 0.00000000E+00
1.5692E+04 1.38701090E-05 0.00000000E+00
1.5716E+04 1.38135225E-05 0.00000000E+00
1.5739E+04 1.36983586E-05 0.00000000E+00
1.5763E+04 1.36099710E-05 0.00000000E+00
1.5787E+04 1.35653611E-05 0.00000000E+00
1.5810E+04 1.34741694E-05 0.00000000E+00
1.5834E+04 1.33534752E-05 0.00000000E+00
1.5857E+04 1.32863065E-05 0.00000000E+00
1.5881E+04 1.32250839E-05 0.00000000E+00
1.5904E+04 1.31058501E-05 0.00000000E+00
1.5928E+04 1.29996338E-05 0.00000000E+00
1.5951E+04 1.29432340E-05 0.00000000E+00
1.5975E+04 1.28530612E-05 0.00000000E+00
1.5999E+04 1.27242902E-05 0.00000000E+00
1.6022E+04 1.26413936E-05 0.00000000E+00
1.6046E+04 1.25777360E-05 0.00000000E+00
1.6069E+04 1.24602152E-05 0.00000000E+00
1.6093E+04 1.23427194E-05 0.00000000E+00
1.6116E+04 1.22773400E-05 0.00000000E+00
1.6140E+04 1.21916152E-05 0.00000000E+00
1.6163E+04 1.20616256E-05 0.00000000E+00
1.6187E+04 1.19680192E-05 0.00000000E+00
1.6211E+04 1.19042564E-05 0.00000000E+00
1.6234E+04 1.17935141E-05 0.00000000E+00
1.6258E+04 1.16713955E-05 0.00000000E+00
1.6281E+04 1.16004136E-05 0.00000000E+00
1.6305E+04 1.15220946E-05 0.00000000E+00
1.6328E+04 1.13971111E-05 0.00000000E+00
1.6352E+04 1.12981650E-05 0.00000000E+00
1.6376E+04 1.12367188E-05 0.00000000E+00
1.6399E+04 1.11369730E-05 0.00000000E+00
1.6423E+04 1.10165439E-05 0.00000000E+00
1.6446E+04 1.09436526E-05 0.00000000E+00
1.6470E+04 1.08752304E-05 0.00000000E+00
1.6493E+04 1.07605770E-05 0.00000000E+00
1.6517E+04 1.06615989E-05 0.00000000E+00
1.6540E+04 1.06048929E-05 0.00000000E+00
1.6564E+04 1.05194772E-05 0.00000000E+00
1.6588E+04 1.04063537E-05 0.00000000E+00
1.6611E+04 1.03352800E-05 0.00000000E+00
1.6635E+04 1.02787950E-05 0.00000000E+00
1.6658E+04 1.01787679E-05 0.00000000E+00
1.6682E+04 1.00846554E-05 0.00000000E+00
1.6705E+04 1.00349958E-05 0.00000000E+00
1.6729E+04 9.96639510E-06 0.00000000E+00
1.6753E+04 9.86528321E-06 0.00000000E+00
1.6776E+04 9.79952383E-06 0.00000000E+00
1.6800E+04 9.75657072E-06 0.00000000E+00
1.6823E+04 9.67441704E-06 0.00000000E+00
1.6847E+04 9.58940211E-06 0.00000000E+00
1.6870E+04 9.54883348E-06 0.00000000E+00
1.6894E+04 9.49873427E-06 0.00000000E+00
1.6917E+04 9.41331833E-06 0.00000000E+00
1.6941E+04 9.35590437E-06 0.00000000E+00
1.6965E+04 9.32759578E-06 0.00000000E+00
1.6988E+04 9.26553239E-06 0.00000000E+00
1.7012E+04 9.19299866E-06 0.00000000E+00
1.7035E+04 9.16314058E-06 0.00000000E+00
1.7059E+04 9.13245475E-06 0.00000000E+00
1.7082E+04 9.06534555E-06 0.00000000E+00
1.7106E+04 9.01864447E-06 0.00000000E+00
1.7130E+04 9.00553961E-06 0.00000000E+00
1.7153E+04 8.96478542E-06 0.00000000E+00
1.7177E+04 8.90715523E-06 0.00000000E+00
1.7200E+04 8.88905017E-06 0.00000000E+00
1.7224E+04 8.87792579E-06 0.00000000E+00
1.7247E+04 8.83066842E-06 0.00000000E+00
1.7271E+04 8.79625427E-06 0.00000000E+00
1.7294E+04 8.79829341E-06 0.00000000E+00
1.7318E+04 8.77913107E-06 0.00000000E+00
1.7342E+04 8.73784453E-06 0.00000000E+00
1.7365E+04 8.73186230E-06 0.00000000E+00
1.7389E+04 8.73970927E-06 0.00000000E+00
1.7412E+04 8.71286138E-06 0.00000000E+00
1.7436E+04 8.69148207E-06 0.00000000E+00
1.7459E+04 8.70795702E-06 0.00000000E+00
1.7483E+04 8.70982480E-06 0.00000000E+00
1.7507E+04 8.68540991E-06 0.00000000E+00
1.7530E+04 8.69122614E-06 0.00000000E+00
1.7554E+04 8.71675555E-06 0.00000000E+00
1.7577E+04 8.71000762E-06 0.00000000E+00
1.7601E+04 8.70163756E-06 0.00000000E+00
1.7624E+04 8.73119683E-06 0.00000000E+00
1.7648E+04 8.75277705E-06 0.00000000E+00
1.7671E+04 8.74496697E-06 0.00000000E+00
1.7695E+04 8.76160165E-06 0.00000000E+00
1.7719E+04 8.80286121E-06 0.00000000E+00
1.7742E+04 8.81514881E-06 0.00000000E+00
1.7766E+04 8.81908889E-06 0.00000000E+00
1.7789E+04 8.85977226E-06 0.00000000E+00
1.7813E+04 8.89905395E-06 0.00000000E+00
1.7836E+04 8.90690686E-06 0.00000000E+00
1.7860E+04 8.93280940E-06 0.00000000E+00
1.7884E+04 8.98722583E-06 0.00000000E+00
1.7907E+04 9.01681724E-06 0.00000000E+00
1.7931E+04 9.03181949E-06 0.00000000E+00
1.7954E+04 9.08113902E-06 0.00000000E+00
1.7978E+04 9.13547861E-06 0.00000000E+00
1.8001E+04 9.15749277E-06 0.00000000E+00
1.8025E+04 9.19067608E-06 0.00000000E+00
1.8048E+04 9.25514176E-06 0.00000000E+00
1.8072E+04 9.29972585E-06 0.00000000E+00
1.8096E+04 9.32414023E-06 0.00000000E+00
1.8119E+04 9.37922489E-06 0.00000000E+00
1.8143E+04 9.44544290E-06 0.00000000E+00
1.8166E+04 9.47967839E-06 0.00000000E+00
1.8190E+04 9.51789514E-06 0.00000000E+00
1.8213E+04 9.58891526E-06 0.00000000E+00
1.8237E+04 9.64570901E-06 0.00000000E+00
1.8261E+04 9.67764047E-06 0.00000000E+00
1.8284E+04 9.73542771E-06 0.00000000E+00
1.8308E+04 9.80994413E-06 0.00000000E+00
1.8331E+04 9.85414272E-06 0.00000000E+00
1.8355E+04 9.89507116E-06 0.00000000E+00
1.8378E+04 9.96894600E-06 0.00000000E+00
1.8402E+04 1.00348080E-05 0.00000000E+00
1.8425E+04 1.00722534E-05 0.00000000E+00
1.8449E+04 1.01296873E-05 0.00000000E+00
1.8473E+04 1.02086700E-05 0.00000000E+00
1.8496E+04 1.02603502E-05 0.00000000E+00
1.8520E+04 1.03017535E-05 0.00000000E+00
1.8543E+04 1.03747655E-05 0.00000000E+00
1.8567E+04 1.04462987E-05 0.00000000E+00
1.8590E+04 1.04872431E-05 0.00000000E+00
1.8614E+04 1.05414550E-05 0.00000000E+00
1.8637E+04 1.06209731E-05 0.00000000E+00
1.8661E+04 1.06774984E-05 0.00000000E+00
1.8685E+04 1.07173467E-05 0.00000000E+00
1.8708E+04 1.07859508E-05 0.00000000E+00
1.8732E+04 1.08596108E-05 0.00000000E+00
1.8755E+04 1.09020894E-05 0.00000000E+00
1.8779E+04 1.09505626E-05 0.00000000E+00
1.8802E+04 1.10267641E-05 0.00000000E+00
1.8826E+04 1.10854099E-05 0.00000000E+00
1.8850E+04 1.11219724E-05 0.00000000E+00
1.8873E+04 1.11829964E-05 0.00000000E+00
1.8897E+04 1.12552309E-05 0.00000000E+00
1.8920E+04 1.12973785E-05 0.00000000E+00
1.8944E+04 1.13380905E-05 0.00000000E+00
1.8967E+04 1.14074081E-05 0.00000000E+00
1.8991E+04 1.14654502E-05 0.00000000E+00
1.9014E+04 1.14973547E-05 0.00000000E+00
1.9038E+04 1.15481864E-05 0.00000000E+00
1.9062E+04 1.16156056E-05 0.00000000E+00
1.9085E+04 1.16556969E-05 0.00000000E+00
1.9109E+04 1.16872136E-05 0.00000000E+00
1.9132E+04 1.17465642E-05 0.00000000E+00
1.9156E+04 1.18013795E-05 0.00000000E+00
1.9179E+04 1.18276305E-05 0.00000000E+00
1.9203E+04 1.18663513E-05 0.00000000E+00
1.9227E+04 1.19258937E-05 0.00000000E+00
1.9250E+04 1.19623698E-05 0.00000000E+00
1.9274E+04 1.19838737E-05 0.00000000E+00
1.9297E+04 1.20308130E-05 0.00000000E+00
1.9321E+04 1.20799760E-05 0.00000000E+00
1.9344E+04 1.20999317E-05 0.00000000E+00
1.9368E+04 1.21253810E-05 0.00000000E+00
1.9391E+04 1.21744550E-05 0.00000000E+00
1.9415E+04 1.22059398E-05 0.00000000E+00
1.9439E+04 1.22172044E-05 0.00000000E+00
1.9462E+04 1.22500318E-05 0.00000000E+00
1.9486E+04 1.22914069E-05 0.00000000E+00
1.9509E+04 1.23047388E-05 0.00000000E+00
1.9533E+04 1.23165276E-05 0.00000000E+00
1.9556E+04 1.23531339E-05 0.00000000E+00
1.9580E+04 1.23784583E-05 0.00000000E+00
1.9604E+04 1.23797932E-05 0.00000000E+00
1.9627E+04 1.23976214E-05 0.00000000E+00
1.9651E+04 1.24294643E-05 0.00000000E+00
1.9674E+04 1.24361175E-05 0.00000000E+00
1.9698E+04 1.24346037E-05 0.00000000E+00
1.9721E+04 1.24574440E-05 0.00000000E+00
1.9745E+04 1.24756873E-05 0.00000000E+00
1.9768E+04 1.24678640E-05 0.00000000E+00
1.9792E+04 1.24706468E-05 0.00000000E+00
1.9816E+04 1.24917066E-05 0.00000000E+00
1.9839E+04 1.24918651E-05 0.00000000E+00
1.9863E+04 1.24780823E-05 0.00000000E+00
1.9886E+04 1.24866281E-05 0.00000000E+00
1.9910E+04 1.24971657E-05 0.00000000E+00
1.9933E+04 1.24813198E-05 0.00000000E+00
1.9957E+04 1.24698134E-05 0.00000000E+00
1.9981E+04 1.24794072E-05 0.00000000E+00
2.0004E+04 1.24734584E-05 0.00000000E+00
2.0028E+04 1.24489921E-05 0.00000000E+00
2.0051E+04 1.24434883E-05 0.00000000E+00
2.0075E+04 1.24460274E-05 0.00000000E+00
2.0098E+04 1.24235456E-05 0.00000000E+00
2.0122E+04 1.23992035E-05 0.00000000E+00
2.0145E+04 1.23972445E-05 0.00000000E+00
2.0169E+04 1.23857457E-05 0.00000000E+00
2.0193E+04 1.23525814E-05 0.00000000E+00
2.0216E+04 1.23339883E-05 0.00000000E+00
2.0240E+04 1.23285869E-05 0.00000000E+00
2.0263E+04 1.23010036E-05 0.00000000E+00
2.0287E+04 1.22658356E-05 0.00000000E+00
2.0310E+04 1.22528226E-05 0.00000000E+00
2.0334E+04 1.22364789E-05 0.00000000E+00
2.0358E+04 1.21968554E-05 0.00000000E+00
2.0381E+04 1.21667562E-05 0.00000000E+00
2.0405E+04 1.21538336E-05 0.00000000E+00
2.0428E+04 1.21227503E-05 0.00000000E+00
2.0452E+04 1.20791744E-05 0.00000000E+00
2.0475E+04 1.20561560E-05 0.00000000E+00
2.0499E+04 1.20358103E-05 0.00000000E+00
2.0522E+04 1.19920887E-05 0.00000000E+00
2.0546E+04 1.19525753E-05 0.00000000E+00
2.0570E+04 1.19329087E-05 0.00000000E+00
2.0593E+04 1.18999318E-05 0.00000000E+00
2.0617E+04 1.18506192E-05 0.00000000E+00
2.0640E+04 1.18191277E-05 0.00000000E+00
2.0664E+04 1.17957486E-05 0.00000000E+00
2.0687E+04 1.17502881E-05 0.00000000E+00
2.0711E+04 1.17038181E-05 0.00000000E+00
2.0735E+04 1.16785114E-05 0.00000000E+00
2.0758E+04 1.16451940E-05 0.00000000E+00
2.0782E+04 1.15929046E-05 0.00000000E+00
2.0805E+04 1.15548486E-05 0.00000000E+00
2.0829E+04 1.15295045E-05 0.00000000E+00
2.0852E+04 1.14845465E-05 0.00000000E+00
2.0876E+04 1.14337735E-05 0.00000000E+00
2.0899E+04 1.14041923E-05 0.00000000E+00
2.0923E+04 1.13719833E-05 0.00000000E+00
2.0947E+04 1.13194056E-05 0.00000000E+00
2.0970E+04 1.12769337E-05 0.00000000E+00
2.0994E+04 1.12507545E-05 0.00000000E+00
2.1017E+04 1.12083301E-05 0.00000000E+00
2.1041E+04 1.11559369E-05 0.00000000E+00
2.1064E+04 1.11236219E-05 0.00000000E+00
2.1088E+04 1.10938292E-05 0.00000000E+00
2.1112E+04 1.10434535E-05 0.00000000E+00
2.1135E+04 1.09988150E-05 0.00000000E+00
2.1159E+04 1.09729502E-05 0.00000000E+00
2.1182E+04 1.09348211E-05 0.00000000E+00
2.1206E+04 1.08833798E-05 0.00000000E+00
2.1229E+04 1.08499570E-05 0.00000000E+00
2.1253E+04 1.08237221E-05 0.00000000E+00
2.1276E+04 1.07777501E-05 0.00000000E+00
2.1300E+04 1.07331704E-05 0.00000000E+00
2.1324E+04 1.07087422E-05 0.00000000E+00
2.1347E+04 1.06763638E-05 0.00000000E+00
2.1371E+04 1.06282226E-05 0.00000000E+00
2.1394E+04 1.05953116E-05 0.00000000E+00
2.1418E+04 1.05735847E-05 0.00000000E+00
2.1441E+04 1.05338609E-05 0.00000000E+00
2.1465E+04 1.04914269E-05 0.00000000E+00
2.1488E+04 1.04694748E-05 0.00000000E+00
2.1512E+04 1.04439633E-05 0.00000000E+00
2.1536E+04 1.04011499E-05 0.00000000E+00
2.1559E+04 1.03702693E-05 0.00000000E+00
2.1583E+04 1.03537776E-05 0.00000000E+00
2.1606E+04 1.03217338E-05 0.00000000E+00
2.1630E+04 1.02832875E-05 0.00000000E+00
2.1653E+04 1.02647076E-05 0.00000000E+00
2.1677E+04 1.02468148E-05 0.00000000E+00
2.1701E+04 1.02109584E-05 0.00000000E+00
2.1724E+04 1.01834371E-05 0.00000000E+00
2.1748E+04 1.01726564E-05 0.00000000E+00
2.1771E+04 1.01492785E-05 0.00000000E+00
2.1795E+04 1.01163347E-05 0.00000000E+00
2.1818E+04 1.01018262E-05 0.00000000E+00
2.1842E+04 1.00919322E-05 0.00000000E+00
2.1865E+04 1.00642197E-05 0.00000000E+00
2.1889E+04 1.00411312E-05 0.00000000E+00
2.1913E+04 1.00362710E-05 0.00000000E+00
2.1936E+04 1.00220965E-05 0.00000000E+00
2.1960E+04 9.99579652E-06 0.00000000E+00
2.1983E+04 9.98582749E-06 0.00000000E+00
2.2007E+04 9.98395080E-06 0.00000000E+00
2.2030E+04 9.96511901E-06 0.00000000E+00
2.2054E+04 9.94724517E-06 0.00000000E+00
2.2078E+04 9.94824605E-06 0.00000000E+00
2.2101E+04 9.94338142E-06 0.00000000E+00
2.2125E+04 9.92447773E-06 0.00000000E+00
2.2148E+04 9.91926826E-06 0.00000000E+00
2.2172E+04 9.92508352E-06 0.00000000E+00
2.2195E+04 9.91542872E-06 0.00000000E+00
2.2219E+04 9.90324466E-06 0.00000000E+00
2.2242E+04 9.90978248E-06 0.00000000E+00
2.2266E+04 9.91392466E-06 0.00000000E+00
2.2290E+04 9.90278108E-06 0.00000000E+00
2.2313E+04 9.90229891E-06 0.00000000E+00
2.2337E+04 9.91515623E-06 0.00000000E+00
2.2360E+04 9.91455004E-06 0.00000000E+00
2.2384E+04 9.90822305E-06 0.00000000E+00
2.2407E+04 9.91972242E-06 0.00000000E+00
2.2431E+04 9.93218503E-06 0.00000000E+00
2.2455E+04 9.92878725E-06 0.00000000E+00
2.2478E+04 9.93275868E-06 0.00000000E+00
2.2502E+04 9.95171490E-06 0.00000000E+00
2.2525E+04 9.95963133E-06 0.00000000E+00
2.2549E+04 9.95903613E-06 0.00000000E+00
2.2572E+04 9.97470218E-06 0.00000000E+00
2.2596E+04 9.99445853E-06 0.00000000E+00
2.2619E+04 9.99844237E-06 0.00000000E+00
2.2643E+04 1.00063832E-05 0.00000000E+00
2.2667E+04 1.00302539E-05 0.00000000E+00
2.2690E+04 1.00458163E-05 0.00000000E+00
2.2714E+04 1.00505696E-05 0.00000000E+00
2.2737E+04 1.00694394E-05 0.00000000E+00
2.2761E+04 1.00951849E-05 0.00000000E+00
2.2784E+04 1.01058826E-05 0.00000000E+00
2.2808E+04 1.01171448E-05 0.00000000E+00
2.2832E+04 1.01445709E-05 0.00000000E+00
2.2855E+04 1.01666130E-05 0.00000000E+00
2.2879E+04 1.01761198E-05 0.00000000E+00
2.2902E+04 1.01971228E-05 0.00000000E+00
2.2926E+04 1.02273452E-05 0.00000000E+00
2.2949E+04 1.02438377E-05 0.00000000E+00
2.2973E+04 1.02576608E-05 0.00000000E+00
2.2996E+04 1.02871782E-05 0.00000000E+00
2.3020E+04 1.03143057E-05 0.00000000E+00
2.3044E+04 1.03278051E-05 0.00000000E+00
2.3067E+04 1.03498236E-05 0.00000000E+00
2.3091E+04 1.03828726E-05 0.00000000E+00
2.3114E+04 1.04040387E-05 0.00000000E+00
2.3138E+04 1.04195975E-05 0.00000000E+00
2.3161E+04 1.04497075E-05 0.00000000E+00
2.3185E+04 1.04803596E-05 0.00000000E+00
2.3209E+04 1.04969661E-05 0.00000000E+00
2.3232E+04 1.05188963E-05 0.00000000E+00
2.3256E+04 1.05530583E-05 0.00000000E+00
2.3279E+04 1.05776240E-05 0.00000000E+00
2.3303E+04 1.05940754E-05 0.00000000E+00
2.3326E+04 1.06233212E-05 0.00000000E+00
2.3350E+04 1.06558408E-05 0.00000000E+00
2.3373E+04 1.06745876E-05 0.00000000E+00
2.3397E+04 1.06954005E-05 0.00000000E+00
2.3421E+04 1.07289848E-05 0.00000000E+00
2.3444E+04 1.07555832E-05 0.00000000E+00
2.3468E+04 1.07721105E-05 0.00000000E+00
2.3491E+04 1.07991563E-05 0.00000000E+00
2.3515E+04 1.08318729E-05 0.00000000E+00
2.3538E+04 1.08517575E-05 0.00000000E+00
2.3562E+04 1.08705549E-05 0.00000000E+00
2.3586E+04 1.09019821E-05 0.00000000E+00
2.3609E+04 1.09292182E-05 0.00000000E+00
2.3633E+04 1.09450698E-05 0.00000000E+00
2.3656E+04 1.09687696E-05 0.00000000E+00
2.3680E+04 1.10000810E-05 0.00000000E+00
2.3703E+04 1.10201082E-05 0.00000000E+00
2.3727E+04 1.10361621E-05 0.00000000E+00
2.3750E+04 1.10640399E-05 0.00000000E+00
2.3774E+04 1.10905524E-05 0.00000000E+00
2.3798E+04 1.11050664E-05 0.00000000E+00
2.3821E+04 1.11245120E-05 0.00000000E+00
2.3845E+04 1.11529560E-05 0.00000000E+00
2.3868E+04 1.11721726E-05 0.00000000E+00
2.3892E+04 1.11849456E-05 0.00000000E+00
2.3915E+04 1.12081271E-05 0.00000000E+00
2.3939E+04 1.12326422E-05 0.00000000E+00
2.3962E+04 1.12452616E-05 0.00000000E+00
2.3986E+04 1.12598133E-05 0.00000000E+00
2.4010E+04 1.12841281E-05 0.00000000E+00
2.4033E+04 1.13016538E-05 0.00000000E+00
2.4057E+04 1.13108086E-05 0.00000000E+00
2.4080E+04 1.13284386E-05 0.00000000E+00
2.4104E+04 1.13498223E-05 0.00000000E+00
2.4127E+04 1.13601049E-05 0.00000000E+00
2.4151E+04 1.13694097E-05 0.00000000E+00
2.4175E+04 1.13885913E-05 0.00000000E+00
2.4198E+04 1.14036510E-05 0.00000000E+00
2.4222E+04 1.14090505E-05 0.00000000E+00
2.4245E+04 1.14206003E-05 0.00000000E+00
2.4269E+04 1.14379115E-05 0.00000000E+00
2.4292E+04 1.14455380E-05 0.00000000E+00
2.4316E+04 1.14495329E-05 0.00000000E+00
2.4339E+04 1.14628818E-05 0.00000000E+00
2.4363E+04 1.14748380E-05 0.00000000E+00
2.4387E+04 1.14765344E-05 0.00000000E+00
2.4410E+04 1.14818162E-05 0.00000000E+00
2.4434E+04 1.14943504E-05 0.00000000E+00
2.4457E+04 1.14991277E-05 0.00000000E+00
2.4481E+04 1.14980216E-05 0.00000000E+00
2.4504E+04 1.15051674E-05 0.00000000E+00
2.4528E+04 1.15135453E-05 0.00000000E+00
2.4552E+04 1.15117568E-05 0.00000000E+00
2.4575E+04 1.15109109E-05 0.00000000E+00
2.4599E+04 1.15182267E-05 0.00000000E+00
2.4622E+04 1.15200844E-05 0.00000000E+00
2.4646E+04 1.15143214E-05 0.00000000E+00
2.4669E+04 1.15152223E-05 0.00000000E+00
2.4693E+04 1.15197255E-05 0.00000000E+00
2.4716E+04 1.15148059E-05 0.00000000E+00
2.4740E+04 1.15082684E-05 0.00000000E+00
2.4764E+04 1.15101969E-05 0.00000000E+00
2.4787E+04 1.15091814E-05 0.00000000E+00
2.4811E+04 1.14993972E-05 0.00000000E+00
2.4834E+04 1.14943236E-05 0.00000000E+00
2.4858E+04 1.14948418E-05 0.00000000E+00
2.4881E+04 1.14872525E-05 0.00000000E+00
2.4905E+04 1.14757137E-05 0.00000000E+00
2.4929E+04 1.14723575E-05 0.00000000E+00
2.4952E+04 1.14686272E-05 0.00000000E+00
2.4976E+04 1.14556040E-05 0.00000000E+00
2.4999E+04 1.14451105E-05 0.00000000E+00
2.5023E+04 1.14417248E-05 0.00000000E+00
2.5046E+04 1.14320072E-05 0.00000000E+00
2.5070E+04 1.14163627E-05 0.00000000E+00
2.5093E+04 1.14080842E-05 0.00000000E+00
2.5117E+04 1.14019034E-05 0.00000000E+00
2.5141E+04 1.13865219E-05 0.00000000E+00
2.5164E+04 1.13714065E-05 0.00000000E+00
2.5188E+04 1.13643840E-05 0.00000000E+00
2.5211E+04 1.13531315E-05 0.00000000E+00
2.5235E+04 1.13344224E-05 0.00000000E+00
2.5258E+04 1.13218154E-05 0.00000000E+00
2.5282E+04 1.13135425E-05 0.00000000E+00
2.5306E+04 1.12967293E-05 0.00000000E+00
2.5329E+04 1.12779749E-05 0.00000000E+00
2.5353E+04 1.12677501E-05 0.00000000E+00
2.5376E+04 1.12555782E-05 0.00000000E+00
2.5400E+04 1.12349235E-05 0.00000000E+00
2.5423E+04 1.12187672E-05 0.00000000E+00
2.5447E+04 1.12088370E-05 0.00000000E+00
2.5470E+04 1.11915144E-05 0.00000000E+00
2.5494E+04 1.11702218E-05 0.00000000E+00
2.5518E+04 1.11573662E-05 0.00000000E+00
2.5541E+04 1.11448860E-05 0.00000000E+00
2.5565E+04 1.11234192E-05 0.00000000E+00
2.5588E+04 1.11046251E-05 0.00000000E+00
2.5612E+04 1.10935279E-05 0.00000000E+00
2.5635E+04 1.10765729E-05 0.00000000E+00
2.5659E+04 1.10538968E-05 0.00000000E+00
2.5683E+04 1.10390848E-05 0.00000000E+00
2.5706E+04 1.10268811E-05 0.00000000E+00
2.5730E+04 1.10056967E-05 0.00000000E+00
2.5753E+04 1.09852560E-05 0.00000000E+00
2.5777E+04 1.09735172E-05 0.00000000E+00
2.5800E+04 1.09577294E-05 0.00000000E+00
2.5824E+04 1.09348202E-05 0.00000000E+00
2.5847E+04 1.09187926E-05 0.00000000E+00
2.5871E+04 1.09074053E-05 0.00000000E+00
2.5895E+04 1.08875128E-05 0.00000000E+00
2.5918E+04 1.08664433E-05 0.00000000E+00
2.5942E+04 1.08546002E-05 0.00000000E+00
2.5965E+04 1.08406735E-05 0.00000000E+00
2.5989E+04 1.08186225E-05 0.00000000E+00
2.6012E+04 1.08021458E-05 0.00000000E+00
2.6036E+04 1.07920506E-05 0.00000000E+00
2.6060E+04 1.07743321E-05 0.00000000E+00
2.6083E+04 1.07536243E-05 0.00000000E+00
2.6107E+04 1.07421986E-05 0.00000000E+00
2.6130E+04 1.07306964E-05 0.00000000E+00
2.6154E+04 1.07104831E-05 0.00000000E+00
2.6177E+04 1.06943067E-05 0.00000000E+00
2.6201E+04 1.06858966E-05 0.00000000E+00
2.6224E+04 1.06710723E-05 0.00000000E+00
2.6248E+04 1.06516377E-05 0.00000000E+00
2.6272E+04 1.06411083E-05 0.00000000E+00
2.6295E+04 1.06324469E-05 0.00000000E+00
2.6319E+04 1.06148981E-05 0.00000000E+00
2.6342E+04 1.05997141E-05 0.00000000E+00
2.6366E+04 1.05932859E-05 0.00000000E+00
2.6389E+04 1.05818935E-05 0.00000000E+00
2.6413E+04 1.05645244E-05 0.00000000E+00
2.6437E+04 1.05553052E-05 0.00000000E+00
2.6460E+04 1.05497466E-05 0.00000000E+00
2.6484E+04 1.05355102E-05 0.00000000E+00
2.6507E+04 1.05219228E-05 0.00000000E+00
2.6531E+04 1.05176702E-05 0.00000000E+00
2.6554E+04 1.05100560E-05 0.00000000E+00
2.6578E+04 1.04953980E-05 0.00000000E+00
2.6601E+04 1.04878212E-05 0.00000000E+00
2.6625E+04 1.04854733E-05 0.00000000E+00
2.6649E+04 1.04750037E-05 0.00000000E+00
2.6672E+04 1.04635065E-05 0.00000000E+00
2.6696E+04 1.04615158E-05 0.00000000E+00
2.6719E+04 1.04578330E-05 0.00000000E+00
2.6743E+04 1.04463659E-05 0.00000000E+00
2.6766E+04 1.04406689E-05 0.00000000E+00
2.6790E+04 1.04414880E-05 0.00000000E+00
2.6813E+04 1.04350371E-05 0.00000000E+00
2.6837E+04 1.04259957E-05 0.00000000E+00
2.6861E+04 1.04262444E-05 0.00000000E+00
2.6884E+04 1.04264552E-05 0.00000000E+00
2.6908E+04 1.04184791E-05 0.00000000E+00
2.6931E+04 1.04147962E-05 0.00000000E+00
2.6955E+04 1.04185938E-05 0.00000000E+00
2.6978E+04 1.04162101E-05 0.00000000E+00
2.7002E+04 1.04098501E-05 0.00000000E+00
2.7026E+04 1.04122110E-05 0.00000000E+00
2.7049E+04 1.04160976E-05 0.00000000E+00
2.7073E+04 1.04117290E-05 0.00000000E+00
2.7096E+04 1.04100888E-05 0.00000000E+00
2.7120E+04 1.04165479E-05 0.00000000E+00
2.7143E+04 1.04180858E-05 0.00000000E+00
2.7167E+04 1.04144914E-05 0.00000000E+00
2.7190E+04 1.04187439E-05 0.00000000E+00
2.7214E+04 1.04259300E-05 0.00000000E+00
2.7238E+04 1.04251098E-05 0.00000000E+00
2.7261E+04 1.04254418E-05 0.00000000E+00
2.7285E+04 1.04341391E-05 0.00000000E+00
2.7308E+04 1.04392805E-05 0.00000000E+00
2.7332E+04 1.04384020E-05 0.00000000E+00
2.7355E+04 1.04442492E-05 0.00000000E+00
2.7379E+04 1.04542276E-05 0.00000000E+00
2.7403E+04 1.04567370E-05 0.00000000E+00
2.7426E+04 1.04588834E-05 0.00000000E+00
2.7450E+04 1.04693154E-05 0.00000000E+00
2.7473E+04 1.04775947E-05 0.00000000E+00
2.7497E+04 1.04792612E-05 0.00000000E+00
2.7520E+04 1.04863484E-05 0.00000000E+00
2.7544E+04 1.04985107E-05 0.00000000E+00
2.7567E+04 1.05039907E-05 0.00000000E+00
2.7591E+04 1.05077193E-05 0.00000000E+00
2.7615E+04 1.05193285E-05 0.00000000E+00
2.7638E+04 1.05301594E-05 0.00000000E+00
2.7662E+04 1.05340931E-05 0.00000000E+00
2.7685E+04 1.05420277E-05 0.00000000E+00
2.7709E+04 1.05556945E-05 0.00000000E+00
2.7732E+04 1.05636673E-05 0.00000000E+00
2.7756E+04 1.05686869E-05 0.00000000E+00
2.7780E+04 1.05808901E-05 0.00000000E+00
2.7803E+04 1.05935970E-05 0.00000000E+00
2.7827E+04 1.05994307E-05 0.00000000E+00
2.7850E+04 1.06078036E-05 0.00000000E+00
2.7874E+04 1.06222603E-05 0.00000000E+00
2.7897E+04 1.06321569E-05 0.00000000E+00
2.7921E+04 1.06381350E-05 0.00000000E+00
2.7944E+04 1.06503544E-05 0.00000000E+00
2.7968E+04 1.06642091E-05 0.00000000E+00
2.7992E+04 1.06715088E-05 0.00000000E+00
2.8015E+04 1.06799173E-05 0.00000000E+00
2.8039E+04 1.06944523E-05 0.00000000E+00
2.8062E+04 1.07056446E-05 0.00000000E+00
2.8086E+04 1.07122269E-05 0.00000000E+00
2.8109E+04 1.07239203E-05 0.00000000E+00
2.8133E+04 1.07381809E-05 0.00000000E+00
2.8157E+04 1.07464702E-05 0.00000000E+00
2.8180E+04 1.07545387E-05 0.00000000E+00
2.8204E+04 1.07684787E-05 0.00000000E+00
2.8227E+04 1.07803123E-05 0.00000000E+00
2.8251E+04 1.07871405E-05 0.00000000E+00
2.8274E+04 1.07978261E-05 0.00000000E+00
2.8298E+04 1.08117724E-05 0.00000000E+00
2.8321E+04 1.08205550E-05 0.00000000E+00
2.8345E+04 1.08279505E-05 0.00000000E+00
2.8369E+04 1.08406897E-05 0.00000000E+00
2.8392E+04 1.08525139E-05 0.00000000E+00
2.8416E+04 1.08592401E-05 0.00000000E+00
2.8439E+04 1.08685147E-05 0.00000000E+00
2.8463E+04 1.08814795E-05 0.00000000E+00
2.8486E+04 1.08902609E-05 0.00000000E+00
2.8510E+04 1.08967044E-05 0.00000000E+00
2.8534E+04 1.09077293E-05 0.00000000E+00
2.8557E+04 1.09189248E-05 0.00000000E+00
2.8581E+04 1.09252246E-05 0.00000000E+00
2.8604E+04 1.09327792E-05 0.00000000E+00
2.8628E+04 1.09441772E-05 0.00000000E+00
2.8651E+04 1.09524850E-05 0.00000000E+00
2.8675E+04 1.09577612E-05 0.00000000E+00
2.8698E+04 1.09666720E-05 0.00000000E+00
2.8722E+04 1.09766798E-05 0.00000000E+00
2.8746E+04 1.09822647E-05 0.00000000E+00
2.8769E+04 1.09878951E-05 0.00000000E+00
2.8793E+04 1.09972494E-05 0.00000000E+00
2.8816E+04 1.10046555E-05 0.00000000E+00
2.8840E+04 1.10086182E-05 0.00000000E+00
2.8863E+04 1.10151447E-05 0.00000000E+00
2.8887E+04 1.10234916E-05 0.00000000E+00
2.8911E+04 1.10281199E-05 0.00000000E+00
2.8934E+04 1.10317300E-05 0.00000000E+00
2.8958E+04 1.10386919E-05 0.00000000E+00
2.8981E+04 1.10448305E-05 0.00000000E+00
2.9005E+04 1.10474041E-05 0.00000000E+00
2.9028E+04 1.10514106E-05 0.00000000E+00
2.9052E+04 1.10577286E-05 0.00000000E+00
2.9075E+04 1.10612125E-05 0.00000000E+00
2.9099E+04 1.10628104E-05 0.00000000E+00
2.9123E+04 1.10671682E-05 0.00000000E+00
2.9146E+04 1.10717492E-05 0.00000000E+00
2.9170E+04 1.10729247E-05 0.00000000E+00
2.9193E+04 1.10744070E-05 0.00000000E+00
2.9217E+04 1.10784443E-05 0.00000000E+00
2.9240E+04 1.10806537E-05 0.00000000E+00
2.9264E+04 1.10803423E-05 0.00000000E+00
2.9287E+04 1.10820230E-05 0.00000000E+00
2.9311E+04 1.10848413E-05 0.00000000E+00
2.9335E+04 1.10846707E-05 0.00000000E+00
2.9358E+04 1.10837475E-05 0.00000000E+00
2.9382E+04 1.10853747E-05 0.00000000E+00
2.9405E+04 1.10862398E-05 0.00000000E+00
2.9429E+04 1.10842049E-05 0.00000000E+00
2.9452E+04 1.10832707E-05 0.00000000E+00
2.9476E+04 1.10842129E-05 0.00000000E+00
2.9500E+04 1.10828029E-05 0.00000000E+00
2.9523E+04 1.10797032E-05 0.00000000E+00
2.9547E+04 1.10789153E-05 0.00000000E+00
2.9570E+04 1.10784282E-05 0.00000000E+00
2.9594E+04 1.10749249E-05 0.00000000E+00
2.9617E+04 1.10715640E-05 0.00000000E+00
2.9641E+04 1.10706115E-05 0.00000000E+00
2.9664E+04 1.10681156E-05 0.00000000E+00
2.9688E+04 1.10631609E-05 0.00000000E+00
2.9712E+04 1.10600726E-05 0.00000000E+00
2.9735E+04 1.10582856E-05 0.00000000E+00
2.9759E+04 1.10536201E-05 0.00000000E+00
2.9782E+04 1.10481300E-05 0.00000000E+00
2.9806E+04 1.10453562E-05 0.00000000E+00
2.9829E+04 1.10419644E-05 0.00000000E+00
2.9853E+04 1.10355451E-05 0.00000000E+00
2.9877E+04 1.10303780E-05 0.00000000E+00
2.9900E+04 1.10273987E-05 0.00000000E+00
2.9924E+04 1.10219091E-05 0.00000000E+00
2.9947E+04 1.10146731E-05 0.00000000E+00
2.9971E+04 1.10102347E-05 0.00000000E+00
2.9994E+04 1.10061621E-05 0.00000000E+00
3.0018E+04 1.09987127E-05 0.00000000E+00
3.0041E+04 1.09917766E-05 0.00000000E+00
3.0065E+04 1.09877604E-05 0.00000000E+00
3.0089E+04 1.09817981E-05 0.00000000E+00
3.0112E+04 1.09732603E-05 0.00000000E+00
3.0136E+04 1.09673855E-05 0.00000000E+00
3.0159E+04 1.09628622E-05 0.00000000E+00
3.0183E+04 1.09548372E-05 0.00000000E+00
3.0206E+04 1.09465107E-05 0.00000000E+00
3.0230E+04 1.09416523E-05 0.00000000E+00
3.0254E+04 1.09355659E-05 0.00000000E+00
3.0277E+04 1.09262070E-05 0.00000000E+00
3.0301E+04 1.09191816E-05 0.00000000E+00
3.0324E+04 1.09144431E-05 0.00000000E+00
3.0348E+04 1.09062956E-05 0.00000000E+00
3.0371E+04 1.08970044E-05 0.00000000E+00
3.0395E+04 1.08915287E-05 0.00000000E+00
3.0418E+04 1.08856492E-05 0.00000000E+00
3.0442E+04 1.08759615E-05 0.00000000E+00
3.0466E+04 1.08681133E-05 0.00000000E+00
3.0489E+04 1.08633904E-05 0.00000000E+00
3.0513E+04 1.08555506E-05 0.00000000E+00
3.0536E+04 1.08457443E-05 0.00000000E+00
3.0560E+04 1.08398943E-05 0.00000000E+00
3.0583E+04 1.08345208E-05 0.00000000E+00
3.0607E+04 1.08249826E-05 0.00000000E+00
3.0631E+04 1.08166623E-05 0.00000000E+00
3.0654E+04 1.08121713E-05 0.00000000E+00
3.0678E+04 1.08050262E-05 0.00000000E+00
3.0701E+04 1.07951532E-05 0.00000000E+00
3.0725E+04 1.07891775E-05 0.00000000E+00
3.0748E+04 1.07845650E-05 0.00000000E+00
3.0772E+04 1.07756171E-05 0.00000000E+00
3.0795E+04 1.07671788E-05 0.00000000E+00
3.0819E+04 1.07631125E-05 0.00000000E+00
3.0843E+04 1.07569904E-05 0.00000000E+00
3.0866E+04 1.07474753E-05 0.00000000E+00
3.0890E+04 1.07416155E-05 0.00000000E+00
3.0913E+04 1.07379668E-05 0.00000000E+00
3.0937E+04 1.07299943E-05 0.00000000E+00
3.0960E+04 1.07217781E-05 0.00000000E+00
3.0984E+04 1.07182987E-05 0.00000000E+00
3.1008E+04 1.07134590E-05 0.00000000E+00
3.1031E+04 1.07046846E-05 0.00000000E+00
3.1055E+04 1.06991646E-05 0.00000000E+00
3.1078E+04 1.06966254E-05 0.00000000E+00
3.1102E+04 1.06899442E-05 0.00000000E+00
3.1125E+04 1.06822613E-05 0.00000000E+00
3.1149E+04 1.06794959E-05 0.00000000E+00
3.1172E+04 1.06761223E-05 0.00000000E+00
3.1196E+04 1.06684146E-05 0.00000000E+00
3.1220E+04 1.06634313E-05 0.00000000E+00
3.1243E+04 1.06620878E-05 0.00000000E+00
3.1267E+04 1.06569343E-05 0.00000000E+00
3.1290E+04 1.06500540E-05 0.00000000E+00
3.1314E+04 1.06480901E-05 0.00000000E+00
3.1337E+04 1.06462864E-05 0.00000000E+00
3.1361E+04 1.06399022E-05 0.00000000E+00
3.1385E+04 1.06356170E-05 0.00000000E+00
3.1408E+04 1.06354941E-05 0.00000000E+00
3.1432E+04 1.06320182E-05 0.00000000E+00
3.1455E+04 1.06261562E-05 0.00000000E+00
3.1479E+04 1.06250392E-05 0.00000000E+00
3.1502E+04 1.06248285E-05 0.00000000E+00
3.1526E+04 1.06199460E-05 0.00000000E+00
3.1549E+04 1.06164784E-05 0.00000000E+00
3.1573E+04 1.06175423E-05 0.00000000E+00
3.1597E+04 1.06158049E-05 0.00000000E+00
3.1620E+04 1.06111158E-05 0.00000000E+00
3.1644E+04 1.06108492E-05 0.00000000E+00
3.1667E+04 1.06121779E-05 0.00000000E+00
3.1691E+04 1.06088936E-05 0.00000000E+00
3.1714E+04 1.06063178E-05 0.00000000E+00
3.1738E+04 1.06084815E-05 0.00000000E+00
3.1762E+04 1.06084581E-05 0.00000000E+00
3.1785E+04 1.06050325E-05 0.00000000E+00
3.1809E+04 1.06055804E-05 0.00000000E+00
3.1832E+04 1.06083267E-05 0.00000000E+00
3.1856E+04 1.06066566E-05 0.00000000E+00
3.1879E+04 1.06050013E-05 0.00000000E+00
3.1903E+04 1.06081325E-05 0.00000000E+00
3.1926E+04 1.06097205E-05 0.00000000E+00
3.1950E+04 1.06075849E-05 0.00000000E+00
3.1974E+04 1.06088763E-05 0.00000000E+00
3.1997E+04 1.06128599E-05 0.00000000E+00
3.2021E+04 1.06127441E-05 0.00000000E+00
3.2044E+04 1.06119939E-05 0.00000000E+00
3.2068E+04 1.06159233E-05 0.00000000E+00
3.2091E+04 1.06189506E-05 0.00000000E+00
3.2115E+04 1.06180700E-05 0.00000000E+00
3.2138E+04 1.06200037E-05 0.00000000E+00
3.2162E+04 1.06249968E-05 0.00000000E+00
3.2186E+04 1.06263056E-05 0.00000000E+00
3.2209E+04 1.06264039E-05 0.00000000E+00
3.2233E+04 1.06309346E-05 0.00000000E+00
3.2256E+04 1.06351710E-05 0.00000000E+00
3.2280E+04 1.06354531E-05 0.00000000E+00
3.2303E+04 1.06379039E-05 0.00000000E+00
3.2327E+04 1.06436439E-05 0.00000000E+00
3.2351E+04 1.06461874E-05 0.00000000E+00
3.2374E+04 1.06470410E-05 0.00000000E+00
3.2398E+04 1.06519597E-05 0.00000000E+00
3.2421E+04 1.06571309E-05 0.00000000E+00
3.2445E+04 1.06584336E-05 0.00000000E+00
3.2468E+04 1.06612601E-05 0.00000000E+00
3.2492E+04 1.06674651E-05 0.00000000E+00
3.2515E+04 1.06710059E-05 0.00000000E+00
3.2539E+04 1.06724919E-05 0.00000000E+00
3.2563E+04 1.06775806E-05 0.00000000E+00
3.2586E+04 1.06833848E-05 0.00000000E+00
3.2610E+04 1.06855263E-05 0.00000000E+00
3.2633E+04 1.06885787E-05 0.00000000E+00
3.2657E+04 1.06949628E-05 0.00000000E+00
3.2680E+04 1.06992305E-05 0.00000000E+00
3.2704E+04 1.07012041E-05 0.00000000E+00
3.2728E+04 1.07062514E-05 0.00000000E+00
3.2751E+04 1.07123750E-05 0.00000000E+00
3.2775E+04 1.07151448E-05 0.00000000E+00
3.2798E+04 1.07182728E-05 0.00000000E+00
3.2822E+04 1.07245591E-05 0.00000000E+00
3.2845E+04 1.07292648E-05 0.00000000E+00
3.2869E+04 1.07315668E-05 0.00000000E+00
3.2892E+04 1.07363766E-05 0.00000000E+00
3.2916E+04 1.07425093E-05 0.00000000E+00
3.2940E+04 1.07456785E-05 0.00000000E+00
3.2963E+04 1.07487375E-05 0.00000000E+00
3.2987E+04 1.07546708E-05 0.00000000E+00
3.3010E+04 1.07595203E-05 0.00000000E+00
3.3034E+04 1.07619846E-05 0.00000000E+00
3.3057E+04 1.07663844E-05 0.00000000E+00
3.3081E+04 1.07722333E-05 0.00000000E+00
3.3105E+04 1.07755658E-05 0.00000000E+00
3.3128E+04 1.07784229E-05 0.00000000E+00
3.3152E+04 1.07837805E-05 0.00000000E+00
3.3175E+04 1.07884888E-05 0.00000000E+00
3.3199E+04 1.07909499E-05 0.00000000E+00
3.3222E+04 1.07947979E-05 0.00000000E+00
3.3246E+04 1.08001012E-05 0.00000000E+00
3.3269E+04 1.08033652E-05 0.00000000E+00
3.3293E+04 1.08059049E-05 0.00000000E+00
3.3317E+04 1.08105061E-05 0.00000000E+00
3.3340E+04 1.08148113E-05 0.00000000E+00
3.3364E+04 1.08171123E-05 0.00000000E+00
3.3387E+04 1.08203025E-05 0.00000000E+00
3.3411E+04 1.08248410E-05 0.00000000E+00
3.3434E+04 1.08278203E-05 0.00000000E+00
3.3458E+04 1.08299485E-05 0.00000000E+00
3.3482E+04 1.08336614E-05 0.00000000E+00
3.3505E+04 1.08373360E-05 0.00000000E+00
3.3529E+04 1.08393352E-05 0.00000000E+00
3.3552E+04 1.08417998E-05 0.00000000E+00
3.3576E+04 1.08454049E-05 0.00000000E+00
3.3599E+04 1.08479081E-05 0.00000000E+00
3.3623E+04 1.08495546E-05 0.00000000E+00
3.3646E+04 1.08522982E-05 0.00000000E+00
3.3670E+04 1.08551580E-05 0.00000000E+00
3.3694E+04 1.08567337E-05 0.00000000E+00
3.3717E+04 1.08584433E-05 0.00000000E+00
3.3741E+04 1.08610014E-05 0.00000000E+00
3.3764E+04 1.08628688E-05 0.00000000E+00
3.3788E+04 1.08639883E-05 0.00000000E+00
3.3811E+04 1.08657332E-05 0.00000000E+00
3.3835E+04 1.08676429E-05 0.00000000E+00
3.3859E+04 1.08686981E-05 0.00000000E+00
3.3882E+04 1.08696597E-05 0.00000000E+00
3.3906E+04 1.08711147E-05 0.00000000E+00
3.3929E+04 1.08722245E-05 0.00000000E+00
3.3953E+04 1.08727968E-05 0.00000000E+00
3.3976E+04 1.08735636E-05 0.00000000E+00
3.4000E+04 1.08744415E-05 0.00000000E+00
3.4023E+04 1.08749066E-05 0.00000000E+00
3.4047E+04 1.08751618E-05 0.00000000E+00
3.4071E+04 1.08755149E-05 0.00000000E+00
3.4094E+04 1.08757874E-05 0.00000000E+00
3.4118E+04 1.08758173E-05 0.00000000E+00
3.4141E+04 1.08756729E-05 0.00000000E+00
3.4165E+04 1.08754923E-05 0.00000000E+00
3.4188E+04 1.08753279E-05 0.00000000E+00
3.4212E+04 1.08749482E-05 0.00000000E+00
3.4236E+04 1.08742549E-05 0.00000000E+00
3.4259E+04 1.08736549E-05 0.00000000E+00
3.4283E+04 1.08731698E-05 0.00000000E+00
3.4306E+04 1.08722208E-05 0.00000000E+00
3.4330E+04 1.08710086E-05 0.00000000E+00
3.4353E+04 1.08702056E-05 0.00000000E+00
3.4377E+04 1.08692864E-05 0.00000000E+00
3.4400E+04 1.08676500E-05 0.00000000E+00
3.4424E+04 1.08661855E-05 0.00000000E+00
3.4448E+04 1.08652334E-05 0.00000000E+00
3.4471E+04 1.08636175E-05 0.00000000E+00
3.4495E+04 1.08614487E-05 0.00000000E+00
3.4518E+04 1.08600273E-05 0.00000000E+00
3.4542E+04 1.08586818E-05 0.00000000E+00
3.4565E+04 1.08562446E-05 0.00000000E+00
3.4589E+04 1.08539642E-05 0.00000000E+00
3.4612E+04 1.08526094E-05 0.00000000E+00
3.4636E+04 1.08504871E-05 0.00000000E+00
3.4660E+04 1.08474789E-05 0.00000000E+00
3.4683E+04 1.08454857E-05 0.00000000E+00
3.4707E+04 1.08438385E-05 0.00000000E+00
3.4730E+04 1.08407731E-05 0.00000000E+00
3.4754E+04 1.08377617E-05 0.00000000E+00
3.4777E+04 1.08360819E-05 0.00000000E+00
3.4801E+04 1.08336275E-05 0.00000000E+00
3.4825E+04 1.08299313E-05 0.00000000E+00
3.4848E+04 1.08274370E-05 0.00000000E+00
3.4872E+04 1.08256178E-05 0.00000000E+00
3.4895E+04 1.08221174E-05 0.00000000E+00
3.4919E+04 1.08184907E-05 0.00000000E+00
3.4942E+04 1.08165731E-05 0.00000000E+00
3.4966E+04 1.08139657E-05 0.00000000E+00
3.4989E+04 1.08097584E-05 0.00000000E+00
3.5013E+04 1.08068533E-05 0.00000000E+00
3.5037E+04 1.08049909E-05 0.00000000E+00
3.5060E+04 1.08012584E-05 0.00000000E+00
3.5084E+04 1.07971558E-05 0.00000000E+00
3.5107E+04 1.07950925E-05 0.00000000E+00
3.5131E+04 1.07925070E-05 0.00000000E+00
3.5154E+04 1.07879803E-05 0.00000000E+00
3.5178E+04 1.07847689E-05 0.00000000E+00
3.5202E+04 1.07829847E-05 0.00000000E+00
3.5225E+04 1.07792218E-05 0.00000000E+00
3.5249E+04 1.07747979E-05 0.00000000E+00
3.5272E+04 1.07726816E-05 0.00000000E+00
3.5296E+04 1.07702800E-05 0.00000000E+00
3.5319E+04 1.07656300E-05 0.00000000E+00
3.5343E+04 1.07622254E-05 0.00000000E+00
3.5366E+04 1.07606287E-05 0.00000000E+00
3.5390E+04 1.07570262E-05 0.00000000E+00
3.5414E+04 1.07524424E-05 0.00000000E+00
3.5437E+04 1.07503621E-05 0.00000000E+00
3.5461E+04 1.07482873E-05 0.00000000E+00
3.5484E+04 1.07437048E-05 0.00000000E+00
3.5508E+04 1.07402230E-05 0.00000000E+00
3.5531E+04 1.07389068E-05 0.00000000E+00
3.5555E+04 1.07356368E-05 0.00000000E+00
3.5579E+04 1.07310536E-05 0.00000000E+00
3.5602E+04 1.07290915E-05 0.00000000E+00
3.5626E+04 1.07274621E-05 0.00000000E+00
3.5649E+04 1.07231244E-05 0.00000000E+00
3.5673E+04 1.07196789E-05 0.00000000E+00
3.5696E+04 1.07187175E-05 0.00000000E+00
3.5720E+04 1.07159265E-05 0.00000000E+00
3.5743E+04 1.07114958E-05 0.00000000E+00
3.5767E+04 1.07097239E-05 0.00000000E+00
3.5791E+04 1.07086303E-05 0.00000000E+00
3.5814E+04 1.07046935E-05 0.00000000E+00
3.5838E+04 1.07013904E-05 0.00000000E+00
3.5861E+04 1.07008364E-05 0.00000000E+00
3.5885E+04 1.06986396E-05 0.00000000E+00
3.5908E+04 1.06944983E-05 0.00000000E+00
3.5932E+04 1.06929755E-05 0.00000000E+00
3.5956E+04 1.06924770E-05 0.00000000E+00
3.5979E+04 1.06890692E-05 0.00000000E+00
3.6003E+04 1.06860018E-05 0.00000000E+00
3.6026E+04 1.06858854E-05 0.00000000E+00
3.6050E+04 1.06843629E-05 0.00000000E+00
3.6073E+04 1.06806261E-05 0.00000000E+00
3.6097E+04 1.06793963E-05 0.00000000E+00
3.6120E+04 1.06795201E-05 0.00000000E+00
3.6144E+04 1.06767369E-05 0.00000000E+00
3.6168E+04 1.06739825E-05 0.00000000E+00
3.6191E+04 1.06743113E-05 0.00000000E+00
3.6215E+04 1.06735065E-05 0.00000000E+00
3.6238E+04 1.06702640E-05 0.00000000E+00
3.6262E+04 1.06693547E-05 0.00000000E+00
3.6285E+04 1.06700975E-05 0.00000000E+00
3.6309E+04 1.06679998E-05 0.00000000E+00
3.6333E+04 1.06656165E-05 0.00000000E+00
3.6356E+04 1.06663770E-05 0.00000000E+00
3.6380E+04 1.06662974E-05 0.00000000E+00
3.6403E+04 1.06636109E-05 0.00000000E+00
3.6427E+04 1.06630336E-05 0.00000000E+00
3.6450E+04 1.06643632E-05 0.00000000E+00
3.6474E+04 1.06629767E-05 0.00000000E+00
3.6497E+04 1.06610023E-05 0.00000000E+00
3.6521E+04 1.06621619E-05 0.00000000E+00
3.6545E+04 1.06627810E-05 0.00000000E+00
3.6568E+04 1.06606829E-05 0.00000000E+00
3.6592E+04 1.06604329E-05 0.00000000E+00
3.6615E+04 1.06622919E-05 0.00000000E+00
3.6639E+04 1.06616073E-05 0.00000000E+00
3.6662E+04 1.06600586E-05 0.00000000E+00
3.6686E+04 1.06615679E-05 0.00000000E+00
3.6710E+04 1.06628276E-05 0.00000000E+00
3.6733E+04 1.06613207E-05 0.00000000E+00
3.6757E+04 1.06613784E-05 0.00000000E+00
3.6780E+04 1.06636877E-05 0.00000000E+00
3.6804E+04 1.06636634E-05 0.00000000E+00
3.6827E+04 1.06625360E-05 0.00000000E+00
3.6851E+04 1.06643321E-05 0.00000000E+00
3.6874E+04 1.06661478E-05 0.00000000E+00
3.6898E+04 1.06652068E-05 0.00000000E+00
3.6922E+04 1.06655392E-05 0.00000000E+00
3.6945E+04 1.06682035E-05 0.00000000E+00
3.6969E+04 1.06687690E-05 0.00000000E+00
3.6992E+04 1.06680387E-05 0.00000000E+00
3.7016E+04 1.06700494E-05 0.00000000E+00
3.7039E+04 1.06723157E-05 0.00000000E+00
3.7063E+04 1.06718900E-05 0.00000000E+00
3.7087E+04 1.06724534E-05 0.00000000E+00
3.7110E+04 1.06753668E-05 0.00000000E+00
3.7134E+04 1.06764286E-05 0.00000000E+00
3.7157E+04 1.06760541E-05 0.00000000E+00
3.7181E+04 1.06782016E-05 0.00000000E+00
3.7204E+04 1.06807986E-05 0.00000000E+00
3.7228E+04 1.06808166E-05 0.00000000E+00
3.7251E+04 1.06815591E-05 0.00000000E+00
3.7275E+04 1.06846110E-05 0.00000000E+00
3.7299E+04 1.06860579E-05 0.00000000E+00
3.7322E+04 1.06859834E-05 0.00000000E+00
3.7346E+04 1.06881886E-05 0.00000000E+00
3.7369E+04 1.06909885E-05 0.00000000E+00
3.7393E+04 1.06913618E-05 0.00000000E+00
3.7416E+04 1.06922260E-05 0.00000000E+00
3.7440E+04 1.06953061E-05 0.00000000E+00
3.7463E+04 1.06970153E-05 0.00000000E+00
3.7487E+04 1.06971739E-05 0.00000000E+00
3.7511E+04 1.06993597E-05 0.00000000E+00
3.7534E+04 1.07022329E-05 0.00000000E+00
3.7558E+04 1.07028608E-05 0.00000000E+00
3.7581E+04 1.07037867E-05 0.00000000E+00
3.7605E+04 1.07067904E-05 0.00000000E+00
3.7628E+04 1.07086339E-05 0.00000000E+00
3.7652E+04 1.07089508E-05 0.00000000E+00
3.7676E+04 1.07110456E-05 0.00000000E+00
3.7699E+04 1.07138670E-05 0.00000000E+00
3.7723E+04 1.07146425E-05 0.00000000E+00
3.7746E+04 1.07155702E-05 0.00000000E+00
3.7770E+04 1.07184031E-05 0.00000000E+00
3.7793E+04 1.07202544E-05 0.00000000E+00
3.7817E+04 1.07206510E-05 0.00000000E+00
3.7840E+04 1.07225920E-05 0.00000000E+00
3.7864E+04 1.07252473E-05 0.00000000E+00
3.7888E+04 1.07260624E-05 0.00000000E+00
3.7911E+04 1.07269349E-05 0.00000000E+00
3.7935E+04 1.07295173E-05 0.00000000E+00
3.7958E+04 1.07312572E-05 0.00000000E+00
3.7982E+04 1.07316552E-05 0.00000000E+00
3.8005E+04 1.07333907E-05 0.00000000E+00
3.8029E+04 1.07357811E-05 0.00000000E+00
3.8053E+04 1.07365319E-05 0.00000000E+00
3.8076E+04 1.07372978E-05 0.00000000E+00
3.8100E+04 1.07395669E-05 0.00000000E+00
3.8123E+04 1.07410892E-05 0.00000000E+00
3.8147E+04 1.07414139E-05 0.00000000E+00
3.8170E+04 1.07429046E-05 0.00000000E+00
3.8194E+04 1.07449503E-05 0.00000000E+00
3.8217E+04 1.07455417E-05 0.00000000E+00
3.8241E+04 1.07461564E-05 0.00000000E+00
3.8265E+04 1.07480684E-05 0.00000000E+00
3.8288E+04 1.07492835E-05 0.00000000E+00
3.8312E+04 1.07494669E-05 0.00000000E+00
3.8335E+04 1.07506870E-05 0.00000000E+00
3.8359E+04 1.07523298E-05 0.00000000E+00
3.8382E+04 1.07526794E-05 0.00000000E+00
3.8406E+04 1.07531068E-05 0.00000000E+00
3.8430E+04 1.07546376E-05 0.00000000E+00
3.8453E+04 1.07554763E-05 0.00000000E+00
3.8477E+04 1.07554599E-05 0.00000000E+00
3.8500E+04 1.07563973E-05 0.00000000E+00
3.8524E+04 1.07576024E-05 0.00000000E+00
3.8547E+04 1.07576436E-05 0.00000000E+00
3.8571E+04 1.07578576E-05 0.00000000E+00
3.8594E+04 1.07590029E-05 0.00000000E+00
3.8618E+04 1.07594185E-05 0.00000000E+00
3.8642E+04 1.07591559E-05 0.00000000E+00
3.8665E+04 1.07598118E-05 0.00000000E+00
3.8689E+04 1.07605682E-05 0.00000000E+00
3.8712E+04 1.07602532E-05 0.00000000E+00
3.8736E+04 1.07602380E-05 0.00000000E+00
3.8759E+04 1.07610123E-05 0.00000000E+00
3.8783E+04 1.07609818E-05 0.00000000E+00
3.8807E+04 1.07604400E-05 0.00000000E+00
3.8830E+04 1.07608282E-05 0.00000000E+00
3.8854E+04 1.07611477E-05 0.00000000E+00
3.8877E+04 1.07604484E-05 0.00000000E+00
3.8901E+04 1.07601987E-05 0.00000000E+00
3.8924E+04 1.07606329E-05 0.00000000E+00
3.8948E+04 1.07601567E-05 0.00000000E+00
3.8971E+04 1.07593171E-05 0.00000000E+00
3.8995E+04 1.07594620E-05 0.00000000E+00
3.9019E+04 1.07593768E-05 0.00000000E+00
3.9042E+04 1.07582849E-05 0.00000000E+00
3.9066E+04 1.07578054E-05 0.00000000E+00
3.9089E+04 1.07579446E-05 0.00000000E+00
3.9113E+04 1.07570446E-05 0.00000000E+00
3.9136E+04 1.07559029E-05 0.00000000E+00
3.9160E+04 1.07558379E-05 0.00000000E+00
3.9184E+04 1.07553979E-05 0.00000000E+00
3.9207E+04 1.07539246E-05 0.00000000E+00
3.9231E+04 1.07532291E-05 0.00000000E+00
3.9254E+04 1.07531294E-05 0.00000000E+00
3.9278E+04 1.07518472E-05 0.00000000E+00
3.9301E+04 1.07504130E-05 0.00000000E+00
3.9325E+04 1.07501783E-05 0.00000000E+00
3.9348E+04 1.07494480E-05 0.00000000E+00
3.9372E+04 1.07476222E-05 0.00000000E+00
3.9396E+04 1.07467330E-05 0.00000000E+00
3.9419E+04 1.07464580E-05 0.00000000E+00
3.9443E+04 1.07448520E-05 0.00000000E+00
3.9466E+04 1.07431480E-05 0.00000000E+00
3.9490E+04 1.07427886E-05 0.00000000E+00
3.9513E+04 1.07418429E-05 0.00000000E+00
3.9537E+04 1.07397093E-05 0.00000000E+00
3.9561E+04 1.07386556E-05 0.00000000E+00
3.9584E+04 1.07382732E-05 0.00000000E+00
3.9608E+04 1.07364143E-05 0.00000000E+00
3.9631E+04 1.07344745E-05 0.00000000E+00
3.9655E+04 1.07340376E-05 0.00000000E+00
3.9678E+04 1.07329575E-05 0.00000000E+00
3.9702E+04 1.07305731E-05 0.00000000E+00
3.9725E+04 1.07293893E-05 0.00000000E+00
3.9749E+04 1.07289678E-05 0.00000000E+00
3.9773E+04 1.07269356E-05 0.00000000E+00
3.9796E+04 1.07248030E-05 0.00000000E+00
3.9820E+04 1.07243353E-05 0.00000000E+00
3.9843E+04 1.07232036E-05 0.00000000E+00
3.9867E+04 1.07206344E-05 0.00000000E+00
3.9890E+04 1.07193583E-05 0.00000000E+00
3.9914E+04 1.07189634E-05 0.00000000E+00
3.9937E+04 1.07168414E-05 0.00000000E+00
3.9961E+04 1.07145654E-05 0.00000000E+00
3.9985E+04 1.07141119E-05 0.00000000E+00
