0.0000E+00 0.00000000E+00 0.00000000E+00
2.3562E+01 0.00000000E+00 0.00000000E+00
4.7124E+01 0.00000000E+00 0.00000000E+00
7.0686E+01 0.00000000E+00 0.00000000E+00
9.4248E+01 0.00000000E+00 0.00000000E+00
1.1781E+02 0.00000000E+00 0.00000000E+00
1.4137E+02 0.00000000E+00 0.00000000E+00
1.6493E+02 0.00000000E+00 0.00000000E+00
1.8850E+02 0.00000000E+00 0.00000000E+00
2.1206E+02 0.00000000E+00 0.00000000E+00
2.3562E+02 0.00000000E+00 0.00000000E+00
2.5918E+02 3.17185504E-274 0.00000000E+00
2.8274E+02 3.52142221E-221 0.00000000E+00
3.0631E+02 1.64506149E-178 0.00000000E+00
3.2987E+02 3.45203151E-143 0.00000000E+00
3.5343E+02 1.21675266E-113 0.00000000E+00
3.7699E+02 5.80028283E-89 0.00000000E+00
4.0055E+02 1.06278847E-68 0.00000000E+00
4.2412E+02 5.90508788E-56 0.00000000E+00
4.4768E+02 3.76318929E-38 0.00000000E+00
4.7124E+02 1.19993388E-27 0.00000000E+00
4.9480E+02 3.15155183E-21 0.00000000E+00
5.1836E+02 3.13272004E-19 0.00000000E+00
5.4192E+02 6.52576664E-19 0.00000000E+00
5.6549E+02 9.58839902E-19 0.00000000E+00
5.8905E+02 1.48957838E-18 0.00000000E+00
6.1261E+02 2.53734572E-18 0.00000000E+00
6.3617E+02 3.48035770E-18 0.00000000E+00
6.5973E+02 5.37843908E-18 0.00000000E+00
6.8330E+02 1.01124669E-17 0.00000000E+00
7.0686E+02 1.51985574E-17 0.00000000E+00
7.3042E+02 2.03704305E-17 0.00000000E+00
7.5398E+02 3.39391458E-17 0.00000000E+00
7.7754E+02 5.43977163E-17 0.00000000E+00
8.0111E+02 7.07514780E-17 0.00000000E+00
8.2467E+02 1.00088456E-16 0.00000000E+00
8.4823E+02 1.64132001E-16 0.00000000E+00
8.7179E+02 2.27354490E-16 0.00000000E+00
8.9535E+02 2.89572559E-16 0.00000000E+00
9.1892E+02 4.42112019E-16 0.00000000E+00
9.4248E+02 6.72153605E-16 0.00000000E+00
9.6604E+02 8.52966703E-16 0.00000000E+00
9.8960E+02 1.16189485E-15 0.00000000E+00
1.0132E+03 1.82866441E-15 0.00000000E+00
1.0367E+03 2.49636191E-15 0.00000000E+00
1.0603E+03 3.11849680E-15 0.00000000E+00
1.0838E+03 4.62435782E-15 0.00000000E+00
1.1074E+03 6.85633115E-15 0.00000000E+00
1.1310E+03 8.58436953E-15 0.00000000E+00
1.1545E+03 1.13732349E-14 0.00000000E+00
1.1781E+03 1.73261125E-14 0.00000000E+00
1.2017E+03 2.33206628E-14 0.00000000E+00
1.2252E+03 2.86276198E-14 0.00000000E+00
1.2488E+03 4.10793696E-14 0.00000000E+00
1.2723E+03 5.97389719E-14 0.00000000E+00
1.2959E+03 7.40300458E-14 0.00000000E+00
1.3195E+03 9.56003234E-14 0.00000000E+00
1.3430E+03 1.41608486E-13 0.00000000E+00
1.3666E+03 1.88292171E-13 0.00000000E+00
1.3902E+03 2.27622514E-13 0.00000000E+00
1.4137E+03 3.16799729E-13 0.00000000E+00
1.4373E+03 4.51773300E-13 0.00000000E+00
1.4608E+03 5.54423155E-13 0.00000000E+00
1.4844E+03 6.99493083E-13 0.00000000E+00
1.5080E+03 1.00898120E-12 0.00000000E+00
1.5315E+03 1.32606708E-12 0.00000000E+00
1.5551E+03 1.58151132E-12 0.00000000E+00
1.5787E+03 2.14072561E-12 0.00000000E+00
1.6022E+03 2.99557304E-12 0.00000000E+00
1.6258E+03 3.64223049E-12 0.00000000E+00
1.6493E+03 4.49983269E-12 0.00000000E+00
1.6729E+03 6.32568348E-12 0.00000000E+00
1.6965E+03 8.21318544E-12 0.00000000E+00
1.7200E+03 9.67393782E-12 0.00000000E+00
1.7436E+03 1.27563861E-11 0.00000000E+00
1.7671E+03 1.75095558E-11 0.00000000E+00
1.7907E+03 2.10907959E-11 0.00000000E+00
1.8143E+03 2.55587418E-11 0.00000000E+00
1.8378E+03 3.50324913E-11 0.00000000E+00
1.8614E+03 4.49034711E-11 0.00000000E+00
1.8850E+03 5.22722814E-11 0.00000000E+00
1.9085E+03 6.72451525E-11 0.00000000E+00
1.9321E+03 9.04933706E-11 0.00000000E+00
1.9556E+03 1.07949907E-10 0.00000000E+00
1.9792E+03 1.28509694E-10 0.00000000E+00
2.0028E+03 1.71839493E-10 0.00000000E+00
2.0263E+03 2.17275719E-10 0.00000000E+00
2.0499E+03 2.50123879E-10 0.00000000E+00
2.0735E+03 3.14393454E-10 0.00000000E+00
2.0970E+03 4.14669908E-10 0.00000000E+00
2.1206E+03 4.89712151E-10 0.00000000E+00
2.1441E+03 5.73512324E-10 0.00000000E+00
2.1677E+03 7.48712359E-10 0.00000000E+00
2.1913E+03 9.33263402E-10 0.00000000E+00
2.2148E+03 1.06294488E-09 0.00000000E+00
2.2384E+03 1.30748762E-09 0.00000000E+00
2.2619E+03 1.69003925E-09 0.00000000E+00
2.2855E+03 1.97524053E-09 0.00000000E+00
2.3091E+03 2.27868326E-09 0.00000000E+00
2.3326E+03 2.90700141E-09 0.00000000E+00
2.3562E+03 3.57045469E-09 0.00000000E+00
2.3798E+03 4.02503588E-09 0.00000000E+00
2.4033E+03 4.85268334E-09 0.00000000E+00
2.4269E+03 6.14782514E-09 0.00000000E+00
2.4504E+03 7.10894598E-09 0.00000000E+00
2.4740E+03 8.08830768E-09 0.00000000E+00
2.4976E+03 1.00941865E-08 0.00000000E+00
2.5211E+03 1.22125266E-08 0.00000000E+00
2.5447E+03 1.36317164E-08 0.00000000E+00
2.5683E+03 1.61329461E-08 0.00000000E+00
2.5918E+03 2.00392033E-08 0.00000000E+00
2.6154E+03 2.29215188E-08 0.00000000E+00
2.6389E+03 2.57495953E-08 0.00000000E+00
2.6625E+03 3.14739442E-08 0.00000000E+00
2.6861E+03 3.75058992E-08 0.00000000E+00
2.7096E+03 4.14667429E-08 0.00000000E+00
2.7332E+03 4.82460204E-08 0.00000000E+00
2.7567E+03 5.87890097E-08 0.00000000E+00
2.7803E+03 6.65143632E-08 0.00000000E+00
2.8039E+03 7.38529273E-08 0.00000000E+00
2.8274E+03 8.85253779E-08 0.00000000E+00
2.8510E+03 1.03916917E-07 0.00000000E+00
2.8746E+03 1.13843455E-07 0.00000000E+00
2.8981E+03 1.30403349E-07 0.00000000E+00
2.9217E+03 1.55997118E-07 0.00000000E+00
2.9452E+03 1.74597267E-07 0.00000000E+00
2.9688E+03 1.91793442E-07 0.00000000E+00
2.9924E+03 2.25749562E-07 0.00000000E+00
3.0159E+03 2.61136658E-07 0.00000000E+00
3.0395E+03 2.83592904E-07 0.00000000E+00
3.0631E+03 3.20244542E-07 0.00000000E+00
3.0866E+03 3.76443538E-07 0.00000000E+00
3.1102E+03 4.16907332E-07 0.00000000E+00
3.1337E+03 4.53492625E-07 0.00000000E+00
3.1573E+03 5.24853089E-07 0.00000000E+00
3.1809E+03 5.98609746E-07 0.00000000E+00
3.2044E+03 6.44739127E-07 0.00000000E+00
3.2280E+03 7.18661676E-07 0.00000000E+00
3.2515E+03 8.30974022E-07 0.00000000E+00
3.2751E+03 9.11030996E-07 0.00000000E+00
3.2987E+03 9.82117135E-07 0.00000000E+00
3.3222E+03 1.11913540E-06 0.00000000E+00
3.3458E+03 1.25943394E-06 0.00000000E+00
3.3694E+03 1.34604213E-06 0.00000000E+00
3.3929E+03 1.48272976E-06 0.00000000E+00
3.4165E+03 1.68836659E-06 0.00000000E+00
3.4400E+03 1.83344395E-06 0.00000000E+00
3.4636E+03 1.96037621E-06 0.00000000E+00
3.4872E+03 2.20229620E-06 0.00000000E+00
3.5107E+03 2.44759946E-06 0.00000000E+00
3.5343E+03 2.59726749E-06 0.00000000E+00
3.5579E+03 2.83043617E-06 0.00000000E+00
3.5814E+03 3.17778213E-06 0.00000000E+00
3.6050E+03 3.42041213E-06 0.00000000E+00
3.6285E+03 3.63005635E-06 0.00000000E+00
3.6521E+03 4.02544661E-06 0.00000000E+00
3.6757E+03 4.42263443E-06 0.00000000E+00
3.6992E+03 4.66244881E-06 0.00000000E+00
3.7228E+03 5.03175891E-06 0.00000000E+00
3.7463E+03 5.57691657E-06 0.00000000E+00
3.7699E+03 5.95433910E-06 0.00000000E+00
3.7935E+03 6.27674794E-06 0.00000000E+00
3.8170E+03 6.87902659E-06 0.00000000E+00
3.8406E+03 7.47917002E-06 0.00000000E+00
3.8642E+03 7.83814097E-06 0.00000000E+00
3.8877E+03 8.38482896E-06 0.00000000E+00
3.9113E+03 9.18566787E-06 0.00000000E+00
3.9348E+03 9.73607977E-06 0.00000000E+00
3.9584E+03 1.02009001E-05 0.00000000E+00
3.9820E+03 1.10618673E-05 0.00000000E+00
4.0055E+03 1.19146215E-05 0.00000000E+00
4.0291E+03 1.24204015E-05 0.00000000E+00
4.0527E+03 1.31817915E-05 0.00000000E+00
4.0762E+03 1.42909832E-05 0.00000000E+00
4.0998E+03 1.50494481E-05 0.00000000E+00
4.1233E+03 1.56819910E-05 0.00000000E+00
4.1469E+03 1.68450683E-05 0.00000000E+00
4.1705E+03 1.79932229E-05 0.00000000E+00
4.1940E+03 1.86690371E-05 0.00000000E+00
4.2176E+03 1.96734398E-05 0.00000000E+00
4.2412E+03 2.11323859E-05 0.00000000E+00
4.2647E+03 2.21275167E-05 0.00000000E+00
4.2883E+03 2.29455922E-05 0.00000000E+00
4.3118E+03 2.44406129E-05 0.00000000E+00
4.3354E+03 2.59161999E-05 0.00000000E+00
4.3590E+03 2.67787889E-05 0.00000000E+00
4.3825E+03 2.80421594E-05 0.00000000E+00
4.4061E+03 2.98772809E-05 0.00000000E+00
4.4296E+03 3.11294069E-05 0.00000000E+00
4.4532E+03 3.21417106E-05 0.00000000E+00
4.4768E+03 3.39824266E-05 0.00000000E+00
4.5003E+03 3.58050457E-05 0.00000000E+00
4.5239E+03 3.68639714E-05 0.00000000E+00
4.5475E+03 3.83889672E-05 0.00000000E+00
4.5710E+03 4.06107990E-05 0.00000000E+00
4.5946E+03 4.21316810E-05 0.00000000E+00
4.6181E+03 4.33378907E-05 0.00000000E+00
4.6417E+03 4.55222670E-05 0.00000000E+00
4.6653E+03 4.76994034E-05 0.00000000E+00
4.6888E+03 4.89575365E-05 0.00000000E+00
4.7124E+03 5.07347151E-05 0.00000000E+00
4.7360E+03 5.33392368E-05 0.00000000E+00
4.7595E+03 5.51328550E-05 0.00000000E+00
4.7831E+03 5.65250081E-05 0.00000000E+00
4.8066E+03 5.90374871E-05 0.00000000E+00
4.8302E+03 6.15660162E-05 0.00000000E+00
4.8538E+03 6.30206859E-05 0.00000000E+00
4.8773E+03 6.50310012E-05 0.00000000E+00
4.9009E+03 6.80021339E-05 0.00000000E+00
4.9244E+03 7.00658822E-05 0.00000000E+00
4.9480E+03 7.16303440E-05 0.00000000E+00
4.9716E+03 7.44449663E-05 0.00000000E+00
4.9951E+03 7.73129841E-05 0.00000000E+00
5.0187E+03 7.89572487E-05 0.00000000E+00
5.0423E+03 8.11749415E-05 0.00000000E+00
5.0658E+03 8.44872528E-05 0.00000000E+00
5.0894E+03 8.68130357E-05 0.00000000E+00
5.1129E+03 8.85324697E-05 0.00000000E+00
5.1365E+03 9.16159957E-05 0.00000000E+00
5.1601E+03 9.48044570E-05 0.00000000E+00
5.1836E+03 9.66281632E-05 0.00000000E+00
5.2072E+03 9.90234463E-05 0.00000000E+00
5.2308E+03 1.02644572E-04 0.00000000E+00
5.2543E+03 1.05219630E-04 0.00000000E+00
5.2779E+03 1.07074657E-04 0.00000000E+00
5.3014E+03 1.10389306E-04 0.00000000E+00
5.3250E+03 1.13873375E-04 0.00000000E+00
5.3486E+03 1.15863938E-04 0.00000000E+00
5.3721E+03 1.18405244E-04 0.00000000E+00
5.3957E+03 1.22297977E-04 0.00000000E+00
5.4192E+03 1.25105530E-04 0.00000000E+00
5.4428E+03 1.27076016E-04 0.00000000E+00
5.4664E+03 1.30581791E-04 0.00000000E+00
5.4899E+03 1.34332069E-04 0.00000000E+00
5.5135E+03 1.36475062E-04 0.00000000E+00
5.5371E+03 1.39130854E-04 0.00000000E+00
5.5606E+03 1.43255041E-04 0.00000000E+00
5.5842E+03 1.46274946E-04 0.00000000E+00
5.6077E+03 1.48340978E-04 0.00000000E+00
5.6313E+03 1.51997659E-04 0.00000000E+00
5.6549E+03 1.55981477E-04 0.00000000E+00
5.6784E+03 1.58261166E-04 0.00000000E+00
5.7020E+03 1.61001364E-04 0.00000000E+00
5.7256E+03 1.65315724E-04 0.00000000E+00
5.7491E+03 1.68525279E-04 0.00000000E+00
5.7727E+03 1.70667896E-04 0.00000000E+00
5.7962E+03 1.74436747E-04 0.00000000E+00
5.8198E+03 1.78619590E-04 0.00000000E+00
5.8434E+03 1.81019477E-04 0.00000000E+00
5.8669E+03 1.83816524E-04 0.00000000E+00
5.8905E+03 1.88280367E-04 0.00000000E+00
5.9140E+03 1.91655266E-04 0.00000000E+00
5.9376E+03 1.93856989E-04 0.00000000E+00
5.9612E+03 1.97702115E-04 0.00000000E+00
5.9847E+03 2.02049088E-04 0.00000000E+00
6.0083E+03 2.04552469E-04 0.00000000E+00
6.0319E+03 2.07382027E-04 0.00000000E+00
6.0554E+03 2.11956733E-04 0.00000000E+00
6.0790E+03 2.15472087E-04 0.00000000E+00
6.1025E+03 2.17717242E-04 0.00000000E+00
6.1261E+03 2.21606537E-04 0.00000000E+00
6.1497E+03 2.26083696E-04 0.00000000E+00
6.1732E+03 2.28674171E-04 0.00000000E+00
6.1968E+03 2.31515441E-04 0.00000000E+00
6.2204E+03 2.36165564E-04 0.00000000E+00
6.2439E+03 2.39796829E-04 0.00000000E+00
6.2675E+03 2.42071681E-04 0.00000000E+00
6.2910E+03 2.45977296E-04 0.00000000E+00
6.3146E+03 2.50552694E-04 0.00000000E+00
6.3382E+03 2.53214580E-04 0.00000000E+00
6.3617E+03 2.56050284E-04 0.00000000E+00
6.3853E+03 2.60744197E-04 0.00000000E+00
6.4088E+03 2.64467910E-04 0.00000000E+00
6.4324E+03 2.66760620E-04 0.00000000E+00
6.4560E+03 2.70659027E-04 0.00000000E+00
6.4795E+03 2.75303383E-04 0.00000000E+00
6.5031E+03 2.78021991E-04 0.00000000E+00
6.5267E+03 2.80838105E-04 0.00000000E+00
6.5502E+03 2.85548222E-04 0.00000000E+00
6.5738E+03 2.89342487E-04 0.00000000E+00
6.5973E+03 2.91642967E-04 0.00000000E+00
6.6209E+03 2.95514696E-04 0.00000000E+00
6.6445E+03 3.00201719E-04 0.00000000E+00
6.6680E+03 3.02963496E-04 0.00000000E+00
6.6916E+03 3.05748843E-04 0.00000000E+00
6.7152E+03 3.10451517E-04 0.00000000E+00
6.7387E+03 3.14296260E-04 0.00000000E+00
6.7623E+03 3.16595949E-04 0.00000000E+00
6.7858E+03 3.20425153E-04 0.00000000E+00
6.8094E+03 3.25131582E-04 0.00000000E+00
6.8330E+03 3.27924155E-04 0.00000000E+00
6.8565E+03 3.30669957E-04 0.00000000E+00
6.8801E+03 3.35345178E-04 0.00000000E+00
6.9036E+03 3.39222224E-04 0.00000000E+00
6.9272E+03 3.41513874E-04 0.00000000E+00
6.9508E+03 3.45287854E-04 0.00000000E+00
6.9743E+03 3.49993342E-04 0.00000000E+00
6.9979E+03 3.52805490E-04 0.00000000E+00
7.0215E+03 3.55504948E-04 0.00000000E+00
7.0450E+03 3.60135969E-04 0.00000000E+00
7.0686E+03 3.64029029E-04 0.00000000E+00
7.0921E+03 3.66306493E-04 0.00000000E+00
7.1157E+03 3.70015190E-04 0.00000000E+00
7.1393E+03 3.74702094E-04 0.00000000E+00
7.1628E+03 3.77523701E-04 0.00000000E+00
7.1864E+03 3.80171632E-04 0.00000000E+00
7.2100E+03 3.84744585E-04 0.00000000E+00
7.2335E+03 3.88639168E-04 0.00000000E+00
7.2571E+03 3.90897238E-04 0.00000000E+00
7.2806E+03 3.94532852E-04 0.00000000E+00
7.3042E+03 3.99186013E-04 0.00000000E+00
7.3278E+03 4.02008021E-04 0.00000000E+00
7.3513E+03 4.04600560E-04 0.00000000E+00
7.3749E+03 4.09104094E-04 0.00000000E+00
7.3985E+03 4.12987417E-04 0.00000000E+00
7.4220E+03 4.15221688E-04 0.00000000E+00
7.4456E+03 4.18778295E-04 0.00000000E+00
7.4691E+03 4.23384807E-04 0.00000000E+00
7.4927E+03 4.26199146E-04 0.00000000E+00
7.5163E+03 4.28733501E-04 0.00000000E+00
7.5398E+03 4.33158450E-04 0.00000000E+00
7.5634E+03 4.37019318E-04 0.00000000E+00
7.5869E+03 4.39226066E-04 0.00000000E+00
7.6105E+03 4.42699285E-04 0.00000000E+00
7.6341E+03 4.47248235E-04 0.00000000E+00
7.6576E+03 4.50047743E-04 0.00000000E+00
7.6812E+03 4.52521963E-04 0.00000000E+00
7.7048E+03 4.56861006E-04 0.00000000E+00
7.7283E+03 4.60689663E-04 0.00000000E+00
7.7519E+03 4.62865731E-04 0.00000000E+00
7.7754E+03 4.66252431E-04 0.00000000E+00
7.7990E+03 4.70734652E-04 0.00000000E+00
7.8226E+03 4.73512995E-04 0.00000000E+00
7.8461E+03 4.75925785E-04 0.00000000E+00
7.8697E+03 4.80173147E-04 0.00000000E+00
7.8933E+03 4.83961119E-04 0.00000000E+00
7.9168E+03 4.86103826E-04 0.00000000E+00
7.9404E+03 4.89401873E-04 0.00000000E+00
7.9639E+03 4.93809701E-04 0.00000000E+00
7.9875E+03 4.96561281E-04 0.00000000E+00
8.0111E+03 4.98911855E-04 0.00000000E+00
8.0346E+03 5.03063044E-04 0.00000000E+00
8.0582E+03 5.06802990E-04 0.00000000E+00
8.0817E+03 5.08910050E-04 0.00000000E+00
8.1053E+03 5.12118102E-04 0.00000000E+00
8.1289E+03 5.16445152E-04 0.00000000E+00
8.1524E+03 5.19165016E-04 0.00000000E+00
8.1760E+03 5.21452978E-04 0.00000000E+00
8.1996E+03 5.25504560E-04 0.00000000E+00
8.2231E+03 5.29190115E-04 0.00000000E+00
8.2467E+03 5.31259571E-04 0.00000000E+00
8.2702E+03 5.34376916E-04 0.00000000E+00
8.2938E+03 5.38617898E-04 0.00000000E+00
8.3174E+03 5.41301664E-04 0.00000000E+00
8.3409E+03 5.43526929E-04 0.00000000E+00
8.3645E+03 5.47476364E-04 0.00000000E+00
8.3881E+03 5.51102031E-04 0.00000000E+00
8.4116E+03 5.53132212E-04 0.00000000E+00
8.4352E+03 5.56158678E-04 0.00000000E+00
8.4587E+03 5.60309272E-04 0.00000000E+00
8.4823E+03 5.62953079E-04 0.00000000E+00
8.5059E+03 5.65115838E-04 0.00000000E+00
8.5294E+03 5.68961384E-04 0.00000000E+00
8.5530E+03 5.72522468E-04 0.00000000E+00
8.5765E+03 5.74511978E-04 0.00000000E+00
8.6001E+03 5.77447871E-04 0.00000000E+00
8.6237E+03 5.81504647E-04 0.00000000E+00
8.6472E+03 5.84105140E-04 0.00000000E+00
8.6708E+03 5.86205828E-04 0.00000000E+00
8.6944E+03 5.89946460E-04 0.00000000E+00
8.7179E+03 5.93439019E-04 0.00000000E+00
8.7415E+03 5.95386723E-04 0.00000000E+00
8.7650E+03 5.98232760E-04 0.00000000E+00
8.7886E+03 6.02193102E-04 0.00000000E+00
8.8122E+03 6.04747402E-04 0.00000000E+00
8.8357E+03 6.06786663E-04 0.00000000E+00
8.8593E+03 6.10421980E-04 0.00000000E+00
8.8829E+03 6.13842768E-04 0.00000000E+00
8.9064E+03 6.15747769E-04 0.00000000E+00
8.9300E+03 6.18505007E-04 0.00000000E+00
8.9535E+03 6.22367020E-04 0.00000000E+00
8.9771E+03 6.24872691E-04 0.00000000E+00
9.0007E+03 6.26851335E-04 0.00000000E+00
9.0242E+03 6.30381470E-04 0.00000000E+00
9.0478E+03 6.33727868E-04 0.00000000E+00
9.0713E+03 6.35589482E-04 0.00000000E+00
9.0949E+03 6.38259247E-04 0.00000000E+00
9.1185E+03 6.42021662E-04 0.00000000E+00
9.1420E+03 6.44476676E-04 0.00000000E+00
9.1656E+03 6.46395637E-04 0.00000000E+00
9.1892E+03 6.49821152E-04 0.00000000E+00
9.2127E+03 6.53091102E-04 0.00000000E+00
9.2363E+03 6.54908825E-04 0.00000000E+00
9.2598E+03 6.57492631E-04 0.00000000E+00
9.2834E+03 6.61154705E-04 0.00000000E+00
9.3070E+03 6.63557387E-04 0.00000000E+00
9.3305E+03 6.65417674E-04 0.00000000E+00
9.3541E+03 6.68739456E-04 0.00000000E+00
9.3777E+03 6.71931363E-04 0.00000000E+00
9.4012E+03 6.73704837E-04 0.00000000E+00
9.4248E+03 6.76204311E-04 0.00000000E+00
9.4483E+03 6.79765711E-04 0.00000000E+00
9.4719E+03 6.82114679E-04 0.00000000E+00
9.4955E+03 6.83917335E-04 0.00000000E+00
9.5190E+03 6.87136506E-04 0.00000000E+00
9.5426E+03 6.90249150E-04 0.00000000E+00
9.5661E+03 6.91978126E-04 0.00000000E+00
9.5897E+03 6.94394964E-04 0.00000000E+00
9.6133E+03 6.97855680E-04 0.00000000E+00
9.6368E+03 7.00149793E-04 0.00000000E+00
9.6604E+03 7.01895884E-04 0.00000000E+00
9.6840E+03 7.05013750E-04 0.00000000E+00
9.7075E+03 7.08046228E-04 0.00000000E+00
9.7311E+03 7.09730552E-04 0.00000000E+00
9.7546E+03 7.12066511E-04 0.00000000E+00
9.7782E+03 7.15426819E-04 0.00000000E+00
9.8018E+03 7.17665155E-04 0.00000000E+00
9.8253E+03 7.19355771E-04 0.00000000E+00
9.8489E+03 7.22373811E-04 0.00000000E+00
9.8725E+03 7.25325517E-04 0.00000000E+00
9.8960E+03 7.26965129E-04 0.00000000E+00
9.9196E+03 7.29222026E-04 0.00000000E+00
9.9431E+03 7.32482470E-04 0.00000000E+00
9.9667E+03 7.34664314E-04 0.00000000E+00
9.9903E+03 7.36300575E-04 0.00000000E+00
1.0014E+04 7.39220428E-04 0.00000000E+00
1.0037E+04 7.42091031E-04 0.00000000E+00
1.0061E+04 7.43685968E-04 0.00000000E+00
1.0085E+04 7.45865674E-04 0.00000000E+00
1.0108E+04 7.49027045E-04 0.00000000E+00
1.0132E+04 7.51151886E-04 0.00000000E+00
1.0155E+04 7.52734939E-04 0.00000000E+00
1.0179E+04 7.55558389E-04 0.00000000E+00
1.0202E+04 7.58347820E-04 0.00000000E+00
1.0226E+04 7.59898212E-04 0.00000000E+00
1.0249E+04 7.62002645E-04 0.00000000E+00
1.0273E+04 7.65065962E-04 0.00000000E+00
1.0297E+04 7.67133480E-04 0.00000000E+00
1.0320E+04 7.68664499E-04 0.00000000E+00
1.0344E+04 7.71393456E-04 0.00000000E+00
1.0367E+04 7.74101888E-04 0.00000000E+00
1.0391E+04 7.75607953E-04 0.00000000E+00
1.0414E+04 7.77639065E-04 0.00000000E+00
1.0438E+04 7.80605546E-04 0.00000000E+00
1.0462E+04 7.82615601E-04 0.00000000E+00
1.0485E+04 7.84095770E-04 0.00000000E+00
1.0509E+04 7.86732236E-04 0.00000000E+00
1.0532E+04 7.89360056E-04 0.00000000E+00
1.0556E+04 7.90822086E-04 0.00000000E+00
1.0579E+04 7.92781825E-04 0.00000000E+00
1.0603E+04 7.95652842E-04 0.00000000E+00
1.0626E+04 7.97605442E-04 0.00000000E+00
1.0650E+04 7.99035937E-04 0.00000000E+00
1.0674E+04 8.01581952E-04 0.00000000E+00
1.0697E+04 8.04129709E-04 0.00000000E+00
1.0721E+04 8.05548047E-04 0.00000000E+00
1.0744E+04 8.07438326E-04 0.00000000E+00
1.0768E+04 8.10215343E-04 0.00000000E+00
1.0791E+04 8.12110610E-04 0.00000000E+00
1.0815E+04 8.13492574E-04 0.00000000E+00
1.0838E+04 8.15950181E-04 0.00000000E+00
1.0862E+04 8.18418535E-04 0.00000000E+00
1.0886E+04 8.19793556E-04 0.00000000E+00
1.0909E+04 8.21616241E-04 0.00000000E+00
1.0933E+04 8.24300778E-04 0.00000000E+00
1.0956E+04 8.26138916E-04 0.00000000E+00
1.0980E+04 8.27473463E-04 0.00000000E+00
1.1003E+04 8.29844695E-04 0.00000000E+00
1.1027E+04 8.32234395E-04 0.00000000E+00
1.1051E+04 8.33566496E-04 0.00000000E+00
1.1074E+04 8.35323411E-04 0.00000000E+00
1.1098E+04 8.37917036E-04 0.00000000E+00
1.1121E+04 8.39698319E-04 0.00000000E+00
1.1145E+04 8.40986541E-04 0.00000000E+00
1.1168E+04 8.43273423E-04 0.00000000E+00
1.1192E+04 8.45585297E-04 0.00000000E+00
1.1215E+04 8.46874901E-04 0.00000000E+00
1.1239E+04 8.48567837E-04 0.00000000E+00
1.1263E+04 8.51072164E-04 0.00000000E+00
1.1286E+04 8.52796938E-04 0.00000000E+00
1.1310E+04 8.54039905E-04 0.00000000E+00
1.1333E+04 8.56244466E-04 0.00000000E+00
1.1357E+04 8.58479422E-04 0.00000000E+00
1.1380E+04 8.59726978E-04 0.00000000E+00
1.1404E+04 8.61357701E-04 0.00000000E+00
1.1428E+04 8.63774396E-04 0.00000000E+00
1.1451E+04 8.65443075E-04 0.00000000E+00
1.1475E+04 8.66641850E-04 0.00000000E+00
1.1498E+04 8.68766125E-04 0.00000000E+00
1.1522E+04 8.70925150E-04 0.00000000E+00
1.1545E+04 8.72131143E-04 0.00000000E+00
1.1569E+04 8.73701405E-04 0.00000000E+00
1.1592E+04 8.76032189E-04 0.00000000E+00
1.1616E+04 8.77645263E-04 0.00000000E+00
1.1640E+04 8.78800904E-04 0.00000000E+00
1.1663E+04 8.80846944E-04 0.00000000E+00
1.1687E+04 8.82931112E-04 0.00000000E+00
1.1710E+04 8.84096061E-04 0.00000000E+00
1.1734E+04 8.85607596E-04 0.00000000E+00
1.1757E+04 8.87854246E-04 0.00000000E+00
1.1781E+04 8.89412277E-04 0.00000000E+00
1.1805E+04 8.90525834E-04 0.00000000E+00
1.1828E+04 8.92495688E-04 0.00000000E+00
1.1852E+04 8.94506146E-04 0.00000000E+00
1.1875E+04 8.95630600E-04 0.00000000E+00
1.1899E+04 8.97085110E-04 0.00000000E+00
1.1922E+04 8.99249428E-04 0.00000000E+00
1.1946E+04 9.00753039E-04 0.00000000E+00
1.1969E+04 9.01825539E-04 0.00000000E+00
1.1993E+04 9.03721229E-04 0.00000000E+00
1.2017E+04 9.05659170E-04 0.00000000E+00
1.2040E+04 9.06743691E-04 0.00000000E+00
1.2064E+04 9.08142827E-04 0.00000000E+00
1.2087E+04 9.10226614E-04 0.00000000E+00
1.2111E+04 9.11676460E-04 0.00000000E+00
1.2134E+04 9.12708899E-04 0.00000000E+00
1.2158E+04 9.14532400E-04 0.00000000E+00
1.2182E+04 9.16399035E-04 0.00000000E+00
1.2205E+04 9.17444190E-04 0.00000000E+00
1.2229E+04 9.18789546E-04 0.00000000E+00
1.2252E+04 9.20794584E-04 0.00000000E+00
1.2276E+04 9.22191342E-04 0.00000000E+00
1.2299E+04 9.23184684E-04 0.00000000E+00
1.2323E+04 9.24937923E-04 0.00000000E+00
1.2346E+04 9.26734470E-04 0.00000000E+00
1.2370E+04 9.27740824E-04 0.00000000E+00
1.2394E+04 9.29033943E-04 0.00000000E+00
1.2417E+04 9.30961992E-04 0.00000000E+00
1.2441E+04 9.32306352E-04 0.00000000E+00
1.2464E+04 9.33261530E-04 0.00000000E+00
1.2488E+04 9.34946390E-04 0.00000000E+00
1.2511E+04 9.36674072E-04 0.00000000E+00
1.2535E+04 9.37642187E-04 0.00000000E+00
1.2559E+04 9.38884569E-04 0.00000000E+00
1.2582E+04 9.40737369E-04 0.00000000E+00
1.2606E+04 9.42030031E-04 0.00000000E+00
1.2629E+04 9.42947955E-04 0.00000000E+00
1.2653E+04 9.44566283E-04 0.00000000E+00
1.2676E+04 9.46226327E-04 0.00000000E+00
1.2700E+04 9.47156764E-04 0.00000000E+00
1.2723E+04 9.48349875E-04 0.00000000E+00
1.2747E+04 9.50129158E-04 0.00000000E+00
1.2771E+04 9.51370840E-04 0.00000000E+00
1.2794E+04 9.52252402E-04 0.00000000E+00
1.2818E+04 9.53806024E-04 0.00000000E+00
1.2841E+04 9.55399674E-04 0.00000000E+00
1.2865E+04 9.56293007E-04 0.00000000E+00
1.2888E+04 9.57438290E-04 0.00000000E+00
1.2912E+04 9.59145792E-04 0.00000000E+00
1.2936E+04 9.60337236E-04 0.00000000E+00
1.2959E+04 9.61183323E-04 0.00000000E+00
1.2983E+04 9.62674051E-04 0.00000000E+00
1.3006E+04 9.64202580E-04 0.00000000E+00
1.3030E+04 9.65059394E-04 0.00000000E+00
1.3053E+04 9.66158272E-04 0.00000000E+00
1.3077E+04 9.67795736E-04 0.00000000E+00
1.3100E+04 9.68937716E-04 0.00000000E+00
1.3124E+04 9.69749204E-04 0.00000000E+00
1.3148E+04 9.71178836E-04 0.00000000E+00
1.3171E+04 9.72643536E-04 0.00000000E+00
1.3195E+04 9.73464428E-04 0.00000000E+00
1.3218E+04 9.74518298E-04 0.00000000E+00
1.3242E+04 9.76087463E-04 0.00000000E+00
1.3265E+04 9.77180772E-04 0.00000000E+00
1.3289E+04 9.77958521E-04 0.00000000E+00
1.3312E+04 9.79328820E-04 0.00000000E+00
1.3336E+04 9.80730995E-04 0.00000000E+00
1.3360E+04 9.81516564E-04 0.00000000E+00
1.3383E+04 9.82526783E-04 0.00000000E+00
1.3407E+04 9.84029370E-04 0.00000000E+00
1.3430E+04 9.85074813E-04 0.00000000E+00
1.3454E+04 9.85819659E-04 0.00000000E+00
1.3477E+04 9.87132349E-04 0.00000000E+00
1.3501E+04 9.88473299E-04 0.00000000E+00
1.3525E+04 9.89224143E-04 0.00000000E+00
1.3548E+04 9.90192028E-04 0.00000000E+00
1.3572E+04 9.91629729E-04 0.00000000E+00
1.3595E+04 9.92628116E-04 0.00000000E+00
1.3619E+04 9.93340873E-04 0.00000000E+00
1.3642E+04 9.94597636E-04 0.00000000E+00
1.3666E+04 9.95878651E-04 0.00000000E+00
1.3689E+04 9.96595364E-04 0.00000000E+00
1.3713E+04 9.97522193E-04 0.00000000E+00
1.3737E+04 9.98896673E-04 0.00000000E+00
1.3760E+04 9.99848809E-04 0.00000000E+00
1.3784E+04 1.00053027E-03 0.00000000E+00
1.3807E+04 1.00173275E-03 0.00000000E+00
1.3831E+04 1.00295511E-03 0.00000000E+00
1.3854E+04 1.00363827E-03 0.00000000E+00
1.3878E+04 1.00452529E-03 0.00000000E+00
1.3902E+04 1.00583818E-03 0.00000000E+00
1.3925E+04 1.00674487E-03 0.00000000E+00
1.3949E+04 1.00739581E-03 0.00000000E+00
1.3972E+04 1.00854561E-03 0.00000000E+00
1.3996E+04 1.00971058E-03 0.00000000E+00
1.4019E+04 1.01036078E-03 0.00000000E+00
1.4043E+04 1.01120921E-03 0.00000000E+00
1.4066E+04 1.01246214E-03 0.00000000E+00
1.4090E+04 1.01332419E-03 0.00000000E+00
1.4114E+04 1.01394536E-03 0.00000000E+00
1.4137E+04 1.01504408E-03 0.00000000E+00
1.4161E+04 1.01615293E-03 0.00000000E+00
1.4184E+04 1.01677075E-03 0.00000000E+00
1.4208E+04 1.01758178E-03 0.00000000E+00
1.4231E+04 1.01877636E-03 0.00000000E+00
1.4255E+04 1.01959459E-03 0.00000000E+00
1.4279E+04 1.02018675E-03 0.00000000E+00
1.4302E+04 1.02123596E-03 0.00000000E+00
1.4326E+04 1.02228998E-03 0.00000000E+00
1.4349E+04 1.02287601E-03 0.00000000E+00
1.4373E+04 1.02365084E-03 0.00000000E+00
1.4396E+04 1.02478869E-03 0.00000000E+00
1.4420E+04 1.02556394E-03 0.00000000E+00
1.4443E+04 1.02612784E-03 0.00000000E+00
1.4467E+04 1.02712910E-03 0.00000000E+00
1.4491E+04 1.02812958E-03 0.00000000E+00
1.4514E+04 1.02868442E-03 0.00000000E+00
1.4538E+04 1.02942421E-03 0.00000000E+00
1.4561E+04 1.03050693E-03 0.00000000E+00
1.4585E+04 1.03124005E-03 0.00000000E+00
1.4608E+04 1.03177643E-03 0.00000000E+00
1.4632E+04 1.03273127E-03 0.00000000E+00
1.4656E+04 1.03367951E-03 0.00000000E+00
1.4679E+04 1.03420377E-03 0.00000000E+00
1.4703E+04 1.03490965E-03 0.00000000E+00
1.4726E+04 1.03593884E-03 0.00000000E+00
1.4750E+04 1.03663069E-03 0.00000000E+00
1.4773E+04 1.03714026E-03 0.00000000E+00
1.4797E+04 1.03805019E-03 0.00000000E+00
1.4820E+04 1.03894749E-03 0.00000000E+00
1.4844E+04 1.03944177E-03 0.00000000E+00
1.4868E+04 1.04011485E-03 0.00000000E+00
1.4891E+04 1.04109206E-03 0.00000000E+00
1.4915E+04 1.04174350E-03 0.00000000E+00
1.4938E+04 1.04222698E-03 0.00000000E+00
1.4962E+04 1.04309347E-03 0.00000000E+00
1.4985E+04 1.04394110E-03 0.00000000E+00
1.5009E+04 1.04440600E-03 0.00000000E+00
1.5033E+04 1.04504735E-03 0.00000000E+00
1.5056E+04 1.04597413E-03 0.00000000E+00
1.5080E+04 1.04658603E-03 0.00000000E+00
1.5103E+04 1.04704410E-03 0.00000000E+00
1.5127E+04 1.04786856E-03 0.00000000E+00
1.5150E+04 1.04866779E-03 0.00000000E+00
1.5174E+04 1.04910392E-03 0.00000000E+00
1.5197E+04 1.04971458E-03 0.00000000E+00
1.5221E+04 1.05059243E-03 0.00000000E+00
1.5245E+04 1.05116563E-03 0.00000000E+00
1.5268E+04 1.05159896E-03 0.00000000E+00
1.5292E+04 1.05238280E-03 0.00000000E+00
1.5315E+04 1.05313488E-03 0.00000000E+00
1.5339E+04 1.05354281E-03 0.00000000E+00
1.5362E+04 1.05412380E-03 0.00000000E+00
1.5386E+04 1.05495421E-03 0.00000000E+00
1.5410E+04 1.05548956E-03 0.00000000E+00
1.5433E+04 1.05589880E-03 0.00000000E+00
1.5457E+04 1.05664338E-03 0.00000000E+00
1.5480E+04 1.05734956E-03 0.00000000E+00
1.5504E+04 1.05772988E-03 0.00000000E+00
1.5527E+04 1.05828219E-03 0.00000000E+00
1.5551E+04 1.05906662E-03 0.00000000E+00
1.5574E+04 1.05956497E-03 0.00000000E+00
1.5598E+04 1.05995077E-03 0.00000000E+00
1.5622E+04 1.06065743E-03 0.00000000E+00
1.5645E+04 1.06131895E-03 0.00000000E+00
1.5669E+04 1.06167225E-03 0.00000000E+00
1.5692E+04 1.06219685E-03 0.00000000E+00
1.5716E+04 1.06293674E-03 0.00000000E+00
1.5739E+04 1.06339895E-03 0.00000000E+00
1.5763E+04 1.06376196E-03 0.00000000E+00
1.5787E+04 1.06443201E-03 0.00000000E+00
1.5810E+04 1.06505010E-03 0.00000000E+00
1.5834E+04 1.06537697E-03 0.00000000E+00
1.5857E+04 1.06587481E-03 0.00000000E+00
1.5881E+04 1.06657159E-03 0.00000000E+00
1.5904E+04 1.06699852E-03 0.00000000E+00
1.5928E+04 1.06733935E-03 0.00000000E+00
1.5951E+04 1.06797407E-03 0.00000000E+00
1.5975E+04 1.06854996E-03 0.00000000E+00
1.5999E+04 1.06885099E-03 0.00000000E+00
1.6022E+04 1.06932298E-03 0.00000000E+00
1.6046E+04 1.06997805E-03 0.00000000E+00
1.6069E+04 1.07037055E-03 0.00000000E+00
1.6093E+04 1.07068981E-03 0.00000000E+00
1.6116E+04 1.07129046E-03 0.00000000E+00
1.6140E+04 1.07182535E-03 0.00000000E+00
1.6163E+04 1.07210112E-03 0.00000000E+00
1.6187E+04 1.07254815E-03 0.00000000E+00
1.6211E+04 1.07316287E-03 0.00000000E+00
1.6234E+04 1.07352180E-03 0.00000000E+00
1.6258E+04 1.07382007E-03 0.00000000E+00
1.6281E+04 1.07438785E-03 0.00000000E+00
1.6305E+04 1.07488292E-03 0.00000000E+00
1.6328E+04 1.07513401E-03 0.00000000E+00
1.6352E+04 1.07555693E-03 0.00000000E+00
1.6376E+04 1.07613263E-03 0.00000000E+00
1.6399E+04 1.07645882E-03 0.00000000E+00
1.6423E+04 1.07673667E-03 0.00000000E+00
1.6446E+04 1.07727274E-03 0.00000000E+00
1.6470E+04 1.07772916E-03 0.00000000E+00
1.6493E+04 1.07795613E-03 0.00000000E+00
1.6517E+04 1.07835576E-03 0.00000000E+00
1.6540E+04 1.07889373E-03 0.00000000E+00
1.6564E+04 1.07918798E-03 0.00000000E+00
1.6588E+04 1.07944598E-03 0.00000000E+00
1.6611E+04 1.07995146E-03 0.00000000E+00
1.6635E+04 1.08037035E-03 0.00000000E+00
1.6658E+04 1.08057376E-03 0.00000000E+00
1.6682E+04 1.08095087E-03 0.00000000E+00
1.6705E+04 1.08145236E-03 0.00000000E+00
1.6729E+04 1.08171550E-03 0.00000000E+00
1.6753E+04 1.08195416E-03 0.00000000E+00
1.6776E+04 1.08243015E-03 0.00000000E+00
1.6800E+04 1.08281262E-03 0.00000000E+00
1.6823E+04 1.08299300E-03 0.00000000E+00
1.6847E+04 1.08334837E-03 0.00000000E+00
1.6870E+04 1.08381460E-03 0.00000000E+00
1.6894E+04 1.08404741E-03 0.00000000E+00
1.6917E+04 1.08426727E-03 0.00000000E+00
1.6941E+04 1.08471482E-03 0.00000000E+00
1.6965E+04 1.08506195E-03 0.00000000E+00
1.6988E+04 1.08521983E-03 0.00000000E+00
1.7012E+04 1.08555421E-03 0.00000000E+00
1.7035E+04 1.08598636E-03 0.00000000E+00
1.7059E+04 1.08618963E-03 0.00000000E+00
1.7082E+04 1.08639119E-03 0.00000000E+00
1.7106E+04 1.08681133E-03 0.00000000E+00
1.7130E+04 1.08712419E-03 0.00000000E+00
1.7153E+04 1.08726011E-03 0.00000000E+00
1.7177E+04 1.08757421E-03 0.00000000E+00
1.7200E+04 1.08797345E-03 0.00000000E+00
1.7224E+04 1.08814795E-03 0.00000000E+00
1.7247E+04 1.08833171E-03 0.00000000E+00
1.7271E+04 1.08872542E-03 0.00000000E+00
1.7294E+04 1.08900507E-03 0.00000000E+00
1.7318E+04 1.08911954E-03 0.00000000E+00
1.7342E+04 1.08941405E-03 0.00000000E+00
1.7365E+04 1.08978151E-03 0.00000000E+00
1.7389E+04 1.08992800E-03 0.00000000E+00
1.7412E+04 1.09009444E-03 0.00000000E+00
1.7436E+04 1.09046269E-03 0.00000000E+00
1.7459E+04 1.09071014E-03 0.00000000E+00
1.7483E+04 1.09080368E-03 0.00000000E+00
1.7507E+04 1.09107926E-03 0.00000000E+00
1.7530E+04 1.09141604E-03 0.00000000E+00
1.7554E+04 1.09153527E-03 0.00000000E+00
1.7577E+04 1.09168485E-03 0.00000000E+00
1.7601E+04 1.09202856E-03 0.00000000E+00
1.7624E+04 1.09224481E-03 0.00000000E+00
1.7648E+04 1.09231792E-03 0.00000000E+00
1.7671E+04 1.09257521E-03 0.00000000E+00
1.7695E+04 1.09288236E-03 0.00000000E+00
1.7719E+04 1.09297507E-03 0.00000000E+00
1.7742E+04 1.09310823E-03 0.00000000E+00
1.7766E+04 1.09342829E-03 0.00000000E+00
1.7789E+04 1.09361429E-03 0.00000000E+00
1.7813E+04 1.09366746E-03 0.00000000E+00
1.7836E+04 1.09390707E-03 0.00000000E+00
1.7860E+04 1.09418561E-03 0.00000000E+00
1.7884E+04 1.09425249E-03 0.00000000E+00
1.7907E+04 1.09436967E-03 0.00000000E+00
1.7931E+04 1.09466693E-03 0.00000000E+00
1.7954E+04 1.09482363E-03 0.00000000E+00
1.7978E+04 1.09485732E-03 0.00000000E+00
1.8001E+04 1.09507984E-03 0.00000000E+00
1.8025E+04 1.09533075E-03 0.00000000E+00
1.8048E+04 1.09537250E-03 0.00000000E+00
1.8072E+04 1.09547412E-03 0.00000000E+00
1.8096E+04 1.09574940E-03 0.00000000E+00
1.8119E+04 1.09587770E-03 0.00000000E+00
1.8143E+04 1.09589238E-03 0.00000000E+00
1.8166E+04 1.09609837E-03 0.00000000E+00
1.8190E+04 1.09632261E-03 0.00000000E+00
1.8213E+04 1.09633991E-03 0.00000000E+00
1.8237E+04 1.09642636E-03 0.00000000E+00
1.8261E+04 1.09668046E-03 0.00000000E+00
1.8284E+04 1.09678124E-03 0.00000000E+00
1.8308E+04 1.09677736E-03 0.00000000E+00
1.8331E+04 1.09696736E-03 0.00000000E+00
1.8355E+04 1.09716587E-03 0.00000000E+00
1.8378E+04 1.09715937E-03 0.00000000E+00
1.8402E+04 1.09723105E-03 0.00000000E+00
1.8425E+04 1.09746473E-03 0.00000000E+00
1.8449E+04 1.09753886E-03 0.00000000E+00
1.8473E+04 1.09751687E-03 0.00000000E+00
1.8496E+04 1.09769141E-03 0.00000000E+00
1.8520E+04 1.09786508E-03 0.00000000E+00
1.8543E+04 1.09783543E-03 0.00000000E+00
1.8567E+04 1.09789272E-03 0.00000000E+00
1.8590E+04 1.09810674E-03 0.00000000E+00
1.8614E+04 1.09815506E-03 0.00000000E+00
1.8637E+04 1.09811537E-03 0.00000000E+00
1.8661E+04 1.09827497E-03 0.00000000E+00
1.8685E+04 1.09842468E-03 0.00000000E+00
1.8708E+04 1.09837251E-03 0.00000000E+00
1.8732E+04 1.09841578E-03 0.00000000E+00
1.8755E+04 1.09861085E-03 0.00000000E+00
1.8779E+04 1.09863419E-03 0.00000000E+00
1.8802E+04 1.09857724E-03 0.00000000E+00
1.8826E+04 1.09872238E-03 0.00000000E+00
1.8850E+04 1.09884897E-03 0.00000000E+00
1.8873E+04 1.09877491E-03 0.00000000E+00
1.8897E+04 1.09880452E-03 0.00000000E+00
1.8920E+04 1.09898133E-03 0.00000000E+00
1.8944E+04 1.09898048E-03 0.00000000E+00
1.8967E+04 1.09890668E-03 0.00000000E+00
1.8991E+04 1.09903784E-03 0.00000000E+00
1.9014E+04 1.09914213E-03 0.00000000E+00
1.9038E+04 1.09904677E-03 0.00000000E+00
1.9062E+04 1.09906307E-03 0.00000000E+00
1.9085E+04 1.09922228E-03 0.00000000E+00
1.9109E+04 1.09919801E-03 0.00000000E+00
1.9132E+04 1.09910777E-03 0.00000000E+00
1.9156E+04 1.09922538E-03 0.00000000E+00
1.9179E+04 1.09930817E-03 0.00000000E+00
1.9203E+04 1.09919210E-03 0.00000000E+00
1.9227E+04 1.09919541E-03 0.00000000E+00
1.9250E+04 1.09933767E-03 0.00000000E+00
1.9274E+04 1.09929073E-03 0.00000000E+00
1.9297E+04 1.09918443E-03 0.00000000E+00
1.9321E+04 1.09928894E-03 0.00000000E+00
1.9344E+04 1.09935098E-03 0.00000000E+00
1.9368E+04 1.09921477E-03 0.00000000E+00
1.9391E+04 1.09920542E-03 0.00000000E+00
1.9415E+04 1.09933134E-03 0.00000000E+00
1.9439E+04 1.09926245E-03 0.00000000E+00
1.9462E+04 1.09914047E-03 0.00000000E+00
1.9486E+04 1.09923230E-03 0.00000000E+00
1.9509E+04 1.09927433E-03 0.00000000E+00
1.9533E+04 1.09911853E-03 0.00000000E+00
1.9556E+04 1.09909683E-03 0.00000000E+00
1.9580E+04 1.09920701E-03 0.00000000E+00
1.9604E+04 1.09911688E-03 0.00000000E+00
1.9627E+04 1.09897960E-03 0.00000000E+00
1.9651E+04 1.09905914E-03 0.00000000E+00
1.9674E+04 1.09908188E-03 0.00000000E+00
1.9698E+04 1.09890704E-03 0.00000000E+00
1.9721E+04 1.09887329E-03 0.00000000E+00
1.9745E+04 1.09896830E-03 0.00000000E+00
1.9768E+04 1.09885762E-03 0.00000000E+00
1.9792E+04 1.09870539E-03 0.00000000E+00
1.9816E+04 1.09877305E-03 0.00000000E+00
1.9839E+04 1.09877719E-03 0.00000000E+00
1.9863E+04 1.09858383E-03 0.00000000E+00
1.9886E+04 1.09853833E-03 0.00000000E+00
1.9910E+04 1.09861874E-03 0.00000000E+00
1.9933E+04 1.09848817E-03 0.00000000E+00
1.9957E+04 1.09832136E-03 0.00000000E+00
1.9981E+04 1.09837751E-03 0.00000000E+00
2.0004E+04 1.09836374E-03 0.00000000E+00
2.0028E+04 1.09815237E-03 0.00000000E+00
2.0051E+04 1.09809541E-03 0.00000000E+00
2.0075E+04 1.09816176E-03 0.00000000E+00
2.0098E+04 1.09801197E-03 0.00000000E+00
2.0122E+04 1.09783091E-03 0.00000000E+00
2.0145E+04 1.09787592E-03 0.00000000E+00
2.0169E+04 1.09784489E-03 0.00000000E+00
2.0193E+04 1.09761603E-03 0.00000000E+00
2.0216E+04 1.09754789E-03 0.00000000E+00
2.0240E+04 1.09760071E-03 0.00000000E+00
2.0263E+04 1.09743232E-03 0.00000000E+00
2.0287E+04 1.09723736E-03 0.00000000E+00
2.0310E+04 1.09727158E-03 0.00000000E+00
2.0334E+04 1.09722393E-03 0.00000000E+00
2.0358E+04 1.09697807E-03 0.00000000E+00
2.0381E+04 1.09689902E-03 0.00000000E+00
2.0405E+04 1.09693880E-03 0.00000000E+00
2.0428E+04 1.09675244E-03 0.00000000E+00
2.0452E+04 1.09654391E-03 0.00000000E+00
2.0475E+04 1.09656768E-03 0.00000000E+00
2.0499E+04 1.09650402E-03 0.00000000E+00
2.0522E+04 1.09624164E-03 0.00000000E+00
2.0546E+04 1.09615194E-03 0.00000000E+00
2.0570E+04 1.09617917E-03 0.00000000E+00
2.0593E+04 1.09597544E-03 0.00000000E+00
2.0617E+04 1.09575366E-03 0.00000000E+00
2.0640E+04 1.09576731E-03 0.00000000E+00
2.0664E+04 1.09568824E-03 0.00000000E+00
2.0687E+04 1.09540981E-03 0.00000000E+00
2.0711E+04 1.09530971E-03 0.00000000E+00
2.0735E+04 1.09532486E-03 0.00000000E+00
2.0758E+04 1.09510434E-03 0.00000000E+00
2.0782E+04 1.09486963E-03 0.00000000E+00
2.0805E+04 1.09487347E-03 0.00000000E+00
2.0829E+04 1.09477957E-03 0.00000000E+00
2.0852E+04 1.09448553E-03 0.00000000E+00
2.0876E+04 1.09437529E-03 0.00000000E+00
2.0899E+04 1.09437882E-03 0.00000000E+00
2.0923E+04 1.09414207E-03 0.00000000E+00
2.0947E+04 1.09389473E-03 0.00000000E+00
2.0970E+04 1.09388908E-03 0.00000000E+00
2.0994E+04 1.09378090E-03 0.00000000E+00
2.1017E+04 1.09347172E-03 0.00000000E+00
2.1041E+04 1.09335156E-03 0.00000000E+00
2.1064E+04 1.09334391E-03 0.00000000E+00
2.1088E+04 1.09309149E-03 0.00000000E+00
2.1112E+04 1.09283183E-03 0.00000000E+00
2.1135E+04 1.09281697E-03 0.00000000E+00
2.1159E+04 1.09269507E-03 0.00000000E+00
2.1182E+04 1.09237117E-03 0.00000000E+00
2.1206E+04 1.09224134E-03 0.00000000E+00
2.1229E+04 1.09222294E-03 0.00000000E+00
2.1253E+04 1.09195539E-03 0.00000000E+00
2.1276E+04 1.09168370E-03 0.00000000E+00
2.1300E+04 1.09165993E-03 0.00000000E+00
2.1324E+04 1.09152483E-03 0.00000000E+00
2.1347E+04 1.09118665E-03 0.00000000E+00
2.1371E+04 1.09104737E-03 0.00000000E+00
2.1394E+04 1.09101864E-03 0.00000000E+00
2.1418E+04 1.09073649E-03 0.00000000E+00
2.1441E+04 1.09045306E-03 0.00000000E+00
2.1465E+04 1.09042066E-03 0.00000000E+00
2.1488E+04 1.09027289E-03 0.00000000E+00
2.1512E+04 1.08992084E-03 0.00000000E+00
2.1536E+04 1.08977233E-03 0.00000000E+00
2.1559E+04 1.08973368E-03 0.00000000E+00
2.1583E+04 1.08943744E-03 0.00000000E+00
2.1606E+04 1.08914255E-03 0.00000000E+00
2.1630E+04 1.08910179E-03 0.00000000E+00
2.1653E+04 1.08894184E-03 0.00000000E+00
2.1677E+04 1.08857633E-03 0.00000000E+00
2.1701E+04 1.08841882E-03 0.00000000E+00
2.1724E+04 1.08837063E-03 0.00000000E+00
2.1748E+04 1.08806081E-03 0.00000000E+00
2.1771E+04 1.08775473E-03 0.00000000E+00
2.1795E+04 1.08770587E-03 0.00000000E+00
2.1818E+04 1.08753424E-03 0.00000000E+00
2.1842E+04 1.08715568E-03 0.00000000E+00
2.1865E+04 1.08698937E-03 0.00000000E+00
2.1889E+04 1.08693201E-03 0.00000000E+00
2.1913E+04 1.08660909E-03 0.00000000E+00
2.1936E+04 1.08629211E-03 0.00000000E+00
2.1960E+04 1.08623540E-03 0.00000000E+00
2.1983E+04 1.08605255E-03 0.00000000E+00
2.2007E+04 1.08566132E-03 0.00000000E+00
2.2030E+04 1.08548642E-03 0.00000000E+00
2.2054E+04 1.08542026E-03 0.00000000E+00
2.2078E+04 1.08508472E-03 0.00000000E+00
2.2101E+04 1.08475709E-03 0.00000000E+00
2.2125E+04 1.08469278E-03 0.00000000E+00
2.2148E+04 1.08449917E-03 0.00000000E+00
2.2172E+04 1.08409566E-03 0.00000000E+00
2.2195E+04 1.08391237E-03 0.00000000E+00
2.2219E+04 1.08383776E-03 0.00000000E+00
2.2242E+04 1.08349006E-03 0.00000000E+00
2.2266E+04 1.08315204E-03 0.00000000E+00
2.2290E+04 1.08308036E-03 0.00000000E+00
2.2313E+04 1.08287644E-03 0.00000000E+00
2.2337E+04 1.08246102E-03 0.00000000E+00
2.2360E+04 1.08226952E-03 0.00000000E+00
2.2384E+04 1.08218681E-03 0.00000000E+00
2.2407E+04 1.08182741E-03 0.00000000E+00
2.2431E+04 1.08147926E-03 0.00000000E+00
2.2455E+04 1.08140043E-03 0.00000000E+00
2.2478E+04 1.08118664E-03 0.00000000E+00
2.2502E+04 1.08075967E-03 0.00000000E+00
2.2525E+04 1.08056017E-03 0.00000000E+00
2.2549E+04 1.08046968E-03 0.00000000E+00
2.2572E+04 1.08009901E-03 0.00000000E+00
2.2596E+04 1.07974098E-03 0.00000000E+00
2.2619E+04 1.07965524E-03 0.00000000E+00
2.2643E+04 1.07943199E-03 0.00000000E+00
2.2667E+04 1.07899383E-03 0.00000000E+00
2.2690E+04 1.07878651E-03 0.00000000E+00
2.2714E+04 1.07868857E-03 0.00000000E+00
2.2737E+04 1.07830707E-03 0.00000000E+00
2.2761E+04 1.07793940E-03 0.00000000E+00
2.2784E+04 1.07784696E-03 0.00000000E+00
2.2808E+04 1.07761467E-03 0.00000000E+00
2.2832E+04 1.07716568E-03 0.00000000E+00
2.2855E+04 1.07695072E-03 0.00000000E+00
2.2879E+04 1.07684563E-03 0.00000000E+00
2.2902E+04 1.07645373E-03 0.00000000E+00
2.2926E+04 1.07607667E-03 0.00000000E+00
2.2949E+04 1.07597773E-03 0.00000000E+00
2.2973E+04 1.07573679E-03 0.00000000E+00
2.2996E+04 1.07527732E-03 0.00000000E+00
2.3020E+04 1.07505489E-03 0.00000000E+00
2.3044E+04 1.07494297E-03 0.00000000E+00
2.3067E+04 1.07454107E-03 0.00000000E+00
2.3091E+04 1.07415485E-03 0.00000000E+00
2.3114E+04 1.07404961E-03 0.00000000E+00
2.3138E+04 1.07380042E-03 0.00000000E+00
2.3161E+04 1.07333080E-03 0.00000000E+00
2.3185E+04 1.07310108E-03 0.00000000E+00
2.3209E+04 1.07298261E-03 0.00000000E+00
2.3232E+04 1.07257111E-03 0.00000000E+00
2.3256E+04 1.07217596E-03 0.00000000E+00
2.3279E+04 1.07206463E-03 0.00000000E+00
2.3303E+04 1.07180756E-03 0.00000000E+00
2.3326E+04 1.07132812E-03 0.00000000E+00
2.3350E+04 1.07109127E-03 0.00000000E+00
2.3373E+04 1.07096653E-03 0.00000000E+00
2.3397E+04 1.07054583E-03 0.00000000E+00
2.3421E+04 1.07014198E-03 0.00000000E+00
2.3444E+04 1.07002474E-03 0.00000000E+00
2.3468E+04 1.06976016E-03 0.00000000E+00
2.3491E+04 1.06927122E-03 0.00000000E+00
2.3515E+04 1.06902741E-03 0.00000000E+00
2.3538E+04 1.06889668E-03 0.00000000E+00
2.3562E+04 1.06846714E-03 0.00000000E+00
2.3586E+04 1.06805482E-03 0.00000000E+00
2.3609E+04 1.06793185E-03 0.00000000E+00
2.3633E+04 1.06766010E-03 0.00000000E+00
2.3656E+04 1.06716199E-03 0.00000000E+00
2.3680E+04 1.06691138E-03 0.00000000E+00
2.3703E+04 1.06677491E-03 0.00000000E+00
2.3727E+04 1.06633692E-03 0.00000000E+00
2.3750E+04 1.06591634E-03 0.00000000E+00
2.3774E+04 1.06578782E-03 0.00000000E+00
2.3798E+04 1.06550926E-03 0.00000000E+00
2.3821E+04 1.06500227E-03 0.00000000E+00
2.3845E+04 1.06474501E-03 0.00000000E+00
2.3868E+04 1.06460308E-03 0.00000000E+00
2.3892E+04 1.06415700E-03 0.00000000E+00
2.3915E+04 1.06372837E-03 0.00000000E+00
2.3939E+04 1.06359447E-03 0.00000000E+00
2.3962E+04 1.06330942E-03 0.00000000E+00
2.3986E+04 1.06279387E-03 0.00000000E+00
2.4010E+04 1.06253012E-03 0.00000000E+00
2.4033E+04 1.06238296E-03 0.00000000E+00
2.4057E+04 1.06192914E-03 0.00000000E+00
2.4080E+04 1.06149268E-03 0.00000000E+00
2.4104E+04 1.06135356E-03 0.00000000E+00
2.4127E+04 1.06106236E-03 0.00000000E+00
2.4151E+04 1.06053855E-03 0.00000000E+00
2.4175E+04 1.06026846E-03 0.00000000E+00
2.4198E+04 1.06011630E-03 0.00000000E+00
2.4222E+04 1.05965509E-03 0.00000000E+00
2.4245E+04 1.05921101E-03 0.00000000E+00
2.4269E+04 1.05906684E-03 0.00000000E+00
2.4292E+04 1.05876980E-03 0.00000000E+00
2.4316E+04 1.05823801E-03 0.00000000E+00
2.4339E+04 1.05796172E-03 0.00000000E+00
2.4363E+04 1.05780482E-03 0.00000000E+00
2.4387E+04 1.05733655E-03 0.00000000E+00
2.4410E+04 1.05688505E-03 0.00000000E+00
2.4434E+04 1.05673598E-03 0.00000000E+00
2.4457E+04 1.05643341E-03 0.00000000E+00
2.4481E+04 1.05589393E-03 0.00000000E+00
2.4504E+04 1.05561159E-03 0.00000000E+00
2.4528E+04 1.05545015E-03 0.00000000E+00
2.4552E+04 1.05497516E-03 0.00000000E+00
2.4575E+04 1.05451644E-03 0.00000000E+00
2.4599E+04 1.05436262E-03 0.00000000E+00
2.4622E+04 1.05405481E-03 0.00000000E+00
2.4646E+04 1.05350793E-03 0.00000000E+00
2.4669E+04 1.05321967E-03 0.00000000E+00
2.4693E+04 1.05305391E-03 0.00000000E+00
2.4716E+04 1.05257252E-03 0.00000000E+00
2.4740E+04 1.05210677E-03 0.00000000E+00
2.4764E+04 1.05194834E-03 0.00000000E+00
2.4787E+04 1.05163559E-03 0.00000000E+00
2.4811E+04 1.05108157E-03 0.00000000E+00
2.4834E+04 1.05078754E-03 0.00000000E+00
2.4858E+04 1.05061767E-03 0.00000000E+00
2.4881E+04 1.05013018E-03 0.00000000E+00
2.4905E+04 1.04965760E-03 0.00000000E+00
2.4929E+04 1.04949471E-03 0.00000000E+00
2.4952E+04 1.04917728E-03 0.00000000E+00
2.4976E+04 1.04861641E-03 0.00000000E+00
2.4999E+04 1.04831672E-03 0.00000000E+00
2.5023E+04 1.04814295E-03 0.00000000E+00
2.5046E+04 1.04764967E-03 0.00000000E+00
2.5070E+04 1.04717044E-03 0.00000000E+00
2.5093E+04 1.04700322E-03 0.00000000E+00
2.5117E+04 1.04668140E-03 0.00000000E+00
2.5141E+04 1.04611392E-03 0.00000000E+00
2.5164E+04 1.04580872E-03 0.00000000E+00
2.5188E+04 1.04563123E-03 0.00000000E+00
2.5211E+04 1.04513245E-03 0.00000000E+00
2.5235E+04 1.04464677E-03 0.00000000E+00
2.5258E+04 1.04447535E-03 0.00000000E+00
2.5282E+04 1.04414939E-03 0.00000000E+00
2.5306E+04 1.04357557E-03 0.00000000E+00
2.5329E+04 1.04326498E-03 0.00000000E+00
2.5353E+04 1.04308397E-03 0.00000000E+00
2.5376E+04 1.04257999E-03 0.00000000E+00
2.5400E+04 1.04208803E-03 0.00000000E+00
2.5423E+04 1.04191254E-03 0.00000000E+00
2.5447E+04 1.04158270E-03 0.00000000E+00
2.5470E+04 1.04100279E-03 0.00000000E+00
2.5494E+04 1.04068693E-03 0.00000000E+00
2.5518E+04 1.04050257E-03 0.00000000E+00
2.5541E+04 1.03999367E-03 0.00000000E+00
2.5565E+04 1.03949561E-03 0.00000000E+00
2.5588E+04 1.03931618E-03 0.00000000E+00
2.5612E+04 1.03898271E-03 0.00000000E+00
2.5635E+04 1.03839695E-03 0.00000000E+00
2.5659E+04 1.03807595E-03 0.00000000E+00
2.5683E+04 1.03788842E-03 0.00000000E+00
2.5706E+04 1.03737487E-03 0.00000000E+00
2.5730E+04 1.03687089E-03 0.00000000E+00
2.5753E+04 1.03668763E-03 0.00000000E+00
2.5777E+04 1.03635076E-03 0.00000000E+00
2.5800E+04 1.03575941E-03 0.00000000E+00
2.5824E+04 1.03543338E-03 0.00000000E+00
2.5847E+04 1.03524285E-03 0.00000000E+00
2.5871E+04 1.03472491E-03 0.00000000E+00
2.5895E+04 1.03421520E-03 0.00000000E+00
2.5918E+04 1.03402821E-03 0.00000000E+00
2.5942E+04 1.03368819E-03 0.00000000E+00
2.5965E+04 1.03309146E-03 0.00000000E+00
2.5989E+04 1.03276053E-03 0.00000000E+00
2.6012E+04 1.03256716E-03 0.00000000E+00
2.6036E+04 1.03204510E-03 0.00000000E+00
2.6060E+04 1.03152981E-03 0.00000000E+00
2.6083E+04 1.03133922E-03 0.00000000E+00
2.6107E+04 1.03099625E-03 0.00000000E+00
2.6130E+04 1.03039440E-03 0.00000000E+00
2.6154E+04 1.03005867E-03 0.00000000E+00
2.6177E+04 1.02986261E-03 0.00000000E+00
2.6201E+04 1.02933668E-03 0.00000000E+00
2.6224E+04 1.02881598E-03 0.00000000E+00
2.6248E+04 1.02862189E-03 0.00000000E+00
2.6272E+04 1.02827620E-03 0.00000000E+00
2.6295E+04 1.02766944E-03 0.00000000E+00
2.6319E+04 1.02732903E-03 0.00000000E+00
2.6342E+04 1.02713044E-03 0.00000000E+00
2.6366E+04 1.02660089E-03 0.00000000E+00
2.6389E+04 1.02607494E-03 0.00000000E+00
2.6413E+04 1.02587745E-03 0.00000000E+00
2.6437E+04 1.02552925E-03 0.00000000E+00
2.6460E+04 1.02491780E-03 0.00000000E+00
2.6484E+04 1.02457281E-03 0.00000000E+00
2.6507E+04 1.02437183E-03 0.00000000E+00
2.6531E+04 1.02383890E-03 0.00000000E+00
2.6554E+04 1.02330786E-03 0.00000000E+00
2.6578E+04 1.02310707E-03 0.00000000E+00
2.6601E+04 1.02275657E-03 0.00000000E+00
2.6625E+04 1.02214065E-03 0.00000000E+00
2.6649E+04 1.02179119E-03 0.00000000E+00
2.6672E+04 1.02158796E-03 0.00000000E+00
2.6696E+04 1.02105187E-03 0.00000000E+00
2.6719E+04 1.02051591E-03 0.00000000E+00
2.6743E+04 1.02031192E-03 0.00000000E+00
2.6766E+04 1.01995930E-03 0.00000000E+00
2.6790E+04 1.01933913E-03 0.00000000E+00
2.6813E+04 1.01898530E-03 0.00000000E+00
2.6837E+04 1.01877996E-03 0.00000000E+00
2.6861E+04 1.01824095E-03 0.00000000E+00
2.6884E+04 1.01770021E-03 0.00000000E+00
2.6908E+04 1.01749311E-03 0.00000000E+00
2.6931E+04 1.01713857E-03 0.00000000E+00
2.6955E+04 1.01651435E-03 0.00000000E+00
2.6978E+04 1.01615626E-03 0.00000000E+00
2.7002E+04 1.01594893E-03 0.00000000E+00
2.7026E+04 1.01540721E-03 0.00000000E+00
2.7049E+04 1.01486186E-03 0.00000000E+00
2.7073E+04 1.01465174E-03 0.00000000E+00
2.7096E+04 1.01429545E-03 0.00000000E+00
2.7120E+04 1.01366739E-03 0.00000000E+00
2.7143E+04 1.01330514E-03 0.00000000E+00
2.7167E+04 1.01309594E-03 0.00000000E+00
2.7190E+04 1.01255174E-03 0.00000000E+00
2.7214E+04 1.01200191E-03 0.00000000E+00
2.7238E+04 1.01178886E-03 0.00000000E+00
2.7261E+04 1.01143101E-03 0.00000000E+00
2.7285E+04 1.01079930E-03 0.00000000E+00
2.7308E+04 1.01043298E-03 0.00000000E+00
2.7332E+04 1.01022204E-03 0.00000000E+00
2.7355E+04 1.00967555E-03 0.00000000E+00
2.7379E+04 1.00912140E-03 0.00000000E+00
2.7403E+04 1.00890550E-03 0.00000000E+00
2.7426E+04 1.00854626E-03 0.00000000E+00
2.7450E+04 1.00791109E-03 0.00000000E+00
2.7473E+04 1.00754080E-03 0.00000000E+00
2.7497E+04 1.00732823E-03 0.00000000E+00
2.7520E+04 1.00677967E-03 0.00000000E+00
2.7544E+04 1.00622133E-03 0.00000000E+00
2.7567E+04 1.00600266E-03 0.00000000E+00
2.7591E+04 1.00564219E-03 0.00000000E+00
2.7615E+04 1.00500376E-03 0.00000000E+00
2.7638E+04 1.00462960E-03 0.00000000E+00
2.7662E+04 1.00441550E-03 0.00000000E+00
2.7685E+04 1.00386505E-03 0.00000000E+00
2.7709E+04 1.00330268E-03 0.00000000E+00
2.7732E+04 1.00308131E-03 0.00000000E+00
2.7756E+04 1.00271978E-03 0.00000000E+00
2.7780E+04 1.00207827E-03 0.00000000E+00
2.7803E+04 1.00170032E-03 0.00000000E+00
2.7827E+04 1.00148481E-03 0.00000000E+00
2.7850E+04 1.00093266E-03 0.00000000E+00
2.7874E+04 1.00036639E-03 0.00000000E+00
2.7897E+04 1.00014241E-03 0.00000000E+00
2.7921E+04 9.99779952E-04 0.00000000E+00
2.7944E+04 9.99135545E-04 0.00000000E+00
2.7968E+04 9.98753897E-04 0.00000000E+00
2.7992E+04 9.98537068E-04 0.00000000E+00
2.8015E+04 9.97983419E-04 0.00000000E+00
2.8039E+04 9.97413380E-04 0.00000000E+00
2.8062E+04 9.97186849E-04 0.00000000E+00
2.8086E+04 9.96823627E-04 0.00000000E+00
2.8109E+04 9.96176499E-04 0.00000000E+00
2.8133E+04 9.95791243E-04 0.00000000E+00
2.8157E+04 9.95573194E-04 0.00000000E+00
2.8180E+04 9.95018217E-04 0.00000000E+00
2.8204E+04 9.94444546E-04 0.00000000E+00
2.8227E+04 9.94215539E-04 0.00000000E+00
2.8251E+04 9.93851690E-04 0.00000000E+00
2.8274E+04 9.93202014E-04 0.00000000E+00
2.8298E+04 9.92813235E-04 0.00000000E+00
2.8321E+04 9.92594059E-04 0.00000000E+00
2.8345E+04 9.92037929E-04 0.00000000E+00
2.8369E+04 9.91460757E-04 0.00000000E+00
2.8392E+04 9.91229341E-04 0.00000000E+00
2.8416E+04 9.90865003E-04 0.00000000E+00
2.8439E+04 9.90212947E-04 0.00000000E+00
2.8463E+04 9.89820729E-04 0.00000000E+00
2.8486E+04 9.89600514E-04 0.00000000E+00
2.8510E+04 9.89043400E-04 0.00000000E+00
2.8534E+04 9.88462856E-04 0.00000000E+00
2.8557E+04 9.88229096E-04 0.00000000E+00
2.8581E+04 9.87864400E-04 0.00000000E+00
2.8604E+04 9.87210129E-04 0.00000000E+00
2.8628E+04 9.86814556E-04 0.00000000E+00
2.8651E+04 9.86593385E-04 0.00000000E+00
2.8675E+04 9.86035451E-04 0.00000000E+00
2.8698E+04 9.85451661E-04 0.00000000E+00
2.8722E+04 9.85215618E-04 0.00000000E+00
2.8746E+04 9.84850692E-04 0.00000000E+00
2.8769E+04 9.84194366E-04 0.00000000E+00
2.8793E+04 9.83795517E-04 0.00000000E+00
2.8816E+04 9.83573473E-04 0.00000000E+00
2.8840E+04 9.83014878E-04 0.00000000E+00
2.8863E+04 9.82427964E-04 0.00000000E+00
2.8887E+04 9.82189700E-04 0.00000000E+00
2.8911E+04 9.81824664E-04 0.00000000E+00
2.8934E+04 9.81166440E-04 0.00000000E+00
2.8958E+04 9.80764395E-04 0.00000000E+00
2.8981E+04 9.80541553E-04 0.00000000E+00
2.9005E+04 9.79982452E-04 0.00000000E+00
2.9028E+04 9.79392536E-04 0.00000000E+00
2.9052E+04 9.79152108E-04 0.00000000E+00
2.9075E+04 9.78787080E-04 0.00000000E+00
2.9099E+04 9.78127110E-04 0.00000000E+00
2.9123E+04 9.77721946E-04 0.00000000E+00
2.9146E+04 9.77498381E-04 0.00000000E+00
2.9170E+04 9.76938921E-04 0.00000000E+00
2.9193E+04 9.76346123E-04 0.00000000E+00
2.9217E+04 9.76103585E-04 0.00000000E+00
2.9240E+04 9.75738678E-04 0.00000000E+00
2.9264E+04 9.75077112E-04 0.00000000E+00
2.9287E+04 9.74668905E-04 0.00000000E+00
2.9311E+04 9.74444687E-04 0.00000000E+00
2.9335E+04 9.73885013E-04 0.00000000E+00
2.9358E+04 9.73289448E-04 0.00000000E+00
2.9382E+04 9.73044857E-04 0.00000000E+00
2.9405E+04 9.72680178E-04 0.00000000E+00
2.9429E+04 9.72017162E-04 0.00000000E+00
2.9452E+04 9.71605986E-04 0.00000000E+00
2.9476E+04 9.71381181E-04 0.00000000E+00
2.9500E+04 9.70821435E-04 0.00000000E+00
2.9523E+04 9.70223218E-04 0.00000000E+00
2.9547E+04 9.69976624E-04 0.00000000E+00
2.9570E+04 9.69612277E-04 0.00000000E+00
2.9594E+04 9.68947953E-04 0.00000000E+00
2.9617E+04 9.68533881E-04 0.00000000E+00
2.9641E+04 9.68308554E-04 0.00000000E+00
2.9664E+04 9.67748871E-04 0.00000000E+00
2.9688E+04 9.67148113E-04 0.00000000E+00
2.9712E+04 9.66899568E-04 0.00000000E+00
2.9735E+04 9.66535653E-04 0.00000000E+00
2.9759E+04 9.65870159E-04 0.00000000E+00
2.9782E+04 9.65453263E-04 0.00000000E+00
2.9806E+04 9.65227474E-04 0.00000000E+00
2.9829E+04 9.64667984E-04 0.00000000E+00
2.9853E+04 9.64064797E-04 0.00000000E+00
2.9877E+04 9.63814347E-04 0.00000000E+00
2.9900E+04 9.63450959E-04 0.00000000E+00
2.9924E+04 9.62784431E-04 0.00000000E+00
2.9947E+04 9.62364780E-04 0.00000000E+00
2.9971E+04 9.62138589E-04 0.00000000E+00
2.9994E+04 9.61579419E-04 0.00000000E+00
3.0018E+04 9.60973910E-04 0.00000000E+00
3.0041E+04 9.60721602E-04 0.00000000E+00
3.0065E+04 9.60358833E-04 0.00000000E+00
3.0089E+04 9.59691401E-04 0.00000000E+00
3.0112E+04 9.59269065E-04 0.00000000E+00
3.0136E+04 9.59042524E-04 0.00000000E+00
3.0159E+04 9.58483798E-04 0.00000000E+00
3.0183E+04 9.57876071E-04 0.00000000E+00
3.0206E+04 9.57621952E-04 0.00000000E+00
3.0230E+04 9.57259887E-04 0.00000000E+00
3.0254E+04 9.56591681E-04 0.00000000E+00
3.0277E+04 9.56166726E-04 0.00000000E+00
3.0301E+04 9.55939889E-04 0.00000000E+00
3.0324E+04 9.55381724E-04 0.00000000E+00
3.0348E+04 9.54771884E-04 0.00000000E+00
3.0371E+04 9.54515995E-04 0.00000000E+00
3.0395E+04 9.54154719E-04 0.00000000E+00
3.0418E+04 9.53485863E-04 0.00000000E+00
3.0442E+04 9.53058354E-04 0.00000000E+00
3.0466E+04 9.52831271E-04 0.00000000E+00
3.0489E+04 9.52273781E-04 0.00000000E+00
3.0513E+04 9.51661930E-04 0.00000000E+00
3.0536E+04 9.51404313E-04 0.00000000E+00
3.0560E+04 9.51043906E-04 0.00000000E+00
3.0583E+04 9.50374521E-04 0.00000000E+00
3.0607E+04 9.49944524E-04 0.00000000E+00
3.0631E+04 9.49717241E-04 0.00000000E+00
3.0654E+04 9.49160537E-04 0.00000000E+00
3.0678E+04 9.48546774E-04 0.00000000E+00
3.0701E+04 9.48287469E-04 0.00000000E+00
3.0725E+04 9.47928007E-04 0.00000000E+00
3.0748E+04 9.47258212E-04 0.00000000E+00
3.0772E+04 9.46825790E-04 0.00000000E+00
3.0795E+04 9.46598352E-04 0.00000000E+00
3.0819E+04 9.46042542E-04 0.00000000E+00
3.0843E+04 9.45426963E-04 0.00000000E+00
3.0866E+04 9.45166010E-04 0.00000000E+00
3.0890E+04 9.44807565E-04 0.00000000E+00
3.0913E+04 9.44137476E-04 0.00000000E+00
3.0937E+04 9.43702691E-04 0.00000000E+00
3.0960E+04 9.43475139E-04 0.00000000E+00
3.0984E+04 9.42920326E-04 0.00000000E+00
3.1008E+04 9.42303028E-04 0.00000000E+00
3.1031E+04 9.42040463E-04 0.00000000E+00
3.1055E+04 9.41683106E-04 0.00000000E+00
3.1078E+04 9.41012836E-04 0.00000000E+00
3.1102E+04 9.40575748E-04 0.00000000E+00
3.1125E+04 9.40348123E-04 0.00000000E+00
3.1149E+04 9.39794405E-04 0.00000000E+00
3.1172E+04 9.39175481E-04 0.00000000E+00
3.1196E+04 9.38911341E-04 0.00000000E+00
3.1220E+04 9.38555138E-04 0.00000000E+00
3.1243E+04 9.37884795E-04 0.00000000E+00
3.1267E+04 9.37445465E-04 0.00000000E+00
3.1290E+04 9.37217804E-04 0.00000000E+00
3.1314E+04 9.36665278E-04 0.00000000E+00
3.1337E+04 9.36044820E-04 0.00000000E+00
3.1361E+04 9.35779139E-04 0.00000000E+00
3.1385E+04 9.35424152E-04 0.00000000E+00
3.1408E+04 9.34753843E-04 0.00000000E+00
3.1432E+04 9.34312330E-04 0.00000000E+00
3.1455E+04 9.34084669E-04 0.00000000E+00
3.1479E+04 9.33533427E-04 0.00000000E+00
3.1502E+04 9.32911525E-04 0.00000000E+00
3.1526E+04 9.32644336E-04 0.00000000E+00
3.1549E+04 9.32290625E-04 0.00000000E+00
3.1573E+04 9.31620454E-04 0.00000000E+00
3.1597E+04 9.31176815E-04 0.00000000E+00
3.1620E+04 9.30949186E-04 0.00000000E+00
3.1644E+04 9.30399317E-04 0.00000000E+00
3.1667E+04 9.29776058E-04 0.00000000E+00
3.1691E+04 9.29507395E-04 0.00000000E+00
3.1714E+04 9.29155017E-04 0.00000000E+00
3.1738E+04 9.28485084E-04 0.00000000E+00
3.1762E+04 9.28039375E-04 0.00000000E+00
3.1785E+04 9.27811810E-04 0.00000000E+00
3.1809E+04 9.27263400E-04 0.00000000E+00
3.1832E+04 9.26638871E-04 0.00000000E+00
3.1856E+04 9.26368763E-04 0.00000000E+00
3.1879E+04 9.26017772E-04 0.00000000E+00
3.1903E+04 9.25348176E-04 0.00000000E+00
3.1926E+04 9.24900452E-04 0.00000000E+00
3.1950E+04 9.24672980E-04 0.00000000E+00
3.1974E+04 9.24126111E-04 0.00000000E+00
3.1997E+04 9.23500396E-04 0.00000000E+00
3.2021E+04 9.23228874E-04 0.00000000E+00
3.2044E+04 9.22879321E-04 0.00000000E+00
3.2068E+04 9.22210157E-04 0.00000000E+00
3.2091E+04 9.21760473E-04 0.00000000E+00
3.2115E+04 9.21533122E-04 0.00000000E+00
3.2138E+04 9.20987874E-04 0.00000000E+00
3.2162E+04 9.20361056E-04 0.00000000E+00
3.2186E+04 9.20088148E-04 0.00000000E+00
3.2209E+04 9.19740082E-04 0.00000000E+00
3.2233E+04 9.19071443E-04 0.00000000E+00
3.2256E+04 9.18619851E-04 0.00000000E+00
3.2280E+04 9.18392647E-04 0.00000000E+00
3.2303E+04 9.17849096E-04 0.00000000E+00
3.2327E+04 9.17221255E-04 0.00000000E+00
3.2351E+04 9.16946991E-04 0.00000000E+00
3.2374E+04 9.16600457E-04 0.00000000E+00
3.2398E+04 9.15932432E-04 0.00000000E+00
3.2421E+04 9.15478986E-04 0.00000000E+00
3.2445E+04 9.15251953E-04 0.00000000E+00
3.2468E+04 9.14710172E-04 0.00000000E+00
3.2492E+04 9.14081389E-04 0.00000000E+00
3.2515E+04 9.13805794E-04 0.00000000E+00
3.2539E+04 9.13460836E-04 0.00000000E+00
3.2563E+04 9.12793514E-04 0.00000000E+00
3.2586E+04 9.12338264E-04 0.00000000E+00
3.2610E+04 9.12111424E-04 0.00000000E+00
3.2633E+04 9.11571484E-04 0.00000000E+00
3.2657E+04 9.10941835E-04 0.00000000E+00
3.2680E+04 9.10664936E-04 0.00000000E+00
3.2704E+04 9.10321595E-04 0.00000000E+00
3.2728E+04 9.09655060E-04 0.00000000E+00
3.2751E+04 9.09198057E-04 0.00000000E+00
3.2775E+04 9.08971431E-04 0.00000000E+00
3.2798E+04 9.08433400E-04 0.00000000E+00
3.2822E+04 9.07802962E-04 0.00000000E+00
3.2845E+04 9.07524784E-04 0.00000000E+00
3.2869E+04 9.07183097E-04 0.00000000E+00
3.2892E+04 9.06517432E-04 0.00000000E+00
3.2916E+04 9.06058725E-04 0.00000000E+00
3.2940E+04 9.05832333E-04 0.00000000E+00
3.2963E+04 9.05296275E-04 0.00000000E+00
3.2987E+04 9.04665122E-04 0.00000000E+00
3.3010E+04 9.04385689E-04 0.00000000E+00
3.3034E+04 9.04045693E-04 0.00000000E+00
3.3057E+04 9.03380978E-04 0.00000000E+00
3.3081E+04 9.02920616E-04 0.00000000E+00
3.3105E+04 9.02694475E-04 0.00000000E+00
3.3128E+04 9.02160453E-04 0.00000000E+00
3.3152E+04 9.01528657E-04 0.00000000E+00
3.3175E+04 9.01247992E-04 0.00000000E+00
3.3199E+04 9.00909722E-04 0.00000000E+00
3.3222E+04 9.00246035E-04 0.00000000E+00
3.3246E+04 8.99784065E-04 0.00000000E+00
3.3269E+04 8.99558192E-04 0.00000000E+00
3.3293E+04 8.99026265E-04 0.00000000E+00
3.3317E+04 8.98393898E-04 0.00000000E+00
3.3340E+04 8.98112024E-04 0.00000000E+00
3.3364E+04 8.97775510E-04 0.00000000E+00
3.3387E+04 8.97112928E-04 0.00000000E+00
3.3411E+04 8.96649397E-04 0.00000000E+00
3.3434E+04 8.96423806E-04 0.00000000E+00
3.3458E+04 8.95894032E-04 0.00000000E+00
3.3482E+04 8.95261164E-04 0.00000000E+00
3.3505E+04 8.94978103E-04 0.00000000E+00
3.3529E+04 8.94643375E-04 0.00000000E+00
3.3552E+04 8.93981969E-04 0.00000000E+00
3.3576E+04 8.93516924E-04 0.00000000E+00
3.3599E+04 8.93291630E-04 0.00000000E+00
3.3623E+04 8.92764062E-04 0.00000000E+00
3.3646E+04 8.92130761E-04 0.00000000E+00
3.3670E+04 8.91846534E-04 0.00000000E+00
3.3694E+04 8.91513620E-04 0.00000000E+00
3.3717E+04 8.90853463E-04 0.00000000E+00
3.3741E+04 8.90386948E-04 0.00000000E+00
3.3764E+04 8.90161963E-04 0.00000000E+00
3.3788E+04 8.89636655E-04 0.00000000E+00
3.3811E+04 8.89002988E-04 0.00000000E+00
3.3835E+04 8.88717615E-04 0.00000000E+00
3.3859E+04 8.88386541E-04 0.00000000E+00
3.3882E+04 8.87727702E-04 0.00000000E+00
3.3906E+04 8.87259761E-04 0.00000000E+00
3.3929E+04 8.87035097E-04 0.00000000E+00
3.3953E+04 8.86512099E-04 0.00000000E+00
3.3976E+04 8.85878131E-04 0.00000000E+00
3.4000E+04 8.85591632E-04 0.00000000E+00
3.4023E+04 8.85262421E-04 0.00000000E+00
3.4047E+04 8.84604967E-04 0.00000000E+00
3.4071E+04 8.84135645E-04 0.00000000E+00
3.4094E+04 8.83911311E-04 0.00000000E+00
3.4118E+04 8.83390670E-04 0.00000000E+00
3.4141E+04 8.82756466E-04 0.00000000E+00
3.4165E+04 8.82468860E-04 0.00000000E+00
3.4188E+04 8.82141534E-04 0.00000000E+00
3.4212E+04 8.81485529E-04 0.00000000E+00
3.4236E+04 8.81014868E-04 0.00000000E+00
3.4259E+04 8.80790875E-04 0.00000000E+00
3.4283E+04 8.80272636E-04 0.00000000E+00
3.4306E+04 8.79638258E-04 0.00000000E+00
3.4330E+04 8.79349563E-04 0.00000000E+00
3.4353E+04 8.79024143E-04 0.00000000E+00
3.4377E+04 8.78369651E-04 0.00000000E+00
3.4400E+04 8.77897693E-04 0.00000000E+00
3.4424E+04 8.77674048E-04 0.00000000E+00
3.4448E+04 8.77158255E-04 0.00000000E+00
3.4471E+04 8.76523764E-04 0.00000000E+00
3.4495E+04 8.76233999E-04 0.00000000E+00
3.4518E+04 8.75910503E-04 0.00000000E+00
3.4542E+04 8.75257585E-04 0.00000000E+00
3.4565E+04 8.74784371E-04 0.00000000E+00
3.4589E+04 8.74561081E-04 0.00000000E+00
3.4612E+04 8.74047775E-04 0.00000000E+00
3.4636E+04 8.73413231E-04 0.00000000E+00
3.4660E+04 8.73122413E-04 0.00000000E+00
3.4683E+04 8.72800859E-04 0.00000000E+00
3.4707E+04 8.72149573E-04 0.00000000E+00
3.4730E+04 8.71675144E-04 0.00000000E+00
3.4754E+04 8.71452215E-04 0.00000000E+00
3.4777E+04 8.70941436E-04 0.00000000E+00
3.4801E+04 8.70306899E-04 0.00000000E+00
3.4825E+04 8.70015044E-04 0.00000000E+00
3.4848E+04 8.69695446E-04 0.00000000E+00
3.4872E+04 8.69045850E-04 0.00000000E+00
3.4895E+04 8.68570247E-04 0.00000000E+00
3.4919E+04 8.68347684E-04 0.00000000E+00
3.4942E+04 8.67839469E-04 0.00000000E+00
3.4966E+04 8.67204995E-04 0.00000000E+00
3.4989E+04 8.66912120E-04 0.00000000E+00
3.5013E+04 8.66594492E-04 0.00000000E+00
3.5037E+04 8.65946642E-04 0.00000000E+00
3.5060E+04 8.65469903E-04 0.00000000E+00
3.5084E+04 8.65247712E-04 0.00000000E+00
3.5107E+04 8.64742096E-04 0.00000000E+00
3.5131E+04 8.64107741E-04 0.00000000E+00
3.5154E+04 8.63813862E-04 0.00000000E+00
3.5178E+04 8.63498217E-04 0.00000000E+00
3.5202E+04 8.62852166E-04 0.00000000E+00
3.5225E+04 8.62374330E-04 0.00000000E+00
3.5249E+04 8.62152514E-04 0.00000000E+00
3.5272E+04 8.61649531E-04 0.00000000E+00
3.5296E+04 8.61015351E-04 0.00000000E+00
3.5319E+04 8.60720482E-04 0.00000000E+00
3.5343E+04 8.60406831E-04 0.00000000E+00
3.5366E+04 8.59762632E-04 0.00000000E+00
3.5390E+04 8.59283736E-04 0.00000000E+00
3.5414E+04 8.59062297E-04 0.00000000E+00
3.5437E+04 8.58561979E-04 0.00000000E+00
3.5461E+04 8.57928028E-04 0.00000000E+00
3.5484E+04 8.57632185E-04 0.00000000E+00
3.5508E+04 8.57320536E-04 0.00000000E+00
3.5531E+04 8.56678239E-04 0.00000000E+00
3.5555E+04 8.56198322E-04 0.00000000E+00
3.5579E+04 8.55977263E-04 0.00000000E+00
3.5602E+04 8.55479639E-04 0.00000000E+00
3.5626E+04 8.54845969E-04 0.00000000E+00
3.5649E+04 8.54549167E-04 0.00000000E+00
3.5673E+04 8.54239529E-04 0.00000000E+00
3.5696E+04 8.53599183E-04 0.00000000E+00
3.5720E+04 8.53118281E-04 0.00000000E+00
3.5743E+04 8.52897602E-04 0.00000000E+00
3.5767E+04 8.52402702E-04 0.00000000E+00
3.5791E+04 8.51769364E-04 0.00000000E+00
3.5814E+04 8.51471616E-04 0.00000000E+00
3.5838E+04 8.51163997E-04 0.00000000E+00
3.5861E+04 8.50525648E-04 0.00000000E+00
3.5885E+04 8.50043797E-04 0.00000000E+00
3.5908E+04 8.49823500E-04 0.00000000E+00
3.5932E+04 8.49331350E-04 0.00000000E+00
3.5956E+04 8.48698394E-04 0.00000000E+00
3.5979E+04 8.48399714E-04 0.00000000E+00
3.6003E+04 8.48094120E-04 0.00000000E+00
3.6026E+04 8.47457814E-04 0.00000000E+00
3.6050E+04 8.46975049E-04 0.00000000E+00
3.6073E+04 8.46755134E-04 0.00000000E+00
3.6097E+04 8.46265759E-04 0.00000000E+00
3.6120E+04 8.45633235E-04 0.00000000E+00
3.6144E+04 8.45333637E-04 0.00000000E+00
3.6168E+04 8.45030071E-04 0.00000000E+00
3.6191E+04 8.44395852E-04 0.00000000E+00
3.6215E+04 8.43912209E-04 0.00000000E+00
3.6238E+04 8.43692675E-04 0.00000000E+00
3.6262E+04 8.43206099E-04 0.00000000E+00
3.6285E+04 8.42574055E-04 0.00000000E+00
3.6309E+04 8.42273551E-04 0.00000000E+00
3.6333E+04 8.41972018E-04 0.00000000E+00
3.6356E+04 8.41339928E-04 0.00000000E+00
3.6380E+04 8.40855442E-04 0.00000000E+00
3.6403E+04 8.40636288E-04 0.00000000E+00
3.6427E+04 8.40152532E-04 0.00000000E+00
3.6450E+04 8.39521016E-04 0.00000000E+00
3.6474E+04 8.39219618E-04 0.00000000E+00
3.6497E+04 8.38920120E-04 0.00000000E+00
3.6521E+04 8.38290201E-04 0.00000000E+00
3.6545E+04 8.37804904E-04 0.00000000E+00
3.6568E+04 8.37586129E-04 0.00000000E+00
3.6592E+04 8.37105214E-04 0.00000000E+00
3.6615E+04 8.36474271E-04 0.00000000E+00
3.6639E+04 8.36171992E-04 0.00000000E+00
3.6662E+04 8.35874532E-04 0.00000000E+00
3.6686E+04 8.35246822E-04 0.00000000E+00
3.6710E+04 8.34760749E-04 0.00000000E+00
3.6733E+04 8.34542349E-04 0.00000000E+00
3.6757E+04 8.34064296E-04 0.00000000E+00
3.6780E+04 8.33433972E-04 0.00000000E+00
3.6804E+04 8.33130824E-04 0.00000000E+00
3.6827E+04 8.32835400E-04 0.00000000E+00
3.6851E+04 8.32209939E-04 0.00000000E+00
3.6874E+04 8.31723122E-04 0.00000000E+00
3.6898E+04 8.31505096E-04 0.00000000E+00
3.6922E+04 8.31029921E-04 0.00000000E+00
3.6945E+04 8.30400259E-04 0.00000000E+00
3.6969E+04 8.30096254E-04 0.00000000E+00
3.6992E+04 8.29802867E-04 0.00000000E+00
3.7016E+04 8.29179691E-04 0.00000000E+00
3.7039E+04 8.28692163E-04 0.00000000E+00
3.7063E+04 8.28474506E-04 0.00000000E+00
3.7087E+04 8.28002227E-04 0.00000000E+00
3.7110E+04 8.27373270E-04 0.00000000E+00
3.7134E+04 8.27068419E-04 0.00000000E+00
3.7157E+04 8.26777067E-04 0.00000000E+00
3.7181E+04 8.26156212E-04 0.00000000E+00
3.7204E+04 8.25668004E-04 0.00000000E+00
3.7228E+04 8.25450714E-04 0.00000000E+00
3.7251E+04 8.24981345E-04 0.00000000E+00
3.7275E+04 8.24353137E-04 0.00000000E+00
3.7299E+04 8.24047451E-04 0.00000000E+00
3.7322E+04 8.23758132E-04 0.00000000E+00
3.7346E+04 8.23139632E-04 0.00000000E+00
3.7369E+04 8.22650776E-04 0.00000000E+00
3.7393E+04 8.22433848E-04 0.00000000E+00
3.7416E+04 8.21967404E-04 0.00000000E+00
3.7440E+04 8.21339984E-04 0.00000000E+00
3.7463E+04 8.21033475E-04 0.00000000E+00
3.7487E+04 8.20746186E-04 0.00000000E+00
3.7511E+04 8.20130074E-04 0.00000000E+00
3.7534E+04 8.19640600E-04 0.00000000E+00
3.7558E+04 8.19424030E-04 0.00000000E+00
3.7581E+04 8.18960524E-04 0.00000000E+00
3.7605E+04 8.18333933E-04 0.00000000E+00
3.7628E+04 8.18026611E-04 0.00000000E+00
3.7652E+04 8.17741348E-04 0.00000000E+00
3.7676E+04 8.17127656E-04 0.00000000E+00
3.7699E+04 8.16637595E-04 0.00000000E+00
3.7723E+04 8.16421378E-04 0.00000000E+00
3.7746E+04 8.15960822E-04 0.00000000E+00
3.7770E+04 8.15335100E-04 0.00000000E+00
3.7793E+04 8.15026974E-04 0.00000000E+00
3.7817E+04 8.14743733E-04 0.00000000E+00
3.7840E+04 8.14132491E-04 0.00000000E+00
3.7864E+04 8.13641874E-04 0.00000000E+00
3.7888E+04 8.13426004E-04 0.00000000E+00
3.7911E+04 8.12968408E-04 0.00000000E+00
3.7935E+04 8.12343593E-04 0.00000000E+00
3.7958E+04 8.12034675E-04 0.00000000E+00
3.7982E+04 8.11753450E-04 0.00000000E+00
3.8005E+04 8.11144688E-04 0.00000000E+00
3.8029E+04 8.10653543E-04 0.00000000E+00
3.8053E+04 8.10438016E-04 0.00000000E+00
3.8076E+04 8.09983390E-04 0.00000000E+00
3.8100E+04 8.09359520E-04 0.00000000E+00
3.8123E+04 8.09049820E-04 0.00000000E+00
3.8147E+04 8.08770604E-04 0.00000000E+00
3.8170E+04 8.08164350E-04 0.00000000E+00
3.8194E+04 8.07672707E-04 0.00000000E+00
3.8217E+04 8.07457517E-04 0.00000000E+00
3.8241E+04 8.07005868E-04 0.00000000E+00
3.8265E+04 8.06382980E-04 0.00000000E+00
3.8288E+04 8.06072508E-04 0.00000000E+00
3.8312E+04 8.05795295E-04 0.00000000E+00
3.8335E+04 8.05191577E-04 0.00000000E+00
3.8359E+04 8.04699464E-04 0.00000000E+00
3.8382E+04 8.04484604E-04 0.00000000E+00
3.8406E+04 8.04035941E-04 0.00000000E+00
3.8430E+04 8.03414071E-04 0.00000000E+00
3.8453E+04 8.03102836E-04 0.00000000E+00
3.8477E+04 8.02827619E-04 0.00000000E+00
3.8500E+04 8.02226462E-04 0.00000000E+00
3.8524E+04 8.01733908E-04 0.00000000E+00
3.8547E+04 8.01519372E-04 0.00000000E+00
3.8571E+04 8.01073701E-04 0.00000000E+00
3.8594E+04 8.00452884E-04 0.00000000E+00
3.8618E+04 8.00140895E-04 0.00000000E+00
3.8642E+04 7.99867666E-04 0.00000000E+00
3.8665E+04 7.99269096E-04 0.00000000E+00
3.8689E+04 7.98776129E-04 0.00000000E+00
3.8712E+04 7.98561910E-04 0.00000000E+00
3.8736E+04 7.98119237E-04 0.00000000E+00
3.8759E+04 7.97499507E-04 0.00000000E+00
3.8783E+04 7.97186775E-04 0.00000000E+00
3.8807E+04 7.96915524E-04 0.00000000E+00
3.8830E+04 7.96319565E-04 0.00000000E+00
3.8854E+04 7.95826212E-04 0.00000000E+00
3.8877E+04 7.95612303E-04 0.00000000E+00
3.8901E+04 7.95172633E-04 0.00000000E+00
3.8924E+04 7.94554023E-04 0.00000000E+00
3.8948E+04 7.94240557E-04 0.00000000E+00
3.8971E+04 7.93971276E-04 0.00000000E+00
3.8995E+04 7.93377950E-04 0.00000000E+00
3.9019E+04 7.92884239E-04 0.00000000E+00
3.9042E+04 7.92670634E-04 0.00000000E+00
3.9066E+04 7.92233969E-04 0.00000000E+00
3.9089E+04 7.91616514E-04 0.00000000E+00
3.9113E+04 7.91302322E-04 0.00000000E+00
3.9136E+04 7.91035001E-04 0.00000000E+00
3.9160E+04 7.90444331E-04 0.00000000E+00
3.9184E+04 7.89950287E-04 0.00000000E+00
3.9207E+04 7.89736979E-04 0.00000000E+00
3.9231E+04 7.89303323E-04 0.00000000E+00
3.9254E+04 7.88687054E-04 0.00000000E+00
3.9278E+04 7.88372145E-04 0.00000000E+00
3.9301E+04 7.88106775E-04 0.00000000E+00
3.9325E+04 7.87518782E-04 0.00000000E+00
3.9348E+04 7.87024432E-04 0.00000000E+00
3.9372E+04 7.86811412E-04 0.00000000E+00
3.9396E+04 7.86380767E-04 0.00000000E+00
3.9419E+04 7.85765716E-04 0.00000000E+00
3.9443E+04 7.85450100E-04 0.00000000E+00
3.9466E+04 7.85186668E-04 0.00000000E+00
3.9490E+04 7.84601372E-04 0.00000000E+00
3.9513E+04 7.84106743E-04 0.00000000E+00
3.9537E+04 7.83894004E-04 0.00000000E+00
3.9561E+04 7.83466372E-04 0.00000000E+00
3.9584E+04 7.82852568E-04 0.00000000E+00
3.9608E+04 7.82536253E-04 0.00000000E+00
3.9631E+04 7.82274749E-04 0.00000000E+00
3.9655E+04 7.81692170E-04 0.00000000E+00
3.9678E+04 7.81197287E-04 0.00000000E+00
3.9702E+04 7.80984822E-04 0.00000000E+00
3.9725E+04 7.80560201E-04 0.00000000E+00
3.9749E+04 7.79947676E-04 0.00000000E+00
3.9773E+04 7.79630671E-04 0.00000000E+00
3.9796E+04 7.79371084E-04 0.00000000E+00
3.9820E+04 7.78791239E-04 0.00000000E+00
3.9843E+04 7.78296127E-04 0.00000000E+00
3.9867E+04 7.78083927E-04 0.00000000E+00
3.9890E+04 7.77662320E-04 0.00000000E+00
3.9914E+04 7.77051102E-04 0.00000000E+00
3.9937E+04 7.76733415E-04 0.00000000E+00
3.9961E+04 7.76475732E-04 0.00000000E+00
3.9985E+04 7.75898640E-04 0.00000000E+00
