# Freq_range	Reflection	Transmission
0.060000	0.160187	1.023745
0.060080	0.170533	1.003026
0.060160	0.193755	0.986955
0.060240	0.202770	0.955575
0.060320	0.228220	0.945703
0.060400	0.237195	0.907038
0.060480	0.262674	0.900142
0.060561	0.273136	0.858511
0.060641	0.296435	0.850987
0.060721	0.309680	0.810651
0.060801	0.329072	0.799419
0.060881	0.345771	0.763734
0.060961	0.360371	0.746889
0.061041	0.380343	0.717785
0.061121	0.390250	0.694882
0.061201	0.412457	0.672732
0.061281	0.418662	0.644715
0.061361	0.441429	0.628547
0.061441	0.445507	0.597381
0.061522	0.466885	0.585333
0.061602	0.470601	0.553479
0.061682	0.488775	0.543357
0.061762	0.493668	0.513228
0.061842	0.507322	0.503013
0.061922	0.514384	0.476536
0.062002	0.522931	0.464766
0.062082	0.532440	0.443100
0.062162	0.536092	0.429063
0.062242	0.547606	0.412524
0.062322	0.547276	0.396265
0.062402	0.559786	0.384406
0.062482	0.556867	0.366596
0.062563	0.569045	0.358415
0.062643	0.565124	0.340116
0.062723	0.575610	0.334321
0.062803	0.572167	0.316728
0.062883	0.579840	0.312001
0.062963	0.578002	0.296202
0.063043	0.582178	0.291423
0.063123	0.582565	0.278222
0.063203	0.583094	0.272617
0.063283	0.585766	0.262427
0.063363	0.583032	0.255632
0.063443	0.587540	0.248459
0.063524	0.582358	0.240511
0.063604	0.587883	0.236001
0.063684	0.581333	0.227261
0.063764	0.586864	0.224798
0.063844	0.580104	0.215837
0.063924	0.584641	0.214671
0.064004	0.578705	0.206142
0.064084	0.581431	0.205514
0.064164	0.577085	0.198033
0.064244	0.577497	0.197290
0.064324	0.575137	0.191331
0.064404	0.573109	0.190010
0.064484	0.572732	0.185846
0.064565	0.568511	0.183712
0.064645	0.569756	0.181388
0.064725	0.563897	0.178446
0.064805	0.566134	0.177794
0.064885	0.559388	0.174255
0.064965	0.561843	0.174934
0.065045	0.555024	0.171163
0.065125	0.556923	0.172727
0.065205	0.550771	0.169167
0.065285	0.551460	0.171139
0.065365	0.546532	0.168238
0.065445	0.545578	0.170185
0.065526	0.542167	0.168326
0.065606	0.539410	0.169920
0.065686	0.537520	0.169367
0.065766	0.533080	0.170429
0.065846	0.532439	0.171296
0.065926	0.526677	0.171817
0.066006	0.526799	0.174061
0.066086	0.520235	0.174196
0.066166	0.520516	0.177636
0.066246	0.513733	0.177677
0.066326	0.513543	0.182030
0.066406	0.507087	0.182359
0.066486	0.505877	0.187296
0.066567	0.500155	0.188333
0.066647	0.497536	0.193536
0.066727	0.492761	0.195676
0.066807	0.488548	0.200900
0.066887	0.484700	0.204464
0.066967	0.478930	0.209585
0.067047	0.475764	0.214778
0.067127	0.468665	0.219824
0.067207	0.465758	0.226720
0.067287	0.457687	0.231882
0.067367	0.454508	0.240423
0.067447	0.445873	0.246046
0.067528	0.441868	0.256070
0.067608	0.433042	0.262615
0.067688	0.427719	0.273901
0.067768	0.418958	0.281894
0.067848	0.411961	0.294220
0.067928	0.403351	0.304187
0.068008	0.394506	0.317392
0.068088	0.385935	0.329790
0.068168	0.375265	0.343835
0.068248	0.366445	0.358985
0.068328	0.354145	0.373987
0.068408	0.344668	0.392027
0.068488	0.331056	0.408269
0.068569	0.320484	0.429126
0.068649	0.305935	0.447024
0.068729	0.293903	0.470408
0.068809	0.278786	0.490431
0.068889	0.265109	0.515863
0.068969	0.249736	0.538412
0.069049	0.234498	0.565265
0.069129	0.219111	0.590524
0.069209	0.202702	0.618085
0.069289	0.187501	0.645867
0.069369	0.170596	0.673393
0.069449	0.155795	0.703025
0.069530	0.139274	0.729798
0.069610	0.125162	0.760094
0.069690	0.109963	0.785453
0.069770	0.096948	0.814816
0.069850	0.083901	0.838170
0.069930	0.072482	0.864830
0.070010	0.062146	0.885671
0.070090	0.052826	0.908013
0.070170	0.045398	0.925920
0.070250	0.038542	0.942830
0.070330	0.033839	0.957489
0.070410	0.029541	0.968599
0.070490	0.027075	0.979833
0.070571	0.025082	0.985584
0.070651	0.024184	0.993397
0.070731	0.023910	0.994919
0.070811	0.023865	0.999534
0.070891	0.024501	0.998378
0.070971	0.024650	1.000264
0.071051	0.025335	0.998085
0.071131	0.025135	0.997954
0.071211	0.025130	0.996227
0.071291	0.024195	0.994989
0.071371	0.023038	0.994811
0.071451	0.021180	0.993478
0.071532	0.018799	0.995456
0.071612	0.016109	0.994996
0.071692	0.012899	0.999192
0.071772	0.009879	1.000319
0.071852	0.006783	1.006210
0.071932	0.004533	1.009109
0.072012	0.003134	1.015514
0.072092	0.003547	1.019508
0.072172	0.006152	1.024481
0.072252	0.012011	1.027703
0.072332	0.021622	1.028459
0.072412	0.036390	1.027703
0.072492	0.056346	1.020775
0.072573	0.083394	1.011827
0.072653	0.116421	0.993721
0.072733	0.157607	0.972488
0.072813	0.204379	0.940941
0.072893	0.258480	0.905217
0.072973	0.316380	0.860572
0.073053	0.378498	0.811537
0.073133	0.441713	0.757228
0.073213	0.504538	0.699459
0.073293	0.565829	0.640966
0.073373	0.622205	0.580755
0.073453	0.675305	0.523658
0.073534	0.720453	0.466775
0.073614	0.761633	0.415173
0.073694	0.793879	0.365429
0.073774	0.822149	0.321421
0.073854	0.842312	0.280419
0.073934	0.858701	0.244450
0.074014	0.868958	0.212102
0.074094	0.875585	0.183597
0.074174	0.878485	0.158860
0.074254	0.877808	0.136783
0.074334	0.875674	0.118246
0.074414	0.870035	0.101454
0.074494	0.864715	0.087718
0.074575	0.856112	0.075138
0.074655	0.848949	0.064997
0.074735	0.838960	0.055697
0.074815	0.830868	0.048194
0.074895	0.820654	0.041400
0.074975	0.812233	0.035817
0.075055	0.802582	0.030903
0.075135	0.794222	0.026720
0.075215	0.785610	0.023192
0.075295	0.777573	0.020040
0.075375	0.770229	0.017514
0.075455	0.762708	0.015132
0.075536	0.756676	0.013320
0.075616	0.749826	0.011521
0.075696	0.745018	0.010208
0.075776	0.738971	0.008857
0.075856	0.735223	0.007890
0.075936	0.730086	0.006883
0.076016	0.727196	0.006154
0.076096	0.723049	0.005414
0.076176	0.720815	0.004849
0.076256	0.717700	0.004312
0.076336	0.715946	0.003862
0.076416	0.713858	0.003479
0.076496	0.712454	0.003113
0.076577	0.711341	0.002842
0.076657	0.710211	0.002541
0.076737	0.709973	0.002351
0.076817	0.709092	0.002102
0.076897	0.709593	0.001967
0.076977	0.708980	0.001763
0.077057	0.710056	0.001664
0.077137	0.709765	0.001500
0.077217	0.711241	0.001422
0.077297	0.711339	0.001293
0.077377	0.713048	0.001226
0.077457	0.713597	0.001128
0.077538	0.715396	0.001066
0.077618	0.716441	0.000996
0.077698	0.718222	0.000935
0.077778	0.719776	0.000887
0.077858	0.721478	0.000827
0.077938	0.723515	0.000797
0.078018	0.725123	0.000738
0.078098	0.727581	0.000720
0.078178	0.729124	0.000663
0.078258	0.731908	0.000653
0.078338	0.733449	0.000601
0.078418	0.736442	0.000595
0.078498	0.738066	0.000549
0.078579	0.741143	0.000543
0.078659	0.742938	0.000505
0.078739	0.745985	0.000496
0.078819	0.748028	0.000467
0.078899	0.750952	0.000454
0.078979	0.753297	0.000435
0.079059	0.756036	0.000416
0.079139	0.758703	0.000406
0.079219	0.761236	0.000383
0.079299	0.764209	0.000379
0.079379	0.766555	0.000354
0.079459	0.769781	0.000355
0.079540	0.771991	0.000328
0.079620	0.775391	0.000332
0.079700	0.777544	0.000306
0.079780	0.781019	0.000309
0.079860	0.783206	0.000287
0.079940	0.786655	0.000288
0.080020	0.788965	0.000271
0.080100	0.792295	0.000268
0.080180	0.794801	0.000256
0.080260	0.797945	0.000250
0.080340	0.800693	0.000243
0.080420	0.803613	0.000232
0.080501	0.806617	0.000231
0.080581	0.809311	0.000217
0.080661	0.812551	0.000219
0.080741	0.815050	0.000203
0.080821	0.818472	0.000207
0.080901	0.820840	0.000191
0.080981	0.824367	0.000196
0.081061	0.826685	0.000181
0.081141	0.830227	0.000184
0.081221	0.832581	0.000172
0.081301	0.836048	0.000173
0.081381	0.838522	0.000164
0.081461	0.841836	0.000162
0.081542	0.844494	0.000157
0.081622	0.847602	0.000152
0.081702	0.850479	0.000151
0.081782	0.853357	0.000143
0.081862	0.856458	0.000144
0.081942	0.859117	0.000135
0.082022	0.862413	0.000138
0.082102	0.864893	0.000127
0.082182	0.868329	0.000132
0.082262	0.870696	0.000121
0.082342	0.874195	0.000125
0.082422	0.876529	0.000116
0.082503	0.880005	0.000119
0.082583	0.882391	0.000111
0.082663	0.885761	0.000112
0.082743	0.888272	0.000108
0.082823	0.891471	0.000106
0.082903	0.894161	0.000104
0.082983	0.897145	0.000100
0.083063	0.900041	0.000101
0.083143	0.902798	0.000095
0.083223	0.905895	0.000097
0.083303	0.908443	0.000090
0.083383	0.911706	0.000094
0.083463	0.914093	0.000086
0.083544	0.917461	0.000090
0.083624	0.919755	0.000083
0.083704	0.923152	0.000086
0.083784	0.925432	0.000080
0.083864	0.928775	0.000082
0.083944	0.931120	0.000078
0.084024	0.934335	0.000078
0.084104	0.936811	0.000076
0.084184	0.939839	0.000074
0.084264	0.942492	0.000074
0.084344	0.945299	0.000070
0.084424	0.948146	0.000072
0.084505	0.950729	0.000067
0.084585	0.953756	0.000070
0.084665	0.956142	0.000064
0.084745	0.959309	0.000068
0.084825	0.961549	0.000062
0.084905	0.964791	0.000065
0.084985	0.966956	0.000060
0.085065	0.970197	0.000063
0.085145	0.972364	0.000059
0.085225	0.975525	0.000060
0.085305	0.977768	0.000058
0.085385	0.980779	0.000057
0.085465	0.983160	0.000057
0.085546	0.985969	0.000055
0.085626	0.988524	0.000056
0.085706	0.991107	0.000053
0.085786	0.993846	0.000055
0.085866	0.996207	0.000051
0.085946	0.999108	0.000054
0.086026	1.001281	0.000049
0.086106	1.004298	0.000053
0.086186	1.006338	0.000048
0.086266	1.009403	0.000051
0.086346	1.011384	0.000047
0.086426	1.014421	0.000049
0.086507	1.016419	0.000047
0.086587	1.019350	0.000047
0.086667	1.021437	0.000046
0.086747	1.024196	0.000045
0.086827	1.026426	0.000046
0.086907	1.028970	0.000044
0.086987	1.031374	0.000046
0.087067	1.033685	0.000042
0.087147	1.036263	0.000045
0.087227	1.038353	0.000041
0.087307	1.041079	0.000044
0.087387	1.042988	0.000040
0.087467	1.045807	0.000043
0.087548	1.047598	0.000040
0.087628	1.050440	0.000042
0.087708	1.052186	0.000040
0.087788	1.054974	0.000041
0.087868	1.056753	0.000040
0.087948	1.059409	0.000040
0.088028	1.061290	0.000040
0.088108	1.063755	0.000039
0.088188	1.065786	0.000040
0.088268	1.068021	0.000037
0.088348	1.070227	0.000040
0.088428	1.072222	0.000037
0.088509	1.074597	0.000040
0.088589	1.076371	0.000036
0.088669	1.078880	0.000039
0.088749	1.080480	0.000036
0.088829	1.083064	0.000039
0.088909	1.084558	0.000036
0.088989	1.087142	0.000038
0.089069	1.088608	0.000036
0.089149	1.091111	0.000037
0.089229	1.092627	0.000036
0.089309	1.094975	0.000036
0.089389	1.096608	0.000037
0.089469	1.098742	0.000035
0.089550	1.100538	0.000037
0.089630	1.102426	0.000034
0.089710	1.104402	0.000037
0.089790	1.106041	0.000034
0.089870	1.108184	0.000037
0.089950	1.109602	0.000034
0.090030	1.111868	0.000037
0.090110	1.113120	0.000034
0.090190	1.115444	0.000037
0.090270	1.116604	0.000035
0.090350	1.118905	0.000036
0.090430	1.120056	0.000035
0.090511	1.122251	0.000036
0.090591	1.123473	0.000036
0.090671	1.125486	0.000035
0.090751	1.126845	0.000037
0.090831	1.128622	0.000035
0.090911	1.130160	0.000037
0.090991	1.131673	0.000034
0.091071	1.133402	0.000038
0.091151	1.134654	0.000034
0.091231	1.136553	0.000038
0.091311	1.137582	0.000035
0.091391	1.139598	0.000038
0.091471	1.140469	0.000036
0.091552	1.142528	0.000038
0.091632	1.143323	0.000037
0.091712	1.145337	0.000038
0.091792	1.146146	0.000038
0.091872	1.148025	0.000037
0.091952	1.148933	0.000039
0.092032	1.150601	0.000037
0.092112	1.151673	0.000040
0.092192	1.153077	0.000037
0.092272	1.154353	0.000041
0.092352	1.155469	0.000038
0.092432	1.156955	0.000042
0.092513	1.157796	0.000038
0.092593	1.159460	0.000043
0.092673	1.160074	0.000039
0.092753	1.161855	0.000043
0.092833	1.162317	0.000041
0.092913	1.164127	0.000043
0.092993	1.164533	0.000043
0.093073	1.166274	0.000043
0.093153	1.166723	0.000044
0.093233	1.168297	0.000043
0.093313	1.168881	0.000046
0.093393	1.170206	0.000044
0.093473	1.170995	0.000048
0.093554	1.172018	0.000045
0.093634	1.173048	0.000050
0.093714	1.173750	0.000046
0.093794	1.175021	0.000052
0.093874	1.175424	0.000048
0.093954	1.176893	0.000053
0.094034	1.177059	0.000050
0.094114	1.178649	0.000054
0.094194	1.178670	0.000053
0.094274	1.180277	0.000055
0.094354	1.180265	0.000056
0.094434	1.181773	0.000056
0.094515	1.181845	0.000059
0.094595	1.183143	0.000058
0.094675	1.183401	0.000063
0.094755	1.184397	0.000059
0.094835	1.184921	0.000067
0.094915	1.185556	0.000062
0.094995	1.186381	0.000070
0.095075	1.186642	0.000065
0.095155	1.187760	0.000074
0.095235	1.187680	0.000069
0.095315	1.189034	0.000077
0.095395	1.188693	0.000074
0.095475	1.190183	0.000080
0.095556	1.189699	0.000080
0.095636	1.191193	0.000083
0.095716	1.190707	0.000087
0.095796	1.192062	0.000087
0.095876	1.191717	0.000095
0.095956	1.192793	0.000091
0.096036	1.192719	0.000103
0.096116	1.193403	0.000097
0.096196	1.193694	0.000112
0.096276	1.193915	0.000104
0.096356	1.194615	0.000121
0.096436	1.194359	0.000114
0.096517	1.195450	0.000130
0.096597	1.194765	0.000126
0.096677	1.196169	0.000140
0.096757	1.195164	0.000140
0.096837	1.196743	0.000151
0.096917	1.195578	0.000158
0.096997	1.197152	0.000164
0.097077	1.196021	0.000178
0.097157	1.197385	0.000179
0.097237	1.196491	0.000203
0.097317	1.197447	0.000198
0.097397	1.196977	0.000231
0.097477	1.197352	0.000223
0.097558	1.197448	0.000263
0.097638	1.197126	0.000255
0.097718	1.197865	0.000302
0.097798	1.196805	0.000297
0.097878	1.198174	0.000348
0.097958	1.196426	0.000354
0.098038	1.198317	0.000404
0.098118	1.196026	0.000430
0.098198	1.198229	0.000476
0.098278	1.195628	0.000532
0.098358	1.197843	0.000573
0.098438	1.195238	0.000672
0.098519	1.197084	0.000709
0.098599	1.194825	0.000868
0.098679	1.195858	0.000909
0.098759	1.194302	0.001155
0.098839	1.194015	0.001223
0.098919	1.193470	0.001597
0.098999	1.191260	0.001749
0.099079	1.191882	0.002338
0.099159	1.186884	0.002715
0.099239	1.188395	0.003727
0.099319	1.178842	0.004735
0.099399	1.179404	0.006822
0.099479	1.159617	0.009934
0.099560	1.149193	0.015909
0.099640	1.089007	0.029002
0.099720	0.988365	0.058321
0.099800	0.664877	0.137400
0.099880	0.450003	0.181296
0.099960	0.722726	0.120377
0.100040	0.950123	0.063944
0.100120	1.068623	0.042725
0.100200	1.141486	0.027610
0.100280	1.184140	0.021306
0.100360	1.222904	0.015527
0.100440	1.244916	0.012284
0.100521	1.267419	0.009084
0.100601	1.270290	0.006689
0.100681	1.275146	0.004937
0.100761	1.266357	0.003502
0.100841	1.264528	0.002725
0.100921	1.254644	0.001945
0.101001	1.251929	0.001609
0.101081	1.243929	0.001163
0.101161	1.241036	0.000998
0.101241	1.234954	0.000728
0.101321	1.231547	0.000627
0.101401	1.226956	0.000462
0.101481	1.222858	0.000389
0.101562	1.219435	0.000292
0.101642	1.214803	0.000235
0.101722	1.212379	0.000183
0.101802	1.207580	0.000140
0.101882	1.206022	0.000116
0.101962	1.201441	0.000085
0.102042	1.200547	0.000077
0.102122	1.196466	0.000056
0.102202	1.195959	0.000056
0.102282	1.192541	0.000041
0.102362	1.192135	0.000045
0.102442	1.189457	0.000034
0.102523	1.188918	0.000040
0.102603	1.186992	0.000032
0.102683	1.186173	0.000038
0.102763	1.184960	0.000031
0.102843	1.183809	0.000038
0.102923	1.183220	0.000033
0.103003	1.181766	0.000039
0.103083	1.181675	0.000035
0.103163	1.180011	0.000040
0.103243	1.180259	0.000038
0.103323	1.178516	0.000041
0.103403	1.178932	0.000041
0.103483	1.177253	0.000041
0.103564	1.177670	0.000044
0.103644	1.176187	0.000042
0.103724	1.176459	0.000046
0.103804	1.175276	0.000043
0.103884	1.175296	0.000048
0.103964	1.174473	0.000044
0.104044	1.174180	0.000050
0.104124	1.173731	0.000045
0.104204	1.173117	0.000051
0.104284	1.173008	0.000046
0.104364	1.172111	0.000051
0.104444	1.172267	0.000047
0.104525	1.171164	0.000050
0.104605	1.171483	0.000048
0.104685	1.170276	0.000049
0.104765	1.170641	0.000049
0.104845	1.169442	0.000048
0.104925	1.169737	0.000050
0.105005	1.168650	0.000047
0.105085	1.168776	0.000051
0.105165	1.167885	0.000047
0.105245	1.167773	0.000051
0.105325	1.167128	0.000046
0.105405	1.166742	0.000050
0.105485	1.166359	0.000046
0.105566	1.165703	0.000050
0.105646	1.165558	0.000046
0.105726	1.164674	0.000049
0.105806	1.164710	0.000046
0.105886	1.163665	0.000047
0.105966	1.163804	0.000047
0.106046	1.162687	0.000046
0.106126	1.162836	0.000047
0.106206	1.161738	0.000045
0.106286	1.161809	0.000047
0.106366	1.160815	0.000044
0.106446	1.160731	0.000047
0.106527	1.159906	0.000043
0.106607	1.159615	0.000047
0.106687	1.158999	0.000043
0.106767	1.158478	0.000046
0.106847	1.158077	0.000043
0.106927	1.157336	0.000045
0.107007	1.157126	0.000043
0.107087	1.156204	0.000044
0.107167	1.156134	0.000043
0.107247	1.155093	0.000043
0.107327	1.155094	0.000043
0.107407	1.154010	0.000042
0.107487	1.154005	0.000044
0.107568	1.152957	0.000041
0.107648	1.152869	0.000044
0.107728	1.151927	0.000041
0.107808	1.151696	0.000043
0.107888	1.150914	0.000040
0.107968	1.150498	0.000043
0.108048	1.149904	0.000040
0.108128	1.149290	0.000043
0.108208	1.148885	0.000040
0.108288	1.148087	0.000042
0.108368	1.147845	0.000041
0.108448	1.146901	0.000041
0.108529	1.146773	0.000041
0.108609	1.145742	0.000041
0.108689	1.145664	0.000042
0.108769	1.144615	0.000040
0.108849	1.144518	0.000042
0.108929	1.143521	0.000040
0.109009	1.143338	0.000042
0.109089	1.142453	0.000040
0.109169	1.142132	0.000043
0.109249	1.141404	0.000040
0.109329	1.140914	0.000043
0.109409	1.140361	0.000040
0.109489	1.139694	0.000042
0.109570	1.139314	0.000041
0.109650	1.138488	0.000042
0.109730	1.138250	0.000042
0.109810	1.137306	0.000042
0.109890	1.137161	0.000043
0.109970	1.136155	0.000042
0.110050	1.136043	0.000043
0.110130	1.135040	0.000042
0.110210	1.134896	0.000044
0.110290	1.133958	0.000042
0.110370	1.133724	0.000045
0.110450	1.132906	0.000042
0.110531	1.132535	0.000045
0.110611	1.131872	0.000043
0.110691	1.131341	0.000045
0.110771	1.130848	0.000044
0.110851	1.130155	0.000045
0.110931	1.129820	0.000045
0.111011	1.128988	0.000046
0.111091	1.128779	0.000046
0.111171	1.127849	0.000046
0.111251	1.127717	0.000047
0.111331	1.126747	0.000046
0.111411	1.126631	0.000049
0.111491	1.125682	0.000047
0.111572	1.125522	0.000050
0.111652	1.124652	0.000048
0.111732	1.124394	0.000051
0.111812	1.123652	0.000049
0.111892	1.123257	0.000052
0.111972	1.122672	0.000050
0.112052	1.122122	0.000052
0.112132	1.121701	0.000052
0.112212	1.121000	0.000053
0.112292	1.120727	0.000054
0.112372	1.119902	0.000054
0.112452	1.119742	0.000056
0.112533	1.118838	0.000055
0.112613	1.118739	0.000058
0.112693	1.117812	0.000056
0.112773	1.117715	0.000059
0.112853	1.116827	0.000058
0.112933	1.116672	0.000061
0.113013	1.115877	0.000059
0.113093	1.115615	0.000063
0.113173	1.114958	0.000061
0.113253	1.114555	0.000065
0.113333	1.114057	0.000064
0.113413	1.113501	0.000066
0.113493	1.113166	0.000067
0.113574	1.112467	0.000068
0.113654	1.112272	0.000070
0.113734	1.111461	0.000070
0.113814	1.111366	0.000073
0.113894	1.110493	0.000072
0.113974	1.110444	0.000076
0.114054	1.109567	0.000075
0.114134	1.109503	0.000079
0.114214	1.108682	0.000078
0.114294	1.108546	0.000083
0.114374	1.107835	0.000081
0.114454	1.107580	0.000086
0.114535	1.107016	0.000085
0.114615	1.106614	0.000089
0.114695	1.106217	0.000089
0.114775	1.105662	0.000092
0.114855	1.105424	0.000094
0.114935	1.104733	0.000096
0.115015	1.104628	0.000099
0.115095	1.103838	0.000100
0.115175	1.103821	0.000105
0.115255	1.102985	0.000104
0.115335	1.102997	0.000110
0.115415	1.102176	0.000109
0.115495	1.102156	0.000116
0.115576	1.101410	0.000115
0.115656	1.101301	0.000122
0.115736	1.100683	0.000122
0.115816	1.100442	0.000128
0.115896	1.099984	0.000129
0.115976	1.099588	0.000135
0.116056	1.099302	0.000137
0.116136	1.098752	0.000141
0.116216	1.098626	0.000146
0.116296	1.097945	0.000149
0.116376	1.097946	0.000156
0.116456	1.097178	0.000157
0.116537	1.097252	0.000166
0.116617	1.096457	0.000166
0.116697	1.096542	0.000177
0.116777	1.095784	0.000177
0.116857	1.095816	0.000188
0.116937	1.095156	0.000189
0.117017	1.095079	0.000200
0.117097	1.094567	0.000203
0.117177	1.094342	0.000213
0.117257	1.094005	0.000218
0.117337	1.093615	0.000227
0.117417	1.093459	0.000234
0.117497	1.092912	0.000241
0.117578	1.092916	0.000253
0.117658	1.092245	0.000258
0.117738	1.092366	0.000272
0.117818	1.091624	0.000277
0.117898	1.091801	0.000294
0.117978	1.091054	0.000298
0.118058	1.091219	0.000317
0.118138	1.090534	0.000321
0.118218	1.090622	0.000342
0.118298	1.090062	0.000348
0.118378	1.090018	0.000368
0.118458	1.089628	0.000379
0.118539	1.089416	0.000398
0.118619	1.089220	0.000413
0.118699	1.088832	0.000430
0.118779	1.088824	0.000451
0.118859	1.088277	0.000466
0.118939	1.088427	0.000492
0.119019	1.087766	0.000507
0.119099	1.088019	0.000539
0.119179	1.087305	0.000553
0.119259	1.087593	0.000590
0.119339	1.086899	0.000606
0.119419	1.087147	0.000646
0.119499	1.086547	0.000666
0.119580	1.086685	0.000708
0.119660	1.086241	0.000734
0.119740	1.086217	0.000777
0.119820	1.085970	0.000811
0.119900	1.085754	0.000854
0.119980	1.085718	0.000899
0.120060	1.085312	0.000942
0.120140	1.085469	0.000999
0.120220	1.084903	0.001042
0.120300	1.085209	0.001111
0.120380	1.084540	0.001157
0.120460	1.084927	0.001237
0.120541	1.084228	0.001289
0.120621	1.084614	0.001380
0.120701	1.083968	0.001441
0.120781	1.084269	0.001542
0.120861	1.083752	0.001618
0.120941	1.083898	0.001727
0.121021	1.083569	0.001822
0.121101	1.083508	0.001939
0.121181	1.083399	0.002058
0.121261	1.083111	0.002184
0.121341	1.083220	0.002332
0.121421	1.082719	0.002468
0.121502	1.083010	0.002648
0.121582	1.082341	0.002800
0.121662	1.082746	0.003016
0.121742	1.081979	0.003191
0.121822	1.082409	0.003443
0.121902	1.081629	0.003651
0.121982	1.081982	0.003943
0.122062	1.081276	0.004197
0.122142	1.081456	0.004530
0.122222	1.080894	0.004844
0.122302	1.080821	0.005223
0.122382	1.080446	0.005615
0.122462	1.080069	0.006047
0.122543	1.079886	0.006535
0.122623	1.079186	0.007033
0.122703	1.079156	0.007636
0.122783	1.078153	0.008222
0.122863	1.078191	0.008960
0.122943	1.076932	0.009662
0.123023	1.076918	0.010559
0.123103	1.075467	0.011418
0.123183	1.075252	0.012501
0.123263	1.073673	0.013571
0.123343	1.073094	0.014875
0.123423	1.071429	0.016222
0.123504	1.070325	0.017798
0.123584	1.068571	0.019507
0.123664	1.066791	0.021423
0.123744	1.064880	0.023598
0.123824	1.062291	0.025955
0.123904	1.060073	0.028723
0.123984	1.056551	0.031661
0.124064	1.053779	0.035183
0.124144	1.049196	0.038901
0.124224	1.045519	0.043382
0.124304	1.039711	0.048151
0.124384	1.034671	0.053861
0.124464	1.027395	0.060048
0.124545	1.020417	0.067346
0.124625	1.011296	0.075440
0.124705	1.001683	0.084812
0.124785	0.990146	0.095450
0.124865	0.977067	0.107553
0.124945	0.962285	0.121553
0.125025	0.944757	0.137261
0.125105	0.925607	0.155635
0.125185	0.902497	0.176069
0.125265	0.877570	0.200014
0.125345	0.847640	0.226519
0.125425	0.815375	0.257322
0.125506	0.777446	0.291315
0.125586	0.736451	0.330108
0.125666	0.689777	0.372709
0.125746	0.639451	0.419988
0.125826	0.584372	0.471349
0.125906	0.525774	0.526242
0.125986	0.464533	0.584657
0.126066	0.401206	0.644174
0.126146	0.338469	0.705400
0.126226	0.276484	0.764243
0.126306	0.218801	0.821797
0.126386	0.165363	0.873360
0.126466	0.119237	0.920232
0.126547	0.080109	0.958728
0.126627	0.049526	0.989872
0.126707	0.026810	1.012377
0.126787	0.011871	1.026406
0.126867	0.003652	1.033523
0.126947	0.001120	1.032637
0.127027	0.002930	1.027578
0.127107	0.007999	1.016123
0.127187	0.014845	1.003132
0.127267	0.022868	0.985899
0.127347	0.030677	0.968953
0.127427	0.038174	0.950005
0.127508	0.044331	0.932152
0.127588	0.049248	0.914322
0.127668	0.052509	0.897554
0.127748	0.054051	0.882427
0.127828	0.054184	0.867822
0.127908	0.052503	0.855931
0.127988	0.049937	0.843853
0.128068	0.045813	0.834929
0.128148	0.041379	0.825207
0.128228	0.035961	0.818405
0.128308	0.030733	0.810463
0.128388	0.025333	0.804578
0.128468	0.020527	0.797540
0.128549	0.016457	0.791214
0.128629	0.013345	0.784013
0.128709	0.011785	0.775944
0.128789	0.011575	0.767451
0.128869	0.013458	0.756598
0.128949	0.017136	0.745777
0.129029	0.023050	0.731526
0.129109	0.031203	0.717611
0.129189	0.041331	0.699872
0.129269	0.054007	0.682520
0.129349	0.068106	0.661726
0.129429	0.084768	0.641103
0.129510	0.102221	0.618100
0.129590	0.121839	0.594868
0.129670	0.141753	0.570734
0.129750	0.163013	0.545933
0.129830	0.184356	0.521773
0.129910	0.205917	0.496628
0.129990	0.227654	0.473411
0.130070	0.248390	0.449125
0.130150	0.269595	0.427579
0.130230	0.288745	0.405165
0.130310	0.308673	0.385750
0.130390	0.325886	0.365927
0.130470	0.344017	0.348860
0.130551	0.359300	0.332025
0.130631	0.375338	0.317334
0.130711	0.388947	0.303587
0.130791	0.402816	0.291173
0.130871	0.415127	0.280375
0.130951	0.426937	0.270071
0.131031	0.438335	0.261915
0.131111	0.448348	0.253528
0.131191	0.459143	0.247606
0.131271	0.467730	0.240948
0.131351	0.478118	0.236807
0.131431	0.485713	0.231709
0.131512	0.495761	0.228900
0.131592	0.502821	0.225215
0.131672	0.512493	0.223324
0.131752	0.519446	0.220918
0.131832	0.528637	0.219600
0.131912	0.535845	0.218338
0.131992	0.544432	0.217337
0.132072	0.552150	0.217065
0.132152	0.560036	0.216222
0.132232	0.568388	0.216759
0.132312	0.575542	0.216018
0.132392	0.584504	0.217149
0.132472	0.590985	0.216544
0.132553	0.600392	0.218032
0.132633	0.606351	0.217662
0.132713	0.615918	0.219268
0.132793	0.621581	0.219266
0.132873	0.630941	0.220772
0.132953	0.636577	0.221269
0.133033	0.645338	0.222514
0.133113	0.651203	0.223599
0.133193	0.659008	0.224499
0.133273	0.665299	0.226196
0.133353	0.671882	0.226763
0.133433	0.678684	0.229015
0.133514	0.683918	0.229359
0.133594	0.691172	0.232030
0.133674	0.695091	0.232340
0.133754	0.702582	0.235237
0.133834	0.705385	0.235757
0.133914	0.712760	0.238662
0.133994	0.714772	0.239645
0.134074	0.721584	0.242356
0.134154	0.723205	0.244023
0.134234	0.728978	0.246399
0.134314	0.730609	0.248899
0.134394	0.734913	0.250893
0.134474	0.736876	0.254271
0.134555	0.739401	0.255952
0.134635	0.741872	0.260139
0.134715	0.742488	0.261694
0.134795	0.745445	0.266514
0.134875	0.744236	0.268226
0.134955	0.747446	0.273431
0.135035	0.744699	0.275642
0.135115	0.747739	0.280952
0.135195	0.743907	0.284010
0.135275	0.746222	0.289173
0.135355	0.741847	0.293375
0.135435	0.742836	0.298225
0.135516	0.738452	0.303759
0.135596	0.737569	0.308262
0.135676	0.733598	0.315174
0.135756	0.730454	0.319457
0.135836	0.727116	0.327630
0.135916	0.721550	0.331982
0.135996	0.718804	0.341150
0.136076	0.710926	0.345994
0.136156	0.708452	0.355786
0.136236	0.698637	0.361620
0.136316	0.695872	0.371625
0.136396	0.684694	0.378944
0.136476	0.680918	0.388799
0.136557	0.669055	0.398003
0.136637	0.663508	0.407474
0.136717	0.651611	0.418784
0.136797	0.643635	0.427842
0.136877	0.632194	0.441236
0.136957	0.621361	0.450093
0.137037	0.610600	0.465282
0.137117	0.596806	0.474387
0.137197	0.586623	0.490836
0.137277	0.570124	0.500816
0.137357	0.560096	0.517818
0.137437	0.541482	0.529371
0.137518	0.530940	0.546167
0.137598	0.511039	0.559913
0.137678	0.499204	0.575838
0.137758	0.478934	0.592160
0.137838	0.465094	0.606786
0.137918	0.445293	0.625687
0.137998	0.428977	0.638934
0.138078	0.410256	0.659953
0.138158	0.391370	0.672130
0.138238	0.374011	0.694338
0.138318	0.352905	0.706098
0.138398	0.336840	0.728203
0.138478	0.314276	0.740397
0.138559	0.299155	0.760945
0.138639	0.276185	0.774405
0.138719	0.261511	0.792050
0.138799	0.239293	0.807332
0.138879	0.224598	0.821119
0.138959	0.204180	0.838283
0.139039	0.189186	0.847875
0.139119	0.171330	0.866357
0.139199	0.156049	0.872143
0.139279	0.141126	0.890765
0.139359	0.125879	0.893806
0.139439	0.113858	0.910960
0.139520	0.099196	0.912771
0.139600	0.089730	0.926729
0.139680	0.076295	0.928937
0.139760	0.068862	0.938231
0.139840	0.057230	0.942191
0.139920	0.051286	0.945981
0.140000	0.041834	0.952439
