# Freq_range	Reflection	Transmission
0.060000	0.175025	1.002714
0.060080	0.191671	0.981534
0.060160	0.208425	0.959288
0.060240	0.225667	0.936131
0.060320	0.243068	0.913120
0.060400	0.260510	0.888486
0.060480	0.278191	0.864953
0.060561	0.295471	0.839443
0.060641	0.313043	0.815593
0.060721	0.329850	0.789831
0.060801	0.346934	0.765861
0.060881	0.363019	0.740421
0.060961	0.379265	0.716540
0.061041	0.394443	0.691893
0.061121	0.409562	0.668335
0.061201	0.423691	0.644822
0.061281	0.437474	0.621841
0.061361	0.450456	0.599666
0.061441	0.462774	0.577527
0.061522	0.474538	0.556778
0.061602	0.485352	0.535728
0.061682	0.495847	0.516407
0.061762	0.505188	0.496660
0.061842	0.514387	0.478714
0.061922	0.522341	0.460427
0.062002	0.530237	0.443781
0.062082	0.536927	0.427044
0.062162	0.543536	0.411623
0.062242	0.549096	0.396458
0.062322	0.554465	0.382204
0.062402	0.559026	0.368567
0.062482	0.563230	0.355440
0.062563	0.566911	0.343238
0.062643	0.570051	0.331215
0.062723	0.572945	0.320322
0.062803	0.575145	0.309390
0.062883	0.577328	0.299663
0.062963	0.578722	0.289808
0.063043	0.580250	0.281105
0.063123	0.580977	0.272307
0.063203	0.581895	0.264499
0.063283	0.582084	0.256721
0.063363	0.582434	0.249702
0.063443	0.582200	0.242891
0.063524	0.582026	0.236580
0.063604	0.581462	0.230668
0.063684	0.580813	0.225010
0.063764	0.579986	0.219915
0.063844	0.578921	0.214875
0.063924	0.577875	0.210509
0.064004	0.576458	0.206069
0.064084	0.575215	0.202345
0.064164	0.573516	0.198494
0.064244	0.572082	0.195330
0.064324	0.570167	0.192062
0.064404	0.568538	0.189389
0.064484	0.566467	0.186695
0.064565	0.564637	0.184460
0.064645	0.562458	0.182326
0.064725	0.560422	0.180494
0.064805	0.558166	0.178898
0.064885	0.555927	0.177452
0.064965	0.553610	0.176368
0.065045	0.551174	0.175307
0.065125	0.548795	0.174704
0.065205	0.546177	0.174042
0.065285	0.543719	0.173889
0.065365	0.540937	0.173648
0.065445	0.538372	0.173919
0.065526	0.535445	0.174127
0.065606	0.532740	0.174804
0.065686	0.529681	0.175490
0.065766	0.526797	0.176567
0.065846	0.523613	0.177761
0.065926	0.520515	0.179248
0.066006	0.517199	0.180977
0.066086	0.513854	0.182900
0.066166	0.510386	0.185188
0.066246	0.506767	0.187590
0.066326	0.503112	0.190463
0.066406	0.499194	0.193402
0.066486	0.495303	0.196889
0.066567	0.491062	0.200441
0.066647	0.486875	0.204577
0.066727	0.482287	0.208826
0.066807	0.477734	0.213661
0.066887	0.472766	0.218702
0.066967	0.467773	0.224300
0.067047	0.462383	0.230237
0.067127	0.456871	0.236685
0.067207	0.451002	0.243628
0.067287	0.444894	0.251035
0.067367	0.438476	0.259102
0.067447	0.431693	0.267602
0.067528	0.424638	0.276916
0.067608	0.417106	0.286669
0.067688	0.409316	0.297361
0.067768	0.400958	0.308544
0.067848	0.392329	0.320756
0.067928	0.383074	0.333560
0.068008	0.373501	0.347436
0.068088	0.363282	0.362052
0.068168	0.352675	0.377740
0.068248	0.341438	0.394343
0.068328	0.329733	0.411978
0.068408	0.317448	0.430704
0.068488	0.304627	0.450390
0.068569	0.291304	0.471306
0.068649	0.277416	0.493084
0.068729	0.263128	0.516150
0.068809	0.248311	0.539957
0.068889	0.233222	0.564987
0.068969	0.217723	0.590607
0.069049	0.202114	0.617228
0.069129	0.186304	0.644242
0.069209	0.170585	0.671863
0.069289	0.154957	0.699618
0.069369	0.139661	0.727429
0.069449	0.124801	0.755038
0.069530	0.110544	0.782048
0.069610	0.097077	0.808447
0.069690	0.084483	0.833570
0.069770	0.072980	0.857630
0.069850	0.062580	0.879824
0.069930	0.053463	0.900517
0.070010	0.045586	0.918944
0.070090	0.039036	0.935511
0.070170	0.033735	0.949676
0.070250	0.029647	0.961771
0.070330	0.026671	0.971605
0.070410	0.024661	0.979354
0.070490	0.023501	0.985219
0.070571	0.022974	0.989190
0.070651	0.022951	0.991808
0.070731	0.023202	0.992904
0.070811	0.023588	0.993234
0.070891	0.023915	0.992545
0.070971	0.024047	0.991645
0.071051	0.023862	0.990299
0.071131	0.023242	0.989201
0.071211	0.022155	0.988223
0.071291	0.020532	0.987816
0.071371	0.018436	0.988015
0.071451	0.015887	0.988949
0.071532	0.013045	0.990808
0.071612	0.010060	0.993376
0.071692	0.007214	0.996925
0.071772	0.004820	1.000918
0.071852	0.003316	1.005572
0.071932	0.003208	1.010085
0.072012	0.005122	1.014450
0.072092	0.009745	1.017675
0.072172	0.017878	1.019386
0.072252	0.030311	1.018512
0.072332	0.047888	1.014278
0.072412	0.071298	1.005726
0.072492	0.101134	0.991852
0.072573	0.137664	0.972098
0.072653	0.180835	0.945634
0.072733	0.230191	0.912607
0.072813	0.284772	0.872809
0.072893	0.343369	0.827208
0.072973	0.404262	0.776413
0.073053	0.465847	0.721951
0.073133	0.526194	0.665033
0.073213	0.583868	0.607220
0.073293	0.637346	0.549861
0.073373	0.685747	0.494087
0.073453	0.728299	0.440991
0.073534	0.764731	0.391104
0.073614	0.795010	0.345094
0.073694	0.819294	0.302987
0.073774	0.838069	0.265050
0.073854	0.851690	0.231016
0.073934	0.860906	0.200855
0.074014	0.866101	0.174201
0.074094	0.868078	0.150840
0.074174	0.867175	0.130430
0.074254	0.864109	0.112667
0.074334	0.859165	0.097280
0.074414	0.852897	0.083941
0.074494	0.845559	0.072460
0.074575	0.837516	0.062528
0.074655	0.829012	0.054015
0.074735	0.820231	0.046658
0.074815	0.811424	0.040367
0.074895	0.802623	0.034933
0.074975	0.794084	0.030288
0.075055	0.785731	0.026279
0.075135	0.777811	0.022846
0.075215	0.770189	0.019888
0.075295	0.763085	0.017345
0.075375	0.756347	0.015158
0.075455	0.750148	0.013269
0.075536	0.744355	0.011649
0.075616	0.739080	0.010240
0.075696	0.734235	0.009035
0.075776	0.729857	0.007980
0.075856	0.725921	0.007079
0.075936	0.722390	0.006285
0.076016	0.719302	0.005607
0.076096	0.716554	0.005007
0.076176	0.714237	0.004493
0.076256	0.712202	0.004038
0.076336	0.710577	0.003644
0.076416	0.709187	0.003296
0.076496	0.708173	0.002992
0.076577	0.707360	0.002725
0.076657	0.706881	0.002488
0.076737	0.706583	0.002281
0.076817	0.706568	0.002094
0.076897	0.706728	0.001933
0.076977	0.707114	0.001784
0.077057	0.707677	0.001657
0.077137	0.708410	0.001538
0.077217	0.709325	0.001435
0.077297	0.710359	0.001339
0.077377	0.711579	0.001257
0.077457	0.712875	0.001178
0.077538	0.714357	0.001110
0.077618	0.715883	0.001046
0.077698	0.717587	0.000989
0.077778	0.719316	0.000936
0.077858	0.721207	0.000888
0.077938	0.723116	0.000844
0.078018	0.725162	0.000802
0.078098	0.727231	0.000765
0.078178	0.729406	0.000730
0.078258	0.731618	0.000698
0.078338	0.733899	0.000667
0.078418	0.736236	0.000640
0.078498	0.738607	0.000612
0.078579	0.741053	0.000589
0.078659	0.743500	0.000565
0.078739	0.746038	0.000544
0.078819	0.748553	0.000523
0.078899	0.751167	0.000504
0.078979	0.753743	0.000485
0.079059	0.756418	0.000469
0.079139	0.759051	0.000452
0.079219	0.761773	0.000437
0.079299	0.764459	0.000422
0.079379	0.767216	0.000408
0.079459	0.769954	0.000395
0.079540	0.772735	0.000382
0.079620	0.775520	0.000371
0.079700	0.778319	0.000358
0.079780	0.781146	0.000348
0.079860	0.783959	0.000337
0.079940	0.786821	0.000327
0.080020	0.789646	0.000317
0.080100	0.792538	0.000308
0.080180	0.795375	0.000299
0.080260	0.798286	0.000291
0.080340	0.801137	0.000282
0.080420	0.804061	0.000275
0.080501	0.806928	0.000267
0.080581	0.809857	0.000260
0.080661	0.812742	0.000253
0.080741	0.815670	0.000246
0.080821	0.818573	0.000240
0.080901	0.821495	0.000233
0.080981	0.824417	0.000228
0.081061	0.827330	0.000222
0.081141	0.830268	0.000217
0.081221	0.833173	0.000211
0.081301	0.836124	0.000206
0.081381	0.839021	0.000201
0.081461	0.841979	0.000197
0.081542	0.844872	0.000192
0.081622	0.847832	0.000188
0.081702	0.850723	0.000183
0.081782	0.853678	0.000179
0.081862	0.856573	0.000175
0.081942	0.859517	0.000171
0.082022	0.862417	0.000168
0.082102	0.865347	0.000164
0.082182	0.868255	0.000161
0.082262	0.871167	0.000157
0.082342	0.874082	0.000154
0.082422	0.876975	0.000151
0.082503	0.879896	0.000148
0.082583	0.882771	0.000145
0.082663	0.885694	0.000142
0.082743	0.888553	0.000139
0.082823	0.891474	0.000137
0.082903	0.894321	0.000134
0.082983	0.897233	0.000132
0.083063	0.900073	0.000129
0.083143	0.902971	0.000127
0.083223	0.905807	0.000125
0.083303	0.908685	0.000123
0.083383	0.911521	0.000121
0.083463	0.914376	0.000119
0.083544	0.917213	0.000117
0.083624	0.920042	0.000115
0.083704	0.922880	0.000114
0.083784	0.925682	0.000111
0.083864	0.928519	0.000110
0.083944	0.931297	0.000108
0.084024	0.934128	0.000107
0.084104	0.936886	0.000105
0.084184	0.939706	0.000104
0.084264	0.942446	0.000103
0.084344	0.945249	0.000101
0.084424	0.947977	0.000100
0.084505	0.950758	0.000099
0.084585	0.953478	0.000098
0.084665	0.956230	0.000096
0.084745	0.958944	0.000096
0.084825	0.961666	0.000094
0.084905	0.964376	0.000094
0.084985	0.967064	0.000092
0.085065	0.969768	0.000092
0.085145	0.972424	0.000090
0.085225	0.975121	0.000090
0.085305	0.977746	0.000089
0.085385	0.980430	0.000088
0.085465	0.983029	0.000087
0.085546	0.985694	0.000087
0.085626	0.988271	0.000086
0.085706	0.990911	0.000086
0.085786	0.993472	0.000085
0.085866	0.996081	0.000084
0.085946	0.998628	0.000084
0.086026	1.001201	0.000083
0.086106	1.003739	0.000083
0.086186	1.006272	0.000083
0.086266	1.008801	0.000083
0.086346	1.011294	0.000082
0.086426	1.013812	0.000082
0.086507	1.016266	0.000081
0.086587	1.018769	0.000081
0.086667	1.021187	0.000081
0.086747	1.023670	0.000081
0.086827	1.026056	0.000081
0.086907	1.028514	0.000081
0.086987	1.030874	0.000081
0.087067	1.033298	0.000081
0.087147	1.035637	0.000081
0.087227	1.038022	0.000081
0.087307	1.040345	0.000081
0.087387	1.042684	0.000081
0.087467	1.044994	0.000082
0.087548	1.047286	0.000082
0.087628	1.049582	0.000082
0.087708	1.051826	0.000082
0.087788	1.054106	0.000083
0.087868	1.056304	0.000083
0.087948	1.058565	0.000084
0.088028	1.060720	0.000084
0.088108	1.062955	0.000085
0.088188	1.065073	0.000086
0.088268	1.067274	0.000086
0.088348	1.069363	0.000087
0.088428	1.071522	0.000088
0.088509	1.073586	0.000089
0.088589	1.075696	0.000090
0.088669	1.077742	0.000091
0.088749	1.079797	0.000092
0.088829	1.081827	0.000094
0.088909	1.083824	0.000095
0.088989	1.085839	0.000097
0.089069	1.087777	0.000098
0.089149	1.089773	0.000100
0.089229	1.091656	0.000101
0.089309	1.093627	0.000103
0.089389	1.095460	0.000105
0.089469	1.097397	0.000108
0.089550	1.099187	0.000110
0.089630	1.101080	0.000112
0.089710	1.102835	0.000116
0.089790	1.104675	0.000118
0.089870	1.106402	0.000122
0.089950	1.108178	0.000124
0.090030	1.109883	0.000129
0.090110	1.111587	0.000132
0.090190	1.113273	0.000137
0.090270	1.114899	0.000141
0.090350	1.116564	0.000147
0.090430	1.118111	0.000152
0.090511	1.119750	0.000159
0.090591	1.121219	0.000165
0.090671	1.122819	0.000172
0.090751	1.124214	0.000180
0.090831	1.125761	0.000189
0.090911	1.127088	0.000199
0.090991	1.128561	0.000209
0.091071	1.129826	0.000222
0.091151	1.131201	0.000234
0.091231	1.132404	0.000250
0.091311	1.133655	0.000265
0.091391	1.134793	0.000286
0.091471	1.135887	0.000306
0.091552	1.136944	0.000333
0.091632	1.137844	0.000359
0.091712	1.138785	0.000394
0.091792	1.139439	0.000431
0.091872	1.140201	0.000479
0.091952	1.140531	0.000533
0.092032	1.140998	0.000600
0.092112	1.140869	0.000682
0.092192	1.140828	0.000782
0.092272	1.139978	0.000913
0.092352	1.139010	0.001075
0.092432	1.136872	0.001300
0.092513	1.134050	0.001589
0.092593	1.129231	0.002019
0.092673	1.122185	0.002613
0.092753	1.110683	0.003567
0.092833	1.092096	0.005041
0.092913	1.060311	0.007644
0.092993	1.005201	0.012133
0.093073	0.917786	0.019780
0.093153	0.835263	0.028065
0.093233	0.863908	0.028409
0.093313	0.979881	0.021041
0.093393	1.080119	0.013794
0.093473	1.145013	0.008780
0.093554	1.180108	0.005478
0.093634	1.197025	0.003455
0.093714	1.202876	0.002176
0.093794	1.203627	0.001407
0.093874	1.201523	0.000904
0.093954	1.198249	0.000594
0.094034	1.194615	0.000389
0.094114	1.191012	0.000263
0.094194	1.188022	0.000182
0.094274	1.185380	0.000133
0.094354	1.183568	0.000101
0.094434	1.182005	0.000083
0.094515	1.181185	0.000071
0.094595	1.180467	0.000064
0.094675	1.180353	0.000059
0.094755	1.180249	0.000057
0.094835	1.180606	0.000055
0.094915	1.180929	0.000053
0.094995	1.181565	0.000053
0.095075	1.182161	0.000051
0.095155	1.182931	0.000050
0.095235	1.183683	0.000048
0.095315	1.184491	0.000047
0.095395	1.185320	0.000045
0.095475	1.186111	0.000044
0.095556	1.186964	0.000042
0.095636	1.187709	0.000041
0.095716	1.188547	0.000039
0.095796	1.189234	0.000037
0.095876	1.190031	0.000035
0.095956	1.190659	0.000034
0.096036	1.191397	0.000032
0.096116	1.191970	0.000031
0.096196	1.192635	0.000029
0.096276	1.193161	0.000028
0.096356	1.193748	0.000026
0.096436	1.194233	0.000025
0.096517	1.194741	0.000024
0.096597	1.195190	0.000022
0.096677	1.195619	0.000022
0.096757	1.196034	0.000020
0.096837	1.196391	0.000019
0.096917	1.196772	0.000018
0.096997	1.197063	0.000018
0.097077	1.197407	0.000017
0.097157	1.197640	0.000016
0.097237	1.197943	0.000015
0.097317	1.198128	0.000015
0.097397	1.198384	0.000014
0.097477	1.198528	0.000014
0.097558	1.198731	0.000013
0.097638	1.198840	0.000013
0.097718	1.198984	0.000012
0.097798	1.199060	0.000012
0.097878	1.199140	0.000012
0.097958	1.199181	0.000011
0.098038	1.199191	0.000011
0.098118	1.199188	0.000011
0.098198	1.199119	0.000011
0.098278	1.199054	0.000011
0.098358	1.198890	0.000011
0.098438	1.198734	0.000011
0.098519	1.198442	0.000011
0.098599	1.198136	0.000011
0.098679	1.197648	0.000012
0.098759	1.197081	0.000012
0.098839	1.196249	0.000013
0.098919	1.195210	0.000014
0.098999	1.193784	0.000015
0.099079	1.192039	0.000017
0.099159	1.190077	0.000017
0.099239	1.188443	0.000016
0.099319	1.187716	0.000013
0.099399	1.187896	0.000009
0.099479	1.188364	0.000006
0.099560	1.188475	0.000003
0.099640	1.188108	0.000002
0.099720	1.187331	0.000001
0.099800	1.186547	0.000000
0.099880	1.185931	0.000000
0.099960	1.185912	0.000000
0.100040	1.186644	0.000000
0.100120	1.188149	0.000000
0.100200	1.189851	0.000000
0.100280	1.191413	0.000000
0.100360	1.192580	0.000000
0.100440	1.193428	0.000000
0.100521	1.193978	0.000000
0.100601	1.194328	0.000000
0.100681	1.194525	0.000000
0.100761	1.194598	0.000000
0.100841	1.194605	0.000000
0.100921	1.194518	0.000000
0.101001	1.194417	0.000000
0.101081	1.194231	0.000000
0.101161	1.194059	0.000000
0.101241	1.193809	0.000000
0.101321	1.193586	0.000000
0.101401	1.193292	0.000000
0.101481	1.193028	0.000000
0.101562	1.192704	0.000000
0.101642	1.192404	0.000000
0.101722	1.192059	0.000000
0.101802	1.191725	0.000000
0.101882	1.191366	0.000000
0.101962	1.191000	0.000000
0.102042	1.190630	0.000000
0.102122	1.190236	0.000000
0.102202	1.189856	0.000000
0.102282	1.189437	0.000001
0.102362	1.189047	0.000001
0.102442	1.188606	0.000001
0.102523	1.188204	0.000001
0.102603	1.187747	0.000001
0.102683	1.187331	0.000001
0.102763	1.186861	0.000001
0.102843	1.186427	0.000001
0.102923	1.185949	0.000001
0.103003	1.185497	0.000001
0.103083	1.185012	0.000002
0.103163	1.184540	0.000002
0.103243	1.184052	0.000002
0.103323	1.183559	0.000002
0.103403	1.183068	0.000002
0.103483	1.182555	0.000002
0.103564	1.182061	0.000003
0.103644	1.181529	0.000003
0.103724	1.181030	0.000003
0.103804	1.180482	0.000004
0.103884	1.179976	0.000004
0.103964	1.179416	0.000004
0.104044	1.178898	0.000005
0.104124	1.178329	0.000005
0.104204	1.177798	0.000005
0.104284	1.177223	0.000006
0.104364	1.176674	0.000007
0.104444	1.176096	0.000007
0.104525	1.175528	0.000008
0.104605	1.174948	0.000009
0.104685	1.174359	0.000009
0.104765	1.173776	0.000010
0.104845	1.173167	0.000011
0.104925	1.172580	0.000012
0.105005	1.171950	0.000013
0.105085	1.171356	0.000014
0.105165	1.170707	0.000016
0.105245	1.170102	0.000017
0.105325	1.169436	0.000019
0.105405	1.168813	0.000021
0.105485	1.168131	0.000023
0.105566	1.167485	0.000025
0.105646	1.166786	0.000028
0.105726	1.166110	0.000031
0.105806	1.165394	0.000034
0.105886	1.164680	0.000038
0.105966	1.163941	0.000043
0.106046	1.163179	0.000047
0.106126	1.162410	0.000053
0.106206	1.161589	0.000060
0.106286	1.160774	0.000067
0.106366	1.159878	0.000076
0.106446	1.158996	0.000086
0.106527	1.158001	0.000099
0.106607	1.157015	0.000113
0.106687	1.155882	0.000130
0.106767	1.154735	0.000151
0.106847	1.153399	0.000177
0.106927	1.151992	0.000208
0.107007	1.150331	0.000248
0.107087	1.148489	0.000297
0.107167	1.146270	0.000361
0.107247	1.143647	0.000445
0.107327	1.140376	0.000558
0.107407	1.136221	0.000711
0.107487	1.130747	0.000930
0.107568	1.123209	0.001247
0.107648	1.112495	0.001729
0.107728	1.096424	0.002484
0.107808	1.071745	0.003717
0.107888	1.033335	0.005740
0.107968	0.979332	0.008830
0.108048	0.927157	0.012314
0.108128	0.922950	0.013714
0.108208	0.975064	0.012010
0.108288	1.040144	0.009144
0.108368	1.092293	0.006598
0.108448	1.127687	0.004623
0.108529	1.148720	0.003198
0.108609	1.159374	0.002201
0.108689	1.163525	0.001532
0.108769	1.164071	0.001078
0.108849	1.162586	0.000769
0.108929	1.160046	0.000553
0.109009	1.156844	0.000402
0.109089	1.153407	0.000296
0.109169	1.149880	0.000224
0.109249	1.146553	0.000175
0.109329	1.143454	0.000143
0.109409	1.140732	0.000123
0.109489	1.138316	0.000111
0.109570	1.136256	0.000104
0.109650	1.134447	0.000101
0.109730	1.132904	0.000100
0.109810	1.131544	0.000100
0.109890	1.130371	0.000101
0.109970	1.129332	0.000102
0.110050	1.128426	0.000104
0.110130	1.127627	0.000106
0.110210	1.126923	0.000108
0.110290	1.126306	0.000110
0.110370	1.125753	0.000112
0.110450	1.125269	0.000113
0.110531	1.124824	0.000115
0.110611	1.124430	0.000116
0.110691	1.124054	0.000117
0.110771	1.123714	0.000118
0.110851	1.123377	0.000118
0.110931	1.123066	0.000119
0.111011	1.122747	0.000119
0.111091	1.122446	0.000119
0.111171	1.122133	0.000119
0.111251	1.121832	0.000119
0.111331	1.121517	0.000119
0.111411	1.121210	0.000119
0.111491	1.120889	0.000119
0.111572	1.120572	0.000119
0.111652	1.120245	0.000119
0.111732	1.119917	0.000119
0.111812	1.119582	0.000118
0.111892	1.119242	0.000118
0.111972	1.118898	0.000118
0.112052	1.118546	0.000118
0.112132	1.118194	0.000118
0.112212	1.117830	0.000117
0.112292	1.117470	0.000117
0.112372	1.117094	0.000117
0.112452	1.116726	0.000117
0.112533	1.116341	0.000117
0.112613	1.115964	0.000117
0.112693	1.115570	0.000117
0.112773	1.115186	0.000118
0.112853	1.114786	0.000118
0.112933	1.114393	0.000118
0.113013	1.113988	0.000118
0.113093	1.113589	0.000118
0.113173	1.113181	0.000119
0.113253	1.112775	0.000119
0.113333	1.112366	0.000120
0.113413	1.111954	0.000120
0.113493	1.111544	0.000121
0.113574	1.111129	0.000121
0.113654	1.110719	0.000122
0.113734	1.110300	0.000123
0.113814	1.109891	0.000124
0.113894	1.109470	0.000125
0.113974	1.109062	0.000126
0.114054	1.108640	0.000127
0.114134	1.108233	0.000128
0.114214	1.107813	0.000129
0.114294	1.107406	0.000130
0.114374	1.106989	0.000131
0.114454	1.106582	0.000133
0.114535	1.106169	0.000134
0.114615	1.105762	0.000136
0.114695	1.105354	0.000138
0.114775	1.104948	0.000139
0.114855	1.104545	0.000141
0.114935	1.104139	0.000143
0.115015	1.103743	0.000145
0.115095	1.103339	0.000147
0.115175	1.102948	0.000150
0.115255	1.102546	0.000152
0.115335	1.102162	0.000154
0.115415	1.101763	0.000157
0.115495	1.101383	0.000160
0.115576	1.100990	0.000162
0.115656	1.100614	0.000165
0.115736	1.100228	0.000168
0.115816	1.099855	0.000172
0.115896	1.099476	0.000175
0.115976	1.099107	0.000178
0.116056	1.098737	0.000182
0.116136	1.098370	0.000186
0.116216	1.098009	0.000190
0.116296	1.097645	0.000194
0.116376	1.097293	0.000198
0.116456	1.096933	0.000203
0.116537	1.096590	0.000208
0.116617	1.096234	0.000213
0.116697	1.095900	0.000218
0.116777	1.095550	0.000223
0.116857	1.095222	0.000229
0.116937	1.094880	0.000235
0.117017	1.094558	0.000241
0.117097	1.094225	0.000248
0.117177	1.093908	0.000255
0.117257	1.093585	0.000262
0.117337	1.093272	0.000269
0.117417	1.092961	0.000277
0.117497	1.092651	0.000285
0.117578	1.092351	0.000294
0.117658	1.092046	0.000302
0.117738	1.091757	0.000312
0.117818	1.091457	0.000322
0.117898	1.091179	0.000332
0.117978	1.090885	0.000343
0.118058	1.090616	0.000354
0.118138	1.090329	0.000366
0.118218	1.090068	0.000378
0.118298	1.089791	0.000391
0.118378	1.089536	0.000405
0.118458	1.089270	0.000420
0.118539	1.089021	0.000435
0.118619	1.088767	0.000451
0.118699	1.088522	0.000468
0.118779	1.088281	0.000485
0.118859	1.088040	0.000504
0.118939	1.087812	0.000524
0.119019	1.087576	0.000544
0.119099	1.087360	0.000566
0.119179	1.087129	0.000589
0.119259	1.086925	0.000613
0.119339	1.086701	0.000639
0.119419	1.086506	0.000666
0.119499	1.086290	0.000694
0.119580	1.086103	0.000725
0.119660	1.085898	0.000757
0.119740	1.085715	0.000791
0.119820	1.085522	0.000827
0.119900	1.085344	0.000865
0.119980	1.085163	0.000905
0.120060	1.084988	0.000948
0.120140	1.084820	0.000994
0.120220	1.084647	0.001042
0.120300	1.084492	0.001093
0.120380	1.084321	0.001148
0.120460	1.084176	0.001206
0.120541	1.084009	0.001268
0.120621	1.083872	0.001334
0.120701	1.083709	0.001404
0.120781	1.083577	0.001480
0.120861	1.083420	0.001560
0.120941	1.083290	0.001646
0.121021	1.083138	0.001737
0.121101	1.083006	0.001836
0.121181	1.082861	0.001941
0.121261	1.082725	0.002054
0.121341	1.082585	0.002175
0.121421	1.082440	0.002305
0.121502	1.082303	0.002444
0.121582	1.082148	0.002594
0.121662	1.082010	0.002757
0.121742	1.081842	0.002930
0.121822	1.081696	0.003119
0.121902	1.081513	0.003321
0.121982	1.081353	0.003541
0.122062	1.081151	0.003777
0.122142	1.080969	0.004034
0.122222	1.080743	0.004312
0.122302	1.080527	0.004614
0.122382	1.080272	0.004941
0.122462	1.080010	0.005297
0.122543	1.079715	0.005685
0.122623	1.079394	0.006107
0.122703	1.079046	0.006568
0.122783	1.078650	0.007070
0.122863	1.078231	0.007621
0.122943	1.077740	0.008222
0.123023	1.077225	0.008883
0.123103	1.076615	0.009606
0.123183	1.075973	0.010403
0.123263	1.075214	0.011277
0.123343	1.074405	0.012244
0.123423	1.073458	0.013308
0.123504	1.072429	0.014485
0.123584	1.071241	0.015787
0.123664	1.069928	0.017231
0.123744	1.068432	0.018833
0.123824	1.066751	0.020614
0.123904	1.064853	0.022599
0.123984	1.062698	0.024810
0.124064	1.060278	0.027283
0.124144	1.057509	0.030045
0.124224	1.054404	0.033146
0.124304	1.050841	0.036621
0.124384	1.046837	0.040534
0.124464	1.042239	0.044934
0.124545	1.037054	0.049903
0.124625	1.031105	0.055510
0.124705	1.024366	0.061858
0.124785	1.016646	0.069044
0.124865	1.007865	0.077196
0.124945	0.997826	0.086451
0.125025	0.986370	0.096966
0.125105	0.973297	0.108927
0.125185	0.958363	0.122524
0.125265	0.941357	0.137999
0.125345	0.921951	0.155578
0.125425	0.899926	0.175554
0.125506	0.874894	0.198182
0.125586	0.846638	0.223781
0.125666	0.814773	0.252605
0.125746	0.779126	0.284941
0.125826	0.739425	0.320973
0.125906	0.695640	0.360840
0.125986	0.647773	0.404537
0.126066	0.596091	0.451894
0.126146	0.541054	0.502554
0.126226	0.483375	0.555875
0.126306	0.424084	0.611027
0.126386	0.364369	0.666842
0.126466	0.305707	0.722066
0.126547	0.249539	0.775199
0.126627	0.197380	0.824860
0.126707	0.150457	0.869661
0.126787	0.109794	0.908543
0.126867	0.075956	0.940700
0.126947	0.049145	0.965727
0.127027	0.029127	0.983612
0.127107	0.015342	0.994630
0.127187	0.006978	0.999430
0.127267	0.003066	0.998730
0.127347	0.002587	0.993514
0.127427	0.004547	0.984636
0.127508	0.008034	0.973089
0.127588	0.012270	0.959641
0.127668	0.016612	0.945088
0.127748	0.020576	0.930010
0.127828	0.023817	0.914924
0.127908	0.026118	0.900211
0.127988	0.027390	0.886109
0.128068	0.027619	0.872831
0.128148	0.026904	0.860383
0.128228	0.025367	0.848836
0.128308	0.023230	0.838027
0.128388	0.020706	0.827914
0.128468	0.018076	0.818231
0.128549	0.015607	0.808840
0.128629	0.013594	0.799436
0.128709	0.012325	0.789815
0.128789	0.012067	0.779693
0.128869	0.013094	0.768831
0.128949	0.015615	0.757019
0.129029	0.019841	0.744026
0.129109	0.025905	0.729755
0.129189	0.033912	0.714029
0.129269	0.043902	0.696882
0.129349	0.055846	0.678229
0.129429	0.069691	0.658227
0.129510	0.085268	0.636906
0.129590	0.102445	0.614509
0.129670	0.120943	0.591183
0.129750	0.140568	0.567206
0.129830	0.160994	0.542813
0.129910	0.181991	0.518267
0.129990	0.203249	0.493852
0.130070	0.224527	0.469774
0.130150	0.245595	0.446320
0.130230	0.266217	0.423621
0.130310	0.286276	0.401925
0.130390	0.305558	0.381291
0.130470	0.324061	0.361904
0.130551	0.341607	0.343760
0.130631	0.358288	0.326972
0.130711	0.373971	0.311498
0.130791	0.388798	0.297373
0.130871	0.402698	0.284544
0.130951	0.415818	0.272977
0.131031	0.428153	0.262621
0.131111	0.439816	0.253390
0.131191	0.450875	0.245246
0.131271	0.461377	0.238067
0.131351	0.471461	0.231831
0.131431	0.481099	0.226395
0.131512	0.490487	0.221755
0.131592	0.499528	0.217765
0.131672	0.508450	0.214424
0.131752	0.517112	0.211603
0.131832	0.525745	0.209298
0.131912	0.534194	0.207404
0.131992	0.542657	0.205906
0.132072	0.551004	0.204735
0.132152	0.559368	0.203857
0.132232	0.567676	0.203241
0.132312	0.575972	0.202830
0.132392	0.584261	0.202634
0.132472	0.592488	0.202575
0.132553	0.600745	0.202694
0.132633	0.608879	0.202899
0.132713	0.617065	0.203254
0.132793	0.625071	0.203663
0.132873	0.633128	0.204195
0.132953	0.640962	0.204766
0.133033	0.648821	0.205435
0.133113	0.656435	0.206144
0.133193	0.664026	0.206926
0.133273	0.671370	0.207759
0.133353	0.678623	0.208642
0.133433	0.685648	0.209594
0.133514	0.692498	0.210577
0.133594	0.699156	0.211648
0.133674	0.705548	0.212739
0.133754	0.711788	0.213935
0.133834	0.717679	0.215146
0.133914	0.723453	0.216476
0.133994	0.728810	0.217828
0.134074	0.734068	0.219302
0.134154	0.738869	0.220815
0.134234	0.743564	0.222449
0.134314	0.747794	0.224148
0.134394	0.751882	0.225959
0.134474	0.755530	0.227869
0.134555	0.758972	0.229878
0.134635	0.762028	0.232025
0.134715	0.764794	0.234258
0.134795	0.767247	0.236665
0.134875	0.769314	0.239153
0.134955	0.771145	0.241844
0.135035	0.772500	0.244620
0.135115	0.773685	0.247621
0.135195	0.774324	0.250723
0.135275	0.774833	0.254059
0.135355	0.774754	0.257527
0.135435	0.774550	0.261226
0.135516	0.773757	0.265099
0.135596	0.772801	0.269194
0.135676	0.771295	0.273514
0.135756	0.769547	0.278043
0.135836	0.767320	0.282849
0.135916	0.764743	0.287853
0.135996	0.761781	0.293186
0.136076	0.758343	0.298712
0.136156	0.754616	0.304610
0.136236	0.750293	0.310712
0.136316	0.745758	0.317212
0.136396	0.740531	0.323946
0.136476	0.735135	0.331088
0.136557	0.728990	0.338509
0.136637	0.722668	0.346333
0.136717	0.715592	0.354497
0.136797	0.708278	0.363044
0.136877	0.700257	0.372002
0.136957	0.691889	0.381316
0.137037	0.682902	0.391110
0.137117	0.673426	0.401235
0.137197	0.663445	0.411897
0.137277	0.652823	0.422874
0.137357	0.641814	0.434424
0.137437	0.630030	0.446287
0.137518	0.617956	0.458726
0.137598	0.605016	0.471497
0.137678	0.591844	0.484811
0.137758	0.577778	0.498490
0.137838	0.563490	0.512643
0.137918	0.548356	0.527202
0.137998	0.532958	0.542135
0.138078	0.516839	0.557508
0.138158	0.500377	0.573134
0.138238	0.483379	0.589214
0.138318	0.465951	0.605417
0.138398	0.448206	0.622046
0.138478	0.429964	0.638676
0.138559	0.411634	0.655648
0.138639	0.392793	0.672518
0.138719	0.374069	0.689585
0.138799	0.354895	0.706470
0.138879	0.336003	0.723348
0.138959	0.316806	0.739989
0.139039	0.298002	0.756376
0.139119	0.279116	0.772487
0.139199	0.260687	0.788083
0.139279	0.242448	0.803364
0.139359	0.224694	0.817888
0.139439	0.207417	0.832048
0.139520	0.190636	0.845263
0.139600	0.174595	0.858040
0.139680	0.159063	0.869770
0.139760	0.144471	0.880957
0.139840	0.130417	0.891094
0.139920	0.117418	0.900563
0.140000	0.105003	0.909077
