# Freq_range	Reflection	Transmission
0.060000	0.161439	1.019866
0.060080	0.177558	0.999607
0.060160	0.194007	0.978028
0.060240	0.210919	0.955714
0.060320	0.228151	0.933132
0.060400	0.245483	0.909195
0.060480	0.263127	0.885877
0.060561	0.280522	0.860860
0.060641	0.298186	0.837047
0.060721	0.315312	0.811536
0.060801	0.332612	0.787461
0.060881	0.349182	0.762019
0.060961	0.365764	0.737923
0.061041	0.381544	0.713035
0.061121	0.397115	0.689174
0.061201	0.411912	0.665215
0.061281	0.426250	0.641858
0.061361	0.439921	0.619081
0.061441	0.452880	0.596498
0.061522	0.465318	0.575046
0.061602	0.476837	0.553489
0.061682	0.487967	0.533414
0.061762	0.498050	0.513101
0.061842	0.507837	0.494393
0.061922	0.516535	0.475488
0.062002	0.524972	0.458105
0.062082	0.532379	0.440709
0.062162	0.539490	0.424595
0.062242	0.545712	0.408745
0.062322	0.551555	0.393851
0.062402	0.556703	0.379520
0.062482	0.561361	0.365805
0.062563	0.565539	0.352919
0.062643	0.569120	0.340355
0.062723	0.572421	0.328805
0.062803	0.575047	0.317369
0.062883	0.577553	0.307027
0.062963	0.579353	0.296694
0.063043	0.581134	0.287429
0.063123	0.582239	0.278170
0.063203	0.583356	0.269858
0.063283	0.583885	0.261633
0.063363	0.584401	0.254167
0.063443	0.584458	0.246921
0.063524	0.584433	0.240216
0.063604	0.584107	0.233881
0.063684	0.583604	0.227874
0.063764	0.582959	0.222371
0.063844	0.582045	0.217017
0.063924	0.581129	0.212264
0.064004	0.579872	0.207533
0.064084	0.578714	0.203444
0.064164	0.577180	0.199317
0.064244	0.575800	0.195815
0.064324	0.574050	0.192275
0.064404	0.572459	0.189292
0.064484	0.570545	0.186324
0.064565	0.568750	0.183804
0.064645	0.566714	0.181390
0.064725	0.564722	0.179296
0.064805	0.562591	0.177412
0.064885	0.560415	0.175719
0.064965	0.558202	0.174339
0.065045	0.555854	0.173041
0.065125	0.553560	0.172135
0.065205	0.551058	0.171235
0.065285	0.548671	0.170775
0.065365	0.546031	0.170286
0.065445	0.543533	0.170247
0.065526	0.540768	0.170188
0.065606	0.538136	0.170553
0.065686	0.535255	0.170946
0.065766	0.532462	0.171707
0.065846	0.529466	0.172576
0.065926	0.526488	0.173738
0.066006	0.523366	0.175106
0.066086	0.520178	0.176687
0.066166	0.516911	0.178576
0.066246	0.513491	0.180612
0.066326	0.510046	0.183046
0.066406	0.506374	0.185584
0.066486	0.502707	0.188589
0.066567	0.498759	0.191692
0.066647	0.494822	0.195303
0.066727	0.490570	0.199042
0.066807	0.486302	0.203303
0.066887	0.481713	0.207764
0.066967	0.477053	0.212734
0.067047	0.472082	0.218008
0.067127	0.466962	0.223765
0.067207	0.461554	0.229953
0.067287	0.455903	0.236595
0.067367	0.449988	0.243807
0.067447	0.443735	0.251456
0.067528	0.437230	0.259810
0.067608	0.430301	0.268611
0.067688	0.423113	0.278236
0.067768	0.415429	0.288355
0.067848	0.407457	0.299394
0.067928	0.398938	0.311013
0.068008	0.390076	0.323617
0.068088	0.380643	0.336929
0.068168	0.370795	0.351259
0.068248	0.360369	0.366454
0.068328	0.349453	0.382670
0.068408	0.337975	0.399918
0.068488	0.325938	0.418167
0.068569	0.313373	0.437594
0.068649	0.300214	0.457981
0.068729	0.286579	0.479639
0.068809	0.272362	0.502194
0.068889	0.257749	0.526022
0.068969	0.242635	0.550652
0.069049	0.227238	0.576431
0.069129	0.211501	0.602869
0.069209	0.195642	0.630180
0.069289	0.179685	0.657935
0.069369	0.163825	0.686128
0.069449	0.148175	0.714462
0.069530	0.132893	0.742661
0.069610	0.118168	0.770597
0.069690	0.104115	0.797747
0.069770	0.090956	0.824148
0.069850	0.078763	0.849119
0.069930	0.067737	0.872825
0.070010	0.057907	0.894563
0.070090	0.049398	0.914568
0.070170	0.042198	0.932270
0.070250	0.036323	0.947895
0.070330	0.031717	0.961144
0.070410	0.028286	0.972170
0.070490	0.025933	0.981010
0.070571	0.024476	0.987709
0.070651	0.023784	0.992626
0.070731	0.023636	0.995702
0.070811	0.023874	0.997533
0.070891	0.024288	0.997995
0.070971	0.024709	0.997790
0.071051	0.024977	0.996793
0.071131	0.024938	0.995668
0.071211	0.024500	0.994357
0.071291	0.023554	0.993361
0.071371	0.022087	0.992738
0.071451	0.020068	0.992743
0.071532	0.017575	0.993550
0.071612	0.014687	0.995136
0.071692	0.011589	0.997743
0.071772	0.008508	1.001068
0.071852	0.005773	1.005324
0.071932	0.003789	1.009953
0.072012	0.003069	1.014998
0.072092	0.004222	1.019680
0.072172	0.007965	1.023728
0.072252	0.015085	1.026194
0.072332	0.026451	1.026404
0.072412	0.042906	1.023346
0.072492	0.065261	1.016011
0.072573	0.094149	1.003537
0.072653	0.129951	0.984884
0.072733	0.172710	0.959671
0.072813	0.221988	0.927307
0.072893	0.276974	0.888194
0.072973	0.336295	0.842575
0.073053	0.398409	0.791648
0.073133	0.461383	0.736474
0.073213	0.523466	0.678657
0.073293	0.582835	0.619658
0.073373	0.638113	0.560927
0.073453	0.688129	0.503808
0.073534	0.732175	0.449221
0.073614	0.769886	0.398083
0.073694	0.801169	0.350729
0.073774	0.826308	0.307596
0.073854	0.845593	0.268597
0.073934	0.859673	0.233788
0.074014	0.869002	0.202869
0.074094	0.874342	0.175659
0.074174	0.876165	0.151807
0.074254	0.875181	0.131011
0.074334	0.871816	0.112960
0.074414	0.866638	0.097313
0.074494	0.860019	0.083827
0.074575	0.852356	0.072178
0.074655	0.843969	0.062185
0.074735	0.835092	0.053571
0.074815	0.826007	0.046203
0.074895	0.816814	0.039858
0.074975	0.807760	0.034436
0.075055	0.798847	0.029771
0.075135	0.790288	0.025782
0.075215	0.782028	0.022354
0.075295	0.774237	0.019414
0.075375	0.766840	0.016892
0.075455	0.759957	0.014721
0.075536	0.753521	0.012860
0.075616	0.747596	0.011252
0.075696	0.742143	0.009875
0.075776	0.737170	0.008679
0.075856	0.732672	0.007655
0.075936	0.728608	0.006762
0.076016	0.725010	0.005997
0.076096	0.721793	0.005327
0.076176	0.719019	0.004751
0.076256	0.716578	0.004245
0.076336	0.714548	0.003809
0.076416	0.712807	0.003425
0.076496	0.711440	0.003091
0.076577	0.710327	0.002798
0.076657	0.709542	0.002541
0.076737	0.708987	0.002315
0.076817	0.708711	0.002115
0.076897	0.708649	0.001940
0.076977	0.708817	0.001782
0.077057	0.709187	0.001645
0.077137	0.709740	0.001520
0.077217	0.710487	0.001411
0.077297	0.711374	0.001311
0.077377	0.712448	0.001224
0.077457	0.713627	0.001143
0.077538	0.714981	0.001072
0.077618	0.716414	0.001006
0.077698	0.718008	0.000948
0.077778	0.719663	0.000894
0.077858	0.721460	0.000845
0.077938	0.723310	0.000800
0.078018	0.725278	0.000758
0.078098	0.727299	0.000721
0.078178	0.729412	0.000685
0.078258	0.731582	0.000654
0.078338	0.733817	0.000623
0.078418	0.736117	0.000596
0.078498	0.738455	0.000569
0.078579	0.740866	0.000546
0.078659	0.743293	0.000522
0.078739	0.745798	0.000502
0.078819	0.748304	0.000481
0.078899	0.750887	0.000463
0.078979	0.753461	0.000445
0.079059	0.756109	0.000429
0.079139	0.758745	0.000413
0.079219	0.761445	0.000398
0.079299	0.764136	0.000384
0.079379	0.766876	0.000370
0.079459	0.769618	0.000358
0.079540	0.772391	0.000345
0.079620	0.775177	0.000334
0.079700	0.777975	0.000322
0.079780	0.780800	0.000312
0.079860	0.783619	0.000302
0.079940	0.786476	0.000293
0.080020	0.789313	0.000283
0.080100	0.792197	0.000275
0.080180	0.795050	0.000266
0.080260	0.797953	0.000258
0.080340	0.800823	0.000250
0.080420	0.803739	0.000243
0.080501	0.806625	0.000236
0.080581	0.809548	0.000229
0.080661	0.812450	0.000222
0.080741	0.815376	0.000216
0.080821	0.818293	0.000210
0.080901	0.821218	0.000204
0.080981	0.824148	0.000198
0.081061	0.827071	0.000193
0.081141	0.830013	0.000188
0.081221	0.832932	0.000182
0.081301	0.835882	0.000178
0.081381	0.838798	0.000173
0.081461	0.841752	0.000169
0.081542	0.844666	0.000164
0.081622	0.847620	0.000160
0.081702	0.850535	0.000156
0.081782	0.853484	0.000152
0.081862	0.856400	0.000148
0.081942	0.859342	0.000144
0.082022	0.862259	0.000141
0.082102	0.865190	0.000137
0.082182	0.868111	0.000134
0.082262	0.871029	0.000131
0.082342	0.873952	0.000128
0.082422	0.876857	0.000125
0.082503	0.879780	0.000122
0.082583	0.882672	0.000119
0.082663	0.885592	0.000117
0.082743	0.888472	0.000114
0.082823	0.891387	0.000112
0.082903	0.894257	0.000109
0.082983	0.897162	0.000107
0.083063	0.900025	0.000105
0.083143	0.902917	0.000103
0.083223	0.905774	0.000100
0.083303	0.908650	0.000098
0.083383	0.911502	0.000096
0.083463	0.914359	0.000094
0.083544	0.917207	0.000093
0.083624	0.920044	0.000091
0.083704	0.922886	0.000089
0.083784	0.925703	0.000087
0.083864	0.928539	0.000086
0.083944	0.931337	0.000084
0.084024	0.934162	0.000083
0.084104	0.936942	0.000081
0.084184	0.939754	0.000080
0.084264	0.942519	0.000078
0.084344	0.945314	0.000077
0.084424	0.948066	0.000076
0.084505	0.950840	0.000074
0.084585	0.953580	0.000073
0.084665	0.956331	0.000072
0.084745	0.959060	0.000071
0.084825	0.961786	0.000070
0.084905	0.964505	0.000069
0.084985	0.967204	0.000067
0.085065	0.969911	0.000067
0.085145	0.972585	0.000066
0.085225	0.975278	0.000065
0.085305	0.977926	0.000064
0.085385	0.980602	0.000063
0.085465	0.983228	0.000062
0.085546	0.985883	0.000061
0.085626	0.988488	0.000060
0.085706	0.991120	0.000060
0.085786	0.993706	0.000059
0.085866	0.996310	0.000058
0.085946	0.998879	0.000057
0.086026	1.001453	0.000057
0.086106	1.004006	0.000056
0.086186	1.006548	0.000055
0.086266	1.009085	0.000055
0.086346	1.011594	0.000054
0.086426	1.014113	0.000054
0.086507	1.016591	0.000053
0.086587	1.019089	0.000053
0.086667	1.021537	0.000052
0.086747	1.024012	0.000052
0.086827	1.026432	0.000051
0.086907	1.028880	0.000051
0.086987	1.031274	0.000050
0.087067	1.033691	0.000050
0.087147	1.036061	0.000049
0.087227	1.038445	0.000049
0.087307	1.040793	0.000049
0.087387	1.043140	0.000048
0.087467	1.045468	0.000048
0.087548	1.047777	0.000048
0.087628	1.050083	0.000047
0.087708	1.052354	0.000047
0.087788	1.054637	0.000047
0.087868	1.056871	0.000046
0.087948	1.059128	0.000046
0.088028	1.061328	0.000046
0.088108	1.063555	0.000046
0.088188	1.065723	0.000046
0.088268	1.067917	0.000045
0.088348	1.070055	0.000045
0.088428	1.072213	0.000045
0.088509	1.074323	0.000045
0.088589	1.076442	0.000045
0.088669	1.078526	0.000045
0.088749	1.080603	0.000045
0.088829	1.082662	0.000045
0.088909	1.084696	0.000044
0.088989	1.086730	0.000045
0.089069	1.088722	0.000044
0.089149	1.090728	0.000044
0.089229	1.092679	0.000044
0.089309	1.094655	0.000044
0.089389	1.096567	0.000044
0.089469	1.098509	0.000044
0.089550	1.100386	0.000045
0.089630	1.102291	0.000045
0.089710	1.104134	0.000045
0.089790	1.105998	0.000045
0.089870	1.107812	0.000045
0.089950	1.109631	0.000045
0.090030	1.111418	0.000045
0.090110	1.113190	0.000045
0.090190	1.114950	0.000046
0.090270	1.116675	0.000046
0.090350	1.118407	0.000046
0.090430	1.120086	0.000046
0.090511	1.121788	0.000047
0.090591	1.123423	0.000047
0.090671	1.125091	0.000047
0.090751	1.126686	0.000048
0.090831	1.128317	0.000048
0.090911	1.129874	0.000048
0.090991	1.131464	0.000049
0.091071	1.132988	0.000049
0.091151	1.134533	0.000050
0.091231	1.136026	0.000050
0.091311	1.137522	0.000051
0.091391	1.138987	0.000051
0.091471	1.140433	0.000052
0.091552	1.141871	0.000053
0.091632	1.143266	0.000053
0.091712	1.144675	0.000054
0.091792	1.146021	0.000055
0.091872	1.147400	0.000056
0.091952	1.148699	0.000057
0.092032	1.150043	0.000058
0.092112	1.151299	0.000058
0.092192	1.152604	0.000059
0.092272	1.153822	0.000061
0.092352	1.155082	0.000062
0.092432	1.156267	0.000063
0.092513	1.157477	0.000064
0.092593	1.158632	0.000066
0.092673	1.159790	0.000067
0.092753	1.160918	0.000069
0.092833	1.162019	0.000070
0.092913	1.163121	0.000073
0.092993	1.164166	0.000074
0.093073	1.165240	0.000076
0.093153	1.166230	0.000078
0.093233	1.167272	0.000081
0.093313	1.168211	0.000083
0.093393	1.169216	0.000086
0.093473	1.170108	0.000089
0.093554	1.171069	0.000092
0.093634	1.171919	0.000096
0.093714	1.172828	0.000099
0.093794	1.173641	0.000103
0.093874	1.174489	0.000107
0.093954	1.175269	0.000112
0.094034	1.176050	0.000117
0.094114	1.176798	0.000123
0.094194	1.177504	0.000128
0.094274	1.178220	0.000135
0.094354	1.178845	0.000142
0.094434	1.179521	0.000151
0.094515	1.180063	0.000159
0.094595	1.180688	0.000170
0.094675	1.181141	0.000181
0.094755	1.181697	0.000194
0.094835	1.182056	0.000208
0.094915	1.182517	0.000224
0.094995	1.182770	0.000244
0.095075	1.183100	0.000264
0.095155	1.183224	0.000291
0.095235	1.183367	0.000319
0.095315	1.183319	0.000356
0.095395	1.183189	0.000396
0.095475	1.182881	0.000449
0.095556	1.182333	0.000509
0.095636	1.181588	0.000590
0.095716	1.180345	0.000687
0.095796	1.178783	0.000819
0.095876	1.176253	0.000989
0.095956	1.172970	0.001227
0.096036	1.167674	0.001562
0.096116	1.160205	0.002057
0.096196	1.147774	0.002830
0.096276	1.128150	0.004076
0.096356	1.093704	0.006241
0.096436	1.036951	0.009872
0.096517	0.958800	0.015121
0.096597	0.922045	0.018210
0.096677	0.980720	0.015605
0.096757	1.070208	0.010686
0.096837	1.136775	0.006883
0.096917	1.178208	0.004292
0.096997	1.199895	0.002666
0.097077	1.210033	0.001652
0.097157	1.212973	0.001035
0.097237	1.212872	0.000656
0.097317	1.210637	0.000418
0.097397	1.208022	0.000273
0.097477	1.204966	0.000181
0.097558	1.202421	0.000128
0.097638	1.200068	0.000094
0.097718	1.198359	0.000076
0.097798	1.196957	0.000064
0.097878	1.196042	0.000057
0.097958	1.195406	0.000052
0.098038	1.195066	0.000049
0.098118	1.194962	0.000046
0.098198	1.194980	0.000045
0.098278	1.195186	0.000042
0.098358	1.195379	0.000040
0.098438	1.195724	0.000037
0.098519	1.195966	0.000035
0.098599	1.196331	0.000032
0.098679	1.196546	0.000029
0.098759	1.196856	0.000027
0.098839	1.197002	0.000024
0.098919	1.197213	0.000022
0.098999	1.197268	0.000019
0.099079	1.197352	0.000017
0.099159	1.197300	0.000015
0.099239	1.197231	0.000014
0.099319	1.197045	0.000012
0.099399	1.196780	0.000010
0.099479	1.196399	0.000009
0.099560	1.195858	0.000008
0.099640	1.195189	0.000006
0.099720	1.194338	0.000005
0.099800	1.193525	0.000003
0.099880	1.192838	0.000002
0.099960	1.192610	0.000001
0.100040	1.192732	0.000000
0.100120	1.193231	0.000000
0.100200	1.193717	0.000000
0.100280	1.194180	0.000000
0.100360	1.194414	0.000001
0.100440	1.194567	0.000001
0.100521	1.194547	0.000001
0.100601	1.194484	0.000001
0.100681	1.194318	0.000002
0.100761	1.194121	0.000002
0.100841	1.193871	0.000003
0.100921	1.193581	0.000004
0.101001	1.193276	0.000005
0.101081	1.192915	0.000006
0.101161	1.192565	0.000007
0.101241	1.192143	0.000008
0.101321	1.191751	0.000010
0.101401	1.191272	0.000012
0.101481	1.190835	0.000015
0.101562	1.190298	0.000017
0.101642	1.189806	0.000021
0.101722	1.189210	0.000024
0.101802	1.188649	0.000029
0.101882	1.187983	0.000034
0.101962	1.187334	0.000040
0.102042	1.186581	0.000047
0.102122	1.185814	0.000056
0.102202	1.184941	0.000067
0.102282	1.184010	0.000079
0.102362	1.182964	0.000095
0.102442	1.181791	0.000114
0.102523	1.180473	0.000138
0.102603	1.178920	0.000168
0.102683	1.177146	0.000208
0.102763	1.174947	0.000260
0.102843	1.172333	0.000329
0.102923	1.168917	0.000424
0.103003	1.164593	0.000558
0.103083	1.158577	0.000754
0.103163	1.150282	0.001050
0.103243	1.137822	0.001519
0.103323	1.118931	0.002288
0.103403	1.088858	0.003603
0.103483	1.043995	0.005764
0.103564	0.992029	0.008708
0.103644	0.974634	0.010653
0.103724	1.017235	0.009894
0.103804	1.080751	0.007645
0.103884	1.132273	0.005530
0.103964	1.167034	0.003872
0.104044	1.187237	0.002673
0.104124	1.197220	0.001834
0.104204	1.200713	0.001271
0.104284	1.200889	0.000893
0.104364	1.199154	0.000635
0.104444	1.196598	0.000456
0.104525	1.193426	0.000329
0.104605	1.190120	0.000239
0.104685	1.186677	0.000175
0.104765	1.183434	0.000131
0.104845	1.180343	0.000100
0.104925	1.177603	0.000081
0.105005	1.175119	0.000067
0.105085	1.172972	0.000059
0.105165	1.171060	0.000054
0.105245	1.169396	0.000051
0.105325	1.167918	0.000050
0.105405	1.166600	0.000049
0.105485	1.165431	0.000049
0.105566	1.164357	0.000050
0.105646	1.163412	0.000051
0.105726	1.162520	0.000052
0.105806	1.161743	0.000053
0.105886	1.160991	0.000054
0.105966	1.160342	0.000055
0.106046	1.159697	0.000056
0.106126	1.159141	0.000057
0.106206	1.158578	0.000057
0.106286	1.158085	0.000058
0.106366	1.157579	0.000059
0.106446	1.157124	0.000059
0.106527	1.156656	0.000059
0.106607	1.156219	0.000060
0.106687	1.155776	0.000060
0.106767	1.155343	0.000060
0.106847	1.154914	0.000060
0.106927	1.154477	0.000060
0.107007	1.154054	0.000060
0.107087	1.153609	0.000060
0.107167	1.153187	0.000059
0.107247	1.152734	0.000059
0.107327	1.152309	0.000059
0.107407	1.151846	0.000059
0.107487	1.151415	0.000058
0.107568	1.150946	0.000058
0.107648	1.150505	0.000058
0.107728	1.150030	0.000058
0.107808	1.149578	0.000057
0.107888	1.149099	0.000057
0.107968	1.148634	0.000057
0.108048	1.148153	0.000056
0.108128	1.147673	0.000056
0.108208	1.147190	0.000056
0.108288	1.146697	0.000056
0.108368	1.146212	0.000055
0.108448	1.145707	0.000055
0.108529	1.145219	0.000055
0.108609	1.144703	0.000054
0.108689	1.144211	0.000054
0.108769	1.143687	0.000054
0.108849	1.143190	0.000054
0.108929	1.142660	0.000054
0.109009	1.142156	0.000053
0.109089	1.141623	0.000053
0.109169	1.141112	0.000053
0.109249	1.140579	0.000053
0.109329	1.140058	0.000053
0.109409	1.139527	0.000053
0.109489	1.138998	0.000053
0.109570	1.138468	0.000052
0.109650	1.137931	0.000052
0.109730	1.137404	0.000052
0.109810	1.136861	0.000052
0.109890	1.136336	0.000052
0.109970	1.135787	0.000052
0.110050	1.135264	0.000052
0.110130	1.134713	0.000052
0.110210	1.134189	0.000052
0.110290	1.133638	0.000053
0.110370	1.133113	0.000053
0.110450	1.132563	0.000053
0.110531	1.132035	0.000053
0.110611	1.131490	0.000053
0.110691	1.130958	0.000053
0.110771	1.130419	0.000053
0.110851	1.129883	0.000054
0.110931	1.129350	0.000054
0.111011	1.128810	0.000054
0.111091	1.128283	0.000054
0.111171	1.127740	0.000055
0.111251	1.127219	0.000055
0.111331	1.126675	0.000055
0.111411	1.126158	0.000055
0.111491	1.125616	0.000056
0.111572	1.125102	0.000056
0.111652	1.124562	0.000057
0.111732	1.124049	0.000057
0.111812	1.123515	0.000057
0.111892	1.123002	0.000058
0.111972	1.122475	0.000058
0.112052	1.121960	0.000059
0.112132	1.121442	0.000059
0.112212	1.120926	0.000060
0.112292	1.120416	0.000061
0.112372	1.119898	0.000061
0.112452	1.119397	0.000062
0.112533	1.118879	0.000063
0.112613	1.118385	0.000063
0.112693	1.117869	0.000064
0.112773	1.117381	0.000065
0.112853	1.116869	0.000066
0.112933	1.116385	0.000066
0.113013	1.115878	0.000067
0.113093	1.115397	0.000068
0.113173	1.114898	0.000069
0.113253	1.114418	0.000070
0.113333	1.113928	0.000071
0.113413	1.113448	0.000072
0.113493	1.112968	0.000073
0.113574	1.112489	0.000074
0.113654	1.112019	0.000076
0.113734	1.111540	0.000077
0.113814	1.111080	0.000078
0.113894	1.110603	0.000079
0.113974	1.110151	0.000081
0.114054	1.109677	0.000082
0.114134	1.109232	0.000084
0.114214	1.108764	0.000085
0.114294	1.108325	0.000087
0.114374	1.107863	0.000088
0.114454	1.107428	0.000090
0.114535	1.106976	0.000092
0.114615	1.106542	0.000094
0.114695	1.106101	0.000096
0.114775	1.105668	0.000098
0.114855	1.105238	0.000100
0.114935	1.104807	0.000102
0.115015	1.104389	0.000104
0.115095	1.103959	0.000107
0.115175	1.103551	0.000109
0.115255	1.103125	0.000112
0.115335	1.102726	0.000114
0.115415	1.102305	0.000117
0.115495	1.101914	0.000120
0.115576	1.101499	0.000123
0.115656	1.101114	0.000126
0.115736	1.100709	0.000129
0.115816	1.100328	0.000132
0.115896	1.099933	0.000136
0.115976	1.099555	0.000140
0.116056	1.099172	0.000143
0.116136	1.098796	0.000147
0.116216	1.098426	0.000151
0.116296	1.098052	0.000155
0.116376	1.097694	0.000160
0.116456	1.097323	0.000165
0.116537	1.096977	0.000169
0.116617	1.096610	0.000174
0.116697	1.096274	0.000180
0.116777	1.095914	0.000185
0.116857	1.095586	0.000191
0.116937	1.095234	0.000197
0.117017	1.094912	0.000203
0.117097	1.094571	0.000210
0.117177	1.094254	0.000217
0.117257	1.093925	0.000224
0.117337	1.093611	0.000231
0.117417	1.093296	0.000239
0.117497	1.092984	0.000247
0.117578	1.092684	0.000256
0.117658	1.092374	0.000265
0.117738	1.092087	0.000274
0.117818	1.091782	0.000284
0.117898	1.091507	0.000295
0.117978	1.091208	0.000306
0.118058	1.090944	0.000317
0.118138	1.090652	0.000329
0.118218	1.090396	0.000342
0.118298	1.090115	0.000355
0.118378	1.089865	0.000369
0.118458	1.089596	0.000384
0.118539	1.089350	0.000400
0.118619	1.089096	0.000416
0.118699	1.088853	0.000433
0.118779	1.088614	0.000451
0.118859	1.088374	0.000470
0.118939	1.088150	0.000491
0.119019	1.087912	0.000512
0.119099	1.087703	0.000535
0.119179	1.087470	0.000558
0.119259	1.087273	0.000584
0.119339	1.087046	0.000610
0.119419	1.086859	0.000639
0.119499	1.086641	0.000668
0.119580	1.086461	0.000701
0.119660	1.086255	0.000734
0.119740	1.086079	0.000770
0.119820	1.085887	0.000807
0.119900	1.085713	0.000848
0.119980	1.085535	0.000890
0.120060	1.085363	0.000936
0.120140	1.085199	0.000984
0.120220	1.085027	0.001036
0.120300	1.084878	0.001091
0.120380	1.084706	0.001149
0.120460	1.084568	0.001212
0.120541	1.084399	0.001279
0.120621	1.084269	0.001350
0.120701	1.084104	0.001426
0.120781	1.083978	0.001508
0.120861	1.083818	0.001595
0.120941	1.083692	0.001689
0.121021	1.083538	0.001789
0.121101	1.083409	0.001898
0.121181	1.083261	0.002013
0.121261	1.083123	0.002138
0.121341	1.082982	0.002272
0.121421	1.082832	0.002416
0.121502	1.082692	0.002572
0.121582	1.082527	0.002739
0.121662	1.082385	0.002921
0.121742	1.082203	0.003116
0.121822	1.082051	0.003329
0.121902	1.081849	0.003558
0.121982	1.081677	0.003807
0.122062	1.081451	0.004076
0.122142	1.081249	0.004370
0.122222	1.080993	0.004689
0.122302	1.080748	0.005037
0.122382	1.080454	0.005414
0.122462	1.080151	0.005828
0.122543	1.079808	0.006278
0.122623	1.079429	0.006772
0.122703	1.079018	0.007312
0.122783	1.078544	0.007904
0.122863	1.078042	0.008555
0.122943	1.077448	0.009269
0.123023	1.076825	0.010057
0.123103	1.076079	0.010923
0.123183	1.075293	0.011883
0.123263	1.074357	0.012940
0.123343	1.073355	0.014113
0.123423	1.072177	0.015411
0.123504	1.070891	0.016856
0.123584	1.069403	0.018460
0.123664	1.067747	0.020250
0.123744	1.065854	0.022245
0.123824	1.063716	0.024477
0.123904	1.061295	0.026974
0.123984	1.058529	0.029775
0.124064	1.055413	0.032923
0.124144	1.051829	0.036463
0.124224	1.047792	0.040458
0.124304	1.043138	0.044964
0.124384	1.037883	0.050068
0.124464	1.031822	0.055842
0.124545	1.024950	0.062403
0.124625	1.017034	0.069849
0.124705	1.008020	0.078332
0.124785	0.997656	0.087989
0.124865	0.985810	0.099009
0.124945	0.972222	0.111580
0.125025	0.956659	0.125936
0.125105	0.938857	0.142328
0.125185	0.918478	0.161030
0.125265	0.895256	0.182356
0.125345	0.868773	0.206611
0.125425	0.838782	0.234148
0.125506	0.804850	0.265257
0.125586	0.766806	0.300264
0.125666	0.724341	0.339357
0.125746	0.677475	0.382695
0.125826	0.626226	0.430208
0.125906	0.570990	0.481689
0.125986	0.512342	0.536615
0.126066	0.451222	0.594208
0.126146	0.388875	0.653373
0.126226	0.326776	0.712716
0.126306	0.266649	0.770688
0.126386	0.210157	0.825560
0.126466	0.158953	0.875770
0.126547	0.114290	0.919820
0.126627	0.077113	0.956698
0.126707	0.047788	0.985666
0.126787	0.026253	1.006577
0.126867	0.011958	1.019614
0.126947	0.004038	1.025393
0.127027	0.001389	1.024775
0.127107	0.002820	1.018769
0.127187	0.007133	1.008514
0.127267	0.013237	0.995034
0.127347	0.020157	0.979413
0.127427	0.027119	0.962462
0.127508	0.033489	0.945026
0.127588	0.038846	0.927639
0.127668	0.042884	0.910851
0.127748	0.045464	0.894949
0.127828	0.046543	0.880204
0.127908	0.046172	0.866719
0.127988	0.044498	0.854528
0.128068	0.041687	0.843609
0.128148	0.038005	0.833809
0.128228	0.033688	0.825019
0.128308	0.029063	0.816954
0.128388	0.024407	0.809447
0.128468	0.020060	0.802136
0.128549	0.016322	0.794818
0.128629	0.013505	0.787115
0.128709	0.011904	0.778811
0.128789	0.011772	0.769577
0.128869	0.013360	0.759209
0.128949	0.016837	0.747484
0.129029	0.022364	0.734240
0.129109	0.030012	0.719406
0.129189	0.039809	0.702890
0.129269	0.051725	0.684781
0.129349	0.065637	0.665082
0.129429	0.081425	0.644020
0.129510	0.098828	0.621694
0.129590	0.117662	0.598424
0.129670	0.137580	0.574389
0.129750	0.158358	0.549933
0.129830	0.179635	0.525288
0.129910	0.201172	0.500763
0.129990	0.222670	0.476607
0.130070	0.243890	0.453049
0.130150	0.264646	0.430324
0.130230	0.284712	0.408563
0.130310	0.304037	0.387964
0.130390	0.322418	0.368563
0.130470	0.339922	0.350507
0.130551	0.356382	0.333760
0.130631	0.371948	0.318410
0.130711	0.386498	0.304377
0.130791	0.400215	0.291692
0.130871	0.413039	0.280257
0.130951	0.425133	0.270051
0.131031	0.436513	0.260983
0.131111	0.447280	0.252988
0.131191	0.457529	0.245993
0.131271	0.467280	0.239899
0.131351	0.476702	0.234660
0.131431	0.485727	0.230156
0.131512	0.494580	0.226367
0.131592	0.503125	0.223161
0.131672	0.511616	0.220539
0.131752	0.519875	0.218371
0.131832	0.528148	0.216669
0.131912	0.536257	0.215317
0.131992	0.544405	0.214327
0.132072	0.552451	0.213608
0.132152	0.560519	0.213160
0.132232	0.568542	0.212927
0.132312	0.576540	0.212887
0.132392	0.584541	0.213024
0.132472	0.592454	0.213292
0.132553	0.600406	0.213711
0.132633	0.608200	0.214213
0.132713	0.616051	0.214849
0.132793	0.623684	0.215535
0.132873	0.631370	0.216342
0.132953	0.638795	0.217182
0.133033	0.646242	0.218129
0.133113	0.653411	0.219107
0.133193	0.660544	0.220178
0.133273	0.667408	0.221287
0.133353	0.674157	0.222475
0.133433	0.680667	0.223720
0.133514	0.686968	0.225026
0.133594	0.693076	0.226414
0.133674	0.698877	0.227850
0.133754	0.704532	0.229392
0.133834	0.709792	0.230974
0.133914	0.714943	0.232685
0.133994	0.719633	0.234434
0.134074	0.724231	0.236328
0.134154	0.728330	0.238271
0.134234	0.732323	0.240367
0.134314	0.735819	0.242532
0.134394	0.739162	0.244851
0.134474	0.742044	0.247268
0.134555	0.744696	0.249833
0.134635	0.746952	0.252534
0.134715	0.748880	0.255373
0.134795	0.750495	0.258389
0.134875	0.751675	0.261534
0.134955	0.752625	0.264896
0.135035	0.753042	0.268384
0.135115	0.753296	0.272123
0.135195	0.752944	0.275996
0.135275	0.752463	0.280144
0.135355	0.751338	0.284445
0.135435	0.750078	0.289035
0.135516	0.748180	0.293812
0.135596	0.746091	0.298880
0.135676	0.743415	0.304182
0.135756	0.740451	0.309767
0.135836	0.736985	0.315641
0.135916	0.733101	0.321789
0.135996	0.728819	0.328282
0.136076	0.723981	0.335041
0.136156	0.718845	0.342199
0.136236	0.713025	0.349623
0.136316	0.706982	0.357489
0.136396	0.700159	0.365632
0.136476	0.693147	0.374246
0.136557	0.685310	0.383166
0.136637	0.677260	0.392565
0.136717	0.668396	0.402313
0.136797	0.659243	0.412530
0.136877	0.649343	0.423153
0.136957	0.639029	0.434217
0.137037	0.628079	0.445747
0.137117	0.616565	0.457680
0.137197	0.604552	0.470133
0.137277	0.591824	0.482947
0.137357	0.578731	0.496316
0.137437	0.564806	0.510006
0.137518	0.550626	0.524259
0.137598	0.535556	0.538799
0.137678	0.520297	0.553869
0.137758	0.504168	0.569205
0.137838	0.487867	0.584992
0.137918	0.470803	0.601031
0.137998	0.453539	0.617398
0.138078	0.435695	0.634002
0.138158	0.417600	0.650773
0.138238	0.399166	0.667753
0.138318	0.380432	0.684718
0.138398	0.361627	0.701837
0.138478	0.342508	0.718751
0.138559	0.323578	0.735726
0.138639	0.304381	0.752319
0.138719	0.285597	0.768832
0.138799	0.266667	0.784819
0.138879	0.248317	0.800540
0.138959	0.230014	0.815632
0.139039	0.212394	0.830240
0.139119	0.195064	0.844163
0.139199	0.178464	0.857374
0.139279	0.162415	0.869887
0.139359	0.147101	0.881481
0.139439	0.132575	0.892393
0.139520	0.118768	0.902234
0.139600	0.105931	0.911422
0.139680	0.093790	0.919470
0.139760	0.082721	0.926892
0.139840	0.072329	0.933201
0.139920	0.063025	0.938901
0.140000	0.054384	0.943612
