# Freq_range	Reflection	Transmission
0.080000	1.010717	0.016545
0.080040	0.927053	0.017568
0.080080	0.788875	0.016772
0.080120	0.662851	0.014396
0.080160	0.607797	0.011408
0.080200	0.647515	0.009018
0.080240	0.760850	0.008108
0.080280	0.893018	0.008838
0.080320	0.982247	0.010611
0.080360	0.988805	0.012380
0.080400	0.912810	0.013160
0.080440	0.792887	0.012475
0.080480	0.686913	0.010558
0.080521	0.644403	0.008203
0.080561	0.683685	0.006377
0.080601	0.784352	0.005759
0.080641	0.898012	0.006444
0.080681	0.971758	0.007923
0.080721	0.972988	0.009350
0.080761	0.903977	0.009946
0.080801	0.799709	0.009358
0.080841	0.710527	0.007801
0.080881	0.678158	0.005932
0.080921	0.716512	0.004526
0.080961	0.806057	0.004112
0.081001	0.903980	0.004738
0.081041	0.964886	0.005974
0.081081	0.962071	0.007129
0.081121	0.899409	0.007585
0.081161	0.808598	0.007078
0.081201	0.733510	0.005806
0.081241	0.709338	0.004313
0.081281	0.746427	0.003224
0.081321	0.826200	0.002952
0.081361	0.910714	0.003516
0.081401	0.960961	0.004550
0.081441	0.955117	0.005488
0.081481	0.898217	0.005836
0.081522	0.818998	0.005399
0.081562	0.755765	0.004353
0.081602	0.738215	0.003151
0.081642	0.773820	0.002303
0.081682	0.844999	0.002131
0.081722	0.918068	0.002634
0.081762	0.959455	0.003501
0.081802	0.951382	0.004265
0.081842	0.899706	0.004532
0.081882	0.830494	0.004152
0.081922	0.777250	0.003287
0.081962	0.765043	0.002314
0.082002	0.799036	0.001649
0.082042	0.862648	0.001547
0.082082	0.925930	0.001994
0.082122	0.959947	0.002722
0.082162	0.950274	0.003348
0.082202	0.903328	0.003550
0.082242	0.842769	0.003220
0.082282	0.797956	0.002499
0.082322	0.790055	0.001707
0.082362	0.822373	0.001183
0.082402	0.879318	0.001130
0.082442	0.934216	0.001526
0.082482	0.962094	0.002140
0.082523	0.951314	0.002654
0.082563	0.908644	0.002807
0.082603	0.855583	0.002518
0.082643	0.817898	0.001914
0.082683	0.813458	0.001265
0.082723	0.844088	0.000850
0.082763	0.895152	0.000832
0.082803	0.942855	0.001181
0.082843	0.965616	0.001701
0.082883	0.954112	0.002125
0.082923	0.915305	0.002239
0.082963	0.868749	0.001985
0.083003	0.837101	0.001476
0.083043	0.835438	0.000941
0.083083	0.864398	0.000611
0.083123	0.910271	0.000616
0.083163	0.951788	0.000925
0.083203	0.970281	0.001368
0.083243	0.958348	0.001718
0.083283	0.923027	0.001803
0.083323	0.882125	0.001578
0.083363	0.855596	0.001146
0.083403	0.856152	0.000702
0.083443	0.883490	0.000439
0.083483	0.924774	0.000461
0.083524	0.960964	0.000735
0.083564	0.975891	0.001112
0.083604	0.963755	0.001403
0.083644	0.931580	0.001465
0.083684	0.895598	0.001265
0.083724	0.873417	0.000897
0.083764	0.875738	0.000526
0.083804	0.901516	0.000315
0.083844	0.938741	0.000348
0.083884	0.970335	0.000591
0.083924	0.982281	0.000915
0.083964	0.970113	0.001158
0.084004	0.940772	0.001201
0.084044	0.909079	0.001023
0.084084	0.890596	0.000706
0.084124	0.894315	0.000395
0.084164	0.918607	0.000226
0.084204	0.952235	0.000266
0.084244	0.979857	0.000482
0.084284	0.989309	0.000761
0.084324	0.977234	0.000965
0.084364	0.950447	0.000994
0.084404	0.922498	0.000834
0.084444	0.907163	0.000560
0.084484	0.911983	0.000297
0.084525	0.934868	0.000161
0.084565	0.965308	0.000206
0.084605	0.989489	0.000399
0.084645	0.996851	0.000641
0.084685	0.984962	0.000812
0.084725	0.960474	0.000830
0.084765	0.935797	0.000686
0.084805	0.923147	0.000448
0.084845	0.928825	0.000224
0.084885	0.950388	0.000114
0.084925	0.977997	0.000162
0.084965	0.999193	0.000335
0.085005	1.004801	0.000546
0.085045	0.993162	0.000691
0.085085	0.970743	0.000700
0.085125	0.948929	0.000569
0.085165	0.938572	0.000361
0.085205	0.944912	0.000169
0.085245	0.965238	0.000081
0.085285	0.990331	0.000129
0.085325	1.008932	0.000286
0.085365	1.013066	0.000470
0.085405	1.001718	0.000593
0.085445	0.981160	0.000595
0.085485	0.961855	0.000477
0.085526	0.953459	0.000293
0.085566	0.960305	0.000128
0.085606	0.979476	0.000056
0.085646	1.002331	0.000106
0.085686	1.018670	0.000247
0.085726	1.021564	0.000410
0.085766	1.010533	0.000514
0.085806	0.991647	0.000511
0.085846	0.974543	0.000403
0.085886	0.967826	0.000239
0.085926	0.975051	0.000097
0.085966	0.993151	0.000039
0.086006	1.014011	0.000088
0.086046	1.028376	0.000217
0.086086	1.030221	0.000361
0.086126	1.019519	0.000450
0.086166	1.002136	0.000443
0.086206	0.986965	0.000343
0.086246	0.981688	0.000197
0.086286	0.989191	0.000073
0.086326	1.006298	0.000027
0.086366	1.025379	0.000076
0.086406	1.038016	0.000193
0.086446	1.038973	0.000321
0.086486	1.028601	0.000398
0.086527	1.012567	0.000388
0.086567	0.999095	0.000295
0.086607	0.995055	0.000164
0.086647	1.002757	0.000056
0.086687	1.018949	0.000018
0.086727	1.036442	0.000066
0.086767	1.047562	0.000174
0.086807	1.047764	0.000289
0.086847	1.037715	0.000356
0.086887	1.022890	0.000343
0.086927	1.010913	0.000256
0.086967	1.007938	0.000138
0.087007	1.015778	0.000042
0.087047	1.031126	0.000012
0.087087	1.047199	0.000060
0.087127	1.056984	0.000160
0.087167	1.056540	0.000263
0.087207	1.046801	0.000321
0.087247	1.033059	0.000306
0.087287	1.022399	0.000225
0.087327	1.020343	0.000117
0.087367	1.028273	0.000032
0.087407	1.042848	0.000008
0.087447	1.057652	0.000055
0.087487	1.066258	0.000148
0.087528	1.065257	0.000242
0.087568	1.055810	0.000293
0.087608	1.043035	0.000275
0.087648	1.033536	0.000199
0.087688	1.032276	0.000100
0.087728	1.040261	0.000024
0.087768	1.054129	0.000006
0.087808	1.067796	0.000052
0.087848	1.075359	0.000139
0.087888	1.073873	0.000225
0.087928	1.064695	0.000269
0.087968	1.052783	0.000251
0.088008	1.044309	0.000178
0.088048	1.043740	0.000087
0.088088	1.051755	0.000018
0.088128	1.064979	0.000005
0.088168	1.077628	0.000050
0.088208	1.084264	0.000133
0.088248	1.082352	0.000212
0.088288	1.073418	0.000251
0.088328	1.062271	0.000230
0.088368	1.054702	0.000161
0.088408	1.054737	0.000076
0.088448	1.062767	0.000014
0.088488	1.075408	0.000004
0.088529	1.087145	0.000050
0.088569	1.092952	0.000128
0.088609	1.090661	0.000202
0.088649	1.081941	0.000236
0.088689	1.071472	0.000214
0.088729	1.064702	0.000148
0.088769	1.065268	0.000067
0.088809	1.073305	0.000011
0.088849	1.085422	0.000004
0.088889	1.096342	0.000050
0.088929	1.101407	0.000125
0.088969	1.098770	0.000194
0.089009	1.090233	0.000224
0.089049	1.080361	0.000201
0.089089	1.074297	0.000137
0.089129	1.075333	0.000061
0.089169	1.083376	0.000009
0.089209	1.095027	0.000005
0.089249	1.105217	0.000051
0.089289	1.109611	0.000123
0.089329	1.106653	0.000189
0.089369	1.098265	0.000216
0.089409	1.088912	0.000192
0.089449	1.083473	0.000128
0.089489	1.084931	0.000055
0.089530	1.092987	0.000007
0.089570	1.104228	0.000006
0.089610	1.113765	0.000052
0.089650	1.117552	0.000123
0.089690	1.114288	0.000186
0.089730	1.106011	0.000210
0.089770	1.097106	0.000185
0.089810	1.092219	0.000122
0.089850	1.094061	0.000051
0.089890	1.102143	0.000006
0.089930	1.113030	0.000008
0.089970	1.121986	0.000055
0.090010	1.125216	0.000125
0.090050	1.121654	0.000186
0.090090	1.113447	0.000207
0.090130	1.104920	0.000180
0.090170	1.100521	0.000118
0.090210	1.102719	0.000048
0.090250	1.110846	0.000006
0.090290	1.121438	0.000010
0.090330	1.129880	0.000058
0.090370	1.132596	0.000129
0.090410	1.128733	0.000188
0.090450	1.120549	0.000208
0.090490	1.112333	0.000179
0.090531	1.108366	0.000115
0.090571	1.110901	0.000047
0.090611	1.119103	0.000006
0.090651	1.129460	0.000012
0.090691	1.137451	0.000063
0.090731	1.139687	0.000134
0.090771	1.135511	0.000193
0.090811	1.127297	0.000211
0.090851	1.119323	0.000180
0.090891	1.115738	0.000115
0.090931	1.118601	0.000046
0.090971	1.126916	0.000006
0.091011	1.137103	0.000015
0.091051	1.144703	0.000069
0.091091	1.146485	0.000143
0.091131	1.141972	0.000202
0.091171	1.133668	0.000218
0.091211	1.125866	0.000185
0.091251	1.122617	0.000116
0.091291	1.125812	0.000046
0.091331	1.134288	0.000007
0.091371	1.144379	0.000019
0.091411	1.151649	0.000077
0.091451	1.152992	0.000154
0.091491	1.148106	0.000215
0.091532	1.139637	0.000230
0.091572	1.131930	0.000193
0.091612	1.128977	0.000121
0.091652	1.132519	0.000048
0.091692	1.141224	0.000009
0.091732	1.151303	0.000024
0.091772	1.158304	0.000087
0.091812	1.159216	0.000170
0.091852	1.153902	0.000233
0.091892	1.145175	0.000248
0.091932	1.137479	0.000207
0.091972	1.134784	0.000129
0.092012	1.138706	0.000051
0.092052	1.147727	0.000011
0.092092	1.157898	0.000030
0.092132	1.164696	0.000101
0.092172	1.165171	0.000192
0.092212	1.159349	0.000260
0.092252	1.150246	0.000275
0.092292	1.142457	0.000228
0.092332	1.139985	0.000141
0.092372	1.144341	0.000056
0.092412	1.153799	0.000015
0.092452	1.164193	0.000039
0.092492	1.170867	0.000120
0.092533	1.170883	0.000223
0.092573	1.164437	0.000300
0.092613	1.154796	0.000314
0.092653	1.146782	0.000259
0.092693	1.144501	0.000160
0.092733	1.149376	0.000064
0.092773	1.159445	0.000020
0.092813	1.170240	0.000051
0.092853	1.176882	0.000149
0.092893	1.176396	0.000269
0.092933	1.169151	0.000359
0.092973	1.158741	0.000374
0.093013	1.150324	0.000308
0.093053	1.148197	0.000190
0.093093	1.153729	0.000078
0.093133	1.164663	0.000028
0.093173	1.176116	0.000070
0.093213	1.182854	0.000192
0.093253	1.181784	0.000342
0.093293	1.173466	0.000451
0.093333	1.161935	0.000470
0.093373	1.152848	0.000386
0.093413	1.150833	0.000239
0.093453	1.157247	0.000100
0.093493	1.169451	0.000041
0.093534	1.181961	0.000101
0.093574	1.188983	0.000264
0.093614	1.187181	0.000463
0.093654	1.177332	0.000610
0.093694	1.164095	0.000635
0.093734	1.153898	0.000524
0.093774	1.151932	0.000326
0.093814	1.159617	0.000140
0.093854	1.173792	0.000066
0.093894	1.188048	0.000159
0.093934	1.195673	0.000399
0.093974	1.192851	0.000694
0.094014	1.180618	0.000915
0.094054	1.164580	0.000959
0.094094	1.152440	0.000799
0.094134	1.150400	0.000505
0.094174	1.160110	0.000226
0.094214	1.177629	0.000120
0.094254	1.195005	0.000287
0.094294	1.203857	0.000704
0.094334	1.199378	0.001227
0.094374	1.182878	0.001639
0.094414	1.161574	0.001749
0.094454	1.145537	0.001490
0.094494	1.143060	0.000972
0.094535	1.156513	0.000462
0.094575	1.180689	0.000287
0.094615	1.204608	0.000688
0.094655	1.216237	0.001682
0.094695	1.208167	0.003010
0.094735	1.181677	0.004196
0.094775	1.147153	0.004726
0.094815	1.120263	0.004298
0.094855	1.115148	0.003047
0.094895	1.137368	0.001668
0.094935	1.179662	0.001342
0.094975	1.222707	0.003478
0.095015	1.241138	0.009310
0.095055	1.212907	0.019467
0.095095	1.128573	0.033651
0.095135	0.996852	0.050533
0.095175	0.843996	0.067928
0.095215	0.706810	0.083219
0.095255	0.621497	0.093925
0.095295	0.612181	0.098267
0.095335	0.683150	0.095577
0.095375	0.817537	0.086431
0.095415	0.982860	0.072487
0.095455	1.141376	0.056079
0.095495	1.261541	0.039670
0.095536	1.326641	0.025338
0.095576	1.337864	0.014399
0.095616	1.311225	0.007271
0.095656	1.269986	0.003564
0.095696	1.235700	0.002351
0.095736	1.221200	0.002515
0.095776	1.227813	0.003069
0.095816	1.247262	0.003357
0.095856	1.266894	0.003123
0.095896	1.275775	0.002438
0.095936	1.269135	0.001561
0.095976	1.249612	0.000772
0.096016	1.225194	0.000262
0.096056	1.205151	0.000076
0.096096	1.195881	0.000135
0.096136	1.198464	0.000296
0.096176	1.208773	0.000426
0.096216	1.219837	0.000449
0.096256	1.225198	0.000361
0.096296	1.221718	0.000215
0.096336	1.210656	0.000080
0.096376	1.196700	0.000007
0.096416	1.185569	0.000011
0.096456	1.181353	0.000067
0.096496	1.184807	0.000132
0.096537	1.193262	0.000168
0.096577	1.202083	0.000157
0.096617	1.206892	0.000109
0.096657	1.205516	0.000049
0.096697	1.198798	0.000008
0.096737	1.190000	0.000003
0.096777	1.183153	0.000034
0.096817	1.181176	0.000081
0.096857	1.184619	0.000121
0.096897	1.191565	0.000134
0.096937	1.198648	0.000115
0.096977	1.202672	0.000075
0.097017	1.202049	0.000033
0.097057	1.197425	0.000008
0.097097	1.191247	0.000009
0.097137	1.186545	0.000035
0.097177	1.185512	0.000071
0.097217	1.188547	0.000100
0.097257	1.194171	0.000108
0.097297	1.199802	0.000093
0.097337	1.202990	0.000063
0.097377	1.202535	0.000030
0.097417	1.198966	0.000010
0.097457	1.194213	0.000010
0.097497	1.190650	0.000027
0.097538	1.189986	0.000053
0.097578	1.192514	0.000074
0.097618	1.197041	0.000082
0.097658	1.201509	0.000072
0.097698	1.203980	0.000051
0.097738	1.203519	0.000026
0.097778	1.200576	0.000010
0.097818	1.196720	0.000007
0.097858	1.193864	0.000018
0.097898	1.193369	0.000036
0.097938	1.195446	0.000052
0.097978	1.199104	0.000059
0.098018	1.202662	0.000054
0.098058	1.204552	0.000039
0.098098	1.204037	0.000022
0.098138	1.201519	0.000009
0.098178	1.198301	0.000005
0.098218	1.195955	0.000011
0.098258	1.195578	0.000024
0.098298	1.197307	0.000036
0.098338	1.200293	0.000043
0.098378	1.203135	0.000040
0.098418	1.204549	0.000031
0.098458	1.203963	0.000018
0.098498	1.201755	0.000007
0.098539	1.199039	0.000003
0.098579	1.197122	0.000007
0.098619	1.196882	0.000016
0.098659	1.198377	0.000025
0.098699	1.200843	0.000031
0.098739	1.203085	0.000031
0.098779	1.204054	0.000025
0.098819	1.203338	0.000016
0.098859	1.201338	0.000007
0.098899	1.199048	0.000002
0.098939	1.197570	0.000004
0.098979	1.197574	0.000010
0.099019	1.198989	0.000019
0.099059	1.201052	0.000026
0.099099	1.202694	0.000028
0.099139	1.203071	0.000025
0.099179	1.201981	0.000017
0.099219	1.199968	0.000009
0.099259	1.198053	0.000003
0.099299	1.197216	0.000002
0.099339	1.197882	0.000007
0.099379	1.199657	0.000018
0.099419	1.201449	0.000032
0.099459	1.201938	0.000045
0.099499	1.200188	0.000055
0.099540	1.196117	0.000060
0.099580	1.190611	0.000060
0.099620	1.185203	0.000056
0.099660	1.181454	0.000049
0.099700	1.180299	0.000040
0.099740	1.181644	0.000031
0.099780	1.184403	0.000023
0.099820	1.186966	0.000017
0.099860	1.187902	0.000012
0.099900	1.186599	0.000008
0.099940	1.183556	0.000006
0.099980	1.180195	0.000004
0.100020	1.178268	0.000003
0.100060	1.179111	0.000002
0.100100	1.183049	0.000002
0.100140	1.189223	0.000002
0.100180	1.195899	0.000002
0.100220	1.201141	0.000002
0.100260	1.203565	0.000002
0.100300	1.202860	0.000002
0.100340	1.199864	0.000002
0.100380	1.196180	0.000002
0.100420	1.193494	0.000001
0.100460	1.192893	0.000001
0.100501	1.194462	0.000001
0.100541	1.197323	0.000001
0.100581	1.200074	0.000001
0.100621	1.201431	0.000002
0.100661	1.200789	0.000002
0.100701	1.198462	0.000002
0.100741	1.195504	0.000002
0.100781	1.193218	0.000002
0.100821	1.192564	0.000001
0.100861	1.193738	0.000001
0.100901	1.196102	0.000000
0.100941	1.198492	0.000001
0.100981	1.199749	0.000002
0.101021	1.199247	0.000003
0.101061	1.197164	0.000004
0.101101	1.194397	0.000004
0.101141	1.192144	0.000003
0.101181	1.191357	0.000002
0.101221	1.192317	0.000001
0.101261	1.194504	0.000000
0.101301	1.196836	0.000001
0.101341	1.198168	0.000002
0.101381	1.197806	0.000005
0.101421	1.195831	0.000006
0.101461	1.193063	0.000007
0.101502	1.190687	0.000006
0.101542	1.189716	0.000003
0.101582	1.190524	0.000001
0.101622	1.192671	0.000000
0.101662	1.195097	0.000001
0.101702	1.196598	0.000003
0.101742	1.196383	0.000007
0.101782	1.194437	0.000010
0.101822	1.191544	0.000011
0.101862	1.188936	0.000010
0.101902	1.187733	0.000006
0.101942	1.188426	0.000003
0.101982	1.190636	0.000000
0.102022	1.193274	0.000001
0.102062	1.195030	0.000005
0.102102	1.194972	0.000011
0.102142	1.192987	0.000016
0.102182	1.189856	0.000018
0.102222	1.186907	0.000016
0.102262	1.185420	0.000011
0.102302	1.186026	0.000005
0.102342	1.188399	0.000001
0.102382	1.191378	0.000002
0.102422	1.193484	0.000008
0.102462	1.193602	0.000017
0.102503	1.191508	0.000025
0.102543	1.188006	0.000029
0.102583	1.184584	0.000027
0.102623	1.182742	0.000019
0.102663	1.183291	0.000010
0.102703	1.185946	0.000003
0.102743	1.189426	0.000004
0.102783	1.192009	0.000013
0.102823	1.192332	0.000027
0.102863	1.190040	0.000040
0.102903	1.185994	0.000048
0.102943	1.181917	0.000045
0.102983	1.179617	0.000033
0.103023	1.180139	0.000018
0.103063	1.183241	0.000007
0.103103	1.187446	0.000007
0.103143	1.190691	0.000021
0.103183	1.191267	0.000044
0.103223	1.188650	0.000067
0.103263	1.183803	0.000081
0.103303	1.178794	0.000077
0.103343	1.175873	0.000058
0.103383	1.176411	0.000033
0.103423	1.180204	0.000014
0.103463	1.185487	0.000013
0.103504	1.189685	0.000036
0.103544	1.190594	0.000076
0.103584	1.187450	0.000118
0.103624	1.181382	0.000144
0.103664	1.174981	0.000140
0.103704	1.171158	0.000108
0.103744	1.171771	0.000062
0.103784	1.176670	0.000028
0.103824	1.183636	0.000026
0.103864	1.189301	0.000069
0.103904	1.190687	0.000146
0.103944	1.186654	0.000228
0.103984	1.178589	0.000281
0.104024	1.169925	0.000279
0.104064	1.164650	0.000219
0.104104	1.165434	0.000131
0.104144	1.172233	0.000061
0.104184	1.182079	0.000060
0.104224	1.190257	0.000152
0.104264	1.192418	0.000323
0.104304	1.186716	0.000516
0.104344	1.174943	0.000651
0.104384	1.162026	0.000663
0.104424	1.153973	0.000539
0.104464	1.155076	0.000334
0.104505	1.165628	0.000167
0.104545	1.181299	0.000173
0.104585	1.194650	0.000446
0.104625	1.198327	0.000976
0.104665	1.188636	0.001626
0.104705	1.167870	0.002163
0.104745	1.144128	0.002344
0.104785	1.128340	0.002047
0.104825	1.129458	0.001393
0.104865	1.149674	0.000808
0.104905	1.181810	0.001002
0.104945	1.210307	0.002825
0.104985	1.215956	0.007034
0.105025	1.182929	0.014037
0.105065	1.105613	0.023676
0.105105	0.992543	0.035132
0.105145	0.865632	0.047005
0.105185	0.754553	0.057561
0.105225	0.687937	0.065094
0.105265	0.684354	0.068313
0.105305	0.746236	0.066655
0.105345	0.858943	0.060419
0.105385	0.995350	0.050703
0.105425	1.124356	0.039140
0.105465	1.220328	0.027523
0.105506	1.270226	0.017405
0.105546	1.276079	0.009802
0.105586	1.252248	0.005045
0.105626	1.218844	0.002831
0.105666	1.193963	0.002418
0.105706	1.187643	0.002900
0.105746	1.199605	0.003479
0.105786	1.221199	0.003649
0.105826	1.240363	0.003253
0.105866	1.247288	0.002429
0.105906	1.238469	0.001471
0.105946	1.217626	0.000678
0.105986	1.193438	0.000234
0.106026	1.175338	0.000162
0.106066	1.169326	0.000344
0.106106	1.175614	0.000600
0.106146	1.188979	0.000767
0.106186	1.201471	0.000759
0.106226	1.206142	0.000590
0.106266	1.200078	0.000344
0.106306	1.185451	0.000126
0.106346	1.168234	0.000011
0.106386	1.155295	0.000020
0.106426	1.151250	0.000113
0.106466	1.156495	0.000222
0.106507	1.167247	0.000284
0.106547	1.177463	0.000268
0.106587	1.181702	0.000187
0.106627	1.177568	0.000086
0.106667	1.166676	0.000015
0.106707	1.153734	0.000005
0.106747	1.144259	0.000054
0.106787	1.142009	0.000132
0.106827	1.147310	0.000197
0.106867	1.157031	0.000214
0.106907	1.166132	0.000177
0.106947	1.170053	0.000105
0.106987	1.166795	0.000035
0.107027	1.157770	0.000001
0.107067	1.147039	0.000019
0.107107	1.139364	0.000079
0.107147	1.137976	0.000151
0.107187	1.143119	0.000199
0.107227	1.152008	0.000200
0.107267	1.160195	0.000155
0.107307	1.163675	0.000085
0.107347	1.160732	0.000025
0.107387	1.152691	0.000003
0.107427	1.143235	0.000029
0.107467	1.136646	0.000092
0.107508	1.135794	0.000160
0.107548	1.140827	0.000202
0.107588	1.149149	0.000197
0.107628	1.156677	0.000150
0.107668	1.159772	0.000081
0.107708	1.156929	0.000025
0.107748	1.149450	0.000006
0.107788	1.140791	0.000035
0.107828	1.134918	0.000096
0.107868	1.134440	0.000162
0.107908	1.139412	0.000201
0.107948	1.147335	0.000195
0.107988	1.154355	0.000148
0.108028	1.157090	0.000081
0.108068	1.154204	0.000026
0.108108	1.147013	0.000009
0.108148	1.138843	0.000037
0.108188	1.133448	0.000096
0.108228	1.133249	0.000159
0.108268	1.138202	0.000197
0.108308	1.145846	0.000191
0.108348	1.152471	0.000145
0.108388	1.154873	0.000080
0.108428	1.151857	0.000027
0.108468	1.144783	0.000010
0.108509	1.136911	0.000037
0.108549	1.131861	0.000095
0.108589	1.131902	0.000156
0.108629	1.136895	0.000192
0.108669	1.144372	0.000186
0.108709	1.150699	0.000141
0.108749	1.152803	0.000078
0.108789	1.149608	0.000026
0.108829	1.142539	0.000010
0.108869	1.134845	0.000037
0.108909	1.130059	0.000093
0.108949	1.130334	0.000153
0.108989	1.135431	0.000189
0.109029	1.142837	0.000183
0.109069	1.148949	0.000138
0.109109	1.150782	0.000076
0.109149	1.147370	0.000026
0.109189	1.140224	0.000010
0.109229	1.132618	0.000036
0.109269	1.128044	0.000092
0.109309	1.128560	0.000152
0.109349	1.133820	0.000186
0.109389	1.141237	0.000180
0.109429	1.147200	0.000136
0.109469	1.148779	0.000074
0.109510	1.145113	0.000024
0.109550	1.137818	0.000009
0.109590	1.130231	0.000036
0.109630	1.125832	0.000092
0.109670	1.126603	0.000152
0.109710	1.132084	0.000186
0.109750	1.139584	0.000179
0.109790	1.145449	0.000135
0.109830	1.146783	0.000073
0.109870	1.142825	0.000023
0.109910	1.135318	0.000008
0.109950	1.127689	0.000036
0.109990	1.123441	0.000094
0.110030	1.124488	0.000153
0.110070	1.130247	0.000188
0.110110	1.137896	0.000180
0.110150	1.143706	0.000134
0.110190	1.144796	0.000071
0.110230	1.140507	0.000021
0.110270	1.132726	0.000007
0.110310	1.125005	0.000037
0.110350	1.120891	0.000096
0.110390	1.122242	0.000157
0.110430	1.128337	0.000191
0.110470	1.136198	0.000182
0.110511	1.141991	0.000135
0.110551	1.142832	0.000070
0.110591	1.138167	0.000019
0.110631	1.130051	0.000007
0.110671	1.122191	0.000038
0.110711	1.118202	0.000100
0.110751	1.119892	0.000163
0.110791	1.126385	0.000197
0.110831	1.134520	0.000187
0.110871	1.140327	0.000136
0.110911	1.140907	0.000069
0.110951	1.135817	0.000018
0.110991	1.127304	0.000006
0.111031	1.119261	0.000040
0.111071	1.115394	0.000105
0.111111	1.117462	0.000170
0.111151	1.124420	0.000205
0.111191	1.132890	0.000193
0.111231	1.138739	0.000139
0.111271	1.139039	0.000069
0.111311	1.133468	0.000016
0.111351	1.124492	0.000006
0.111391	1.116222	0.000043
0.111431	1.112479	0.000113
0.111471	1.114974	0.000181
0.111512	1.122469	0.000216
0.111552	1.131336	0.000201
0.111592	1.137252	0.000143
0.111632	1.137245	0.000069
0.111672	1.131128	0.000014
0.111712	1.121617	0.000005
0.111752	1.113077	0.000048
0.111792	1.109465	0.000122
0.111832	1.112442	0.000194
0.111872	1.120554	0.000230
0.111912	1.129886	0.000212
0.111952	1.135888	0.000149
0.111992	1.135540	0.000070
0.112032	1.128802	0.000013
0.112072	1.118678	0.000006
0.112112	1.109824	0.000053
0.112152	1.106356	0.000134
0.112192	1.109881	0.000211
0.112232	1.118699	0.000248
0.112272	1.128564	0.000226
0.112312	1.134672	0.000156
0.112352	1.133939	0.000071
0.112392	1.126495	0.000011
0.112432	1.115670	0.000006
0.112472	1.106456	0.000060
0.112513	1.103150	0.000149
0.112553	1.107300	0.000232
0.112593	1.116923	0.000269
0.112633	1.127399	0.000243
0.112673	1.133628	0.000166
0.112713	1.132455	0.000073
0.112753	1.124206	0.000010
0.112793	1.112585	0.000008
0.112833	1.102963	0.000070
0.112873	1.099845	0.000168
0.112913	1.104710	0.000257
0.112953	1.115251	0.000296
0.112993	1.126420	0.000264
0.113033	1.132782	0.000177
0.113073	1.131104	0.000076
0.113113	1.121936	0.000009
0.113153	1.109409	0.000010
0.113193	1.099328	0.000082
0.113233	1.096432	0.000191
0.113273	1.102117	0.000289
0.113313	1.113706	0.000328
0.113353	1.125659	0.000290
0.113393	1.132163	0.000191
0.113433	1.129901	0.000079
0.113473	1.119681	0.000008
0.113514	1.106125	0.000014
0.113554	1.095531	0.000097
0.113594	1.092901	0.000220
0.113634	1.099530	0.000327
0.113674	1.112313	0.000367
0.113714	1.125152	0.000321
0.113754	1.131803	0.000209
0.113794	1.128861	0.000084
0.113834	1.117436	0.000008
0.113874	1.102710	0.000020
0.113914	1.091545	0.000117
0.113954	1.089237	0.000257
0.113994	1.096955	0.000375
0.114034	1.111102	0.000416
0.114074	1.124939	0.000359
0.114114	1.131739	0.000230
0.114154	1.128002	0.000091
0.114194	1.115191	0.000009
0.114234	1.099137	0.000028
0.114274	1.087340	0.000142
0.114314	1.085422	0.000302
0.114354	1.094400	0.000433
0.114394	1.110106	0.000475
0.114434	1.125068	0.000405
0.114474	1.132011	0.000256
0.114515	1.127341	0.000099
0.114555	1.112936	0.000011
0.114595	1.095372	0.000039
0.114635	1.082875	0.000175
0.114675	1.081432	0.000359
0.114715	1.091872	0.000506
0.114755	1.109363	0.000548
0.114795	1.125593	0.000462
0.114835	1.132668	0.000288
0.114875	1.126899	0.000110
0.114915	1.110656	0.000015
0.114955	1.091371	0.000055
0.114995	1.078104	0.000217
0.115035	1.077241	0.000430
0.115075	1.089382	0.000597
0.115115	1.108919	0.000638
0.115155	1.126578	0.000532
0.115195	1.133765	0.000329
0.115235	1.126700	0.000125
0.115275	1.108329	0.000023
0.115315	1.087084	0.000077
0.115355	1.072968	0.000272
0.115395	1.072815	0.000521
0.115435	1.086939	0.000710
0.115475	1.108828	0.000750
0.115516	1.128098	0.000619
0.115556	1.135367	0.000379
0.115596	1.126767	0.000145
0.115636	1.105933	0.000034
0.115676	1.082448	0.000109
0.115716	1.067401	0.000344
0.115756	1.068116	0.000637
0.115796	1.084557	0.000854
0.115836	1.109154	0.000891
0.115876	1.130245	0.000728
0.115916	1.137549	0.000443
0.115956	1.127129	0.000171
0.115996	1.103434	0.000051
0.116036	1.077387	0.000152
0.116076	1.061318	0.000439
0.116116	1.063098	0.000786
0.116156	1.082252	0.001036
0.116196	1.109975	0.001068
0.116236	1.133123	0.000866
0.116276	1.140402	0.000523
0.116316	1.127819	0.000207
0.116356	1.100795	0.000078
0.116396	1.071811	0.000212
0.116436	1.054623	0.000564
0.116476	1.057705	0.000979
0.116517	1.080047	0.001268
0.116557	1.111385	0.001293
0.116597	1.136864	0.001040
0.116637	1.144034	0.000627
0.116677	1.128878	0.000256
0.116717	1.097968	0.000117
0.116757	1.065610	0.000296
0.116797	1.047200	0.000730
0.116837	1.051877	0.001230
0.116877	1.077971	0.001567
0.116917	1.113501	0.001581
0.116957	1.141624	0.001263
0.116997	1.148576	0.000762
0.117037	1.130349	0.000323
0.117077	1.094895	0.000175
0.117117	1.058652	0.000413
0.117157	1.038906	0.000952
0.117197	1.045536	0.001558
0.117237	1.076057	0.001954
0.117277	1.116460	0.001953
0.117317	1.147591	0.001550
0.117357	1.154182	0.000937
0.117397	1.132288	0.000417
0.117437	1.091506	0.000260
0.117477	1.050777	0.000576
0.117518	1.029577	0.001251
0.117558	1.038596	0.001991
0.117598	1.074352	0.002460
0.117638	1.120437	0.002435
0.117678	1.154995	0.001924
0.117718	1.161043	0.001170
0.117758	1.134759	0.000547
0.117798	1.087715	0.000384
0.117838	1.041794	0.000804
0.117878	1.019009	0.001654
0.117918	1.030953	0.002567
0.117958	1.072916	0.003126
0.117998	1.125642	0.003067
0.118038	1.164119	0.002414
0.118078	1.169391	0.001480
0.118118	1.137846	0.000730
0.118158	1.083422	0.000566
0.118198	1.031473	0.001125
0.118238	1.006965	0.002204
0.118278	1.022489	0.003336
0.118318	1.071827	0.004008
0.118358	1.132342	0.003902
0.118398	1.175311	0.003064
0.118438	1.179515	0.001898
0.118478	1.141654	0.000989
0.118519	1.078509	0.000830
0.118559	1.019541	0.001576
0.118599	0.993159	0.002956
0.118639	1.013063	0.004373
0.118679	1.071188	0.005186
0.118719	1.140864	0.005013
0.118759	1.189005	0.003932
0.118799	1.191773	0.002465
0.118839	1.146317	0.001356
0.118879	1.072842	0.001214
0.118919	1.005671	0.002215
0.118959	0.977250	0.003992
0.118999	1.002512	0.005781
0.119039	1.071130	0.006775
0.119079	1.151620	0.006507
0.119119	1.205740	0.005102
0.119159	1.206615	0.003244
0.119199	1.152015	0.001881
0.119239	1.066265	0.001775
0.119279	0.989475	0.003123
0.119319	0.958830	0.005430
0.119359	0.990648	0.007709
0.119399	1.071826	0.008934
0.119439	1.165123	0.008532
0.119479	1.226189	0.006695
0.119520	1.224611	0.004323
0.119560	1.158985	0.002636
0.119600	1.058610	0.002593
0.119640	0.970492	0.004417
0.119680	0.937413	0.007438
0.119720	0.977244	0.010369
0.119760	1.073498	0.011893
0.119800	1.182021	0.011303
0.119840	1.251204	0.008884
0.119880	1.246487	0.005830
0.119920	1.167552	0.003724
0.119960	1.049699	0.003789
0.120000	0.948184	0.006271
