# Freq_range	Reflection	Transmission
0.080000	1.011147	0.016655
0.080040	0.927239	0.017670
0.080080	0.788751	0.016864
0.080120	0.662495	0.014481
0.080160	0.607391	0.011490
0.080200	0.647258	0.009099
0.080240	0.760864	0.008190
0.080280	0.893293	0.008921
0.080320	0.982650	0.010691
0.080360	0.989145	0.012457
0.080400	0.912931	0.013232
0.080440	0.792739	0.012543
0.080480	0.686570	0.010622
0.080521	0.644027	0.008265
0.080561	0.683449	0.006438
0.080601	0.784355	0.005819
0.080641	0.898239	0.006502
0.080681	0.972089	0.007979
0.080721	0.973259	0.009404
0.080761	0.904055	0.009998
0.080801	0.799556	0.009409
0.080841	0.710213	0.007850
0.080881	0.677827	0.005979
0.080921	0.716310	0.004570
0.080961	0.806065	0.004154
0.081001	0.904177	0.004779
0.081041	0.965164	0.006014
0.081081	0.962287	0.007169
0.081121	0.899450	0.007626
0.081161	0.808437	0.007119
0.081201	0.733216	0.005845
0.081241	0.709038	0.004348
0.081281	0.746247	0.003256
0.081321	0.826207	0.002981
0.081361	0.910884	0.003544
0.081401	0.961194	0.004578
0.081441	0.955288	0.005518
0.081481	0.898232	0.005868
0.081522	0.818839	0.005431
0.081562	0.755496	0.004383
0.081602	0.737950	0.003179
0.081642	0.773669	0.002326
0.081682	0.845015	0.002151
0.081722	0.918224	0.002654
0.081762	0.959661	0.003522
0.081802	0.951526	0.004289
0.081842	0.899709	0.004557
0.081882	0.830346	0.004178
0.081922	0.777011	0.003310
0.081962	0.764817	0.002334
0.082002	0.798917	0.001665
0.082042	0.862678	0.001561
0.082082	0.926081	0.002008
0.082122	0.960134	0.002739
0.082162	0.950401	0.003367
0.082202	0.903326	0.003572
0.082242	0.842636	0.003241
0.082282	0.797749	0.002518
0.082322	0.789866	0.001722
0.082362	0.822284	0.001195
0.082402	0.879362	0.001140
0.082442	0.934364	0.001536
0.082482	0.962269	0.002153
0.082523	0.951428	0.002670
0.082563	0.908642	0.002824
0.082603	0.855465	0.002534
0.082643	0.817720	0.001928
0.082683	0.813303	0.001275
0.082723	0.844026	0.000858
0.082763	0.895210	0.000839
0.082803	0.943001	0.001189
0.082843	0.965780	0.001712
0.082883	0.954217	0.002138
0.082923	0.915303	0.002254
0.082963	0.868646	0.001998
0.083003	0.836949	0.001486
0.083043	0.835312	0.000948
0.083083	0.864360	0.000617
0.083123	0.910340	0.000622
0.083163	0.951932	0.000932
0.083203	0.970434	0.001377
0.083243	0.958443	0.001729
0.083283	0.923026	0.001814
0.083323	0.882034	0.001588
0.083363	0.855467	0.001154
0.083403	0.856051	0.000707
0.083443	0.883471	0.000443
0.083483	0.924850	0.000465
0.083524	0.961104	0.000740
0.083564	0.976035	0.001120
0.083604	0.963842	0.001413
0.083644	0.931578	0.001474
0.083684	0.895518	0.001273
0.083724	0.873307	0.000902
0.083764	0.875659	0.000529
0.083804	0.901513	0.000318
0.083844	0.938822	0.000351
0.083884	0.970470	0.000596
0.083924	0.982414	0.000921
0.083964	0.970190	0.001165
0.084004	0.940768	0.001208
0.084044	0.909007	0.001029
0.084084	0.890501	0.000710
0.084124	0.894253	0.000397
0.084164	0.918615	0.000228
0.084204	0.952319	0.000268
0.084244	0.979986	0.000486
0.084284	0.989431	0.000767
0.084324	0.977303	0.000971
0.084364	0.950442	0.001000
0.084404	0.922433	0.000839
0.084444	0.907082	0.000563
0.084484	0.911934	0.000299
0.084525	0.934885	0.000163
0.084565	0.965393	0.000208
0.084605	0.989611	0.000403
0.084645	0.996963	0.000646
0.084685	0.985023	0.000817
0.084725	0.960467	0.000835
0.084765	0.935738	0.000689
0.084805	0.923077	0.000450
0.084845	0.928788	0.000225
0.084885	0.950412	0.000115
0.084925	0.978081	0.000164
0.084965	0.999308	0.000338
0.085005	1.004903	0.000550
0.085045	0.993213	0.000695
0.085085	0.970729	0.000704
0.085125	0.948866	0.000572
0.085165	0.938496	0.000362
0.085205	0.944861	0.000170
0.085245	0.965234	0.000081
0.085285	0.990372	0.000130
0.085325	1.008991	0.000287
0.085365	1.013106	0.000473
0.085405	1.001710	0.000596
0.085445	0.981098	0.000598
0.085485	0.961761	0.000479
0.085526	0.953369	0.000294
0.085566	0.960255	0.000129
0.085606	0.979486	0.000057
0.085646	1.002393	0.000107
0.085686	1.018754	0.000249
0.085726	1.021631	0.000412
0.085766	1.010555	0.000516
0.085806	0.991618	0.000513
0.085846	0.974481	0.000404
0.085886	0.967765	0.000240
0.085926	0.975023	0.000097
0.085966	0.993172	0.000040
0.086006	1.014074	0.000089
0.086046	1.028454	0.000218
0.086086	1.030278	0.000363
0.086126	1.019531	0.000452
0.086166	1.002100	0.000445
0.086206	0.986899	0.000344
0.086246	0.981625	0.000198
0.086286	0.989160	0.000074
0.086326	1.006314	0.000027
0.086366	1.025432	0.000076
0.086406	1.038079	0.000194
0.086446	1.039016	0.000323
0.086486	1.028601	0.000400
0.086527	1.012522	0.000389
0.086567	0.999026	0.000296
0.086607	0.994991	0.000165
0.086647	1.002726	0.000056
0.086687	1.018961	0.000018
0.086727	1.036488	0.000067
0.086767	1.047615	0.000175
0.086807	1.047795	0.000291
0.086847	1.037706	0.000357
0.086887	1.022841	0.000344
0.086927	1.010844	0.000257
0.086967	1.007877	0.000138
0.087007	1.015749	0.000042
0.087047	1.031138	0.000012
0.087087	1.047242	0.000060
0.087127	1.057032	0.000161
0.087167	1.056565	0.000264
0.087207	1.046787	0.000322
0.087247	1.033008	0.000307
0.087287	1.022332	0.000226
0.087327	1.020286	0.000117
0.087367	1.028248	0.000032
0.087407	1.042862	0.000009
0.087447	1.057692	0.000056
0.087487	1.066301	0.000149
0.087528	1.065277	0.000243
0.087568	1.055793	0.000294
0.087608	1.042984	0.000276
0.087648	1.033472	0.000200
0.087688	1.032224	0.000101
0.087728	1.040240	0.000024
0.087768	1.054145	0.000006
0.087808	1.067835	0.000052
0.087848	1.075399	0.000140
0.087888	1.073890	0.000226
0.087928	1.064676	0.000270
0.087968	1.052733	0.000251
0.088008	1.044248	0.000179
0.088048	1.043693	0.000087
0.088088	1.051740	0.000019
0.088128	1.064998	0.000005
0.088168	1.077668	0.000051
0.088208	1.084302	0.000133
0.088248	1.082366	0.000213
0.088288	1.073398	0.000252
0.088328	1.062223	0.000231
0.088368	1.054646	0.000162
0.088408	1.054696	0.000076
0.088448	1.062757	0.000014
0.088488	1.075431	0.000004
0.088529	1.087186	0.000050
0.088569	1.092989	0.000129
0.088609	1.090673	0.000202
0.088649	1.081921	0.000237
0.088689	1.071427	0.000215
0.088729	1.064650	0.000148
0.088769	1.065232	0.000068
0.088809	1.073300	0.000011
0.088849	1.085448	0.000004
0.088889	1.096384	0.000050
0.088929	1.101443	0.000125
0.088969	1.098781	0.000195
0.089009	1.090212	0.000225
0.089049	1.080317	0.000202
0.089089	1.074249	0.000137
0.089129	1.075302	0.000061
0.089169	1.083376	0.000009
0.089209	1.095056	0.000005
0.089249	1.105259	0.000051
0.089289	1.109646	0.000124
0.089329	1.106662	0.000190
0.089369	1.098243	0.000216
0.089409	1.088869	0.000192
0.089449	1.083427	0.000129
0.089489	1.084903	0.000055
0.089530	1.092989	0.000007
0.089570	1.104256	0.000006
0.089610	1.113804	0.000053
0.089650	1.117580	0.000124
0.089690	1.114290	0.000187
0.089730	1.105982	0.000211
0.089770	1.097056	0.000185
0.089810	1.092167	0.000122
0.089850	1.094025	0.000051
0.089890	1.102134	0.000006
0.089930	1.113045	0.000008
0.089970	1.122011	0.000055
0.090010	1.125232	0.000126
0.090050	1.121648	0.000186
0.090090	1.113418	0.000208
0.090130	1.104882	0.000181
0.090170	1.100492	0.000117
0.090210	1.102715	0.000048
0.090250	1.110874	0.000006
0.090290	1.121487	0.000010
0.090330	1.129930	0.000059
0.090370	1.132626	0.000129
0.090410	1.128730	0.000188
0.090450	1.120514	0.000208
0.090490	1.112283	0.000179
0.090531	1.108325	0.000115
0.090571	1.110889	0.000046
0.090611	1.119130	0.000006
0.090651	1.129518	0.000012
0.090691	1.137519	0.000063
0.090731	1.139743	0.000135
0.090771	1.135538	0.000194
0.090811	1.127294	0.000211
0.090851	1.119303	0.000180
0.090891	1.115721	0.000115
0.090931	1.118607	0.000046
0.090971	1.126950	0.000006
0.091011	1.137159	0.000015
0.091051	1.144762	0.000069
0.091091	1.146525	0.000143
0.091131	1.141981	0.000202
0.091171	1.133648	0.000219
0.091211	1.125831	0.000185
0.091251	1.122589	0.000116
0.091291	1.125809	0.000046
0.091331	1.134317	0.000007
0.091371	1.144429	0.000019
0.091411	1.151700	0.000077
0.091451	1.153024	0.000155
0.091491	1.148106	0.000215
0.091532	1.139608	0.000231
0.091572	1.131890	0.000193
0.091612	1.128947	0.000121
0.091652	1.132517	0.000048
0.091692	1.141254	0.000009
0.091732	1.151354	0.000024
0.091772	1.158354	0.000088
0.091812	1.159244	0.000170
0.091852	1.153897	0.000234
0.091892	1.145143	0.000249
0.091932	1.137436	0.000207
0.091972	1.134754	0.000129
0.092012	1.138706	0.000051
0.092052	1.147760	0.000011
0.092092	1.157951	0.000030
0.092132	1.164747	0.000101
0.092172	1.165197	0.000192
0.092212	1.159340	0.000261
0.092252	1.150208	0.000275
0.092292	1.142410	0.000228
0.092332	1.139955	0.000141
0.092372	1.144344	0.000056
0.092412	1.153837	0.000015
0.092452	1.164250	0.000039
0.092492	1.170918	0.000121
0.092533	1.170906	0.000224
0.092573	1.164422	0.000300
0.092613	1.154751	0.000315
0.092653	1.146732	0.000259
0.092693	1.144469	0.000160
0.092733	1.149382	0.000064
0.092773	1.159487	0.000020
0.092813	1.170300	0.000052
0.092853	1.176934	0.000149
0.092893	1.176414	0.000270
0.092933	1.169128	0.000359
0.092973	1.158688	0.000375
0.093013	1.150267	0.000308
0.093053	1.148164	0.000190
0.093093	1.153738	0.000077
0.093133	1.164711	0.000027
0.093173	1.176181	0.000070
0.093213	1.182907	0.000193
0.093253	1.181798	0.000343
0.093293	1.173434	0.000453
0.093333	1.161871	0.000471
0.093373	1.152783	0.000386
0.093413	1.150798	0.000239
0.093453	1.157260	0.000099
0.093493	1.169508	0.000041
0.093534	1.182035	0.000101
0.093574	1.189040	0.000265
0.093614	1.187190	0.000465
0.093654	1.177289	0.000612
0.093694	1.164017	0.000636
0.093734	1.153822	0.000524
0.093774	1.151894	0.000326
0.093814	1.159638	0.000139
0.093854	1.173864	0.000065
0.093894	1.188137	0.000159
0.093934	1.195736	0.000401
0.093974	1.192855	0.000697
0.094014	1.180558	0.000918
0.094054	1.164481	0.000961
0.094094	1.152347	0.000799
0.094134	1.150359	0.000504
0.094174	1.160144	0.000224
0.094214	1.177726	0.000120
0.094254	1.195120	0.000288
0.094294	1.203934	0.000708
0.094334	1.199375	0.001232
0.094374	1.182789	0.001644
0.094414	1.161436	0.001753
0.094454	1.145412	0.001491
0.094494	1.143011	0.000970
0.094535	1.156572	0.000460
0.094575	1.180835	0.000287
0.094615	1.204777	0.000692
0.094655	1.216344	0.001691
0.094695	1.208147	0.003024
0.094735	1.181520	0.004211
0.094775	1.146917	0.004737
0.094815	1.120052	0.004301
0.094855	1.115075	0.003044
0.094895	1.137496	0.001662
0.094935	1.179966	0.001344
0.094975	1.223068	0.003502
0.095015	1.241372	0.009372
0.095055	1.212830	0.019580
0.095095	1.128071	0.033822
0.095135	0.995937	0.050759
0.095175	0.842818	0.068196
0.095215	0.705623	0.083506
0.095255	0.620583	0.094205
0.095295	0.611766	0.098516
0.095335	0.683330	0.095775
0.095375	0.818251	0.086567
0.095415	0.983915	0.072563
0.095455	1.142510	0.056104
0.095495	1.262506	0.039660
0.095536	1.327277	0.025309
0.095576	1.338134	0.014367
0.095616	1.311208	0.007247
0.095656	1.269829	0.003551
0.095696	1.235555	0.002348
0.095736	1.221169	0.002520
0.095776	1.227919	0.003075
0.095816	1.247456	0.003362
0.095856	1.267089	0.003125
0.095896	1.275892	0.002437
0.095936	1.269135	0.001557
0.095976	1.249510	0.000769
0.096016	1.225049	0.000260
0.096056	1.205033	0.000076
0.096096	1.195840	0.000136
0.096136	1.198511	0.000298
0.096176	1.208877	0.000427
0.096216	1.219945	0.000449
0.096256	1.225258	0.000361
0.096296	1.221707	0.000214
0.096336	1.210583	0.000079
0.096376	1.196604	0.000007
0.096416	1.185496	0.000011
0.096456	1.181336	0.000067
0.096496	1.184850	0.000133
0.096537	1.193343	0.000169
0.096577	1.202163	0.000157
0.096617	1.206937	0.000108
0.096657	1.205507	0.000048
0.096697	1.198746	0.000008
0.096737	1.189933	0.000003
0.096777	1.183106	0.000034
0.096817	1.181172	0.000082
0.096857	1.184662	0.000121
0.096897	1.191634	0.000134
0.096937	1.198713	0.000115
0.096977	1.202705	0.000074
0.097017	1.202040	0.000032
0.097057	1.197382	0.000007
0.097097	1.191195	0.000010
0.097137	1.186511	0.000035
0.097177	1.185515	0.000071
0.097217	1.188586	0.000100
0.097257	1.194230	0.000108
0.097297	1.199854	0.000093
0.097337	1.203014	0.000062
0.097377	1.202523	0.000030
0.097417	1.198928	0.000010
0.097457	1.194169	0.000010
0.097497	1.190624	0.000027
0.097538	1.189993	0.000053
0.097578	1.192550	0.000074
0.097618	1.197091	0.000081
0.097658	1.201552	0.000072
0.097698	1.203997	0.000050
0.097738	1.203505	0.000026
0.097778	1.200541	0.000010
0.097818	1.196683	0.000007
0.097858	1.193844	0.000018
0.097898	1.193378	0.000036
0.097938	1.195480	0.000052
0.097978	1.199149	0.000059
0.098018	1.202698	0.000054
0.098058	1.204564	0.000039
0.098098	1.204022	0.000022
0.098138	1.201486	0.000009
0.098178	1.198269	0.000005
0.098218	1.195940	0.000011
0.098258	1.195589	0.000024
0.098298	1.197340	0.000036
0.098338	1.200334	0.000043
0.098378	1.203166	0.000040
0.098418	1.204557	0.000030
0.098458	1.203947	0.000018
0.098498	1.201725	0.000007
0.098539	1.199011	0.000003
0.098579	1.197111	0.000007
0.098619	1.196896	0.000016
0.098659	1.198410	0.000025
0.098699	1.200881	0.000031
0.098739	1.203113	0.000031
0.098779	1.204061	0.000025
0.098819	1.203323	0.000015
0.098859	1.201310	0.000007
0.098899	1.199025	0.000002
0.098939	1.197564	0.000004
0.098979	1.197591	0.000010
0.099019	1.199023	0.000019
0.099059	1.201090	0.000026
0.099099	1.202721	0.000028
0.099139	1.203076	0.000024
0.099179	1.201966	0.000017
0.099219	1.199944	0.000009
0.099259	1.198035	0.000003
0.099299	1.197215	0.000002
0.099339	1.197903	0.000007
0.099379	1.199693	0.000018
0.099419	1.201488	0.000032
0.099459	1.201965	0.000045
0.099499	1.200195	0.000055
0.099540	1.196106	0.000060
0.099580	1.190592	0.000060
0.099620	1.185190	0.000056
0.099660	1.181458	0.000049
0.099700	1.180322	0.000040
0.099740	1.181679	0.000031
0.099780	1.184436	0.000023
0.099820	1.186983	0.000017
0.099860	1.187896	0.000012
0.099900	1.186575	0.000008
0.099940	1.183524	0.000006
0.099980	1.180170	0.000004
0.100020	1.178261	0.000003
0.100060	1.179123	0.000002
0.100100	1.183074	0.000002
0.100140	1.189247	0.000002
0.100180	1.195910	0.000002
0.100220	1.201133	0.000002
0.100260	1.203542	0.000002
0.100300	1.202832	0.000002
0.100340	1.199846	0.000002
0.100380	1.196180	0.000002
0.100420	1.193513	0.000001
0.100460	1.192922	0.000001
0.100501	1.194487	0.000001
0.100541	1.197332	0.000001
0.100581	1.200063	0.000001
0.100621	1.201404	0.000001
0.100661	1.200760	0.000002
0.100701	1.198443	0.000002
0.100741	1.195504	0.000002
0.100781	1.193237	0.000002
0.100821	1.192591	0.000001
0.100861	1.193760	0.000001
0.100901	1.196107	0.000000
0.100941	1.198477	0.000001
0.100981	1.199720	0.000002
0.101021	1.199217	0.000003
0.101061	1.197147	0.000004
0.101101	1.194400	0.000004
0.101141	1.192164	0.000003
0.101181	1.191385	0.000002
0.101221	1.192338	0.000001
0.101261	1.194507	0.000000
0.101301	1.196819	0.000001
0.101341	1.198137	0.000002
0.101381	1.197776	0.000004
0.101421	1.195816	0.000006
0.101461	1.193069	0.000007
0.101502	1.190711	0.000006
0.101542	1.189745	0.000003
0.101582	1.190544	0.000001
0.101622	1.192671	0.000000
0.101662	1.195076	0.000001
0.101702	1.196565	0.000003
0.101742	1.196352	0.000007
0.101782	1.194422	0.000010
0.101822	1.191552	0.000011
0.101862	1.188962	0.000010
0.101902	1.187763	0.000006
0.101942	1.188444	0.000003
0.101982	1.190632	0.000000
0.102022	1.193248	0.000001
0.102062	1.194993	0.000005
0.102102	1.194939	0.000011
0.102142	1.192974	0.000016
0.102182	1.189866	0.000018
0.102222	1.186935	0.000016
0.102262	1.185451	0.000011
0.102302	1.186043	0.000005
0.102342	1.188391	0.000001
0.102382	1.191346	0.000002
0.102422	1.193442	0.000008
0.102462	1.193567	0.000017
0.102503	1.191496	0.000025
0.102543	1.188020	0.000029
0.102583	1.184616	0.000027
0.102623	1.182775	0.000019
0.102663	1.183306	0.000010
0.102703	1.185934	0.000003
0.102743	1.189388	0.000004
0.102783	1.191962	0.000012
0.102823	1.192296	0.000026
0.102863	1.190029	0.000040
0.102903	1.186013	0.000048
0.102943	1.181955	0.000045
0.102983	1.179653	0.000033
0.103023	1.180153	0.000018
0.103063	1.183222	0.000007
0.103103	1.187401	0.000007
0.103143	1.190637	0.000021
0.103183	1.191228	0.000044
0.103223	1.188642	0.000067
0.103263	1.183829	0.000080
0.103303	1.178840	0.000077
0.103343	1.175914	0.000058
0.103383	1.176424	0.000033
0.103423	1.180179	0.000014
0.103463	1.185432	0.000013
0.103504	1.189623	0.000036
0.103544	1.190552	0.000076
0.103584	1.187448	0.000118
0.103624	1.181419	0.000143
0.103664	1.175039	0.000140
0.103704	1.171206	0.000108
0.103744	1.171783	0.000063
0.103784	1.176635	0.000028
0.103824	1.183566	0.000027
0.103864	1.189226	0.000069
0.103904	1.190640	0.000145
0.103944	1.186659	0.000227
0.103984	1.178643	0.000280
0.104024	1.170002	0.000278
0.104064	1.164711	0.000220
0.104104	1.165445	0.000131
0.104144	1.172182	0.000062
0.104184	1.181985	0.000060
0.104224	1.190161	0.000151
0.104264	1.192365	0.000321
0.104304	1.186735	0.000513
0.104344	1.175028	0.000649
0.104384	1.162140	0.000662
0.104424	1.154060	0.000539
0.104464	1.155087	0.000336
0.104505	1.165548	0.000168
0.104545	1.181157	0.000173
0.104585	1.194509	0.000443
0.104625	1.198259	0.000970
0.104665	1.188686	0.001619
0.104705	1.168031	0.002155
0.104745	1.144335	0.002340
0.104785	1.128494	0.002048
0.104825	1.129468	0.001397
0.104865	1.149505	0.000812
0.104905	1.181507	0.000998
0.104945	1.210001	0.002803
0.104985	1.215820	0.006983
0.105025	1.183121	0.013950
0.105065	1.106208	0.023549
0.105105	0.993496	0.034969
0.105145	0.866775	0.046817
0.105185	0.755638	0.057363
0.105225	0.688708	0.064904
0.105265	0.684627	0.068149
0.105305	0.745956	0.066529
0.105345	0.858199	0.060337
0.105385	0.994343	0.050664
0.105425	1.123330	0.039135
0.105465	1.219495	0.027540
0.105506	1.269707	0.017431
0.105546	1.275877	0.009827
0.105586	1.252269	0.005062
0.105626	1.218949	0.002838
0.105666	1.194022	0.002416
0.105706	1.187584	0.002893
0.105746	1.199430	0.003472
0.105786	1.220973	0.003645
0.105826	1.240170	0.003253
0.105866	1.247194	0.002432
0.105906	1.238492	0.001475
0.105946	1.217734	0.000682
0.105986	1.193566	0.000236
0.106026	1.175419	0.000161
0.106066	1.169321	0.000342
0.106106	1.175529	0.000598
0.106146	1.188855	0.000765
0.106186	1.201365	0.000759
0.106226	1.206098	0.000591
0.106266	1.200110	0.000345
0.106306	1.185536	0.000127
0.106346	1.168328	0.000012
0.106386	1.155352	0.000020
0.106426	1.151244	0.000112
0.106466	1.156432	0.000222
0.106507	1.167157	0.000284
0.106547	1.177389	0.000268
0.106587	1.181676	0.000188
0.106627	1.177599	0.000087
0.106667	1.166745	0.000015
0.106707	1.153807	0.000005
0.106747	1.144300	0.000053
0.106787	1.141999	0.000132
0.106827	1.147255	0.000196
0.106867	1.156958	0.000214
0.106907	1.166076	0.000177
0.106947	1.170038	0.000106
0.106987	1.166827	0.000035
0.107027	1.157831	0.000001
0.107067	1.147100	0.000018
0.107107	1.139395	0.000078
0.107147	1.137964	0.000150
0.107187	1.143070	0.000199
0.107227	1.151946	0.000200
0.107267	1.160151	0.000155
0.107307	1.163668	0.000086
0.107347	1.160765	0.000025
0.107387	1.152747	0.000003
0.107427	1.143288	0.000029
0.107467	1.136671	0.000091
0.107508	1.135781	0.000159
0.107548	1.140783	0.000201
0.107588	1.149096	0.000198
0.107628	1.156642	0.000150
0.107668	1.159771	0.000082
0.107708	1.156964	0.000025
0.107748	1.149504	0.000006
0.107788	1.140839	0.000034
0.107828	1.134938	0.000096
0.107868	1.134425	0.000161
0.107908	1.139371	0.000201
0.107948	1.147288	0.000195
0.107988	1.154327	0.000148
0.108028	1.157095	0.000081
0.108068	1.154240	0.000027
0.108108	1.147064	0.000009
0.108148	1.138886	0.000036
0.108188	1.133464	0.000096
0.108228	1.133232	0.000159
0.108268	1.138163	0.000197
0.108308	1.145804	0.000191
0.108348	1.152448	0.000145
0.108388	1.154882	0.000080
0.108428	1.151894	0.000027
0.108468	1.144832	0.000010
0.108509	1.136950	0.000037
0.108549	1.131873	0.000094
0.108589	1.131882	0.000156
0.108629	1.136856	0.000192
0.108669	1.144332	0.000186
0.108709	1.150680	0.000142
0.108749	1.152814	0.000079
0.108789	1.149645	0.000027
0.108829	1.142586	0.000010
0.108869	1.134880	0.000036
0.108909	1.130066	0.000093
0.108949	1.130311	0.000153
0.108989	1.135391	0.000189
0.109029	1.142799	0.000183
0.109069	1.148932	0.000139
0.109109	1.150795	0.000077
0.109149	1.147407	0.000026
0.109189	1.140268	0.000010
0.109229	1.132649	0.000036
0.109269	1.128047	0.000092
0.109309	1.128535	0.000152
0.109349	1.133780	0.000187
0.109389	1.141202	0.000181
0.109429	1.147188	0.000136
0.109469	1.148797	0.000075
0.109510	1.145155	0.000024
0.109550	1.137866	0.000009
0.109590	1.130264	0.000036
0.109630	1.125838	0.000092
0.109670	1.126584	0.000152
0.109710	1.132054	0.000186
0.109750	1.139565	0.000180
0.109790	1.145459	0.000135
0.109830	1.146827	0.000073
0.109870	1.142896	0.000023
0.109910	1.135393	0.000008
0.109950	1.127746	0.000036
0.109990	1.123464	0.000093
0.110030	1.124476	0.000153
0.110070	1.130212	0.000187
0.110110	1.137861	0.000180
0.110150	1.143689	0.000134
0.110190	1.144806	0.000071
0.110230	1.140539	0.000021
0.110270	1.132765	0.000007
0.110310	1.125033	0.000037
0.110350	1.120897	0.000096
0.110390	1.122227	0.000157
0.110430	1.128312	0.000191
0.110470	1.136180	0.000182
0.110511	1.141991	0.000135
0.110551	1.142853	0.000070
0.110591	1.138198	0.000019
0.110631	1.130074	0.000007
0.110671	1.122190	0.000038
0.110711	1.118170	0.000100
0.110751	1.119835	0.000162
0.110791	1.126321	0.000197
0.110831	1.134470	0.000187
0.110871	1.140305	0.000136
0.110911	1.140915	0.000069
0.110951	1.135843	0.000018
0.110991	1.127327	0.000006
0.111031	1.119262	0.000040
0.111071	1.115366	0.000105
0.111111	1.117412	0.000170
0.111151	1.124365	0.000205
0.111191	1.132851	0.000193
0.111231	1.138730	0.000139
0.111271	1.139059	0.000069
0.111311	1.133504	0.000016
0.111351	1.124522	0.000005
0.111391	1.116228	0.000043
0.111431	1.112454	0.000112
0.111471	1.114925	0.000181
0.111512	1.122418	0.000216
0.111552	1.131303	0.000202
0.111592	1.137250	0.000144
0.111632	1.137273	0.000069
0.111672	1.131169	0.000014
0.111712	1.121650	0.000005
0.111752	1.113083	0.000047
0.111792	1.109438	0.000122
0.111832	1.112393	0.000194
0.111872	1.120503	0.000230
0.111912	1.129855	0.000213
0.111952	1.135891	0.000149
0.111992	1.135572	0.000070
0.112032	1.128847	0.000013
0.112072	1.118712	0.000006
0.112112	1.109828	0.000053
0.112152	1.106325	0.000134
0.112192	1.109828	0.000211
0.112232	1.118647	0.000248
0.112272	1.128535	0.000226
0.112312	1.134679	0.000157
0.112352	1.133976	0.000071
0.112392	1.126543	0.000011
0.112432	1.115704	0.000006
0.112472	1.106457	0.000060
0.112513	1.103116	0.000149
0.112553	1.107244	0.000232
0.112593	1.116871	0.000269
0.112633	1.127373	0.000243
0.112673	1.133639	0.000166
0.112713	1.132498	0.000073
0.112753	1.124258	0.000010
0.112793	1.112619	0.000008
0.112833	1.102961	0.000069
0.112873	1.099806	0.000168
0.112913	1.104650	0.000257
0.112953	1.115198	0.000296
0.112993	1.126397	0.000264
0.113033	1.132799	0.000177
0.113073	1.131153	0.000076
0.113113	1.121992	0.000009
0.113153	1.109444	0.000010
0.113193	1.099324	0.000081
0.113233	1.096390	0.000191
0.113273	1.102054	0.000289
0.113313	1.113652	0.000328
0.113353	1.125640	0.000290
0.113393	1.132187	0.000192
0.113433	1.129957	0.000080
0.113473	1.119742	0.000008
0.113514	1.106161	0.000014
0.113554	1.095524	0.000097
0.113594	1.092854	0.000220
0.113634	1.099463	0.000327
0.113674	1.112260	0.000368
0.113714	1.125137	0.000321
0.113754	1.131835	0.000209
0.113794	1.128926	0.000085
0.113834	1.117502	0.000008
0.113874	1.102748	0.000019
0.113914	1.091536	0.000116
0.113954	1.089185	0.000256
0.113994	1.096885	0.000375
0.114034	1.111049	0.000416
0.114074	1.124930	0.000359
0.114114	1.131781	0.000230
0.114154	1.128077	0.000091
0.114194	1.115266	0.000009
0.114234	1.099177	0.000027
0.114274	1.087329	0.000142
0.114314	1.085366	0.000301
0.114354	1.094329	0.000433
0.114394	1.110057	0.000475
0.114434	1.125069	0.000406
0.114474	1.132068	0.000257
0.114515	1.127432	0.000100
0.114555	1.113023	0.000011
0.114595	1.095420	0.000039
0.114635	1.082867	0.000174
0.114675	1.081377	0.000358
0.114715	1.091805	0.000506
0.114755	1.109324	0.000548
0.114795	1.125611	0.000463
0.114835	1.132747	0.000289
0.114875	1.127012	0.000111
0.114915	1.110760	0.000016
0.114955	1.091428	0.000055
0.114995	1.078093	0.000216
0.115035	1.077174	0.000429
0.115075	1.089293	0.000596
0.115115	1.108850	0.000637
0.115155	1.126557	0.000532
0.115195	1.133794	0.000329
0.115235	1.126751	0.000125
0.115275	1.108361	0.000023
0.115315	1.087061	0.000077
0.115355	1.072880	0.000272
0.115395	1.072684	0.000522
0.115435	1.086810	0.000711
0.115475	1.108750	0.000751
0.115516	1.128100	0.000621
0.115556	1.135442	0.000380
0.115596	1.126878	0.000146
0.115636	1.106027	0.000034
0.115676	1.082480	0.000108
0.115716	1.067358	0.000344
0.115756	1.068022	0.000637
0.115796	1.084461	0.000854
0.115836	1.109110	0.000892
0.115876	1.130281	0.000730
0.115916	1.137658	0.000444
0.115956	1.127268	0.000172
0.115996	1.103544	0.000052
0.116036	1.077422	0.000152
0.116076	1.061266	0.000438
0.116116	1.062989	0.000786
0.116156	1.082145	0.001036
0.116196	1.109927	0.001069
0.116236	1.133166	0.000868
0.116276	1.140522	0.000525
0.116316	1.127967	0.000208
0.116356	1.100904	0.000078
0.116396	1.071833	0.000212
0.116436	1.054549	0.000563
0.116476	1.057572	0.000979
0.116517	1.079922	0.001268
0.116557	1.111330	0.001295
0.116597	1.136912	0.001042
0.116637	1.144166	0.000629
0.116677	1.129034	0.000258
0.116717	1.098076	0.000117
0.116757	1.065618	0.000296
0.116797	1.047101	0.000729
0.116837	1.051718	0.001230
0.116877	1.077827	0.001568
0.116917	1.113441	0.001583
0.116957	1.141680	0.001266
0.116997	1.148723	0.000764
0.117037	1.130518	0.000325
0.117077	1.095004	0.000175
0.117117	1.058644	0.000412
0.117157	1.038781	0.000952
0.117197	1.045348	0.001558
0.117237	1.075893	0.001956
0.117277	1.116397	0.001956
0.117317	1.147659	0.001554
0.117357	1.154348	0.000941
0.117397	1.132471	0.000419
0.117437	1.091615	0.000260
0.117477	1.050752	0.000575
0.117518	1.029421	0.001250
0.117558	1.038376	0.001992
0.117598	1.074168	0.002463
0.117638	1.120371	0.002439
0.117678	1.155078	0.001929
0.117718	1.161233	0.001174
0.117758	1.134960	0.000549
0.117798	1.087824	0.000385
0.117838	1.041748	0.000804
0.117878	1.018818	0.001654
0.117918	1.030697	0.002568
0.117958	1.072709	0.003129
0.117998	1.125577	0.003073
0.118038	1.164222	0.002420
0.118078	1.169610	0.001485
0.118118	1.138069	0.000733
0.118158	1.083531	0.000566
0.118198	1.031403	0.001124
0.118238	1.006733	0.002204
0.118278	1.022192	0.003339
0.118318	1.071596	0.004013
0.118358	1.132279	0.003909
0.118398	1.175440	0.003071
0.118438	1.179768	0.001903
0.118478	1.141901	0.000992
0.118519	1.078619	0.000830
0.118559	1.019442	0.001576
0.118599	0.992880	0.002957
0.118639	1.012720	0.004377
0.118679	1.070930	0.005194
0.118719	1.140806	0.005023
0.118759	1.189167	0.003941
0.118799	1.192069	0.002472
0.118839	1.146595	0.001360
0.118879	1.072952	0.001215
0.118919	1.005539	0.002216
0.118959	0.976918	0.003995
0.118999	1.002118	0.005788
0.119039	1.070847	0.006785
0.119079	1.151573	0.006519
0.119119	1.205946	0.005113
0.119159	1.206967	0.003252
0.119199	1.152333	0.001885
0.119239	1.066380	0.001777
0.119279	0.989310	0.003125
0.119319	0.958441	0.005435
0.119359	0.990201	0.007719
0.119399	1.071524	0.008947
0.119439	1.165103	0.008547
0.119479	1.226461	0.006708
0.119520	1.225042	0.004332
0.119560	1.159365	0.002641
0.119600	1.058745	0.002596
0.119640	0.970303	0.004421
0.119680	0.936975	0.007445
0.119720	0.976758	0.010381
0.119760	1.073197	0.011909
0.119800	1.182059	0.011321
0.119840	1.251578	0.008899
0.119880	1.247034	0.005842
0.119920	1.168019	0.003733
0.119960	1.049864	0.003796
0.120000	0.947961	0.006278
