# Freq_range	Reflection	Transmission
0.086000	0.858660	0.032839
0.086028	0.971873	0.031424
0.086056	1.091592	0.030653
0.086084	1.190723	0.030402
0.086112	1.247722	0.030446
0.086140	1.251256	0.030511
0.086168	1.202408	0.030341
0.086196	1.114017	0.029750
0.086224	1.007403	0.028663
0.086252	0.907277	0.027126
0.086280	0.836079	0.025294
0.086308	0.808992	0.023388
0.086336	0.830774	0.021644
0.086364	0.895027	0.020262
0.086392	0.986001	0.019357
0.086420	1.082450	0.018944
0.086448	1.162592	0.018928
0.086476	1.209029	0.019141
0.086505	1.212520	0.019372
0.086533	1.173796	0.019421
0.086561	1.103076	0.019141
0.086589	1.017454	0.018472
0.086617	0.936833	0.017445
0.086645	0.879353	0.016175
0.086673	0.857364	0.014835
0.086701	0.874825	0.013608
0.086729	0.926689	0.012650
0.086757	1.000319	0.012056
0.086785	1.078576	0.011839
0.086813	1.143822	0.011932
0.086841	1.181908	0.012203
0.086869	1.185251	0.012492
0.086897	1.154332	0.012640
0.086925	1.097340	0.012532
0.086953	1.028084	0.012117
0.086981	0.962708	0.011416
0.087009	0.915981	0.010517
0.087037	0.898014	0.009554
0.087065	0.912126	0.008669
0.087093	0.954304	0.007988
0.087121	1.014333	0.007587
0.087149	1.078291	0.007479
0.087177	1.131792	0.007614
0.087205	1.163248	0.007891
0.087233	1.166393	0.008184
0.087261	1.141531	0.008369
0.087289	1.095274	0.008353
0.087317	1.038857	0.008093
0.087345	0.985468	0.007605
0.087373	0.947219	0.006955
0.087401	0.932448	0.006248
0.087429	0.943950	0.005596
0.087457	0.978512	0.005100
0.087485	1.027820	0.004821
0.087514	1.080477	0.004773
0.087542	1.124669	0.004918
0.087570	1.150836	0.005177
0.087598	1.153765	0.005450
0.087626	1.133636	0.005640
0.087654	1.095824	0.005671
0.087682	1.049537	0.005508
0.087710	1.005629	0.005160
0.087738	0.974105	0.004680
0.087766	0.961886	0.004150
0.087794	0.971341	0.003660
0.087822	0.999883	0.003290
0.087850	1.040691	0.003091
0.087878	1.084369	0.003075
0.087906	1.121142	0.003214
0.087934	1.143069	0.003446
0.087962	1.145782	0.003691
0.087990	1.129372	0.003871
0.088018	1.098242	0.003924
0.088046	1.059995	0.003821
0.088074	1.023629	0.003568
0.088102	0.997465	0.003207
0.088130	0.987295	0.002801
0.088158	0.995137	0.002425
0.088186	1.018891	0.002143
0.088214	1.052921	0.001997
0.088242	1.089424	0.001998
0.088270	1.120254	0.002125
0.088298	1.138764	0.002328
0.088326	1.141270	0.002543
0.088354	1.127799	0.002707
0.088382	1.101987	0.002769
0.088410	1.070156	0.002704
0.088438	1.039819	0.002517
0.088466	1.017952	0.002239
0.088494	1.009433	0.001923
0.088523	1.015995	0.001628
0.088551	1.035919	0.001409
0.088579	1.064514	0.001298
0.088607	1.095253	0.001308
0.088635	1.121295	0.001420
0.088663	1.137037	0.001596
0.088691	1.139349	0.001784
0.088719	1.128215	0.001930
0.088747	1.106656	0.001994
0.088775	1.079971	0.001953
0.088803	1.054481	0.001811
0.088831	1.036075	0.001594
0.088859	1.028892	0.001344
0.088887	1.034430	0.001109
0.088915	1.051273	0.000934
0.088943	1.075486	0.000848
0.088971	1.101568	0.000861
0.088999	1.123733	0.000960
0.089027	1.137221	0.001111
0.089055	1.139355	0.001274
0.089083	1.130087	0.001403
0.089111	1.111948	0.001465
0.089139	1.089412	0.001441
0.089167	1.067837	0.001331
0.089195	1.052232	0.001158
0.089223	1.046135	0.000956
0.089251	1.050848	0.000766
0.089279	1.065198	0.000624
0.089307	1.085859	0.000556
0.089335	1.108160	0.000570
0.089363	1.127167	0.000655
0.089391	1.138812	0.000786
0.089419	1.140782	0.000927
0.089447	1.133012	0.001041
0.089475	1.117637	0.001099
0.089504	1.098462	0.001085
0.089532	1.080064	0.001000
0.089560	1.066736	0.000860
0.089588	1.061524	0.000695
0.089616	1.065569	0.000538
0.089644	1.077891	0.000421
0.089672	1.095658	0.000365
0.089700	1.114872	0.000378
0.089728	1.131297	0.000452
0.089756	1.141424	0.000565
0.089784	1.143248	0.000688
0.089812	1.136685	0.000789
0.089840	1.123553	0.000842
0.089868	1.107114	0.000835
0.089896	1.091305	0.000767
0.089924	1.079835	0.000653
0.089952	1.075347	0.000515
0.089980	1.078848	0.000384
0.090008	1.089510	0.000286
0.090036	1.104907	0.000239
0.090064	1.121590	0.000251
0.090092	1.135893	0.000316
0.090120	1.144767	0.000414
0.090148	1.146457	0.000521
0.090176	1.140872	0.000610
0.090204	1.129569	0.000659
0.090232	1.115364	0.000657
0.090260	1.101674	0.000602
0.090288	1.091727	0.000507
0.090316	1.087832	0.000391
0.090344	1.090884	0.000280
0.090372	1.100184	0.000196
0.090400	1.113631	0.000156
0.090428	1.128227	0.000167
0.090456	1.140777	0.000223
0.090484	1.148611	0.000308
0.090513	1.150182	0.000402
0.090541	1.145391	0.000482
0.090569	1.135583	0.000527
0.090597	1.123211	0.000528
0.090625	1.111262	0.000483
0.090653	1.102564	0.000403
0.090681	1.099157	0.000304
0.090709	1.101838	0.000208
0.090737	1.110012	0.000136
0.090765	1.121846	0.000101
0.090793	1.134717	0.000110
0.090821	1.145814	0.000159
0.090849	1.152781	0.000235
0.090877	1.154244	0.000318
0.090905	1.150100	0.000389
0.090933	1.141519	0.000431
0.090961	1.130654	0.000434
0.090989	1.120137	0.000396
0.091017	1.112469	0.000328
0.091045	1.109462	0.000242
0.091073	1.111834	0.000159
0.091101	1.119072	0.000095
0.091129	1.129570	0.000065
0.091157	1.141007	0.000072
0.091185	1.150894	0.000115
0.091213	1.157136	0.000182
0.091241	1.158501	0.000257
0.091269	1.154885	0.000321
0.091297	1.147313	0.000359
0.091325	1.137691	0.000364
0.091353	1.128355	0.000333
0.091381	1.121537	0.000273
0.091409	1.118857	0.000198
0.091437	1.120969	0.000124
0.091465	1.127429	0.000068
0.091493	1.136812	0.000040
0.091522	1.147055	0.000047
0.091550	1.155933	0.000085
0.091578	1.161566	0.000145
0.091606	1.162843	0.000212
0.091634	1.159657	0.000270
0.091662	1.152916	0.000306
0.091690	1.144319	0.000312
0.091718	1.135960	0.000285
0.091746	1.129842	0.000233
0.091774	1.127430	0.000166
0.091802	1.129322	0.000100
0.091830	1.135131	0.000049
0.091858	1.143584	0.000025
0.091886	1.152830	0.000030
0.091914	1.160863	0.000064
0.091942	1.165985	0.000119
0.091970	1.167182	0.000179
0.091998	1.164347	0.000233
0.092026	1.158290	0.000267
0.092054	1.150540	0.000273
0.092082	1.142986	0.000250
0.092110	1.137446	0.000203
0.092138	1.135251	0.000143
0.092166	1.136956	0.000084
0.092194	1.142219	0.000037
0.092222	1.149896	0.000014
0.092250	1.158307	0.000019
0.092278	1.165634	0.000050
0.092306	1.170324	0.000100
0.092334	1.171449	0.000156
0.092362	1.168901	0.000205
0.092390	1.163407	0.000237
0.092418	1.156354	0.000244
0.092446	1.149464	0.000224
0.092474	1.144397	0.000182
0.092503	1.142379	0.000127
0.092531	1.143924	0.000072
0.092559	1.148729	0.000029
0.092587	1.155755	0.000008
0.092615	1.163471	0.000012
0.092643	1.170205	0.000040
0.092671	1.174534	0.000086
0.092699	1.175594	0.000138
0.092727	1.173278	0.000185
0.092755	1.168245	0.000215
0.092783	1.161764	0.000222
0.092811	1.155418	0.000205
0.092839	1.150739	0.000166
0.092867	1.148861	0.000116
0.092895	1.150267	0.000065
0.092923	1.154689	0.000025
0.092951	1.161173	0.000004
0.092979	1.168307	0.000008
0.093007	1.174549	0.000034
0.093035	1.178574	0.000077
0.093063	1.179576	0.000126
0.093091	1.177446	0.000170
0.093119	1.172788	0.000199
0.093147	1.166774	0.000207
0.093175	1.160870	0.000191
0.093203	1.156503	0.000155
0.093231	1.154734	0.000108
0.093259	1.156022	0.000060
0.093287	1.160122	0.000022
0.093315	1.166156	0.000002
0.093343	1.172810	0.000005
0.093371	1.178643	0.000030
0.093399	1.182415	0.000070
0.093427	1.183366	0.000117
0.093455	1.181384	0.000160
0.093483	1.177028	0.000189
0.093512	1.171388	0.000197
0.093540	1.165838	0.000182
0.093568	1.161719	0.000149
0.093596	1.160032	0.000104
0.093624	1.161216	0.000058
0.093652	1.165050	0.000021
0.093680	1.170714	0.000002
0.093708	1.176974	0.000004
0.093736	1.182473	0.000028
0.093764	1.186037	0.000067
0.093792	1.186942	0.000112
0.093820	1.185075	0.000154
0.093848	1.180955	0.000182
0.093876	1.175610	0.000191
0.093904	1.170337	0.000177
0.093932	1.166408	0.000145
0.093960	1.164779	0.000102
0.093988	1.165872	0.000057
0.094016	1.169489	0.000021
0.094044	1.174853	0.000002
0.094072	1.180797	0.000004
0.094100	1.186028	0.000027
0.094128	1.189425	0.000065
0.094156	1.190291	0.000110
0.094184	1.188509	0.000151
0.094212	1.184569	0.000180
0.094240	1.179445	0.000189
0.094268	1.174379	0.000176
0.094296	1.170589	0.000145
0.094324	1.168995	0.000103
0.094352	1.170010	0.000059
0.094380	1.173451	0.000023
0.094408	1.178580	0.000004
0.094436	1.184278	0.000005
0.094464	1.189303	0.000028
0.094492	1.192571	0.000065
0.094521	1.193403	0.000110
0.094549	1.191681	0.000152
0.094577	1.187867	0.000181
0.094605	1.182900	0.000190
0.094633	1.177976	0.000179
0.094661	1.174276	0.000148
0.094689	1.172696	0.000106
0.094717	1.173644	0.000062
0.094745	1.176950	0.000026
0.094773	1.181903	0.000006
0.094801	1.187422	0.000007
0.094829	1.192298	0.000029
0.094857	1.195472	0.000067
0.094885	1.196278	0.000113
0.094913	1.194590	0.000156
0.094941	1.190854	0.000186
0.094969	1.185980	0.000196
0.094997	1.181136	0.000185
0.095025	1.177479	0.000155
0.095053	1.175892	0.000112
0.095081	1.176782	0.000067
0.095109	1.179990	0.000029
0.095137	1.184827	0.000009
0.095165	1.190231	0.000010
0.095193	1.195015	0.000032
0.095221	1.198132	0.000072
0.095249	1.198917	0.000119
0.095277	1.197241	0.000163
0.095305	1.193534	0.000195
0.095333	1.188691	0.000207
0.095361	1.183865	0.000196
0.095389	1.180204	0.000165
0.095417	1.178587	0.000121
0.095445	1.179429	0.000074
0.095473	1.182578	0.000035
0.095502	1.187356	0.000013
0.095530	1.192712	0.000014
0.095558	1.197461	0.000037
0.095586	1.200558	0.000078
0.095614	1.201331	0.000128
0.095642	1.199643	0.000175
0.095670	1.195915	0.000210
0.095698	1.191038	0.000223
0.095726	1.186165	0.000212
0.095754	1.182448	0.000180
0.095782	1.180779	0.000134
0.095810	1.181581	0.000084
0.095838	1.184710	0.000042
0.095866	1.189492	0.000018
0.095894	1.194870	0.000018
0.095922	1.199648	0.000043
0.095950	1.202766	0.000087
0.095978	1.203537	0.000141
0.096006	1.201811	0.000193
0.096034	1.198008	0.000231
0.096062	1.193025	0.000246
0.096090	1.188032	0.000236
0.096118	1.184204	0.000201
0.096146	1.182456	0.000151
0.096174	1.183226	0.000097
0.096202	1.186379	0.000051
0.096230	1.191234	0.000025
0.096258	1.196714	0.000025
0.096286	1.201593	0.000052
0.096314	1.204779	0.000101
0.096342	1.205558	0.000161
0.096370	1.203766	0.000219
0.096398	1.199825	0.000262
0.096426	1.194654	0.000280
0.096454	1.189457	0.000269
0.096482	1.185451	0.000232
0.096511	1.183589	0.000176
0.096539	1.184337	0.000116
0.096567	1.187566	0.000064
0.096595	1.192576	0.000034
0.096623	1.198252	0.000034
0.096651	1.203319	0.000064
0.096679	1.206630	0.000120
0.096707	1.207432	0.000188
0.096735	1.205539	0.000255
0.096763	1.201385	0.000306
0.096791	1.195923	0.000328
0.096819	1.190416	0.000317
0.096847	1.186148	0.000275
0.096875	1.184131	0.000212
0.096903	1.184868	0.000142
0.096931	1.188235	0.000082
0.096959	1.193502	0.000047
0.096987	1.199495	0.000047
0.097015	1.204860	0.000082
0.097043	1.208371	0.000147
0.097071	1.209213	0.000229
0.097099	1.207177	0.000309
0.097127	1.202710	0.000371
0.097155	1.196825	0.000399
0.097183	1.190869	0.000388
0.097211	1.186227	0.000340
0.097239	1.183996	0.000265
0.097267	1.184733	0.000182
0.097295	1.188321	0.000109
0.097323	1.193983	0.000067
0.097351	1.200456	0.000066
0.097379	1.206268	0.000109
0.097407	1.210080	0.000189
0.097435	1.210989	0.000290
0.097463	1.208750	0.000391
0.097491	1.203833	0.000470
0.097520	1.197337	0.000508
0.097548	1.190737	0.000497
0.097576	1.185561	0.000438
0.097604	1.183032	0.000346
0.097632	1.183784	0.000242
0.097660	1.187709	0.000151
0.097688	1.193962	0.000097
0.097716	1.201147	0.000096
0.097744	1.207624	0.000151
0.097772	1.211885	0.000256
0.097800	1.212901	0.000389
0.097828	1.210369	0.000523
0.097856	1.204800	0.000629
0.097884	1.197412	0.000684
0.097912	1.189872	0.000673
0.097940	1.183916	0.000600
0.097968	1.180956	0.000481
0.097996	1.181743	0.000343
0.098024	1.186180	0.000222
0.098052	1.193324	0.000149
0.098080	1.201583	0.000147
0.098108	1.209066	0.000224
0.098136	1.214011	0.000371
0.098164	1.215195	0.000560
0.098192	1.212230	0.000753
0.098220	1.205676	0.000910
0.098248	1.196937	0.000995
0.098276	1.187964	0.000988
0.098304	1.180817	0.000891
0.098332	1.177198	0.000724
0.098360	1.178041	0.000528
0.098388	1.183278	0.000352
0.098416	1.191820	0.000246
0.098444	1.201773	0.000246
0.098472	1.210852	0.000367
0.098501	1.216892	0.000595
0.098529	1.218352	0.000894
0.098557	1.214696	0.001207
0.098585	1.206552	0.001468
0.098613	1.195613	0.001621
0.098641	1.184283	0.001630
0.098669	1.175157	0.001491
0.098697	1.170422	0.001234
0.098725	1.171339	0.000923
0.098753	1.177909	0.000639
0.098781	1.188814	0.000467
0.098809	1.201668	0.000476
0.098837	1.213510	0.000698
0.098865	1.221464	0.001122
0.098893	1.223407	0.001688
0.098921	1.218500	0.002298
0.098949	1.207448	0.002834
0.098977	1.192420	0.003182
0.099005	1.176635	0.003264
0.099033	1.163673	0.003054
0.099061	1.156673	0.002600
0.099089	1.157577	0.002015
0.099117	1.166602	0.001465
0.099145	1.182076	0.001137
0.099173	1.200682	0.001201
0.099201	1.218108	0.001768
0.099229	1.229961	0.002854
0.099257	1.232765	0.004365
0.099285	1.224838	0.006096
0.099313	1.206823	0.007765
0.099341	1.181746	0.009060
0.099369	1.154541	0.009710
0.099397	1.131100	0.009562
0.099425	1.117020	0.008643
0.099453	1.116275	0.007209
0.099481	1.130106	0.005759
0.099510	1.156360	0.005005
0.099538	1.189464	0.005803
0.099566	1.221096	0.009050
0.099594	1.241473	0.015552
0.099622	1.241055	0.025888
0.099650	1.212377	0.040291
0.099678	1.151666	0.058557
0.099706	1.059923	0.080010
0.099734	0.943251	0.103524
0.099762	0.812318	0.127606
0.099790	0.681001	0.150537
0.099818	0.564431	0.170549
0.099846	0.476741	0.186017
0.099874	0.428897	0.195648
0.099902	0.426995	0.198628
0.099930	0.471307	0.194718
0.099958	0.556242	0.184286
0.099986	0.671247	0.168263
0.100014	0.802458	0.148031
0.100042	0.934848	0.125264
0.100070	1.054480	0.101742
0.100098	1.150495	0.079150
0.100126	1.216508	0.058913
0.100154	1.251201	0.042064
0.100182	1.258049	0.029166
0.100210	1.244275	0.020311
0.100238	1.219257	0.015160
0.100266	1.192702	0.013046
0.100294	1.172917	0.013099
0.100322	1.165489	0.014389
0.100350	1.172583	0.016050
0.100378	1.192930	0.017388
0.100406	1.222460	0.017942
0.100434	1.255418	0.017506
0.100462	1.285694	0.016111
0.100490	1.308115	0.013974
0.100519	1.319428	0.011424
0.100547	1.318820	0.008825
0.100575	1.307893	0.006505
0.100603	1.290153	0.004701
0.100631	1.270137	0.003532
0.100659	1.252394	0.002992
0.100687	1.240533	0.002971
0.100715	1.236538	0.003290
0.100743	1.240468	0.003742
0.100771	1.250588	0.004137
0.100799	1.263871	0.004330
0.100827	1.276746	0.004247
0.100855	1.285919	0.003886
0.100883	1.289084	0.003305
0.100911	1.285376	0.002605
0.100939	1.275495	0.001903
0.100967	1.261474	0.001305
0.100995	1.246168	0.000886
0.101023	1.232590	0.000679
0.101051	1.223241	0.000672
0.101079	1.219586	0.000819
0.101107	1.221772	0.001046
0.101135	1.228657	0.001276
0.101163	1.238117	0.001442
0.101191	1.247551	0.001499
0.101219	1.254483	0.001431
0.101247	1.257097	0.001253
0.101275	1.254620	0.001001
0.101303	1.247449	0.000723
0.101331	1.237022	0.000470
0.101359	1.225456	0.000283
0.101387	1.215054	0.000183
0.101415	1.207785	0.000174
0.101443	1.204855	0.000239
0.101471	1.206460	0.000349
0.101499	1.211781	0.000467
0.101528	1.219194	0.000560
0.101556	1.226659	0.000605
0.101584	1.232190	0.000590
0.101612	1.234300	0.000519
0.101640	1.232315	0.000409
0.101668	1.226506	0.000283
0.101696	1.218001	0.000166
0.101724	1.208511	0.000079
0.101752	1.199927	0.000034
0.101780	1.193894	0.000034
0.101808	1.191445	0.000072
0.101836	1.192789	0.000131
0.101864	1.197281	0.000194
0.101892	1.203586	0.000243
0.101920	1.210000	0.000266
0.101948	1.214842	0.000258
0.101976	1.216827	0.000221
0.102004	1.215352	0.000165
0.102032	1.210615	0.000104
0.102060	1.203556	0.000050
0.102088	1.195623	0.000014
0.102116	1.188442	0.000003
0.102144	1.183444	0.000015
0.102172	1.181544	0.000046
0.102200	1.182944	0.000086
0.102228	1.187105	0.000123
0.102256	1.192874	0.000148
0.102284	1.198765	0.000155
0.102312	1.203292	0.000142
0.102340	1.205311	0.000114
0.102368	1.204267	0.000077
0.102396	1.200317	0.000041
0.102424	1.194275	0.000013
0.102452	1.187423	0.000001
0.102480	1.181210	0.000006
0.102509	1.176923	0.000025
0.102537	1.175397	0.000054
0.102565	1.176832	0.000085
0.102593	1.180756	0.000110
0.102621	1.186143	0.000123
0.102649	1.191651	0.000120
0.102677	1.195930	0.000103
0.102705	1.197931	0.000076
0.102733	1.197137	0.000046
0.102761	1.193673	0.000020
0.102789	1.188275	0.000004
0.102817	1.182109	0.000002
0.102845	1.176505	0.000014
0.102873	1.172654	0.000037
0.102901	1.171336	0.000065
0.102929	1.172750	0.000091
0.102957	1.176471	0.000110
0.102985	1.181558	0.000116
0.103013	1.186770	0.000109
0.103041	1.190850	0.000090
0.103069	1.192811	0.000063
0.103097	1.192160	0.000036
0.103125	1.189005	0.000014
0.103153	1.184022	0.000003
0.103181	1.178300	0.000005
0.103209	1.173089	0.000021
0.103237	1.169513	0.000045
0.103265	1.168318	0.000073
0.103293	1.169701	0.000097
0.103321	1.173274	0.000113
0.103349	1.178152	0.000117
0.103377	1.183161	0.000107
0.103405	1.187105	0.000086
0.103433	1.189040	0.000059
0.103461	1.188486	0.000033
0.103489	1.185535	0.000013
0.103518	1.180825	0.000005
0.103546	1.175392	0.000009
0.103574	1.170433	0.000026
0.103602	1.167031	0.000051
0.103630	1.165911	0.000078
0.103658	1.167272	0.000102
0.103686	1.170750	0.000116
0.103714	1.175497	0.000119
0.103742	1.180383	0.000108
0.103770	1.184249	0.000086
0.103798	1.186176	0.000060
0.103826	1.185688	0.000034
0.103854	1.182866	0.000015
0.103882	1.178321	0.000007
0.103910	1.173058	0.000012
0.103938	1.168243	0.000029
0.103966	1.164936	0.000054
0.103994	1.163851	0.000081
0.104022	1.165195	0.000104
0.104050	1.168618	0.000119
0.104078	1.173297	0.000120
0.104106	1.178123	0.000109
0.104134	1.181958	0.000088
0.104162	1.183890	0.000062
0.104190	1.183444	0.000036
0.104218	1.180688	0.000016
0.104246	1.176220	0.000008
0.104274	1.171028	0.000013
0.104302	1.166264	0.000029
0.104330	1.162984	0.000054
0.104358	1.161903	0.000081
0.104386	1.163233	0.000105
0.104414	1.166637	0.000119
0.104442	1.171301	0.000121
0.104470	1.176126	0.000111
0.104498	1.179971	0.000090
0.104527	1.181924	0.000063
0.104555	1.181501	0.000037
0.104583	1.178761	0.000018
0.104611	1.174296	0.000009
0.104639	1.169091	0.000013
0.104667	1.164303	0.000029
0.104695	1.160994	0.000053
0.104723	1.159891	0.000080
0.104751	1.161216	0.000104
0.104779	1.164638	0.000119
0.104807	1.169342	0.000121
0.104835	1.174221	0.000111
0.104863	1.178122	0.000091
0.104891	1.180116	0.000065
0.104919	1.179705	0.000038
0.104947	1.176942	0.000018
0.104975	1.172418	0.000009
0.105003	1.167129	0.000012
0.105031	1.162250	0.000028
0.105059	1.158865	0.000052
0.105087	1.157720	0.000079
0.105115	1.159053	0.000103
0.105143	1.162532	0.000118
0.105171	1.167332	0.000122
0.105199	1.172325	0.000112
0.105227	1.176331	0.000092
0.105255	1.178391	0.000066
0.105283	1.177988	0.000039
0.105311	1.175167	0.000019
0.105339	1.170527	0.000009
0.105367	1.165088	0.000011
0.105395	1.160055	0.000026
0.105423	1.156550	0.000050
0.105451	1.155349	0.000077
0.105479	1.156704	0.000102
0.105508	1.160282	0.000118
0.105536	1.165239	0.000122
0.105564	1.170409	0.000113
0.105592	1.174570	0.000093
0.105620	1.176724	0.000067
0.105648	1.176328	0.000040
0.105676	1.173417	0.000019
0.105704	1.168606	0.000008
0.105732	1.162949	0.000010
0.105760	1.157702	0.000025
0.105788	1.154034	0.000048
0.105816	1.152760	0.000076
0.105844	1.154154	0.000101
0.105872	1.157876	0.000118
0.105900	1.163052	0.000123
0.105928	1.168466	0.000115
0.105956	1.172838	0.000095
0.105984	1.175119	0.000069
0.106012	1.174727	0.000041
0.106040	1.171694	0.000019
0.106068	1.166654	0.000007
0.106096	1.160711	0.000009
0.106124	1.155182	0.000023
0.106152	1.151303	0.000047
0.106180	1.149940	0.000075
0.106208	1.151390	0.000102
0.106236	1.155305	0.000120
0.106264	1.160768	0.000125
0.106292	1.166500	0.000118
0.106320	1.171146	0.000098
0.106348	1.173587	0.000071
0.106376	1.173201	0.000042
0.106404	1.170010	0.000019
0.106432	1.164679	0.000006
0.106460	1.158373	0.000007
0.106488	1.152490	0.000021
0.106517	1.148347	0.000046
0.106545	1.146876	0.000075
0.106573	1.148400	0.000103
0.106601	1.152561	0.000122
0.106629	1.158390	0.000129
0.106657	1.164522	0.000121
0.106685	1.169510	0.000101
0.106713	1.172152	0.000073
0.106741	1.171774	0.000044
0.106769	1.168387	0.000019
0.106797	1.162694	0.000005
0.106825	1.155938	0.000005
0.106853	1.149618	0.000020
0.106881	1.145152	0.000045
0.106909	1.143549	0.000076
0.106937	1.145170	0.000105
0.106965	1.149638	0.000126
0.106993	1.155918	0.000133
0.107021	1.162545	0.000126
0.107049	1.167956	0.000106
0.107077	1.170847	0.000077
0.107105	1.170479	0.000046
0.107133	1.166852	0.000019
0.107161	1.160717	0.000004
0.107189	1.153412	0.000004
0.107217	1.146559	0.000019
0.107245	1.141701	0.000045
0.107273	1.139939	0.000077
0.107301	1.141679	0.000108
0.107329	1.146525	0.000131
0.107357	1.153358	0.000140
0.107385	1.160591	0.000133
0.107413	1.166518	0.000112
0.107441	1.169714	0.000082
0.107469	1.169360	0.000048
0.107497	1.165444	0.000020
0.107526	1.158773	0.000004
0.107554	1.150801	0.000003
0.107582	1.143303	0.000018
0.107610	1.137970	0.000046
0.107638	1.136019	0.000080
0.107666	1.137906	0.000114
0.107694	1.143210	0.000139
0.107722	1.150716	0.000149
0.107750	1.158684	0.000142
0.107778	1.165241	0.000120
0.107806	1.168808	0.000088
0.107834	1.168473	0.000052
0.107862	1.164209	0.000022
0.107890	1.156892	0.000003
0.107918	1.148116	0.000002
0.107946	1.139839	0.000018
0.107974	1.133932	0.000048
0.108002	1.131751	0.000085
0.108030	1.133816	0.000121
0.108058	1.139676	0.000149
0.108086	1.147997	0.000161
0.108114	1.156857	0.000154
0.108142	1.164176	0.000131
0.108170	1.168195	0.000096
0.108198	1.167887	0.000057
0.108226	1.163205	0.000024
0.108254	1.155109	0.000004
0.108282	1.145364	0.000002
0.108310	1.136145	0.000018
0.108338	1.129544	0.000051
0.108366	1.127085	0.000092
0.108394	1.129365	0.000132
0.108422	1.135896	0.000162
0.108450	1.145203	0.000176
0.108478	1.155142	0.000170
0.108507	1.163386	0.000145
0.108535	1.167956	0.000107
0.108563	1.167684	0.000064
0.108591	1.162501	0.000028
0.108619	1.153466	0.000005
0.108647	1.142549	0.000002
0.108675	1.132191	0.000020
0.108703	1.124749	0.000056
0.108731	1.121952	0.000101
0.108759	1.124489	0.000146
0.108787	1.131831	0.000180
0.108815	1.142330	0.000196
0.108843	1.153577	0.000190
0.108871	1.162944	0.000163
0.108899	1.168184	0.000121
0.108927	1.167962	0.000074
0.108955	1.162176	0.000033
0.108983	1.152008	0.000008
0.109011	1.139673	0.000004
0.109039	1.127934	0.000024
0.109067	1.119470	0.000064
0.109095	1.116259	0.000114
0.109123	1.119104	0.000164
0.109151	1.127426	0.000203
0.109179	1.139371	0.000222
0.109207	1.152206	0.000216
0.109235	1.162940	0.000186
0.109263	1.169001	0.000140
0.109291	1.168846	0.000088
0.109319	1.162335	0.000041
0.109347	1.150794	0.000013
0.109375	1.136738	0.000008
0.109403	1.123320	0.000031
0.109431	1.113610	0.000075
0.109459	1.109890	0.000132
0.109487	1.113103	0.000189
0.109516	1.122614	0.000234
0.109544	1.136316	0.000256
0.109572	1.151088	0.000250
0.109600	1.163491	0.000217
0.109628	1.170559	0.000165
0.109656	1.170495	0.000106
0.109684	1.163109	0.000054
0.109712	1.149900	0.000021
0.109740	1.133749	0.000016
0.109768	1.118281	0.000041
0.109796	1.107045	0.000092
0.109824	1.102695	0.000157
0.109852	1.106351	0.000223
0.109880	1.117308	0.000275
0.109908	1.133154	0.000300
0.109936	1.150293	0.000295
0.109964	1.164743	0.000258
0.109992	1.173054	0.000199
0.110020	1.173113	0.000132
0.110048	1.164667	0.000072
0.110076	1.149425	0.000034
0.110104	1.130710	0.000028
0.110132	1.112727	0.000057
0.110160	1.099614	0.000116
0.110188	1.094482	0.000192
0.110216	1.098668	0.000268
0.110244	1.111388	0.000329
0.110272	1.129860	0.000360
0.110300	1.149907	0.000354
0.110328	1.166880	0.000313
0.110356	1.176729	0.000246
0.110384	1.176954	0.000168
0.110412	1.167219	0.000099
0.110440	1.149486	0.000055
0.110468	1.127620	0.000049
0.110496	1.106538	0.000083
0.110525	1.091103	0.000151
0.110553	1.084991	0.000240
0.110581	1.089815	0.000330
0.110609	1.104695	0.000402
0.110637	1.126400	0.000440
0.110665	1.150035	0.000435
0.110693	1.170130	0.000387
0.110721	1.181896	0.000310
0.110749	1.182345	0.000220
0.110777	1.171036	0.000139
0.110805	1.150238	0.000088
0.110833	1.124480	0.000081
0.110861	1.099560	0.000121
0.110889	1.081237	0.000203
0.110917	1.073894	0.000308
0.110945	1.079486	0.000416
0.110973	1.097026	0.000503
0.111001	1.122729	0.000549
0.111029	1.150815	0.000544
0.111057	1.174799	0.000490
0.111085	1.188965	0.000399
0.111113	1.189720	0.000294
0.111141	1.176481	0.000200
0.111169	1.151893	0.000140
0.111197	1.121306	0.000132
0.111225	1.091608	0.000181
0.111253	1.069676	0.000279
0.111281	1.060774	0.000406
0.111309	1.067298	0.000537
0.111337	1.088129	0.000642
0.111365	1.118803	0.000699
0.111393	1.152444	0.000695
0.111421	1.181294	0.000633
0.111449	1.198487	0.000526
0.111477	1.199660	0.000402
0.111506	1.184047	0.000290
0.111534	1.154749	0.000221
0.111562	1.118136	0.000213
0.111590	1.082456	0.000273
0.111618	1.055985	0.000393
0.111646	1.045102	0.000548
0.111674	1.052755	0.000708
0.111702	1.077681	0.000837
0.111730	1.114570	0.000909
0.111758	1.155180	0.000908
0.111786	1.190160	0.000835
0.111814	1.211189	0.000709
0.111842	1.212936	0.000561
0.111870	1.194385	0.000428
0.111898	1.159203	0.000346
0.111926	1.115028	0.000339
0.111954	1.071816	0.000416
0.111982	1.039604	0.000564
0.112010	1.026180	0.000757
0.112038	1.035209	0.000954
0.112066	1.065255	0.001116
0.112094	1.109959	0.001207
0.112122	1.159362	0.001210
0.112150	1.202108	0.001125
0.112178	1.228034	0.000975
0.112206	1.230568	0.000798
0.112234	1.208368	0.000639
0.112262	1.165793	0.000543
0.112290	1.112074	0.000539
0.112318	1.059321	0.000637
0.112346	1.019804	0.000824
0.112374	1.003106	0.001066
0.112402	1.013815	0.001315
0.112430	1.050300	0.001520
0.112458	1.104888	0.001638
0.112486	1.165457	0.001647
0.112515	1.218105	0.001548
0.112543	1.250323	0.001368
0.112571	1.253947	0.001156
0.112599	1.227194	0.000966
0.112627	1.175284	0.000853
0.112655	1.109454	0.000855
0.112683	1.044547	0.000985
0.112711	0.995678	0.001225
0.112739	0.974735	0.001533
0.112767	0.987507	0.001851
0.112795	1.032139	0.002114
0.112823	1.099310	0.002270
0.112851	1.174148	0.002289
0.112879	1.239505	0.002175
0.112907	1.279866	0.001960
0.112935	1.285007	0.001703
0.112963	1.252551	0.001476
0.112991	1.188786	0.001346
0.113019	1.107497	0.001360
0.113047	1.027012	0.001534
0.113075	0.966101	0.001848
0.113103	0.939621	0.002248
0.113131	0.954935	0.002660
0.113159	1.009937	0.003004
0.113187	1.093221	0.003213
0.113215	1.186411	0.003250
0.113243	1.268189	0.003119
0.113271	1.319160	0.002861
0.113299	1.326419	0.002551
0.113327	1.286789	0.002280
0.113355	1.207889	0.002132
0.113383	1.106750	0.002168
0.113411	1.006180	0.002409
0.113439	0.929659	0.002827
0.113467	0.895910	0.003356
0.113495	0.914363	0.003901
0.113524	0.982644	0.004358
0.113552	1.086695	0.004644
0.113580	1.203638	0.004712
0.113608	1.306776	0.004565
0.113636	1.371670	0.004257
0.113664	1.381911	0.003885
0.113692	1.333220	0.003563
0.113720	1.234894	0.003401
0.113748	1.108123	0.003477
0.113776	0.981500	0.003816
0.113804	0.884633	0.004386
0.113832	0.841287	0.005099
0.113860	0.863644	0.005832
0.113888	0.949041	0.006454
0.113916	1.080040	0.006855
0.113944	1.227946	0.006975
0.113972	1.359070	0.006818
0.114000	1.442388	0.006456
