# Freq_range	Reflection	Transmission
0.060000	0.177470	1.033449
0.060080	0.186642	1.049978
0.060160	0.187576	0.975904
0.060240	0.206352	0.900811
0.060320	0.240667	0.909459
0.060400	0.262227	0.945766
0.060480	0.263515	0.911708
0.060561	0.271162	0.827796
0.060641	0.301900	0.792888
0.060721	0.333859	0.820355
0.060801	0.342319	0.822164
0.060881	0.341148	0.757244
0.060961	0.360051	0.694682
0.061041	0.394766	0.695404
0.061121	0.413722	0.714743
0.061201	0.410676	0.681582
0.061281	0.415242	0.614849
0.061361	0.443332	0.586988
0.061441	0.470454	0.603560
0.061522	0.472733	0.598940
0.061602	0.466806	0.547238
0.061682	0.481741	0.501429
0.061762	0.510338	0.502302
0.061842	0.521525	0.513363
0.061922	0.512564	0.485299
0.062002	0.513264	0.436758
0.062082	0.535717	0.419414
0.062162	0.554419	0.431855
0.062242	0.549572	0.425533
0.062322	0.540081	0.386884
0.062402	0.551231	0.356974
0.062482	0.572349	0.360910
0.062563	0.575478	0.368001
0.062643	0.562543	0.345532
0.062723	0.561457	0.312260
0.062803	0.578857	0.304333
0.062883	0.589593	0.315014
0.062963	0.579669	0.308466
0.063043	0.569394	0.280302
0.063123	0.578498	0.262733
0.063203	0.593173	0.269370
0.063283	0.590179	0.273996
0.063363	0.576063	0.256086
0.063443	0.575349	0.234207
0.063524	0.588963	0.233064
0.063604	0.593419	0.242385
0.063684	0.580951	0.235872
0.063764	0.572074	0.215523
0.063844	0.580333	0.206711
0.063924	0.589837	0.214892
0.064004	0.582859	0.217629
0.064084	0.569649	0.203237
0.064164	0.570365	0.189583
0.064244	0.580943	0.192896
0.064324	0.580716	0.200867
0.064404	0.567655	0.194499
0.064484	0.561182	0.180020
0.064565	0.568874	0.177320
0.064645	0.574134	0.186164
0.064725	0.564865	0.187467
0.064805	0.553650	0.175955
0.064885	0.555806	0.168384
0.064965	0.563572	0.174618
0.065045	0.559913	0.181401
0.065125	0.547446	0.175427
0.065205	0.543396	0.165626
0.065285	0.550172	0.167389
0.065365	0.551815	0.176527
0.065445	0.541418	0.176962
0.065526	0.532422	0.168106
0.065606	0.535358	0.165369
0.065686	0.540253	0.173776
0.065766	0.534064	0.179819
0.065846	0.522674	0.174700
0.065926	0.520366	0.169029
0.066006	0.525565	0.174474
0.066086	0.524008	0.184086
0.066166	0.513096	0.184438
0.066246	0.505840	0.178423
0.066326	0.508497	0.180064
0.066406	0.510310	0.190656
0.066486	0.502107	0.196812
0.066567	0.491585	0.193331
0.066647	0.489813	0.191890
0.066727	0.492584	0.201108
0.066807	0.487978	0.212039
0.066887	0.476536	0.213515
0.066967	0.469874	0.211086
0.067047	0.470869	0.217538
0.067127	0.469171	0.231247
0.067207	0.458921	0.239046
0.067287	0.448292	0.238596
0.067367	0.445320	0.242363
0.067447	0.444539	0.256553
0.067528	0.436566	0.270667
0.067608	0.423774	0.275302
0.067688	0.415821	0.278123
0.067768	0.413345	0.291024
0.067848	0.407287	0.310106
0.067928	0.394213	0.322243
0.068008	0.381647	0.327268
0.068088	0.375155	0.338432
0.068168	0.369306	0.360234
0.068248	0.357092	0.380816
0.068328	0.341394	0.391841
0.068408	0.329710	0.402640
0.068488	0.321725	0.424791
0.068569	0.310303	0.452730
0.068649	0.293421	0.472889
0.068729	0.277068	0.486360
0.068809	0.265135	0.507275
0.068889	0.253444	0.539320
0.068969	0.237087	0.569356
0.069049	0.218301	0.588990
0.069129	0.202430	0.608476
0.069209	0.189451	0.639751
0.069289	0.174728	0.676416
0.069369	0.156828	0.703816
0.069449	0.139529	0.722837
0.069530	0.125690	0.748239
0.069610	0.113327	0.784081
0.069690	0.099480	0.816527
0.069770	0.084922	0.835949
0.069850	0.072644	0.852242
0.069930	0.063396	0.878278
0.070010	0.055201	0.908530
0.070090	0.046706	0.927712
0.070170	0.038935	0.935317
0.070250	0.033453	0.946141
0.070330	0.030208	0.966105
0.070410	0.027842	0.982734
0.070490	0.025471	0.985541
0.070571	0.023532	0.983040
0.070651	0.022919	0.988986
0.070731	0.023618	1.000471
0.070811	0.024484	1.003257
0.070891	0.024535	0.995261
0.070971	0.024121	0.990079
0.071051	0.024239	0.995289
0.071131	0.024808	1.000874
0.071211	0.024558	0.996118
0.071291	0.022844	0.987207
0.071371	0.020574	0.987293
0.071451	0.018688	0.995586
0.071532	0.016688	0.999205
0.071612	0.013663	0.994273
0.071692	0.010028	0.992017
0.071772	0.007021	1.000492
0.071852	0.004967	1.011679
0.071932	0.003463	1.014389
0.072012	0.003059	1.011749
0.072092	0.005203	1.015320
0.072172	0.010534	1.025793
0.072252	0.018880	1.031189
0.072332	0.031234	1.024910
0.072412	0.049819	1.014617
0.072492	0.075449	1.008363
0.072573	0.106783	1.000575
0.072653	0.143386	0.979888
0.072733	0.187386	0.945866
0.072813	0.239962	0.908456
0.072893	0.297975	0.872025
0.072973	0.357046	0.829450
0.073053	0.416814	0.774686
0.073133	0.479475	0.713354
0.073213	0.543342	0.655237
0.073293	0.602287	0.601322
0.073373	0.653000	0.545264
0.073453	0.698631	0.485590
0.073534	0.742350	0.429098
0.073614	0.780987	0.381145
0.073694	0.809462	0.338798
0.073774	0.829117	0.296849
0.073854	0.846081	0.256206
0.073934	0.861910	0.221797
0.074014	0.871776	0.194491
0.074094	0.873321	0.170042
0.074174	0.871552	0.145793
0.074254	0.871537	0.124026
0.074334	0.870933	0.107342
0.074414	0.864763	0.094198
0.074494	0.854469	0.081399
0.074575	0.846113	0.068792
0.074655	0.840810	0.058672
0.074735	0.833448	0.051552
0.074815	0.821748	0.045309
0.074895	0.810384	0.038567
0.074975	0.803311	0.032472
0.075055	0.797374	0.028335
0.075135	0.787931	0.025371
0.075215	0.776843	0.022062
0.075295	0.769318	0.018498
0.075375	0.765135	0.015890
0.075455	0.759173	0.014397
0.075536	0.750210	0.012927
0.075616	0.742945	0.010963
0.075696	0.739920	0.009242
0.075776	0.737232	0.008357
0.075856	0.731272	0.007774
0.075936	0.724845	0.006793
0.076016	0.722267	0.005661
0.076096	0.721942	0.005026
0.076176	0.719151	0.004810
0.076256	0.714128	0.004399
0.076336	0.711562	0.003689
0.076416	0.712475	0.003179
0.076496	0.712484	0.003073
0.076577	0.709352	0.002965
0.076657	0.706765	0.002561
0.076737	0.707910	0.002144
0.076817	0.709976	0.002040
0.076897	0.709019	0.002067
0.076977	0.706726	0.001878
0.077057	0.707434	0.001553
0.077137	0.710619	0.001419
0.077217	0.711817	0.001480
0.077297	0.710324	0.001436
0.077377	0.710356	0.001204
0.077457	0.713727	0.001043
0.077538	0.716724	0.001085
0.077618	0.716529	0.001124
0.077698	0.716058	0.000986
0.077778	0.718878	0.000816
0.077858	0.723035	0.000814
0.077938	0.724444	0.000889
0.078018	0.723946	0.000833
0.078098	0.725813	0.000680
0.078178	0.730343	0.000630
0.078258	0.733356	0.000703
0.078338	0.733429	0.000713
0.078418	0.734331	0.000595
0.078498	0.738482	0.000509
0.078579	0.742764	0.000555
0.078659	0.743930	0.000606
0.078739	0.744213	0.000537
0.078819	0.747437	0.000434
0.078899	0.752392	0.000440
0.078979	0.754939	0.000507
0.079059	0.755175	0.000488
0.079139	0.757251	0.000391
0.079219	0.762168	0.000357
0.079299	0.766052	0.000416
0.079379	0.766869	0.000439
0.079459	0.767937	0.000365
0.079540	0.772170	0.000302
0.079620	0.777025	0.000336
0.079700	0.778916	0.000385
0.079780	0.779426	0.000346
0.079860	0.782554	0.000271
0.079940	0.787779	0.000271
0.080020	0.790969	0.000327
0.080100	0.791541	0.000325
0.080180	0.793469	0.000256
0.080260	0.798390	0.000225
0.080340	0.802764	0.000270
0.080420	0.804014	0.000298
0.080501	0.804994	0.000249
0.080581	0.809037	0.000197
0.080661	0.814171	0.000218
0.080741	0.816540	0.000263
0.080821	0.817091	0.000243
0.080901	0.819933	0.000184
0.080981	0.825207	0.000178
0.081061	0.828838	0.000223
0.081141	0.829602	0.000232
0.081221	0.831255	0.000181
0.081301	0.836016	0.000151
0.081381	0.840713	0.000183
0.081461	0.842279	0.000213
0.081542	0.843082	0.000181
0.081622	0.846819	0.000137
0.081702	0.852097	0.000148
0.081782	0.854841	0.000188
0.081862	0.855368	0.000180
0.081942	0.857845	0.000133
0.082022	0.863060	0.000122
0.082102	0.867040	0.000159
0.082182	0.867943	0.000173
0.082262	0.869267	0.000136
0.082342	0.873784	0.000106
0.082422	0.878719	0.000129
0.082503	0.880555	0.000160
0.082583	0.881145	0.000140
0.082663	0.884510	0.000100
0.082743	0.889856	0.000104
0.082823	0.892929	0.000140
0.082903	0.893406	0.000140
0.082983	0.895470	0.000102
0.083063	0.900556	0.000087
0.083143	0.904837	0.000117
0.083223	0.905859	0.000135
0.083303	0.906819	0.000108
0.083383	0.911030	0.000078
0.083463	0.916154	0.000094
0.083544	0.918238	0.000124
0.083624	0.918590	0.000113
0.083704	0.921531	0.000078
0.083784	0.926890	0.000076
0.083864	0.930270	0.000108
0.083944	0.930680	0.000114
0.084024	0.932286	0.000083
0.084104	0.937187	0.000065
0.084184	0.941742	0.000089
0.084264	0.942871	0.000110
0.084344	0.943431	0.000090
0.084424	0.947279	0.000061
0.084505	0.952556	0.000071
0.084585	0.954881	0.000100
0.084665	0.954970	0.000096
0.084745	0.957429	0.000064
0.084825	0.962757	0.000058
0.084905	0.966435	0.000086
0.084985	0.966765	0.000097
0.085065	0.967859	0.000071
0.085145	0.972519	0.000051
0.085225	0.977333	0.000070
0.085305	0.978569	0.000093
0.085385	0.978683	0.000079
0.085465	0.982102	0.000051
0.085546	0.987508	0.000056
0.085626	0.990081	0.000084
0.085706	0.989875	0.000085
0.085786	0.991781	0.000056
0.085866	0.997037	0.000046
0.085946	1.001023	0.000071
0.086026	1.001261	0.000087
0.086106	1.001774	0.000065
0.086186	1.006133	0.000042
0.086266	1.011212	0.000057
0.086346	1.012561	0.000082
0.086426	1.012173	0.000073
0.086507	1.015084	0.000045
0.086587	1.020607	0.000045
0.086667	1.023454	0.000073
0.086747	1.022918	0.000079
0.086827	1.024179	0.000052
0.086907	1.029328	0.000038
0.086987	1.033655	0.000061
0.087067	1.033795	0.000081
0.087147	1.033634	0.000062
0.087227	1.037625	0.000037
0.087307	1.042997	0.000049
0.087387	1.044486	0.000076
0.087467	1.043519	0.000072
0.087548	1.045824	0.000043
0.087628	1.051470	0.000039
0.087708	1.054645	0.000067
0.087788	1.053735	0.000078
0.087868	1.054234	0.000052
0.087948	1.059241	0.000034
0.088028	1.063981	0.000055
0.088108	1.064025	0.000079
0.088188	1.063068	0.000064
0.088268	1.066609	0.000036
0.088348	1.072337	0.000043
0.088428	1.074024	0.000074
0.088509	1.072376	0.000075
0.088589	1.073943	0.000044
0.088669	1.079743	0.000035
0.088749	1.083351	0.000064
0.088829	1.082015	0.000081
0.088909	1.081581	0.000056
0.088989	1.086417	0.000032
0.089069	1.091701	0.000052
0.089149	1.091671	0.000082
0.089229	1.089741	0.000071
0.089309	1.092723	0.000037
0.089389	1.098931	0.000040
0.089469	1.100923	0.000076
0.089550	1.098449	0.000083
0.089630	1.099085	0.000049
0.089710	1.105111	0.000033
0.089790	1.109339	0.000065
0.089870	1.107511	0.000091
0.089950	1.105887	0.000066
0.090030	1.110525	0.000033
0.090110	1.116588	0.000052
0.090190	1.116540	0.000091
0.090270	1.113360	0.000084
0.090350	1.115619	0.000042
0.090430	1.122534	0.000040
0.090511	1.125035	0.000084
0.090591	1.121506	0.000101
0.090671	1.120902	0.000060
0.090751	1.127292	0.000034
0.090831	1.132487	0.000072
0.090911	1.130070	0.000111
0.090991	1.126824	0.000085
0.091071	1.131230	0.000039
0.091151	1.138513	0.000056
0.091231	1.138569	0.000112
0.091311	1.133654	0.000112
0.091391	1.134906	0.000055
0.091471	1.142965	0.000044
0.091552	1.146375	0.000104
0.091632	1.141382	0.000137
0.091712	1.138959	0.000085
0.091792	1.145998	0.000041
0.091872	1.152850	0.000088
0.091952	1.149680	0.000154
0.092032	1.143966	0.000127
0.092112	1.148081	0.000053
0.092192	1.157494	0.000069
0.092272	1.157925	0.000160
0.092352	1.150286	0.000175
0.092432	1.149935	0.000088
0.092513	1.160078	0.000055
0.092593	1.165289	0.000151
0.092673	1.157950	0.000224
0.092753	1.152416	0.000149
0.092833	1.160741	0.000059
0.092913	1.170871	0.000131
0.092993	1.166580	0.000267
0.093073	1.156359	0.000240
0.093153	1.160017	0.000097
0.093233	1.173852	0.000106
0.093313	1.175387	0.000296
0.093393	1.162411	0.000364
0.093473	1.158796	0.000192
0.093554	1.173616	0.000094
0.093634	1.183208	0.000306
0.093714	1.170915	0.000527
0.093794	1.158233	0.000387
0.093874	1.169782	0.000134
0.093954	1.188524	0.000300
0.094034	1.181853	0.000747
0.094114	1.159644	0.000771
0.094194	1.161985	0.000321
0.094274	1.189270	0.000296
0.094354	1.194957	0.001083
0.094434	1.164505	0.001614
0.094515	1.148867	0.000987
0.094595	1.181490	0.000414
0.094675	1.210082	0.001795
0.094755	1.174714	0.004167
0.094835	1.121979	0.004070
0.094915	1.148995	0.001694
0.094995	1.226153	0.005168
0.095075	1.181444	0.024474
0.095155	0.931360	0.058677
0.095235	0.655270	0.091168
0.095315	0.629662	0.101337
0.095395	0.899870	0.082572
0.095475	1.219550	0.048024
0.095556	1.342192	0.018277
0.095636	1.280482	0.004351
0.095716	1.218176	0.002687
0.095796	1.244704	0.003874
0.095876	1.283177	0.002909
0.095956	1.255922	0.000884
0.096036	1.202930	0.000066
0.096116	1.197143	0.000402
0.096196	1.226188	0.000583
0.096276	1.226819	0.000249
0.096356	1.193014	0.000006
0.096436	1.177169	0.000121
0.096517	1.197749	0.000231
0.096597	1.213186	0.000113
0.096677	1.196075	0.000003
0.096757	1.176278	0.000084
0.096837	1.185989	0.000183
0.096917	1.206224	0.000116
0.096997	1.202543	0.000007
0.097077	1.183410	0.000040
0.097157	1.182723	0.000141
0.097237	1.201279	0.000131
0.097317	1.207596	0.000031
0.097397	1.192743	0.000008
0.097477	1.183980	0.000087
0.097558	1.196780	0.000122
0.097638	1.209321	0.000055
0.097718	1.201220	0.000001
0.097798	1.187957	0.000040
0.097878	1.193041	0.000093
0.097958	1.207772	0.000068
0.098038	1.207280	0.000009
0.098118	1.193440	0.000012
0.098198	1.190770	0.000060
0.098278	1.203903	0.000067
0.098358	1.210257	0.000022
0.098438	1.199359	0.000001
0.098519	1.190482	0.000033
0.098599	1.198999	0.000057
0.098679	1.210100	0.000032
0.098759	1.204685	0.000001
0.098839	1.192237	0.000014
0.098919	1.194255	0.000042
0.098999	1.207189	0.000036
0.099079	1.208569	0.000007
0.099159	1.195640	0.000004
0.099239	1.190318	0.000029
0.099319	1.201880	0.000037
0.099399	1.210587	0.000014
0.099479	1.199857	0.000005
0.099560	1.183141	0.000041
0.099640	1.181538	0.000094
0.099720	1.190543	0.000111
0.099800	1.190190	0.000086
0.099880	1.179008	0.000050
0.099960	1.174960	0.000029
0.100040	1.184809	0.000021
0.100120	1.194700	0.000018
0.100200	1.194845	0.000017
0.100280	1.193626	0.000016
0.100360	1.198987	0.000015
0.100440	1.203123	0.000015
0.100521	1.197843	0.000016
0.100601	1.191380	0.000015
0.100681	1.194920	0.000012
0.100761	1.202360	0.000012
0.100841	1.200215	0.000016
0.100921	1.191379	0.000017
0.101001	1.190700	0.000012
0.101081	1.199121	0.000009
0.101161	1.201538	0.000016
0.101241	1.192956	0.000022
0.101321	1.187589	0.000015
0.101401	1.194370	0.000006
0.101481	1.201081	0.000013
0.101562	1.195287	0.000026
0.101642	1.186206	0.000022
0.101722	1.189076	0.000007
0.101802	1.198507	0.000008
0.101882	1.197389	0.000028
0.101962	1.186687	0.000034
0.102042	1.184268	0.000013
0.102122	1.193936	0.000003
0.102202	1.198280	0.000026
0.102282	1.188694	0.000047
0.102362	1.180867	0.000028
0.102442	1.187933	0.000002
0.102523	1.197164	0.000020
0.102603	1.191483	0.000059
0.102683	1.179517	0.000053
0.102763	1.181403	0.000010
0.102843	1.193586	0.000009
0.102923	1.194025	0.000066
0.103003	1.180457	0.000088
0.103083	1.175440	0.000035
0.103163	1.187517	0.000001
0.103243	1.195178	0.000064
0.103323	1.183468	0.000134
0.103403	1.171150	0.000090
0.103483	1.179357	0.000006
0.103564	1.193836	0.000052
0.103644	1.187902	0.000189
0.103724	1.169506	0.000194
0.103804	1.169836	0.000050
0.103884	1.188995	0.000033
0.103964	1.192773	0.000251
0.104044	1.171299	0.000389
0.104124	1.159798	0.000200
0.104204	1.179547	0.000028
0.104284	1.196864	0.000330
0.104364	1.177370	0.000793
0.104444	1.149716	0.000672
0.104525	1.163099	0.000152
0.104605	1.198586	0.000477
0.104685	1.189664	0.001935
0.104765	1.137340	0.002666
0.104845	1.127936	0.001338
0.104925	1.192051	0.001286
0.105005	1.212615	0.009670
0.105085	1.060784	0.029879
0.105165	0.802369	0.054742
0.105245	0.670483	0.069715
0.105325	0.801662	0.064901
0.105405	1.072204	0.044003
0.105485	1.249940	0.020719
0.105566	1.255616	0.006586
0.105646	1.201620	0.002907
0.105726	1.201699	0.003572
0.105806	1.237765	0.003258
0.105886	1.236571	0.001519
0.105966	1.196694	0.000340
0.106046	1.176085	0.000408
0.106126	1.192094	0.000713
0.106206	1.202695	0.000494
0.106286	1.182495	0.000099
0.106366	1.159824	0.000043
0.106446	1.163534	0.000192
0.106527	1.177011	0.000183
0.106607	1.171173	0.000040
0.106687	1.152949	0.000017
0.106767	1.149442	0.000115
0.106847	1.161270	0.000132
0.106927	1.164364	0.000044
0.107007	1.151943	0.000014
0.107087	1.143822	0.000090
0.107167	1.151100	0.000131
0.107247	1.158579	0.000068
0.107327	1.152255	0.000019
0.107407	1.142427	0.000068
0.107487	1.144540	0.000128
0.107568	1.153033	0.000097
0.107648	1.152215	0.000034
0.107728	1.143212	0.000049
0.107808	1.140852	0.000114
0.107888	1.147861	0.000117
0.107968	1.151098	0.000057
0.108048	1.144646	0.000039
0.108128	1.139280	0.000090
0.108208	1.143301	0.000121
0.108288	1.148704	0.000080
0.108368	1.145624	0.000040
0.108448	1.139069	0.000067
0.108529	1.139638	0.000112
0.108609	1.145313	0.000098
0.108689	1.145541	0.000051
0.108769	1.139522	0.000051
0.108849	1.137067	0.000095
0.108929	1.141461	0.000105
0.109009	1.144211	0.000066
0.109089	1.140004	0.000044
0.109169	1.135568	0.000075
0.109249	1.137711	0.000103
0.109329	1.141758	0.000080
0.109409	1.139990	0.000047
0.109489	1.134893	0.000059
0.109570	1.134507	0.000094
0.109650	1.138521	0.000090
0.109730	1.139138	0.000056
0.109810	1.134643	0.000049
0.109890	1.132089	0.000080
0.109970	1.134951	0.000094
0.110050	1.137336	0.000067
0.110130	1.134369	0.000046
0.110210	1.130474	0.000066
0.110290	1.131502	0.000091
0.110370	1.134694	0.000078
0.110450	1.133683	0.000050
0.110531	1.129486	0.000055
0.110611	1.128530	0.000083
0.110691	1.131495	0.000086
0.110771	1.132332	0.000059
0.110851	1.128813	0.000049
0.110931	1.126227	0.000072
0.111011	1.128110	0.000088
0.111091	1.130244	0.000069
0.111171	1.128099	0.000049
0.111251	1.124598	0.000062
0.111331	1.124908	0.000085
0.111411	1.127526	0.000079
0.111491	1.127033	0.000055
0.111572	1.123483	0.000055
0.111652	1.122171	0.000079
0.111732	1.124423	0.000086
0.111812	1.125418	0.000064
0.111892	1.122609	0.000052
0.111972	1.120039	0.000071
0.112052	1.121248	0.000088
0.112132	1.123209	0.000075
0.112212	1.121672	0.000055
0.112292	1.118491	0.000064
0.112372	1.118306	0.000086
0.112452	1.120513	0.000084
0.112533	1.120413	0.000063
0.112613	1.117370	0.000059
0.112693	1.115823	0.000081
0.112773	1.117554	0.000091
0.112853	1.118676	0.000074
0.112933	1.116426	0.000060
0.113013	1.113897	0.000075
0.113093	1.114608	0.000094
0.113173	1.116443	0.000085
0.113253	1.115392	0.000066
0.113333	1.112485	0.000071
0.113413	1.111936	0.000093
0.113493	1.113830	0.000096
0.113574	1.114048	0.000076
0.113654	1.111428	0.000070
0.113734	1.109718	0.000090
0.113814	1.111046	0.000104
0.113894	1.112277	0.000089
0.113974	1.110493	0.000074
0.114054	1.108021	0.000087
0.114134	1.108343	0.000108
0.114214	1.110083	0.000103
0.114294	1.109441	0.000083
0.114374	1.106782	0.000085
0.114454	1.105948	0.000109
0.114535	1.107590	0.000116
0.114615	1.108083	0.000097
0.114695	1.105835	0.000088
0.114775	1.104008	0.000108
0.114855	1.105005	0.000126
0.114935	1.106333	0.000114
0.115015	1.104961	0.000096
0.115095	1.102557	0.000108
0.115175	1.102558	0.000132
0.115255	1.104219	0.000132
0.115335	1.103941	0.000111
0.115415	1.101515	0.000111
0.115495	1.100450	0.000136
0.115576	1.101877	0.000148
0.115656	1.102617	0.000130
0.115736	1.100712	0.000119
0.115816	1.098797	0.000140
0.115896	1.099508	0.000163
0.115976	1.100927	0.000154
0.116056	1.099934	0.000134
0.116136	1.097609	0.000144
0.116216	1.097332	0.000174
0.116296	1.098925	0.000179
0.116376	1.098983	0.000157
0.116456	1.096786	0.000154
0.116537	1.095523	0.000184
0.116617	1.096756	0.000203
0.116697	1.097725	0.000187
0.116777	1.096152	0.000172
0.116857	1.094174	0.000194
0.116937	1.094624	0.000226
0.117017	1.096126	0.000222
0.117097	1.095498	0.000199
0.117177	1.093265	0.000208
0.117257	1.092735	0.000247
0.117337	1.094260	0.000260
0.117417	1.094642	0.000237
0.117497	1.092682	0.000231
0.117578	1.091245	0.000267
0.117658	1.092288	0.000298
0.117738	1.093476	0.000285
0.117818	1.092236	0.000266
0.117898	1.090216	0.000292
0.117978	1.090415	0.000337
0.118058	1.091991	0.000342
0.118138	1.091727	0.000316
0.118218	1.089606	0.000326
0.118298	1.088835	0.000377
0.118378	1.090285	0.000404
0.118458	1.090985	0.000383
0.118539	1.089278	0.000374
0.118619	1.087683	0.000421
0.118699	1.088531	0.000472
0.118779	1.089927	0.000467
0.118859	1.089036	0.000445
0.118939	1.086994	0.000477
0.119019	1.086938	0.000545
0.119099	1.088571	0.000567
0.119179	1.088679	0.000542
0.119259	1.086696	0.000553
0.119339	1.085687	0.000627
0.119419	1.087038	0.000682
0.119499	1.088056	0.000669
0.119580	1.086630	0.000660
0.119660	1.084888	0.000726
0.119740	1.085516	0.000813
0.119820	1.087105	0.000829
0.119900	1.086586	0.000808
0.119980	1.084544	0.000855
0.120060	1.084211	0.000965
0.120140	1.085870	0.001025
0.120220	1.086363	0.001010
0.120300	1.084549	0.001032
0.120380	1.083288	0.001149
0.120460	1.084495	0.001261
0.120541	1.085821	0.001276
0.120621	1.084710	0.001278
0.120701	1.082822	0.001386
0.120781	1.083174	0.001546
0.120861	1.084917	0.001618
0.120941	1.084794	0.001619
0.121021	1.082770	0.001705
0.121101	1.082103	0.001902
0.121181	1.083716	0.002053
0.121261	1.084589	0.002086
0.121341	1.082969	0.002148
0.121421	1.081408	0.002363
0.121502	1.082365	0.002606
0.121582	1.083949	0.002714
0.121662	1.083167	0.002773
0.121742	1.081098	0.002986
0.121822	1.081042	0.003321
0.121902	1.082823	0.003553
0.121982	1.083072	0.003654
0.122062	1.081033	0.003860
0.122142	1.079881	0.004275
0.122222	1.081252	0.004676
0.122302	1.082402	0.004891
0.122382	1.080922	0.005114
0.122462	1.078891	0.005594
0.122543	1.079311	0.006200
0.122623	1.080921	0.006627
0.122703	1.080340	0.006937
0.122783	1.077883	0.007485
0.122863	1.077027	0.008320
0.122943	1.078429	0.009078
0.123023	1.078760	0.009608
0.123103	1.076406	0.010274
0.123183	1.074242	0.011367
0.123263	1.074695	0.012591
0.123343	1.075543	0.013554
0.123423	1.073688	0.014484
0.123504	1.070449	0.015903
0.123584	1.069297	0.017750
0.123664	1.069872	0.019457
0.123744	1.068543	0.020953
0.123824	1.064570	0.022881
0.123904	1.061341	0.025568
0.123984	1.060536	0.028458
0.124064	1.059179	0.031066
0.124144	1.054629	0.033928
0.124224	1.049001	0.037837
0.124304	1.045480	0.042540
0.124384	1.042789	0.047176
0.124464	1.037215	0.051863
0.124545	1.028757	0.057749
0.124625	1.020961	0.065247
0.124705	1.014718	0.073389
0.124785	1.006534	0.081593
0.124865	0.994168	0.091000
0.124945	0.980096	0.102942
0.125025	0.967000	0.116919
0.125105	0.952898	0.131600
0.125185	0.934079	0.147479
0.125265	0.910830	0.166697
0.125345	0.886401	0.189970
0.125425	0.861065	0.215653
0.125506	0.831208	0.242848
0.125586	0.794824	0.273621
0.125666	0.754255	0.310306
0.125746	0.711862	0.351909
0.125826	0.666022	0.395678
0.125906	0.613955	0.441710
0.125986	0.556528	0.492966
0.126066	0.497303	0.550032
0.126146	0.437853	0.608876
0.126226	0.377062	0.665720
0.126306	0.315086	0.721556
0.126386	0.255177	0.778769
0.126466	0.200671	0.834843
0.126547	0.152269	0.883554
0.126627	0.109525	0.922514
0.126707	0.073328	0.955330
0.126787	0.045228	0.984613
0.126867	0.025255	1.006804
0.126947	0.011975	1.017393
0.127027	0.004243	1.018557
0.127107	0.001541	1.016814
0.127187	0.002854	1.013958
0.127267	0.006588	1.005569
0.127347	0.011701	0.989616
0.127427	0.017851	0.971381
0.127508	0.024319	0.956556
0.127588	0.029860	0.943394
0.127668	0.033921	0.926581
0.127748	0.037009	0.906732
0.127828	0.039413	0.890162
0.127908	0.040437	0.879190
0.127988	0.039487	0.868662
0.128068	0.037157	0.854465
0.128148	0.034459	0.840286
0.128228	0.031511	0.831563
0.128308	0.027797	0.826410
0.128388	0.023413	0.818346
0.128468	0.019245	0.806528
0.128549	0.016004	0.796785
0.128629	0.013742	0.791691
0.128709	0.012341	0.785853
0.128789	0.011989	0.774226
0.128869	0.013124	0.759959
0.128949	0.016259	0.748899
0.129029	0.021733	0.739696
0.129109	0.029343	0.725701
0.129189	0.038517	0.705637
0.129269	0.049269	0.685601
0.129349	0.062480	0.669100
0.129429	0.078508	0.651427
0.129510	0.096107	0.627568
0.129590	0.113891	0.600660
0.129670	0.132411	0.577136
0.129750	0.153186	0.556581
0.129830	0.175698	0.532926
0.129910	0.197409	0.504884
0.129990	0.217403	0.478419
0.130070	0.237783	0.457273
0.130150	0.259982	0.437265
0.130230	0.281783	0.413662
0.130310	0.300434	0.389269
0.130390	0.317121	0.369893
0.130470	0.335116	0.354883
0.130551	0.354168	0.338474
0.130631	0.370559	0.319538
0.130711	0.383249	0.303407
0.130791	0.395900	0.292871
0.130871	0.410930	0.283511
0.130951	0.425337	0.271146
0.131031	0.435670	0.258761
0.131111	0.444091	0.251303
0.131191	0.455081	0.247192
0.131271	0.467936	0.240902
0.131351	0.477859	0.232209
0.131431	0.484189	0.226441
0.131512	0.491861	0.225290
0.131592	0.503214	0.223784
0.131672	0.513912	0.218606
0.131752	0.520263	0.213667
0.131832	0.525726	0.213391
0.131912	0.535261	0.215042
0.131992	0.546824	0.213214
0.132072	0.554670	0.208977
0.132152	0.559220	0.208090
0.132232	0.566591	0.211138
0.132312	0.578188	0.212353
0.132392	0.588078	0.209331
0.132472	0.593028	0.207201
0.132553	0.598224	0.209955
0.132633	0.608551	0.213518
0.132713	0.620061	0.212510
0.132793	0.626491	0.209444
0.132873	0.630059	0.210605
0.132953	0.637889	0.215329
0.133033	0.649767	0.216926
0.133113	0.658219	0.214003
0.133193	0.661228	0.213018
0.133273	0.665916	0.217403
0.133353	0.676449	0.221555
0.133433	0.686661	0.220197
0.133514	0.690394	0.217472
0.133594	0.692182	0.220126
0.133674	0.699715	0.225972
0.133754	0.710555	0.227366
0.133834	0.716014	0.224195
0.133914	0.716021	0.224339
0.133994	0.719515	0.230377
0.134074	0.729195	0.234958
0.134154	0.736619	0.233131
0.134234	0.736487	0.230982
0.134314	0.735925	0.235549
0.134394	0.742496	0.242725
0.134474	0.751088	0.243933
0.134555	0.752376	0.240777
0.134635	0.748853	0.242677
0.134715	0.750848	0.250920
0.134795	0.758857	0.256122
0.134875	0.762387	0.254027
0.134955	0.757801	0.253090
0.135035	0.754796	0.260399
0.135115	0.759989	0.269374
0.135195	0.765383	0.270578
0.135275	0.761785	0.267940
0.135355	0.754654	0.272559
0.135435	0.755045	0.283827
0.135516	0.760654	0.289965
0.135596	0.759447	0.287933
0.135676	0.750169	0.289116
0.135756	0.744760	0.300304
0.135836	0.748079	0.311718
0.135916	0.749353	0.313178
0.135996	0.740357	0.311747
0.136076	0.729613	0.320371
0.136156	0.728084	0.335745
0.136236	0.730362	0.343233
0.136316	0.723604	0.341686
0.136396	0.709423	0.346165
0.136476	0.701382	0.362698
0.136557	0.701943	0.377361
0.136637	0.698030	0.379363
0.136717	0.683134	0.379959
0.136797	0.668546	0.394170
0.136877	0.664313	0.414963
0.136957	0.662035	0.424213
0.137037	0.648936	0.423514
0.137117	0.629583	0.432561
0.137197	0.618302	0.456078
0.137277	0.614883	0.474762
0.137357	0.604786	0.477316
0.137437	0.583724	0.480487
0.137518	0.565014	0.501735
0.137598	0.557106	0.529051
0.137678	0.549261	0.539945
0.137758	0.529674	0.539692
0.137838	0.505438	0.553854
0.137918	0.490604	0.585308
0.137998	0.482520	0.607866
0.138078	0.466403	0.609663
0.138158	0.440309	0.614422
0.138238	0.418359	0.642630
0.138318	0.406985	0.675971
0.138398	0.394336	0.686459
0.138478	0.370441	0.683911
0.138559	0.343916	0.701188
0.138639	0.327350	0.738974
0.138719	0.316392	0.762621
0.138799	0.297521	0.759435
0.138879	0.270859	0.761549
0.138959	0.249674	0.793260
0.139039	0.238129	0.828880
0.139119	0.224878	0.833821
0.139199	0.202539	0.823115
0.139279	0.179794	0.838242
0.139359	0.166469	0.877592
0.139439	0.157451	0.896921
0.139520	0.142006	0.882561
0.139600	0.121774	0.876151
0.139680	0.107376	0.906349
0.139760	0.100511	0.939401
0.139840	0.091866	0.933663
0.139920	0.077172	0.910080
0.140000	0.063767	0.919409
