# Freq_range	Reflection	Transmission
0.086000	0.979414	0.004563
0.086028	1.090611	0.004501
0.086056	1.181080	0.004675
0.086084	1.231280	0.004998
0.086112	1.231379	0.005353
0.086140	1.183136	0.005625
0.086168	1.099116	0.005718
0.086196	0.999510	0.005584
0.086224	0.907342	0.005228
0.086252	0.843206	0.004704
0.086280	0.820715	0.004105
0.086308	0.843679	0.003537
0.086336	0.905568	0.003098
0.086364	0.991319	0.002852
0.086392	1.080999	0.002822
0.086420	1.154447	0.002980
0.086448	1.195806	0.003260
0.086476	1.196949	0.003571
0.086505	1.159055	0.003819
0.086533	1.092040	0.003927
0.086561	1.012053	0.003854
0.086589	0.937640	0.003603
0.086617	0.885504	0.003213
0.086645	0.866808	0.002758
0.086673	0.884840	0.002322
0.086701	0.934532	0.001983
0.086729	1.003853	0.001797
0.086757	1.076742	0.001782
0.086785	1.136842	0.001920
0.086813	1.171183	0.002158
0.086841	1.172997	0.002425
0.086869	1.143041	0.002645
0.086897	1.089195	0.002754
0.086925	1.024469	0.002720
0.086953	0.963919	0.002539
0.086981	0.921198	0.002244
0.087009	0.905530	0.001892
0.087037	0.919773	0.001552
0.087065	0.959971	0.001286
0.087093	1.016449	0.001140
0.087121	1.076164	0.001133
0.087149	1.125740	0.001250
0.087177	1.154487	0.001451
0.087205	1.156721	0.001678
0.087233	1.132896	0.001870
0.087261	1.089312	0.001975
0.087289	1.036531	0.001962
0.087317	0.986870	0.001831
0.087345	0.951580	0.001604
0.087373	0.938345	0.001328
0.087401	0.949662	0.001057
0.087429	0.982430	0.000844
0.087457	1.028812	0.000728
0.087485	1.078134	0.000724
0.087514	1.119372	0.000822
0.087542	1.143640	0.000991
0.087570	1.146127	0.001184
0.087598	1.127065	0.001351
0.087626	1.091526	0.001448
0.087654	1.048150	0.001449
0.087682	1.007092	0.001352
0.087710	0.977699	0.001174
0.087738	0.966427	0.000954
0.087766	0.975472	0.000735
0.087794	1.002394	0.000561
0.087822	1.040795	0.000466
0.087850	1.081875	0.000463
0.087878	1.116470	0.000546
0.087906	1.137135	0.000689
0.087934	1.139763	0.000853
0.087962	1.124423	0.000998
0.087990	1.095228	0.001086
0.088018	1.059296	0.001096
0.088046	1.025072	0.001023
0.088074	1.000384	0.000882
0.088102	0.990703	0.000702
0.088130	0.997972	0.000522
0.088158	1.020265	0.000379
0.088186	1.052324	0.000299
0.088214	1.086830	0.000296
0.088242	1.116107	0.000366
0.088270	1.133861	0.000487
0.088298	1.136555	0.000628
0.088326	1.124142	0.000754
0.088354	1.099974	0.000834
0.088382	1.069967	0.000849
0.088410	1.041197	0.000793
0.088438	1.020279	0.000679
0.088466	1.011890	0.000531
0.088494	1.017762	0.000381
0.088523	1.036370	0.000260
0.088551	1.063360	0.000192
0.088579	1.092597	0.000188
0.088607	1.117595	0.000247
0.088635	1.132985	0.000351
0.088663	1.135698	0.000473
0.088691	1.125597	0.000584
0.088719	1.105435	0.000657
0.088747	1.080165	0.000674
0.088775	1.055769	0.000631
0.088803	1.037885	0.000538
0.088831	1.030546	0.000414
0.088859	1.035310	0.000286
0.088887	1.050967	0.000182
0.088915	1.073885	0.000122
0.088943	1.098878	0.000119
0.088971	1.120417	0.000168
0.088999	1.133882	0.000258
0.089027	1.136583	0.000365
0.089055	1.128318	0.000463
0.089083	1.111363	0.000530
0.089111	1.089898	0.000549
0.089139	1.069023	0.000515
0.089167	1.053588	0.000437
0.089195	1.047103	0.000332
0.089223	1.050981	0.000222
0.089251	1.064263	0.000131
0.089279	1.083893	0.000078
0.089307	1.105452	0.000073
0.089335	1.124184	0.000116
0.089363	1.136077	0.000194
0.089391	1.138748	0.000289
0.089419	1.131950	0.000377
0.089447	1.117572	0.000438
0.089475	1.099174	0.000458
0.089504	1.081144	0.000432
0.089532	1.067690	0.000366
0.089560	1.061899	0.000274
0.089588	1.065062	0.000178
0.089616	1.076421	0.000097
0.089644	1.093386	0.000049
0.089672	1.112157	0.000044
0.089700	1.128604	0.000081
0.089728	1.139210	0.000150
0.089756	1.141844	0.000234
0.089784	1.136222	0.000314
0.089812	1.123924	0.000371
0.089840	1.108006	0.000392
0.089868	1.092278	0.000371
0.089896	1.080429	0.000315
0.089924	1.075199	0.000234
0.089952	1.077778	0.000148
0.089980	1.087573	0.000076
0.090008	1.102370	0.000032
0.090036	1.118870	0.000025
0.090064	1.133455	0.000057
0.090092	1.143007	0.000119
0.090120	1.145604	0.000195
0.090148	1.140930	0.000269
0.090176	1.130315	0.000322
0.090204	1.116406	0.000343
0.090232	1.102542	0.000327
0.090260	1.091990	0.000278
0.090288	1.087209	0.000207
0.090316	1.089308	0.000129
0.090344	1.097823	0.000062
0.090372	1.110851	0.000021
0.090400	1.125500	0.000013
0.090428	1.138567	0.000041
0.090456	1.147259	0.000097
0.090484	1.149822	0.000167
0.090513	1.145916	0.000236
0.090541	1.136665	0.000287
0.090569	1.124382	0.000308
0.090597	1.112025	0.000296
0.090625	1.102517	0.000253
0.090653	1.098089	0.000188
0.090681	1.099786	0.000116
0.090709	1.107252	0.000054
0.090737	1.118834	0.000014
0.090765	1.131975	0.000006
0.090793	1.143807	0.000031
0.090821	1.151802	0.000082
0.090849	1.154340	0.000147
0.090877	1.151057	0.000212
0.090905	1.142911	0.000262
0.090933	1.131942	0.000284
0.090961	1.120797	0.000275
0.090989	1.112121	0.000236
0.091017	1.107963	0.000176
0.091045	1.109317	0.000109
0.091073	1.115918	0.000050
0.091101	1.126320	0.000011
0.091129	1.138237	0.000002
0.091157	1.149071	0.000024
0.091185	1.156508	0.000072
0.091213	1.159033	0.000134
0.091241	1.156260	0.000197
0.091269	1.149007	0.000245
0.091297	1.139092	0.000269
0.091325	1.128910	0.000262
0.091353	1.120885	0.000226
0.091381	1.116921	0.000170
0.091409	1.117976	0.000106
0.091437	1.123864	0.000049
0.091465	1.133307	0.000011
0.091493	1.144238	0.000001
0.091522	1.154279	0.000020
0.091550	1.161281	0.000066
0.091578	1.163809	0.000126
0.091606	1.161454	0.000187
0.091634	1.154917	0.000236
0.091662	1.145836	0.000261
0.091690	1.136405	0.000256
0.091718	1.128871	0.000223
0.091746	1.125030	0.000169
0.091774	1.125818	0.000107
0.091802	1.131118	0.000050
0.091830	1.139789	0.000012
0.091858	1.149941	0.000000
0.091886	1.159368	0.000019
0.091914	1.166047	0.000063
0.091942	1.168599	0.000122
0.091970	1.166588	0.000183
0.091998	1.160618	0.000233
0.092026	1.152180	0.000260
0.092054	1.143310	0.000257
0.092082	1.136123	0.000226
0.092110	1.132335	0.000174
0.092138	1.132877	0.000112
0.092166	1.137692	0.000054
0.092194	1.145755	0.000014
0.092222	1.155313	0.000002
0.092250	1.164290	0.000019
0.092278	1.170754	0.000062
0.092306	1.173357	0.000122
0.092334	1.171633	0.000185
0.092362	1.166099	0.000238
0.092390	1.158131	0.000267
0.092418	1.149647	0.000267
0.092446	1.142668	0.000237
0.092474	1.138861	0.000184
0.092503	1.139166	0.000121
0.092531	1.143585	0.000061
0.092559	1.151187	0.000019
0.092587	1.160326	0.000004
0.092615	1.169012	0.000020
0.092643	1.175370	0.000064
0.092671	1.178060	0.000127
0.092699	1.176576	0.000194
0.092727	1.171361	0.000250
0.092755	1.163700	0.000284
0.092783	1.155429	0.000286
0.092811	1.148514	0.000257
0.092839	1.144607	0.000202
0.092867	1.144673	0.000136
0.092895	1.148775	0.000072
0.092923	1.156058	0.000025
0.092951	1.164948	0.000007
0.092979	1.173510	0.000023
0.093007	1.179884	0.000070
0.093035	1.182709	0.000137
0.093063	1.181429	0.000211
0.093091	1.176419	0.000274
0.093119	1.168899	0.000313
0.093147	1.160657	0.000318
0.093175	1.153647	0.000289
0.093203	1.149539	0.000231
0.093231	1.149351	0.000158
0.093259	1.153207	0.000087
0.093287	1.160317	0.000034
0.093315	1.169147	0.000013
0.093343	1.177772	0.000029
0.093371	1.184307	0.000080
0.093399	1.187336	0.000155
0.093427	1.186233	0.000239
0.093455	1.181310	0.000313
0.093483	1.173743	0.000361
0.093512	1.165316	0.000371
0.093540	1.158013	0.000340
0.093568	1.153572	0.000277
0.093596	1.153092	0.000194
0.093624	1.156774	0.000111
0.093652	1.163875	0.000048
0.093680	1.172872	0.000021
0.093708	1.181797	0.000038
0.093736	1.188686	0.000096
0.093764	1.192021	0.000186
0.093792	1.191080	0.000287
0.093820	1.186104	0.000379
0.093848	1.178255	0.000440
0.093876	1.169357	0.000457
0.093904	1.161491	0.000425
0.093932	1.156523	0.000351
0.093960	1.155679	0.000252
0.093988	1.159262	0.000150
0.094016	1.166568	0.000071
0.094044	1.176039	0.000034
0.094072	1.185599	0.000052
0.094100	1.193128	0.000124
0.094128	1.196935	0.000238
0.094156	1.196149	0.000370
0.094184	1.190934	0.000492
0.094212	1.182463	0.000578
0.094240	1.172668	0.000608
0.094268	1.163817	0.000574
0.094296	1.158002	0.000483
0.094324	1.156659	0.000355
0.094352	1.160235	0.000220
0.094380	1.168061	0.000111
0.094408	1.178484	0.000058
0.094436	1.189223	0.000080
0.094464	1.197870	0.000178
0.094492	1.202438	0.000337
0.094521	1.201822	0.000527
0.094549	1.196070	0.000711
0.094577	1.186401	0.000847
0.094605	1.174963	0.000905
0.094633	1.164365	0.000869
0.094661	1.157099	0.000747
0.094689	1.154972	0.000563
0.094717	1.158669	0.000362
0.094745	1.167565	0.000195
0.094773	1.179825	0.000110
0.094801	1.192772	0.000140
0.094829	1.203476	0.000295
0.094857	1.209402	0.000558
0.094885	1.209003	0.000886
0.094913	1.202117	0.001215
0.094941	1.190053	0.001479
0.094969	1.175364	0.001617
0.094997	1.161320	0.001594
0.095025	1.151201	0.001409
0.095053	1.147550	0.001101
0.095081	1.151557	0.000742
0.095109	1.162718	0.000428
0.095137	1.178851	0.000259
0.095165	1.196488	0.000320
0.095193	1.211583	0.000652
0.095221	1.220386	0.001248
0.095249	1.220310	0.002037
0.095277	1.210594	0.002896
0.095305	1.192615	0.003670
0.095333	1.169738	0.004198
0.095361	1.146735	0.004351
0.095389	1.128829	0.004070
0.095417	1.120573	0.003395
0.095445	1.124759	0.002481
0.095473	1.141598	0.001599
0.095502	1.168356	0.001117
0.095530	1.199555	0.001457
0.095558	1.227731	0.003044
0.095586	1.244656	0.006240
0.095614	1.242812	0.011283
0.095642	1.216863	0.018238
0.095670	1.164837	0.026958
0.095698	1.088812	0.037080
0.095726	0.994932	0.048046
0.095754	0.892732	0.059143
0.095782	0.793861	0.069580
0.095810	0.710405	0.078565
0.095838	0.653077	0.085391
0.095866	0.629587	0.089515
0.095894	0.643459	0.090617
0.095922	0.693497	0.088634
0.095950	0.773984	0.083762
0.095978	0.875583	0.076434
0.096006	0.986762	0.067261
0.096034	1.095525	0.056969
0.096062	1.191134	0.046315
0.096090	1.265556	0.036008
0.096118	1.314404	0.026645
0.096146	1.337244	0.018660
0.096174	1.337261	0.012298
0.096202	1.320364	0.007619
0.096230	1.293942	0.004514
0.096258	1.265485	0.002748
0.096286	1.241337	0.002005
0.096314	1.225772	0.001942
0.096342	1.220538	0.002236
0.096370	1.224901	0.002617
0.096398	1.236138	0.002894
0.096426	1.250353	0.002959
0.096454	1.263415	0.002785
0.096482	1.271850	0.002407
0.096511	1.273498	0.001897
0.096539	1.267850	0.001346
0.096567	1.256003	0.000838
0.096595	1.240300	0.000437
0.096623	1.223731	0.000175
0.096651	1.209259	0.000054
0.096679	1.199194	0.000051
0.096707	1.194757	0.000127
0.096735	1.195907	0.000234
0.096763	1.201436	0.000333
0.096791	1.209315	0.000393
0.096819	1.217180	0.000401
0.096847	1.222866	0.000359
0.096875	1.224856	0.000280
0.096903	1.222565	0.000186
0.096931	1.216412	0.000098
0.096959	1.207663	0.000034
0.096987	1.198111	0.000004
0.097015	1.189652	0.000008
0.097043	1.183868	0.000039
0.097071	1.181696	0.000084
0.097099	1.183258	0.000130
0.097127	1.187873	0.000162
0.097155	1.194243	0.000174
0.097183	1.200768	0.000162
0.097211	1.205904	0.000132
0.097239	1.208500	0.000090
0.097267	1.208026	0.000049
0.097295	1.204667	0.000017
0.097323	1.199244	0.000001
0.097351	1.193008	0.000004
0.097379	1.187348	0.000025
0.097407	1.183477	0.000057
0.097435	1.182177	0.000092
0.097463	1.183635	0.000122
0.097491	1.187434	0.000139
0.097520	1.192658	0.000141
0.097548	1.198118	0.000126
0.097576	1.202619	0.000100
0.097604	1.205226	0.000067
0.097632	1.205456	0.000036
0.097660	1.203371	0.000014
0.097688	1.199548	0.000003
0.097716	1.194928	0.000007
0.097744	1.190602	0.000023
0.097772	1.187561	0.000048
0.097800	1.186483	0.000074
0.097828	1.187590	0.000096
0.097856	1.190615	0.000110
0.097884	1.194871	0.000111
0.097912	1.199422	0.000101
0.097940	1.203288	0.000081
0.097968	1.205670	0.000057
0.097996	1.206120	0.000033
0.098024	1.204627	0.000014
0.098052	1.201614	0.000005
0.098080	1.197828	0.000005
0.098108	1.194167	0.000016
0.098136	1.191482	0.000032
0.098164	1.190381	0.000051
0.098192	1.191107	0.000068
0.098220	1.193490	0.000079
0.098248	1.196994	0.000082
0.098276	1.200844	0.000075
0.098304	1.204202	0.000062
0.098332	1.206359	0.000045
0.098360	1.206883	0.000027
0.098388	1.205716	0.000012
0.098416	1.203173	0.000004
0.098444	1.199870	0.000003
0.098472	1.196578	0.000009
0.098501	1.194052	0.000020
0.098529	1.192860	0.000034
0.098557	1.193261	0.000046
0.098585	1.195154	0.000055
0.098613	1.198108	0.000058
0.098641	1.201458	0.000054
0.098669	1.204461	0.000046
0.098697	1.206463	0.000033
0.098725	1.207040	0.000021
0.098753	1.206090	0.000010
0.098781	1.203853	0.000003
0.098809	1.200853	0.000001
0.098837	1.197773	0.000005
0.098865	1.195308	0.000013
0.098893	1.194004	0.000022
0.098921	1.194144	0.000031
0.098949	1.195681	0.000038
0.098977	1.198259	0.000041
0.099005	1.201292	0.000039
0.099033	1.204095	0.000033
0.099061	1.206041	0.000025
0.099089	1.206697	0.000015
0.099117	1.205919	0.000007
0.099145	1.203882	0.000002
0.099173	1.201040	0.000001
0.099201	1.198022	0.000003
0.099229	1.195493	0.000009
0.099257	1.194007	0.000016
0.099285	1.193883	0.000023
0.099313	1.195140	0.000028
0.099341	1.197488	0.000030
0.099369	1.200399	0.000029
0.099397	1.203217	0.000025
0.099425	1.205300	0.000019
0.099453	1.206159	0.000012
0.099481	1.205557	0.000006
0.099510	1.203554	0.000003
0.099538	1.200486	0.000004
0.099566	1.196883	0.000008
0.099594	1.193350	0.000015
0.099622	1.190432	0.000025
0.099650	1.188496	0.000035
0.099678	1.187657	0.000045
0.099706	1.187764	0.000053
0.099734	1.188446	0.000057
0.099762	1.189209	0.000059
0.099790	1.189563	0.000057
0.099818	1.189140	0.000053
0.099846	1.187797	0.000047
0.099874	1.185652	0.000040
0.099902	1.183069	0.000033
0.099930	1.180580	0.000027
0.099958	1.178771	0.000022
0.099986	1.178147	0.000018
0.100014	1.179017	0.000016
0.100042	1.181414	0.000014
0.100070	1.185078	0.000013
0.100098	1.189500	0.000012
0.100126	1.194022	0.000012
0.100154	1.197968	0.000011
0.100182	1.200778	0.000011
0.100210	1.202121	0.000010
0.100238	1.201959	0.000010
0.100266	1.200545	0.000010
0.100294	1.198363	0.000010
0.100322	1.196023	0.000010
0.100350	1.194122	0.000010
0.100378	1.193118	0.000009
0.100406	1.193238	0.000009
0.100434	1.194435	0.000008
0.100462	1.196403	0.000007
0.100490	1.198660	0.000007
0.100519	1.200657	0.000007
0.100547	1.201909	0.000008
0.100575	1.202105	0.000009
0.100603	1.201179	0.000010
0.100631	1.199322	0.000011
0.100659	1.196942	0.000012
0.100687	1.194567	0.000011
0.100715	1.192722	0.000010
0.100743	1.191815	0.000009
0.100771	1.192037	0.000007
0.100799	1.193323	0.000005
0.100827	1.195361	0.000004
0.100855	1.197667	0.000004
0.100883	1.199692	0.000006
0.100911	1.200946	0.000008
0.100939	1.201112	0.000010
0.100967	1.200120	0.000013
0.100995	1.198162	0.000015
0.101023	1.195651	0.000016
0.101051	1.193130	0.000015
0.101079	1.191148	0.000014
0.101107	1.190138	0.000010
0.101135	1.190312	0.000007
0.101163	1.191617	0.000004
0.101191	1.193741	0.000002
0.101219	1.196182	0.000002
0.101247	1.198360	0.000005
0.101275	1.199749	0.000008
0.101303	1.199996	0.000013
0.101331	1.199004	0.000018
0.101359	1.196954	0.000022
0.101387	1.194272	0.000023
0.101415	1.191533	0.000022
0.101443	1.189331	0.000019
0.101471	1.188144	0.000014
0.101499	1.188229	0.000009
0.101528	1.189553	0.000004
0.101556	1.191804	0.000001
0.101584	1.194452	0.000001
0.101612	1.196870	0.000004
0.101640	1.198474	0.000010
0.101668	1.198853	0.000018
0.101696	1.197872	0.000026
0.101724	1.195700	0.000032
0.101752	1.192781	0.000035
0.101780	1.189736	0.000034
0.101808	1.187224	0.000029
0.101836	1.185797	0.000022
0.101864	1.185765	0.000013
0.101892	1.187130	0.000005
0.101920	1.189573	0.000001
0.101948	1.192524	0.000001
0.101976	1.195288	0.000005
0.102004	1.197195	0.000014
0.102032	1.197759	0.000026
0.102060	1.196789	0.000038
0.102088	1.194440	0.000048
0.102116	1.191184	0.000053
0.102144	1.187710	0.000053
0.102172	1.184771	0.000046
0.102200	1.183015	0.000035
0.102228	1.182836	0.000022
0.102256	1.184275	0.000010
0.102284	1.187007	0.000002
0.102312	1.190401	0.000001
0.102340	1.193661	0.000008
0.102368	1.196000	0.000022
0.102396	1.196822	0.000040
0.102424	1.195861	0.000060
0.102452	1.193250	0.000076
0.102480	1.189505	0.000086
0.102509	1.185412	0.000086
0.102537	1.181862	0.000077
0.102565	1.179644	0.000060
0.102593	1.179267	0.000039
0.102621	1.180833	0.000019
0.102649	1.184001	0.000006
0.102677	1.188056	0.000003
0.102705	1.192052	0.000013
0.102733	1.195029	0.000035
0.102761	1.196228	0.000065
0.102789	1.195270	0.000098
0.102817	1.192260	0.000127
0.102845	1.187774	0.000146
0.102873	1.182748	0.000149
0.102901	1.178276	0.000136
0.102929	1.175364	0.000109
0.102957	1.174696	0.000074
0.102985	1.176470	0.000040
0.103013	1.180327	0.000016
0.103041	1.185417	0.000010
0.103069	1.190568	0.000025
0.103097	1.194548	0.000063
0.103125	1.196338	0.000117
0.103153	1.195380	0.000178
0.103181	1.191721	0.000234
0.103209	1.186032	0.000273
0.103237	1.179483	0.000285
0.103265	1.173496	0.000267
0.103293	1.169435	0.000222
0.103321	1.168284	0.000159
0.103349	1.170408	0.000094
0.103377	1.175433	0.000045
0.103405	1.182293	0.000029
0.103433	1.189440	0.000057
0.103461	1.195168	0.000131
0.103489	1.197999	0.000243
0.103518	1.197033	0.000377
0.103546	1.192192	0.000507
0.103574	1.184288	0.000606
0.103602	1.174893	0.000652
0.103630	1.166029	0.000631
0.103658	1.159734	0.000545
0.103686	1.157594	0.000411
0.103714	1.160344	0.000263
0.103742	1.167639	0.000144
0.103770	1.178045	0.000099
0.103798	1.189280	0.000165
0.103826	1.198667	0.000361
0.103854	1.203711	0.000680
0.103882	1.202685	0.001088
0.103910	1.195095	0.001523
0.103938	1.181912	0.001907
0.103966	1.165501	0.002159
0.103994	1.149225	0.002214
0.104022	1.136794	0.002043
0.104050	1.131459	0.001673
0.104078	1.135217	0.001193
0.104106	1.148186	0.000763
0.104134	1.168294	0.000599
0.104162	1.191386	0.000959
0.104190	1.211748	0.002106
0.104218	1.223010	0.004279
0.104246	1.219257	0.007646
0.104274	1.196184	0.012276
0.104302	1.152065	0.018107
0.104330	1.088356	0.024940
0.104358	1.009789	0.032439
0.104386	0.923916	0.040156
0.104414	0.840150	0.047569
0.104442	0.768443	0.054137
0.104470	0.717814	0.059348
0.104498	0.694974	0.062785
0.104527	0.703273	0.064166
0.104555	0.742160	0.063377
0.104583	0.807248	0.060490
0.104611	0.890977	0.055749
0.104639	0.983758	0.049548
0.104667	1.075417	0.042382
0.104695	1.156673	0.034793
0.104723	1.220439	0.027317
0.104751	1.262698	0.020422
0.104779	1.282853	0.014472
0.104807	1.283499	0.009695
0.104835	1.269695	0.006176
0.104863	1.247882	0.003865
0.104891	1.224657	0.002600
0.104919	1.205630	0.002145
0.104947	1.194558	0.002227
0.104975	1.192898	0.002579
0.105003	1.199820	0.002972
0.105031	1.212652	0.003239
0.105059	1.227637	0.003283
0.105087	1.240831	0.003079
0.105115	1.248959	0.002664
0.105143	1.250059	0.002110
0.105171	1.243814	0.001513
0.105199	1.231505	0.000962
0.105227	1.215638	0.000528
0.105255	1.199337	0.000251
0.105283	1.185644	0.000137
0.105311	1.176868	0.000162
0.105339	1.174139	0.000281
0.105367	1.177226	0.000440
0.105395	1.184659	0.000587
0.105423	1.194109	0.000681
0.105451	1.202937	0.000701
0.105479	1.208777	0.000645
0.105508	1.210039	0.000528
0.105536	1.206222	0.000379
0.105564	1.197978	0.000228
0.105592	1.186917	0.000104
0.105620	1.175225	0.000025
0.105648	1.165154	0.000001
0.105676	1.158531	0.000025
0.105704	1.156373	0.000082
0.105732	1.158686	0.000152
0.105760	1.164506	0.000215
0.105788	1.172135	0.000254
0.105816	1.179549	0.000259
0.105844	1.184845	0.000232
0.105872	1.186667	0.000179
0.105900	1.184485	0.000116
0.105928	1.178688	0.000057
0.105956	1.170475	0.000016
0.105984	1.161564	0.000001
0.106012	1.153796	0.000014
0.106040	1.148721	0.000050
0.106068	1.147261	0.000099
0.106096	1.149513	0.000147
0.106124	1.154752	0.000183
0.106152	1.161605	0.000199
0.106180	1.168373	0.000189
0.106208	1.173417	0.000158
0.106236	1.175521	0.000113
0.106264	1.174158	0.000064
0.106292	1.169594	0.000025
0.106320	1.162813	0.000003
0.106348	1.155286	0.000003
0.106376	1.148630	0.000026
0.106404	1.144244	0.000066
0.106432	1.142999	0.000113
0.106460	1.145050	0.000155
0.106488	1.149808	0.000184
0.106517	1.156088	0.000193
0.106545	1.162380	0.000179
0.106573	1.167193	0.000146
0.106601	1.169392	0.000102
0.106629	1.168446	0.000057
0.106657	1.164543	0.000021
0.106685	1.158539	0.000003
0.106713	1.151755	0.000007
0.106741	1.145680	0.000031
0.106769	1.141627	0.000071
0.106797	1.140443	0.000117
0.106825	1.142321	0.000160
0.106853	1.146759	0.000188
0.106881	1.152685	0.000196
0.106909	1.158699	0.000183
0.106937	1.163393	0.000151
0.106965	1.165669	0.000107
0.106993	1.164986	0.000062
0.107021	1.161475	0.000025
0.107049	1.155912	0.000006
0.107077	1.149530	0.000008
0.107105	1.143743	0.000030
0.107133	1.139825	0.000069
0.107161	1.138618	0.000115
0.107189	1.140349	0.000158
0.107217	1.144577	0.000189
0.107245	1.150295	0.000200
0.107273	1.156166	0.000189
0.107301	1.160820	0.000158
0.107329	1.163169	0.000115
0.107357	1.162653	0.000069
0.107385	1.159361	0.000031
0.107413	1.154015	0.000008
0.107441	1.147802	0.000007
0.107469	1.142102	0.000027
0.107497	1.138179	0.000064
0.107526	1.136891	0.000109
0.107554	1.138496	0.000154
0.107582	1.142593	0.000187
0.107610	1.148218	0.000201
0.107638	1.154056	0.000194
0.107666	1.158746	0.000166
0.107694	1.161186	0.000124
0.107722	1.160787	0.000077
0.107750	1.157604	0.000036
0.107778	1.152327	0.000010
0.107806	1.146123	0.000005
0.107834	1.140370	0.000022
0.107862	1.136349	0.000057
0.107890	1.134945	0.000103
0.107918	1.136452	0.000149
0.107946	1.140499	0.000185
0.107974	1.146137	0.000203
0.108002	1.152051	0.000199
0.108030	1.156858	0.000174
0.108058	1.159425	0.000133
0.108086	1.159124	0.000086
0.108114	1.155979	0.000042
0.108142	1.150663	0.000013
0.108170	1.144346	0.000003
0.108198	1.138433	0.000017
0.108226	1.134240	0.000051
0.108254	1.132698	0.000097
0.108282	1.134137	0.000145
0.108310	1.138210	0.000185
0.108338	1.143963	0.000207
0.108366	1.150057	0.000207
0.108394	1.155065	0.000185
0.108422	1.157802	0.000144
0.108450	1.157592	0.000095
0.108478	1.154430	0.000049
0.108507	1.148984	0.000015
0.108535	1.142449	0.000002
0.108563	1.136276	0.000013
0.108591	1.131843	0.000045
0.108619	1.130139	0.000092
0.108647	1.131538	0.000143
0.108675	1.135706	0.000187
0.108703	1.141673	0.000214
0.108731	1.148050	0.000218
0.108759	1.153345	0.000198
0.108787	1.156300	0.000158
0.108815	1.156181	0.000107
0.108843	1.152953	0.000057
0.108871	1.147292	0.000019
0.108899	1.140434	0.000001
0.108927	1.133902	0.000009
0.108955	1.129158	0.000040
0.108983	1.127265	0.000088
0.109011	1.128647	0.000143
0.109039	1.132980	0.000192
0.109067	1.139259	0.000225
0.109095	1.146028	0.000233
0.109123	1.151701	0.000215
0.109151	1.154927	0.000176
0.109179	1.154904	0.000122
0.109207	1.151565	0.000068
0.109235	1.145600	0.000024
0.109263	1.138311	0.000002
0.109291	1.131315	0.000006
0.109319	1.126182	0.000037
0.109347	1.124069	0.000087
0.109375	1.125456	0.000147
0.109403	1.130024	0.000202
0.109431	1.136723	0.000241
0.109459	1.144001	0.000254
0.109487	1.150153	0.000239
0.109516	1.153715	0.000198
0.109544	1.153797	0.000142
0.109572	1.150298	0.000082
0.109600	1.143938	0.000032
0.109628	1.136099	0.000004
0.109656	1.128523	0.000005
0.109684	1.122912	0.000035
0.109712	1.120541	0.000089
0.109740	1.121955	0.000154
0.109768	1.126838	0.000217
0.109796	1.134075	0.000263
0.109824	1.141992	0.000282
0.109852	1.148740	0.000270
0.109880	1.152711	0.000229
0.109908	1.152913	0.000168
0.109936	1.149205	0.000101
0.109964	1.142345	0.000044
0.109992	1.133822	0.000009
0.110020	1.125531	0.000007
0.110048	1.119342	0.000037
0.110076	1.116665	0.000094
0.110104	1.118128	0.000167
0.110132	1.123413	0.000239
0.110160	1.131322	0.000294
0.110188	1.140032	0.000320
0.110216	1.147511	0.000311
0.110244	1.151978	0.000269
0.110272	1.152316	0.000203
0.110300	1.148343	0.000128
0.110328	1.140863	0.000062
0.110356	1.131500	0.000020
0.110384	1.122338	0.000012
0.110412	1.115446	0.000043
0.110440	1.112407	0.000105
0.110468	1.113942	0.000187
0.110496	1.119729	0.000271
0.110525	1.128465	0.000337
0.110553	1.138145	0.000372
0.110581	1.146515	0.000368
0.110609	1.151581	0.000324
0.110637	1.152080	0.000252
0.110665	1.147775	0.000167
0.110693	1.139535	0.000089
0.110721	1.129146	0.000037
0.110749	1.118924	0.000024
0.110777	1.111185	0.000055
0.110805	1.107713	0.000125
0.110833	1.109344	0.000218
0.110861	1.115750	0.000316
0.110889	1.125499	0.000397
0.110917	1.136362	0.000443
0.110945	1.145812	0.000444
0.110973	1.151604	0.000399
0.111001	1.152291	0.000319
0.111029	1.147579	0.000221
0.111057	1.138411	0.000130
0.111085	1.126776	0.000066
0.111113	1.115268	0.000047
0.111141	1.106504	0.000079
0.111169	1.102515	0.000156
0.111197	1.104271	0.000265
0.111225	1.111437	0.000382
0.111253	1.122421	0.000481
0.111281	1.134723	0.000542
0.111309	1.145487	0.000550
0.111337	1.152157	0.000504
0.111365	1.153070	0.000414
0.111393	1.147858	0.000301
0.111421	1.137560	0.000192
0.111449	1.124410	0.000114
0.111477	1.111345	0.000086
0.111506	1.101340	0.000119
0.111534	1.096729	0.000208
0.111562	1.098645	0.000336
0.111590	1.106740	0.000477
0.111618	1.119231	0.000600
0.111646	1.133284	0.000680
0.111674	1.145644	0.000698
0.111702	1.153378	0.000651
0.111730	1.154561	0.000550
0.111758	1.148738	0.000418
0.111786	1.137065	0.000287
0.111814	1.122072	0.000190
0.111842	1.107111	0.000153
0.111870	1.095602	0.000187
0.111898	1.090239	0.000290
0.111926	1.092355	0.000443
0.111954	1.101586	0.000616
0.111982	1.115914	0.000771
0.112010	1.132100	0.000876
0.112038	1.146401	0.000909
0.112066	1.155428	0.000862
0.112094	1.156935	0.000747
0.112122	1.150364	0.000592
0.112150	1.137010	0.000435
0.112178	1.119769	0.000315
0.112206	1.102500	0.000264
0.112234	1.089159	0.000300
0.112262	1.082883	0.000422
0.112290	1.085248	0.000608
0.112318	1.095869	0.000822
0.112346	1.112441	0.001020
0.112374	1.131229	0.001160
0.112402	1.147899	0.001213
0.112430	1.158501	0.001169
0.112458	1.160399	0.001039
0.112486	1.152908	0.000856
0.112515	1.137498	0.000665
0.112543	1.117509	0.000515
0.112571	1.097421	0.000449
0.112599	1.081845	0.000488
0.112627	1.074460	0.000635
0.112655	1.077138	0.000866
0.112683	1.089467	0.001136
0.112711	1.108790	0.001391
0.112739	1.130768	0.001579
0.112767	1.150336	0.001662
0.112795	1.162864	0.001624
0.112823	1.165236	0.001478
0.112851	1.156613	0.001260
0.112879	1.138680	0.001027
0.112907	1.115323	0.000841
0.112935	1.091780	0.000755
0.112963	1.073469	0.000800
0.112991	1.064732	0.000982
0.113019	1.067803	0.001272
0.113047	1.082238	0.001618
0.113075	1.104947	0.001953
0.113103	1.130844	0.002209
0.113131	1.153971	0.002336
0.113159	1.168859	0.002312
0.113187	1.171805	0.002148
0.113215	1.161781	0.001889
0.113243	1.140736	0.001605
0.113271	1.113229	0.001373
0.113299	1.085437	0.001263
0.113327	1.063766	0.001319
0.113355	1.053374	0.001549
0.113383	1.056941	0.001923
0.113411	1.073979	0.002375
0.113439	1.100865	0.002821
0.113467	1.131590	0.003175
0.113495	1.159097	0.003369
0.113524	1.176881	0.003370
0.113552	1.180518	0.003191
0.113580	1.168746	0.002884
0.113608	1.143846	0.002537
0.113636	1.111208	0.002250
0.113664	1.078165	0.002112
0.113692	1.052349	0.002186
0.113720	1.039924	0.002487
0.113748	1.044118	0.002979
0.113776	1.064389	0.003582
0.113804	1.096447	0.004187
0.113832	1.133147	0.004684
0.113860	1.166064	0.004980
0.113888	1.187415	0.005030
0.113916	1.191884	0.004843
0.113944	1.177926	0.004483
0.113972	1.148234	0.004061
0.114000	1.109232	0.003707
