# Freq_range	Reflection	Transmission
0.060000	0.252021	1.107725
0.060080	0.162288	0.943531
0.060160	0.113039	0.881898
0.060240	0.217074	0.981454
0.060320	0.332743	1.036793
0.060400	0.293160	0.924616
0.060480	0.188378	0.797565
0.060561	0.221832	0.822244
0.060641	0.369589	0.910394
0.060721	0.414491	0.876726
0.060801	0.307781	0.743322
0.060881	0.254292	0.691201
0.060961	0.371697	0.758971
0.061041	0.491629	0.789979
0.061121	0.439666	0.697412
0.061201	0.327716	0.599683
0.061281	0.367225	0.616167
0.061361	0.515036	0.674813
0.061441	0.546180	0.641264
0.061522	0.431015	0.539921
0.061602	0.383362	0.503872
0.061682	0.500861	0.552595
0.061762	0.603134	0.568263
0.061842	0.536750	0.495715
0.061922	0.431067	0.427471
0.062002	0.477536	0.443818
0.062082	0.608932	0.483534
0.062162	0.616702	0.452840
0.062242	0.502162	0.379836
0.062322	0.469648	0.360578
0.062402	0.580603	0.398293
0.062482	0.654543	0.404349
0.062563	0.576709	0.348732
0.062643	0.488033	0.305053
0.062723	0.542719	0.323579
0.062803	0.650278	0.350642
0.062883	0.633914	0.323083
0.062963	0.528625	0.272157
0.063043	0.516280	0.266308
0.063123	0.616990	0.296607
0.063203	0.660648	0.296194
0.063283	0.577639	0.253601
0.063363	0.512068	0.228197
0.063443	0.573546	0.248242
0.063524	0.654909	0.266166
0.063604	0.619018	0.241362
0.063684	0.529473	0.206737
0.063764	0.537171	0.210201
0.063844	0.624486	0.234638
0.063924	0.640741	0.229742
0.064004	0.559477	0.197047
0.064084	0.518408	0.184632
0.064164	0.582670	0.204978
0.064244	0.638216	0.216035
0.064324	0.589582	0.193746
0.064404	0.519368	0.171143
0.064484	0.543195	0.180678
0.064565	0.614503	0.200209
0.064645	0.608630	0.192340
0.064725	0.534916	0.167434
0.064805	0.516101	0.164262
0.064885	0.578115	0.184069
0.064965	0.610131	0.190006
0.065045	0.555692	0.170239
0.065125	0.505484	0.156788
0.065205	0.539609	0.170287
0.065285	0.593503	0.185816
0.065365	0.571728	0.176250
0.065445	0.509344	0.157836
0.065526	0.508164	0.161528
0.065606	0.563345	0.180545
0.065686	0.575531	0.182887
0.065766	0.521147	0.165857
0.065846	0.489083	0.159810
0.065926	0.527295	0.176210
0.066006	0.563930	0.188801
0.066086	0.532376	0.178726
0.066166	0.482724	0.166160
0.066246	0.493308	0.175492
0.066326	0.538370	0.194115
0.066406	0.535234	0.194389
0.066486	0.484925	0.180571
0.066567	0.467141	0.181153
0.066647	0.503820	0.200401
0.066727	0.524762	0.211490
0.066807	0.488603	0.202227
0.066887	0.450686	0.195546
0.066967	0.466725	0.210440
0.067047	0.499877	0.229902
0.067127	0.485988	0.229962
0.067207	0.441512	0.220312
0.067287	0.432645	0.227822
0.067367	0.463140	0.251086
0.067447	0.470828	0.262882
0.067528	0.433630	0.256280
0.067608	0.404224	0.256449
0.067688	0.419387	0.278225
0.067768	0.440012	0.301051
0.067848	0.419277	0.303620
0.067928	0.380049	0.299953
0.068008	0.373658	0.316038
0.068088	0.394188	0.346117
0.068168	0.391276	0.362180
0.068248	0.354825	0.361059
0.068328	0.329031	0.370119
0.068408	0.337256	0.401602
0.068488	0.345507	0.431891
0.068569	0.321111	0.440783
0.068649	0.285194	0.445515
0.068729	0.274913	0.472420
0.068809	0.282922	0.512941
0.068889	0.272652	0.537395
0.068969	0.238734	0.544202
0.069049	0.212767	0.562872
0.069129	0.210434	0.605200
0.069209	0.208776	0.645219
0.069289	0.185972	0.661546
0.069369	0.154947	0.672613
0.069449	0.139714	0.706389
0.069530	0.137828	0.753985
0.069610	0.127858	0.783499
0.069690	0.104189	0.791796
0.069770	0.083083	0.809414
0.069850	0.075733	0.850329
0.069930	0.073324	0.888611
0.070010	0.063304	0.900155
0.070090	0.047604	0.901487
0.070170	0.037139	0.922533
0.070250	0.035471	0.957819
0.070330	0.035772	0.975371
0.070410	0.031565	0.968485
0.070490	0.024527	0.966294
0.070571	0.020904	0.986515
0.070651	0.023140	1.007305
0.070731	0.026916	1.003265
0.070811	0.026657	0.986631
0.070891	0.022848	0.987319
0.070971	0.021378	1.005020
0.071051	0.024903	1.010773
0.071131	0.028392	0.994459
0.071211	0.026369	0.981033
0.071291	0.021299	0.990174
0.071371	0.019609	1.005287
0.071451	0.021343	1.001262
0.071532	0.020359	0.985148
0.071612	0.014688	0.984355
0.071692	0.009532	1.002515
0.071772	0.008222	1.014265
0.071852	0.007312	1.006328
0.071932	0.004060	0.998208
0.072012	0.002095	1.010061
0.072092	0.004812	1.030141
0.072172	0.009450	1.033460
0.072252	0.013968	1.020718
0.072332	0.023872	1.015418
0.072412	0.044185	1.025009
0.072492	0.069859	1.028286
0.072573	0.094384	1.007935
0.072653	0.123949	0.975863
0.072733	0.169968	0.952369
0.072813	0.228699	0.933670
0.072893	0.283716	0.898569
0.072973	0.331686	0.841995
0.073053	0.388795	0.782472
0.073133	0.462827	0.733808
0.073213	0.535341	0.686460
0.073293	0.586994	0.625930
0.073373	0.627607	0.557102
0.073453	0.679869	0.497113
0.073534	0.740360	0.450309
0.073614	0.782325	0.404656
0.073694	0.798306	0.352698
0.073774	0.813130	0.302886
0.073854	0.844081	0.265386
0.073934	0.872771	0.236783
0.074014	0.875797	0.206883
0.074094	0.864259	0.174659
0.074174	0.866477	0.148169
0.074254	0.882157	0.130704
0.074334	0.884048	0.116019
0.074414	0.864216	0.098679
0.074494	0.847698	0.081736
0.074575	0.851117	0.070422
0.074655	0.855841	0.063434
0.074735	0.840260	0.055512
0.074815	0.816318	0.045770
0.074895	0.809159	0.038134
0.074975	0.815072	0.034314
0.075055	0.808671	0.031245
0.075135	0.786230	0.026341
0.075215	0.771547	0.021293
0.075295	0.775314	0.018666
0.075375	0.777519	0.017618
0.075455	0.762059	0.015593
0.075536	0.743895	0.012498
0.075616	0.742992	0.010435
0.075696	0.750377	0.009992
0.075776	0.744054	0.009446
0.075856	0.726652	0.007774
0.075936	0.720370	0.006155
0.076016	0.728734	0.005759
0.076096	0.730980	0.005825
0.076176	0.717945	0.005105
0.076256	0.707426	0.003921
0.076336	0.713199	0.003438
0.076416	0.721528	0.003645
0.076496	0.715162	0.003496
0.076577	0.702887	0.002723
0.076657	0.703961	0.002184
0.076737	0.714901	0.002319
0.076817	0.715831	0.002459
0.076897	0.704824	0.002039
0.076977	0.700873	0.001517
0.077057	0.710914	0.001511
0.077137	0.718089	0.001752
0.077217	0.711064	0.001608
0.077297	0.703395	0.001167
0.077377	0.709820	0.001028
0.077457	0.720881	0.001250
0.077538	0.719531	0.001298
0.077618	0.710559	0.000982
0.077698	0.712018	0.000751
0.077778	0.723946	0.000888
0.077858	0.728536	0.001045
0.077938	0.721034	0.000872
0.078018	0.717740	0.000607
0.078098	0.727637	0.000634
0.078178	0.736992	0.000825
0.078258	0.733308	0.000787
0.078338	0.726844	0.000543
0.078418	0.732634	0.000467
0.078498	0.744495	0.000631
0.078579	0.745938	0.000699
0.078659	0.738729	0.000520
0.078739	0.739625	0.000372
0.078819	0.751273	0.000468
0.078899	0.757802	0.000598
0.078979	0.752417	0.000509
0.079059	0.749028	0.000332
0.079139	0.757999	0.000343
0.079219	0.768287	0.000488
0.079299	0.766737	0.000488
0.079379	0.760825	0.000326
0.079459	0.765523	0.000261
0.079540	0.777354	0.000378
0.079620	0.780583	0.000449
0.079700	0.774529	0.000336
0.079780	0.774591	0.000220
0.079860	0.785470	0.000280
0.079940	0.793145	0.000389
0.080020	0.789291	0.000344
0.080100	0.785614	0.000211
0.080180	0.793425	0.000205
0.080260	0.804077	0.000316
0.080340	0.804104	0.000337
0.080420	0.798553	0.000223
0.080501	0.802088	0.000160
0.080581	0.813535	0.000241
0.080661	0.818050	0.000311
0.080741	0.812919	0.000240
0.080821	0.812153	0.000143
0.080901	0.822098	0.000176
0.080981	0.830512	0.000267
0.081061	0.827909	0.000251
0.081141	0.823955	0.000148
0.081221	0.830582	0.000128
0.081301	0.841310	0.000213
0.081381	0.842609	0.000247
0.081461	0.837381	0.000165
0.081542	0.839814	0.000104
0.081622	0.850719	0.000159
0.081702	0.856225	0.000225
0.081782	0.851913	0.000183
0.081862	0.850404	0.000101
0.081942	0.859372	0.000113
0.082022	0.868280	0.000190
0.082102	0.866762	0.000192
0.082182	0.862588	0.000112
0.082262	0.868076	0.000084
0.082342	0.878713	0.000148
0.082422	0.881081	0.000188
0.082503	0.876177	0.000131
0.082583	0.877596	0.000072
0.082663	0.887881	0.000107
0.082743	0.894177	0.000169
0.082823	0.890615	0.000146
0.082903	0.888450	0.000076
0.082983	0.896444	0.000075
0.083063	0.905680	0.000139
0.083143	0.905124	0.000153
0.083223	0.900782	0.000091
0.083303	0.905189	0.000057
0.083383	0.915626	0.000105
0.083463	0.918912	0.000147
0.083544	0.914329	0.000109
0.083624	0.914812	0.000054
0.083704	0.924432	0.000073
0.083784	0.931368	0.000130
0.083864	0.928499	0.000122
0.083944	0.925746	0.000062
0.084024	0.932778	0.000051
0.084104	0.942219	0.000104
0.084184	0.942524	0.000126
0.084264	0.938046	0.000078
0.084344	0.941419	0.000041
0.084424	0.951579	0.000076
0.084505	0.955661	0.000119
0.084585	0.951387	0.000095
0.084665	0.950991	0.000043
0.084745	0.959918	0.000052
0.084825	0.967377	0.000102
0.084905	0.965143	0.000106
0.084985	0.961844	0.000055
0.085065	0.967924	0.000036
0.085145	0.977479	0.000079
0.085225	0.978559	0.000108
0.085305	0.973957	0.000071
0.085385	0.976326	0.000032
0.085465	0.986154	0.000056
0.085546	0.990936	0.000100
0.085626	0.986945	0.000086
0.085706	0.985702	0.000038
0.085786	0.993915	0.000037
0.085866	1.001810	0.000083
0.085946	1.000157	0.000095
0.086026	0.996328	0.000051
0.086106	1.001460	0.000027
0.086186	1.011063	0.000062
0.086266	1.012846	0.000095
0.086346	1.008113	0.000068
0.086426	1.009492	0.000027
0.086507	1.018948	0.000042
0.086587	1.024357	0.000085
0.086667	1.020617	0.000081
0.086747	1.018535	0.000036
0.086827	1.026017	0.000028
0.086907	1.034288	0.000069
0.086987	1.033166	0.000088
0.087067	1.028801	0.000051
0.087147	1.032979	0.000022
0.087227	1.042590	0.000050
0.087307	1.045024	0.000086
0.087387	1.040133	0.000067
0.087467	1.040515	0.000025
0.087548	1.049576	0.000033
0.087628	1.055569	0.000076
0.087708	1.052042	0.000079
0.087788	1.049103	0.000037
0.087868	1.055840	0.000022
0.087948	1.064459	0.000059
0.088028	1.063830	0.000084
0.088108	1.058895	0.000053
0.088188	1.062102	0.000019
0.088268	1.071709	0.000041
0.088348	1.074765	0.000081
0.088428	1.069672	0.000069
0.088509	1.069027	0.000026
0.088589	1.077690	0.000026
0.088669	1.084258	0.000069
0.088749	1.080900	0.000080
0.088829	1.077055	0.000040
0.088909	1.083037	0.000018
0.088989	1.092017	0.000052
0.089069	1.091854	0.000084
0.089149	1.086283	0.000058
0.089229	1.088488	0.000019
0.089309	1.098117	0.000035
0.089389	1.101799	0.000078
0.089469	1.096438	0.000074
0.089550	1.094702	0.000029
0.089630	1.102986	0.000022
0.089710	1.110170	0.000065
0.089790	1.106934	0.000085
0.089870	1.102087	0.000047
0.089950	1.107306	0.000017
0.090030	1.116717	0.000048
0.090110	1.117015	0.000087
0.090190	1.110696	0.000066
0.090270	1.111843	0.000021
0.090350	1.121571	0.000031
0.090430	1.125933	0.000080
0.090511	1.120200	0.000084
0.090591	1.117258	0.000036
0.090671	1.125219	0.000019
0.090751	1.133134	0.000065
0.090831	1.129962	0.000095
0.090911	1.123945	0.000057
0.090991	1.128396	0.000017
0.091071	1.138398	0.000046
0.091151	1.139180	0.000096
0.091231	1.131920	0.000081
0.091311	1.131910	0.000027
0.091391	1.141904	0.000029
0.091471	1.147076	0.000086
0.091552	1.140803	0.000101
0.091632	1.136449	0.000047
0.091712	1.144200	0.000019
0.091792	1.153085	0.000069
0.091872	1.149897	0.000113
0.091952	1.142408	0.000076
0.092032	1.146086	0.000021
0.092112	1.156997	0.000048
0.092192	1.158336	0.000114
0.092272	1.149786	0.000106
0.092352	1.148437	0.000038
0.092432	1.159023	0.000030
0.092513	1.165281	0.000102
0.092593	1.158162	0.000133
0.092673	1.151999	0.000069
0.092753	1.159768	0.000022
0.092833	1.170113	0.000080
0.092913	1.166770	0.000149
0.092993	1.157215	0.000111
0.093073	1.160112	0.000031
0.093153	1.172587	0.000055
0.093233	1.174651	0.000150
0.093313	1.164105	0.000157
0.093393	1.161034	0.000062
0.093473	1.172903	0.000035
0.093554	1.180845	0.000136
0.093634	1.172239	0.000200
0.093714	1.163405	0.000116
0.093794	1.171689	0.000031
0.093874	1.184594	0.000108
0.093954	1.180792	0.000231
0.094034	1.167806	0.000191
0.094114	1.169899	0.000057
0.094194	1.185488	0.000076
0.094274	1.188679	0.000243
0.094354	1.174402	0.000284
0.094434	1.168647	0.000126
0.094515	1.183549	0.000054
0.094595	1.194726	0.000233
0.094675	1.182902	0.000389
0.094755	1.169023	0.000254
0.094835	1.179196	0.000066
0.094915	1.197808	0.000202
0.094995	1.192605	0.000500
0.095075	1.171950	0.000470
0.095155	1.173115	0.000158
0.095235	1.196888	0.000163
0.095315	1.202519	0.000618
0.095395	1.178154	0.000833
0.095475	1.165952	0.000430
0.095556	1.190717	0.000158
0.095636	1.211491	0.000765
0.095716	1.188398	0.001528
0.095796	1.157593	0.001203
0.095876	1.176343	0.000358
0.095956	1.218114	0.001055
0.096036	1.204493	0.003376
0.096116	1.143532	0.004197
0.096196	1.139236	0.002017
0.096276	1.216685	0.002517
0.096356	1.228322	0.015557
0.096436	1.035922	0.043732
0.096517	0.745025	0.074991
0.096597	0.634610	0.090048
0.096677	0.830622	0.078993
0.096757	1.149946	0.050044
0.096837	1.324110	0.021433
0.096917	1.298928	0.005671
0.096997	1.230098	0.002169
0.097077	1.236619	0.003028
0.097157	1.275076	0.002671
0.097237	1.262762	0.001045
0.097317	1.214869	0.000098
0.097397	1.199217	0.000214
0.097477	1.220639	0.000416
0.097558	1.226404	0.000221
0.097638	1.200634	0.000010
0.097718	1.183338	0.000065
0.097798	1.196514	0.000164
0.097878	1.210585	0.000096
0.097958	1.199739	0.000003
0.098038	1.183747	0.000046
0.098118	1.189339	0.000127
0.098198	1.204666	0.000098
0.098278	1.203233	0.000017
0.098358	1.189799	0.000019
0.098438	1.189119	0.000084
0.098519	1.202070	0.000091
0.098599	1.206244	0.000032
0.098679	1.196065	0.000006
0.098759	1.190914	0.000042
0.098839	1.199980	0.000066
0.098919	1.207194	0.000036
0.098999	1.200644	0.000004
0.099079	1.192888	0.000016
0.099159	1.197736	0.000039
0.099239	1.206208	0.000031
0.099319	1.203322	0.000007
0.099399	1.194500	0.000005
0.099479	1.195290	0.000020
0.099560	1.203849	0.000024
0.099640	1.204380	0.000012
0.099720	1.194016	0.000007
0.099800	1.186156	0.000013
0.099880	1.187054	0.000017
0.099960	1.188303	0.000013
0.100040	1.185925	0.000008
0.100120	1.188398	0.000006
0.100200	1.198547	0.000005
0.100280	1.204340	0.000005
0.100360	1.198278	0.000006
0.100440	1.191508	0.000006
0.100521	1.195646	0.000002
0.100601	1.202864	0.000003
0.100681	1.199774	0.000009
0.100761	1.191317	0.000010
0.100841	1.192203	0.000003
0.100921	1.200543	0.000002
0.101001	1.200788	0.000014
0.101081	1.191564	0.000020
0.101161	1.188750	0.000007
0.101241	1.197203	0.000001
0.101321	1.201311	0.000020
0.101401	1.192552	0.000037
0.101481	1.185576	0.000021
0.101562	1.192690	0.000001
0.101642	1.200998	0.000025
0.101722	1.194398	0.000065
0.101802	1.183118	0.000053
0.101882	1.186929	0.000009
0.101962	1.199288	0.000027
0.102042	1.197063	0.000107
0.102122	1.181964	0.000122
0.102202	1.179948	0.000041
0.102282	1.195384	0.000027
0.102362	1.200307	0.000168
0.102442	1.182866	0.000268
0.102523	1.171816	0.000150
0.102603	1.188035	0.000038
0.102683	1.203667	0.000263
0.102763	1.186929	0.000611
0.102843	1.162217	0.000520
0.102923	1.174427	0.000141
0.103003	1.206349	0.000460
0.103083	1.196521	0.001682
0.103163	1.147735	0.002241
0.103243	1.142259	0.001104
0.103323	1.204379	0.001407
0.103403	1.215721	0.009685
0.103483	1.055946	0.028910
0.103564	0.803426	0.052184
0.103644	0.692770	0.065741
0.103724	0.843985	0.060383
0.103804	1.114216	0.040017
0.103884	1.272471	0.018021
0.103964	1.260823	0.005311
0.104044	1.207023	0.002614
0.104124	1.216536	0.003604
0.104204	1.254150	0.003192
0.104284	1.245361	0.001343
0.104364	1.202089	0.000244
0.104444	1.187637	0.000460
0.104525	1.209101	0.000800
0.104605	1.216271	0.000510
0.104685	1.190552	0.000075
0.104765	1.169889	0.000054
0.104845	1.179669	0.000239
0.104925	1.193240	0.000210
0.105005	1.181863	0.000037
0.105085	1.162077	0.000021
0.105165	1.163412	0.000139
0.105245	1.178035	0.000146
0.105325	1.177214	0.000035
0.105405	1.160985	0.000011
0.105485	1.155532	0.000107
0.105566	1.167129	0.000143
0.105646	1.173118	0.000057
0.105726	1.162124	0.000005
0.105806	1.152390	0.000077
0.105886	1.158958	0.000143
0.105966	1.168443	0.000089
0.106046	1.163448	0.000012
0.106126	1.152257	0.000047
0.106206	1.153284	0.000130
0.106286	1.163229	0.000118
0.106366	1.163847	0.000034
0.106446	1.153746	0.000024
0.106527	1.149900	0.000102
0.106607	1.157827	0.000132
0.106687	1.162714	0.000064
0.106767	1.155613	0.000017
0.106847	1.148455	0.000068
0.106927	1.152765	0.000127
0.107007	1.159978	0.000093
0.107087	1.156899	0.000025
0.107167	1.148461	0.000040
0.107247	1.148587	0.000108
0.107327	1.156006	0.000111
0.107407	1.156981	0.000045
0.107487	1.149298	0.000023
0.107568	1.145669	0.000080
0.107648	1.151419	0.000116
0.107728	1.155589	0.000070
0.107808	1.150270	0.000021
0.107888	1.144093	0.000052
0.107968	1.146899	0.000106
0.108048	1.152790	0.000090
0.108128	1.150722	0.000032
0.108208	1.143643	0.000031
0.108288	1.143037	0.000087
0.108368	1.148936	0.000102
0.108448	1.150163	0.000051
0.108529	1.143864	0.000022
0.108609	1.140213	0.000063
0.108689	1.144571	0.000102
0.108769	1.148362	0.000072
0.108849	1.144181	0.000025
0.108929	1.138530	0.000041
0.109009	1.140298	0.000091
0.109089	1.145380	0.000088
0.109169	1.144037	0.000038
0.109249	1.137813	0.000027
0.109329	1.136641	0.000072
0.109409	1.141534	0.000095
0.109489	1.143011	0.000056
0.109570	1.137667	0.000023
0.109650	1.133938	0.000052
0.109730	1.137314	0.000093
0.109810	1.140912	0.000074
0.109890	1.137584	0.000029
0.109970	1.132269	0.000035
0.110050	1.133259	0.000081
0.110130	1.137810	0.000088
0.110210	1.137065	0.000044
0.110290	1.131461	0.000025
0.110370	1.129832	0.000064
0.110450	1.134004	0.000093
0.110531	1.135743	0.000062
0.110611	1.131142	0.000026
0.110691	1.127317	0.000046
0.110771	1.129947	0.000088
0.110851	1.133462	0.000079
0.110931	1.130837	0.000035
0.111011	1.125764	0.000032
0.111091	1.126129	0.000076
0.111171	1.130308	0.000091
0.111251	1.130093	0.000052
0.111331	1.124983	0.000027
0.111411	1.122963	0.000060
0.111491	1.126578	0.000094
0.111572	1.128587	0.000071
0.111652	1.124610	0.000031
0.111732	1.120685	0.000044
0.111812	1.122704	0.000088
0.111892	1.126200	0.000088
0.111972	1.124194	0.000044
0.112052	1.119310	0.000034
0.112132	1.119141	0.000075
0.112212	1.123041	0.000098
0.112292	1.123319	0.000064
0.112372	1.118631	0.000032
0.112452	1.116259	0.000059
0.112533	1.119414	0.000100
0.112613	1.121700	0.000084
0.112693	1.118280	0.000040
0.112773	1.114253	0.000046
0.112853	1.115740	0.000093
0.112933	1.119257	0.000101
0.113013	1.117825	0.000058
0.113093	1.113101	0.000039
0.113173	1.112450	0.000079
0.113253	1.116126	0.000111
0.113333	1.116878	0.000080
0.113413	1.112574	0.000041
0.113493	1.109874	0.000064
0.113574	1.112624	0.000111
0.113654	1.115193	0.000104
0.113734	1.112297	0.000055
0.113814	1.108169	0.000052
0.113894	1.109168	0.000103
0.113974	1.112727	0.000122
0.114054	1.111848	0.000078
0.114134	1.107275	0.000049
0.114214	1.106167	0.000088
0.114294	1.109647	0.000132
0.114374	1.110868	0.000106
0.114454	1.106935	0.000058
0.114535	1.103920	0.000074
0.114615	1.106289	0.000131
0.114695	1.109146	0.000133
0.114775	1.106766	0.000079
0.114855	1.102542	0.000065
0.114935	1.103070	0.000121
0.115015	1.106680	0.000153
0.115095	1.106354	0.000109
0.115175	1.101932	0.000068
0.115255	1.100380	0.000106
0.115335	1.103670	0.000163
0.115415	1.105364	0.000145
0.115495	1.101808	0.000086
0.115576	1.098485	0.000094
0.115656	1.100475	0.000162
0.115736	1.103624	0.000178
0.115816	1.101771	0.000117
0.115896	1.097459	0.000090
0.115976	1.097513	0.000151
0.116056	1.101173	0.000202
0.116136	1.101414	0.000160
0.116216	1.097161	0.000103
0.116296	1.095160	0.000138
0.116376	1.098251	0.000214
0.116456	1.100428	0.000207
0.116537	1.097275	0.000134
0.116617	1.093647	0.000130
0.116697	1.095240	0.000214
0.116777	1.098682	0.000250
0.116857	1.097386	0.000183
0.116937	1.093004	0.000137
0.117017	1.092564	0.000204
0.117097	1.096259	0.000282
0.117177	1.097096	0.000245
0.117257	1.093044	0.000166
0.117337	1.090581	0.000196
0.117417	1.093443	0.000299
0.117497	1.096120	0.000311
0.117578	1.093414	0.000221
0.117658	1.089486	0.000199
0.117738	1.090642	0.000303
0.117818	1.094372	0.000371
0.117898	1.093684	0.000300
0.117978	1.089258	0.000227
0.118058	1.088287	0.000301
0.118138	1.091987	0.000418
0.118218	1.093459	0.000395
0.118298	1.089660	0.000288
0.118378	1.086715	0.000306
0.118458	1.089296	0.000448
0.118539	1.092488	0.000495
0.118619	1.090299	0.000386
0.118699	1.086078	0.000336
0.118779	1.086736	0.000467
0.118859	1.090735	0.000589
0.118939	1.090723	0.000519
0.119019	1.086298	0.000407
0.119099	1.084741	0.000487
0.119179	1.088392	0.000668
0.119259	1.090548	0.000677
0.119339	1.087079	0.000534
0.119419	1.083624	0.000531
0.119499	1.085840	0.000732
0.119580	1.089558	0.000845
0.119660	1.087979	0.000720
0.119740	1.083482	0.000626
0.119820	1.083547	0.000795
0.119900	1.087773	0.001011
0.119980	1.088526	0.000964
0.120060	1.084167	0.000798
0.120140	1.081947	0.000881
0.120220	1.085451	0.001168
0.120300	1.088343	0.001253
0.120380	1.085309	0.001070
0.120460	1.081310	0.001031
0.120541	1.083025	0.001327
0.120621	1.087256	0.001573
0.120701	1.086407	0.001454
0.120781	1.081662	0.001293
0.120861	1.080989	0.001520
0.120941	1.085346	0.001914
0.121021	1.086956	0.001951
0.121101	1.082756	0.001719
0.121181	1.079754	0.001804
0.121261	1.082935	0.002287
0.121341	1.086583	0.002557
0.121421	1.084119	0.002356
0.121502	1.079518	0.002264
0.121582	1.080498	0.002733
0.121662	1.085145	0.003269
0.121742	1.085153	0.003244
0.121822	1.080182	0.003007
0.121902	1.078517	0.003345
0.121982	1.082767	0.004112
0.122062	1.085282	0.004418
0.122142	1.081328	0.004159
0.122222	1.077319	0.004276
0.122302	1.079794	0.005165
0.122382	1.084080	0.005925
0.122462	1.082279	0.005860
0.122543	1.076915	0.005752
0.122623	1.076655	0.006601
0.122703	1.081350	0.007860
0.122783	1.082204	0.008281
0.122863	1.076898	0.008090
0.122943	1.073655	0.008739
0.123023	1.077109	0.010433
0.123103	1.080244	0.011650
0.123183	1.076394	0.011715
0.123263	1.070733	0.012113
0.123343	1.071438	0.014070
0.123423	1.075586	0.016345
0.123504	1.074064	0.017223
0.123584	1.067183	0.017569
0.123664	1.064190	0.019591
0.123744	1.067395	0.023067
0.123824	1.068093	0.025509
0.123904	1.061373	0.026420
0.123984	1.054513	0.028477
0.124064	1.054521	0.033166
0.124144	1.056051	0.038048
0.124224	1.050367	0.040748
0.124304	1.040142	0.043321
0.124384	1.034831	0.049241
0.124464	1.034450	0.057490
0.124545	1.029341	0.063960
0.124625	1.016354	0.068581
0.124705	1.003972	0.076190
0.124785	0.997719	0.088781
0.124865	0.990547	0.101837
0.124945	0.974408	0.111800
0.125025	0.953394	0.122895
0.125105	0.936390	0.141106
0.125185	0.921747	0.164255
0.125265	0.899659	0.185187
0.125345	0.867998	0.204226
0.125425	0.835115	0.230226
0.125506	0.805334	0.266804
0.125586	0.771514	0.305811
0.125666	0.726634	0.340353
0.125746	0.674834	0.377298
0.125826	0.624134	0.427470
0.125906	0.573656	0.487484
0.125986	0.516238	0.543240
0.126066	0.451201	0.591706
0.126146	0.386243	0.646076
0.126226	0.326539	0.713667
0.126306	0.269388	0.780839
0.126386	0.211904	0.831019
0.126466	0.157831	0.869199
0.126547	0.112901	0.913064
0.126627	0.077640	0.962832
0.126707	0.048993	0.997936
0.126787	0.026305	1.008024
0.126867	0.011366	1.009899
0.126947	0.003979	1.021993
0.127027	0.001535	1.035572
0.127107	0.002513	1.029098
0.127187	0.006996	1.004051
0.127267	0.013829	0.984838
0.127347	0.020522	0.981694
0.127427	0.026369	0.975511
0.127508	0.032714	0.949624
0.127588	0.039443	0.918003
0.127668	0.044050	0.904034
0.127748	0.045319	0.903490
0.127828	0.045284	0.891665
0.127908	0.045837	0.863745
0.127988	0.045643	0.843100
0.128068	0.042543	0.843513
0.128148	0.037328	0.846465
0.128228	0.032653	0.830884
0.128308	0.029215	0.807387
0.128388	0.025410	0.800945
0.128468	0.020467	0.809699
0.128549	0.015754	0.807200
0.128629	0.012835	0.785037
0.128709	0.011920	0.766408
0.128789	0.012445	0.767985
0.128869	0.013995	0.772048
0.128949	0.016656	0.754785
0.129029	0.021391	0.724918
0.129109	0.029555	0.709433
0.129189	0.040903	0.709368
0.129269	0.053128	0.697948
0.129349	0.065139	0.664315
0.129429	0.079479	0.631390
0.129510	0.098645	0.618592
0.129590	0.120119	0.610456
0.129670	0.139159	0.582483
0.129750	0.156353	0.541628
0.129830	0.177194	0.515039
0.129910	0.202709	0.505879
0.129990	0.226360	0.488943
0.130070	0.243937	0.452805
0.130150	0.260865	0.418703
0.130230	0.283569	0.405410
0.130310	0.308059	0.398674
0.130390	0.325525	0.375563
0.130470	0.337023	0.342691
0.130551	0.352431	0.324853
0.130631	0.373991	0.323613
0.130711	0.391821	0.315102
0.130791	0.400197	0.290213
0.130871	0.407828	0.269596
0.130951	0.423788	0.268612
0.131031	0.441936	0.271449
0.131111	0.450817	0.257881
0.131191	0.453356	0.237344
0.131271	0.462665	0.232766
0.131351	0.479945	0.241533
0.131431	0.491957	0.239720
0.131512	0.493448	0.222596
0.131592	0.496728	0.212723
0.131672	0.511148	0.221574
0.131752	0.526806	0.229658
0.131832	0.531028	0.219335
0.131912	0.530351	0.204982
0.131992	0.539965	0.208839
0.132072	0.557658	0.222916
0.132152	0.567008	0.221984
0.132232	0.565447	0.206456
0.132312	0.569265	0.202248
0.132392	0.585951	0.216828
0.132472	0.600810	0.225837
0.132553	0.601730	0.214065
0.132633	0.600366	0.201847
0.132713	0.612680	0.211092
0.132793	0.631264	0.227611
0.132873	0.637380	0.224405
0.132953	0.633184	0.207714
0.133033	0.638677	0.207325
0.133113	0.657466	0.226053
0.133193	0.669880	0.234006
0.133273	0.666407	0.218949
0.133353	0.664572	0.207966
0.133433	0.679315	0.222168
0.133514	0.696877	0.240129
0.133594	0.697771	0.233306
0.133674	0.690480	0.214958
0.133754	0.697580	0.218808
0.133834	0.716913	0.241678
0.133914	0.724538	0.247620
0.133994	0.715648	0.228676
0.134074	0.713495	0.219662
0.134154	0.729834	0.239757
0.134234	0.744151	0.258827
0.134314	0.738309	0.247512
0.134394	0.728084	0.227931
0.134474	0.736756	0.237571
0.134555	0.754932	0.265190
0.134635	0.755909	0.268253
0.134715	0.741473	0.245124
0.134795	0.739567	0.239625
0.134875	0.756578	0.267245
0.134955	0.765703	0.287154
0.135035	0.752475	0.270360
0.135115	0.740100	0.250397
0.135195	0.750250	0.268128
0.135275	0.765547	0.301387
0.135355	0.758648	0.300449
0.135435	0.739233	0.272851
0.135516	0.738137	0.273070
0.135596	0.754596	0.310441
0.135676	0.756857	0.330808
0.135756	0.736247	0.307245
0.135836	0.722596	0.288099
0.135916	0.733627	0.317022
0.135996	0.744189	0.357081
0.136076	0.728691	0.350630
0.136156	0.705085	0.318188
0.136236	0.704786	0.327038
0.136316	0.718933	0.377089
0.136396	0.712908	0.397387
0.136476	0.685287	0.365289
0.136557	0.670766	0.348437
0.136637	0.681245	0.392544
0.136717	0.685129	0.440908
0.136797	0.660790	0.426874
0.136877	0.633627	0.388841
0.136957	0.633198	0.409833
0.137037	0.642832	0.476236
0.137117	0.627620	0.495685
0.137197	0.593700	0.452392
0.137277	0.578076	0.439086
0.137357	0.585906	0.502995
0.137437	0.581625	0.561341
0.137518	0.549141	0.536649
0.137598	0.519118	0.491056
0.137678	0.517101	0.527403
0.137758	0.520403	0.613987
0.137838	0.496594	0.631028
0.137918	0.458237	0.571994
0.137998	0.441454	0.561758
0.138078	0.445056	0.649253
0.138158	0.433042	0.718443
0.138238	0.395477	0.678049
0.138318	0.364773	0.620048
0.138398	0.360842	0.672404
0.138478	0.358253	0.781186
0.138559	0.329779	0.792299
0.138639	0.291839	0.709935
0.138719	0.276063	0.698455
0.138799	0.276499	0.809807
0.138879	0.260940	0.888054
0.138959	0.225311	0.824428
0.139039	0.199325	0.745796
0.139119	0.196109	0.810576
0.139199	0.191562	0.939798
0.139279	0.166058	0.939253
0.139359	0.136492	0.824639
0.139439	0.126455	0.805409
0.139520	0.127286	0.937582
0.139600	0.114552	1.020791
0.139680	0.089161	0.926917
0.139760	0.073925	0.821451
0.139840	0.074586	0.895689
0.139920	0.071972	1.042715
0.140000	0.055508	1.025830
