# Freq_range	Reflection	Transmission
0.060000	0.176293	1.045873
0.060080	0.154501	0.982953
0.060160	0.210947	1.004378
0.060240	0.187510	0.941944
0.060320	0.242593	0.955383
0.060400	0.226518	0.901921
0.060480	0.270781	0.901034
0.060561	0.269907	0.861935
0.060641	0.296205	0.844017
0.060721	0.315048	0.820858
0.060801	0.320364	0.787020
0.060881	0.358873	0.777799
0.060961	0.345006	0.732277
0.061041	0.398528	0.732401
0.061121	0.371548	0.681271
0.061201	0.431956	0.684950
0.061281	0.400622	0.634651
0.061361	0.458255	0.636327
0.061441	0.431881	0.592331
0.061522	0.477738	0.587810
0.061602	0.464074	0.553714
0.061682	0.491725	0.540819
0.061762	0.495339	0.517962
0.061842	0.502137	0.496663
0.061922	0.523641	0.484251
0.062002	0.511012	0.456333
0.062082	0.547202	0.451956
0.062162	0.520071	0.420398
0.062242	0.564849	0.420753
0.062322	0.530404	0.388977
0.062402	0.576208	0.390622
0.062482	0.542335	0.361804
0.062563	0.581727	0.361799
0.062643	0.555458	0.338328
0.062723	0.582526	0.334670
0.062803	0.568815	0.317854
0.062883	0.580163	0.309670
0.062963	0.581165	0.299664
0.063043	0.576323	0.287172
0.063123	0.591264	0.283126
0.063203	0.572535	0.267422
0.063283	0.598123	0.267761
0.063363	0.569949	0.250495
0.063443	0.601186	0.253277
0.063524	0.569196	0.236290
0.063604	0.600413	0.239564
0.063684	0.570356	0.224553
0.063764	0.596253	0.226665
0.063844	0.573023	0.214919
0.063924	0.589553	0.214727
0.064004	0.576437	0.206972
0.064084	0.581391	0.203949
0.064164	0.579668	0.200293
0.064244	0.572892	0.194530
0.064324	0.581794	0.194511
0.064404	0.565053	0.186624
0.064484	0.582072	0.189343
0.064565	0.558604	0.180309
0.064645	0.580051	0.184611
0.064725	0.553920	0.175581
0.064805	0.575629	0.180247
0.064885	0.550996	0.172346
0.064965	0.569049	0.176288
0.065045	0.549488	0.170443
0.065125	0.560834	0.172849
0.065205	0.548798	0.169667
0.065285	0.551686	0.170100
0.065365	0.548194	0.169794
0.065445	0.542359	0.168231
0.065526	0.546933	0.170620
0.065606	0.533534	0.167425
0.065686	0.544389	0.171985
0.065766	0.525713	0.167830
0.065846	0.540136	0.173797
0.065926	0.519146	0.169544
0.066006	0.534001	0.176043
0.066086	0.513806	0.172608
0.066166	0.526071	0.178796
0.066246	0.509397	0.177009
0.066326	0.516655	0.182207
0.066406	0.505421	0.182693
0.066486	0.506206	0.186492
0.066567	0.501251	0.189585
0.066647	0.495236	0.191910
0.066727	0.496236	0.197617
0.066807	0.484207	0.198744
0.066887	0.489795	0.206754
0.066967	0.473444	0.207273
0.067047	0.481489	0.217021
0.067127	0.463070	0.217758
0.067207	0.471078	0.228526
0.067287	0.452972	0.230423
0.067367	0.458524	0.241474
0.067447	0.442808	0.245456
0.067528	0.443971	0.256171
0.067608	0.432050	0.263011
0.067688	0.427687	0.273020
0.067768	0.420056	0.283221
0.067848	0.409981	0.292498
0.067928	0.406163	0.306221
0.068008	0.391120	0.315131
0.068088	0.389782	0.332165
0.068168	0.371252	0.341449
0.068248	0.370490	0.361251
0.068328	0.350357	0.371939
0.068408	0.348091	0.393730
0.068488	0.328239	0.406986
0.068569	0.322652	0.429893
0.068649	0.304573	0.446803
0.068729	0.294506	0.470031
0.068809	0.279002	0.491373
0.068889	0.264214	0.514362
0.068969	0.251279	0.540371
0.069049	0.232522	0.562910
0.069129	0.221432	0.593115
0.069209	0.200287	0.615364
0.069289	0.189907	0.648525
0.069369	0.168432	0.670919
0.069449	0.157652	0.705125
0.069530	0.137893	0.728170
0.069610	0.126074	0.761104
0.069690	0.109597	0.785097
0.069770	0.096862	0.814450
0.069850	0.084427	0.839210
0.069930	0.071673	0.863146
0.070010	0.063169	0.887867
0.070090	0.051768	0.905420
0.070170	0.046417	0.928720
0.070250	0.037710	0.939987
0.070330	0.034449	0.960177
0.070410	0.029233	0.966230
0.070490	0.027108	0.981728
0.070571	0.025331	0.984276
0.070651	0.023736	0.994046
0.070731	0.024514	0.994963
0.070811	0.023213	0.998822
0.070891	0.025147	0.999707
0.070971	0.024107	0.998429
0.071051	0.025745	1.000312
0.071131	0.024915	0.995499
0.071211	0.025172	0.998766
0.071291	0.024342	0.992540
0.071371	0.022756	0.997032
0.071451	0.021580	0.991630
0.071532	0.018357	0.996835
0.071612	0.016570	0.994172
0.071692	0.012483	0.999426
0.071772	0.010247	1.000687
0.071852	0.006497	1.005277
0.071932	0.004770	1.010544
0.072012	0.002940	1.013681
0.072092	0.003757	1.021617
0.072172	0.005894	1.022248
0.072252	0.012372	1.029910
0.072332	0.021130	1.026447
0.072412	0.037022	1.029388
0.072492	0.055584	1.019557
0.072573	0.084211	1.012516
0.072653	0.115607	0.993634
0.072733	0.158267	0.972024
0.072813	0.203952	0.941942
0.072893	0.258503	0.903845
0.072973	0.316789	0.862241
0.073053	0.377547	0.809807
0.073133	0.443125	0.758945
0.073213	0.502670	0.697979
0.073293	0.567966	0.642191
0.073373	0.619905	0.579940
0.073453	0.677535	0.524126
0.073534	0.718428	0.466723
0.073614	0.763257	0.414933
0.073694	0.792753	0.365966
0.073774	0.822679	0.320731
0.073854	0.842400	0.281243
0.073934	0.858006	0.243620
0.074014	0.870208	0.212921
0.074094	0.873878	0.182880
0.074174	0.880548	0.159476
0.074254	0.875532	0.136319
0.074334	0.878050	0.118578
0.074414	0.867711	0.101274
0.074494	0.866892	0.087779
0.074575	0.854210	0.075196
0.074655	0.850519	0.064856
0.074735	0.837810	0.055911
0.074815	0.831586	0.047942
0.074895	0.820409	0.041681
0.074975	0.812037	0.035536
0.075055	0.803218	0.031178
0.075135	0.793214	0.026472
0.075215	0.786955	0.023412
0.075295	0.775982	0.019859
0.075375	0.772012	0.017658
0.075455	0.760834	0.015031
0.075536	0.758580	0.013384
0.075616	0.747988	0.011494
0.075696	0.746734	0.010205
0.075776	0.737458	0.008888
0.075856	0.736493	0.007837
0.075936	0.729116	0.006954
0.076016	0.727849	0.006074
0.076096	0.722743	0.005502
0.076176	0.720783	0.004759
0.076256	0.718072	0.004402
0.076336	0.715267	0.003778
0.076416	0.714821	0.003557
0.076496	0.711260	0.003045
0.076577	0.712725	0.002901
0.076657	0.708703	0.002495
0.076737	0.711553	0.002387
0.076817	0.707510	0.002079
0.076897	0.711124	0.001980
0.076977	0.707564	0.001762
0.077057	0.711313	0.001657
0.077137	0.708720	0.001516
0.077217	0.712046	0.001399
0.077297	0.710808	0.001322
0.077377	0.713296	0.001193
0.077457	0.713643	0.001165
0.077538	0.715068	0.001029
0.077618	0.717039	0.001034
0.077698	0.717385	0.000899
0.077778	0.720821	0.000922
0.077858	0.720270	0.000797
0.077938	0.724840	0.000824
0.078018	0.723735	0.000716
0.078098	0.728983	0.000737
0.078178	0.727766	0.000652
0.078258	0.733176	0.000659
0.078338	0.732320	0.000601
0.078418	0.737394	0.000590
0.078498	0.737327	0.000559
0.078579	0.741647	0.000529
0.078659	0.742689	0.000522
0.078739	0.745976	0.000477
0.078819	0.748294	0.000489
0.078899	0.750445	0.000432
0.078979	0.754026	0.000457
0.079059	0.755117	0.000395
0.079139	0.759778	0.000426
0.079219	0.760050	0.000365
0.079299	0.765464	0.000395
0.079379	0.765282	0.000342
0.079459	0.771027	0.000364
0.079540	0.770821	0.000323
0.079620	0.776445	0.000334
0.079700	0.776647	0.000308
0.079780	0.781731	0.000305
0.079860	0.782707	0.000296
0.079940	0.786927	0.000278
0.080020	0.788929	0.000284
0.080100	0.792097	0.000254
0.080180	0.795226	0.000272
0.080260	0.797314	0.000235
0.080340	0.801507	0.000258
0.080420	0.802650	0.000218
0.080501	0.807693	0.000244
0.080581	0.808164	0.000206
0.080661	0.813726	0.000228
0.080741	0.813891	0.000197
0.080821	0.819574	0.000212
0.080901	0.819839	0.000190
0.080981	0.825235	0.000195
0.081061	0.825984	0.000184
0.081141	0.830737	0.000179
0.081221	0.832280	0.000180
0.081301	0.836133	0.000164
0.081381	0.838657	0.000175
0.081461	0.841490	0.000152
0.081542	0.845038	0.000169
0.081622	0.846882	0.000141
0.081702	0.851347	0.000162
0.081782	0.852375	0.000134
0.081862	0.857518	0.000153
0.081942	0.858020	0.000128
0.082022	0.863507	0.000144
0.082102	0.863844	0.000124
0.082182	0.869297	0.000133
0.082262	0.869847	0.000122
0.082342	0.874896	0.000123
0.082422	0.876001	0.000120
0.082503	0.880342	0.000113
0.082583	0.882257	0.000118
0.082663	0.885690	0.000105
0.082743	0.888547	0.000116
0.082823	0.891006	0.000097
0.082903	0.894799	0.000113
0.082983	0.896361	0.000092
0.083063	0.900944	0.000108
0.083143	0.901812	0.000088
0.083223	0.906929	0.000103
0.083303	0.907402	0.000086
0.083383	0.912718	0.000096
0.083463	0.913148	0.000085
0.083544	0.918304	0.000090
0.083624	0.919044	0.000085
0.083704	0.923705	0.000083
0.083784	0.925056	0.000084
0.083864	0.928961	0.000077
0.083944	0.931131	0.000084
0.084024	0.934130	0.000071
0.084104	0.937203	0.000083
0.084184	0.939276	0.000067
0.084264	0.943204	0.000081
0.084344	0.944465	0.000064
0.084424	0.949072	0.000078
0.084505	0.949746	0.000063
0.084585	0.954760	0.000074
0.084665	0.955156	0.000062
0.084745	0.960242	0.000069
0.084825	0.960703	0.000062
0.084905	0.965520	0.000064
0.084985	0.966372	0.000063
0.085065	0.970615	0.000059
0.085145	0.972126	0.000064
0.085225	0.975574	0.000055
0.085305	0.977909	0.000064
0.085385	0.980455	0.000052
0.085465	0.983656	0.000063
0.085546	0.985321	0.000049
0.085626	0.989301	0.000062
0.085706	0.990231	0.000048
0.085786	0.994789	0.000059
0.085866	0.995232	0.000048
0.085946	1.000080	0.000056
0.086026	1.000349	0.000048
0.086106	1.005156	0.000053
0.086186	1.005585	0.000049
0.086266	1.010024	0.000049
0.086346	1.010920	0.000051
0.086426	1.014714	0.000045
0.086507	1.016310	0.000051
0.086587	1.019273	0.000042
0.086667	1.021697	0.000052
0.086747	1.023762	0.000040
0.086827	1.027018	0.000051
0.086907	1.028243	0.000039
0.086987	1.032210	0.000050
0.087067	1.032771	0.000039
0.087147	1.037222	0.000048
0.087227	1.037386	0.000040
0.087307	1.042020	0.000046
0.087387	1.042108	0.000041
0.087467	1.046594	0.000043
0.087548	1.046934	0.000042
0.087628	1.050958	0.000040
0.087708	1.051835	0.000044
0.087788	1.055146	0.000037
0.087868	1.056766	0.000045
0.087948	1.059211	0.000035
0.088028	1.061667	0.000045
0.088108	1.063214	0.000034
0.088188	1.066473	0.000045
0.088268	1.067216	0.000034
0.088348	1.071124	0.000043
0.088428	1.071269	0.000034
0.088509	1.075573	0.000042
0.088589	1.075408	0.000035
0.088669	1.079794	0.000039
0.088749	1.079649	0.000037
0.088829	1.083783	0.000037
0.088909	1.083980	0.000039
0.088989	1.087559	0.000035
0.089069	1.088369	0.000040
0.089149	1.091163	0.000033
0.089229	1.092765	0.000041
0.089309	1.094653	0.000031
0.089389	1.097104	0.000042
0.089469	1.098091	0.000031
0.089550	1.101323	0.000041
0.089630	1.101537	0.000031
0.089710	1.105364	0.000040
0.089790	1.105043	0.000032
0.089870	1.109184	0.000039
0.089950	1.108639	0.000034
0.090030	1.112760	0.000036
0.090110	1.112334	0.000036
0.090190	1.116097	0.000034
0.090270	1.116111	0.000038
0.090350	1.119220	0.000032
0.090430	1.119932	0.000040
0.090511	1.122179	0.000031
0.090591	1.123741	0.000041
0.090671	1.125032	0.000030
0.090751	1.127471	0.000042
0.090831	1.127848	0.000031
0.090911	1.131058	0.000041
0.090991	1.130687	0.000032
0.091071	1.134443	0.000040
0.091151	1.133598	0.000034
0.091231	1.137587	0.000038
0.091311	1.136610	0.000036
0.091391	1.140475	0.000036
0.091471	1.139724	0.000039
0.091552	1.143115	0.000035
0.091632	1.142919	0.000041
0.091712	1.145544	0.000033
0.091792	1.146148	0.000043
0.091872	1.147814	0.000032
0.091952	1.149350	0.000045
0.092032	1.149994	0.000032
0.092112	1.152452	0.000045
0.092192	1.152155	0.000033
0.092272	1.155388	0.000045
0.092352	1.154361	0.000035
0.092432	1.158099	0.000044
0.092513	1.156660	0.000038
0.092593	1.160548	0.000042
0.092673	1.159077	0.000042
0.092753	1.162725	0.000040
0.092833	1.161609	0.000045
0.092913	1.164647	0.000038
0.092993	1.164226	0.000049
0.093073	1.166356	0.000037
0.093153	1.166874	0.000051
0.093233	1.167917	0.000037
0.093313	1.169482	0.000053
0.093393	1.169407	0.000038
0.093473	1.171971	0.000054
0.093554	1.170903	0.000041
0.093634	1.174267	0.000054
0.093714	1.172474	0.000044
0.093794	1.176312	0.000052
0.093874	1.174170	0.000049
0.093954	1.178068	0.000051
0.094034	1.176013	0.000054
0.094114	1.179530	0.000049
0.094194	1.177995	0.000060
0.094274	1.180722	0.000048
0.094354	1.180076	0.000065
0.094434	1.181699	0.000048
0.094515	1.182191	0.000069
0.094595	1.182538	0.000049
0.094675	1.184255	0.000072
0.094755	1.183328	0.000052
0.094835	1.186179	0.000073
0.094915	1.184159	0.000057
0.094995	1.187877	0.000073
0.095075	1.185109	0.000064
0.095155	1.189284	0.000073
0.095235	1.186232	0.000073
0.095315	1.190360	0.000072
0.095395	1.187552	0.000082
0.095475	1.191103	0.000071
0.095556	1.189052	0.000092
0.095636	1.191547	0.000071
0.095716	1.190681	0.000101
0.095796	1.191761	0.000073
0.095876	1.192358	0.000109
0.095956	1.191840	0.000079
0.096036	1.193976	0.000116
0.096116	1.191896	0.000087
0.096196	1.195423	0.000120
0.096276	1.192040	0.000100
0.096356	1.196592	0.000123
0.096436	1.192370	0.000116
0.096517	1.197399	0.000125
0.096597	1.192955	0.000136
0.096677	1.197794	0.000127
0.096757	1.193822	0.000158
0.096837	1.197770	0.000131
0.096917	1.194952	0.000182
0.096997	1.197369	0.000138
0.097077	1.196279	0.000207
0.097157	1.196678	0.000151
0.097237	1.197691	0.000231
0.097317	1.195823	0.000173
0.097397	1.199045	0.000254
0.097477	1.194952	0.000205
0.097558	1.200179	0.000277
0.097638	1.194223	0.000250
0.097718	1.200930	0.000300
0.097798	1.193781	0.000311
0.097878	1.201153	0.000325
0.097958	1.193737	0.000389
0.098038	1.200739	0.000358
0.098118	1.194155	0.000488
0.098198	1.199627	0.000406
0.098278	1.195033	0.000612
0.098358	1.197809	0.000481
0.098438	1.196295	0.000767
0.098519	1.195330	0.000603
0.098599	1.197782	0.000966
0.098679	1.192269	0.000803
0.098759	1.199240	0.001232
0.098839	1.188708	0.001139
0.098919	1.200294	0.001612
0.098999	1.184653	0.001721
0.099079	1.200359	0.002214
0.099159	1.179851	0.002796
0.099239	1.198345	0.003302
0.099319	1.173222	0.005002
0.099399	1.191540	0.005664
0.099479	1.160507	0.010447
0.099560	1.170012	0.012450
0.099640	1.119345	0.029492
0.099720	1.068960	0.045382
0.099800	0.809508	0.170577
0.099880	0.267732	0.337643
0.099960	0.669603	0.234120
0.100040	1.052771	0.074842
0.100120	1.101986	0.048032
0.100200	1.194870	0.027436
0.100280	1.192038	0.021146
0.100360	1.252570	0.015909
0.100440	1.246743	0.011376
0.100521	1.283869	0.009469
0.100601	1.268100	0.005821
0.100681	1.281773	0.005207
0.100761	1.263866	0.002990
0.100841	1.266219	0.002897
0.100921	1.254030	0.001692
0.101001	1.250955	0.001691
0.101081	1.245211	0.001061
0.101161	1.238401	0.001012
0.101241	1.237541	0.000709
0.101321	1.227965	0.000601
0.101401	1.230188	0.000485
0.101481	1.218959	0.000346
0.101562	1.222727	0.000329
0.101642	1.211140	0.000193
0.101722	1.215265	0.000219
0.101802	1.204584	0.000106
0.101882	1.208174	0.000145
0.101962	1.199388	0.000061
0.102042	1.201774	0.000099
0.102122	1.195469	0.000039
0.102202	1.196210	0.000072
0.102282	1.192569	0.000029
0.102362	1.191489	0.000058
0.102442	1.190355	0.000026
0.102523	1.187559	0.000049
0.102603	1.188519	0.000027
0.102683	1.184360	0.000044
0.102763	1.186825	0.000029
0.102843	1.181831	0.000041
0.102923	1.185124	0.000034
0.103003	1.179907	0.000038
0.103083	1.183347	0.000040
0.103163	1.178511	0.000035
0.103243	1.181489	0.000045
0.103323	1.177546	0.000033
0.103403	1.179587	0.000050
0.103483	1.176897	0.000033
0.103564	1.177709	0.000054
0.103644	1.176441	0.000033
0.103724	1.175928	0.000057
0.103804	1.176052	0.000034
0.103884	1.174314	0.000057
0.103964	1.175623	0.000038
0.104044	1.172920	0.000056
0.104124	1.175065	0.000042
0.104204	1.171775	0.000053
0.104284	1.174326	0.000046
0.104364	1.170881	0.000049
0.104444	1.173385	0.000051
0.104525	1.170212	0.000046
0.104605	1.172258	0.000055
0.104685	1.169719	0.000043
0.104765	1.170987	0.000058
0.104845	1.169333	0.000041
0.104925	1.169632	0.000059
0.105005	1.168978	0.000040
0.105085	1.168263	0.000058
0.105165	1.168579	0.000041
0.105245	1.166947	0.000056
0.105325	1.168069	0.000042
0.105405	1.165740	0.000053
0.105485	1.167401	0.000045
0.105566	1.164677	0.000050
0.105646	1.166549	0.000048
0.105726	1.163770	0.000046
0.105806	1.165511	0.000051
0.105886	1.163007	0.000042
0.105966	1.164313	0.000053
0.106046	1.162356	0.000040
0.106126	1.162994	0.000054
0.106206	1.161768	0.000039
0.106286	1.161610	0.000054
0.106366	1.161184	0.000038
0.106446	1.160220	0.000052
0.106527	1.160548	0.000039
0.106607	1.158879	0.000050
0.106687	1.159811	0.000041
0.106767	1.157631	0.000047
0.106847	1.158936	0.000043
0.106927	1.156505	0.000044
0.107007	1.157908	0.000046
0.107087	1.155507	0.000041
0.107167	1.156730	0.000048
0.107247	1.154625	0.000038
0.107327	1.155427	0.000049
0.107407	1.153830	0.000037
0.107487	1.154035	0.000049
0.107568	1.153081	0.000036
0.107648	1.152604	0.000049
0.107728	1.152328	0.000037
0.107808	1.151183	0.000047
0.107888	1.151524	0.000038
0.107968	1.149820	0.000045
0.108048	1.150630	0.000040
0.108128	1.148549	0.000042
0.108208	1.149619	0.000042
0.108288	1.147392	0.000040
0.108368	1.148480	0.000044
0.108448	1.146351	0.000038
0.108529	1.147222	0.000046
0.108609	1.145412	0.000036
0.108689	1.145868	0.000047
0.108769	1.144547	0.000035
0.108849	1.144453	0.000047
0.108929	1.143717	0.000036
0.109009	1.143021	0.000046
0.109089	1.142880	0.000037
0.109169	1.141616	0.000045
0.109249	1.141993	0.000039
0.109329	1.140277	0.000043
0.109409	1.141025	0.000041
0.109489	1.139032	0.000041
0.109570	1.139953	0.000044
0.109650	1.137897	0.000039
0.109730	1.138774	0.000046
0.109810	1.136870	0.000038
0.109890	1.137496	0.000047
0.109970	1.135934	0.000037
0.110050	1.136145	0.000048
0.110130	1.135062	0.000037
0.110210	1.134754	0.000048
0.110290	1.134216	0.000038
0.110370	1.133363	0.000048
0.110450	1.133357	0.000040
0.110531	1.132012	0.000046
0.110611	1.132449	0.000043
0.110691	1.130735	0.000045
0.110771	1.131463	0.000046
0.110851	1.129554	0.000043
0.110931	1.130385	0.000048
0.111011	1.128480	0.000042
0.111091	1.129211	0.000051
0.111171	1.127508	0.000041
0.111251	1.127957	0.000052
0.111331	1.126618	0.000042
0.111411	1.126645	0.000053
0.111491	1.125782	0.000043
0.111572	1.125312	0.000054
0.111652	1.124965	0.000045
0.111732	1.123993	0.000053
0.111812	1.124128	0.000048
0.111892	1.122725	0.000052
0.111972	1.123241	0.000051
0.112052	1.121539	0.000051
0.112132	1.122278	0.000054
0.112212	1.120451	0.000050
0.112292	1.121229	0.000058
0.112372	1.119467	0.000050
0.112452	1.120095	0.000061
0.112533	1.118580	0.000050
0.112613	1.118893	0.000063
0.112693	1.117768	0.000051
0.112773	1.117649	0.000064
0.112853	1.117000	0.000054
0.112933	1.116397	0.000065
0.113013	1.116243	0.000057
0.113093	1.115174	0.000065
0.113173	1.115459	0.000061
0.113253	1.114012	0.000064
0.113333	1.114622	0.000066
0.113413	1.112937	0.000064
0.113493	1.113709	0.000071
0.113574	1.111964	0.000064
0.113654	1.112715	0.000075
0.113734	1.111095	0.000065
0.113814	1.111644	0.000079
0.113894	1.110316	0.000066
0.113974	1.110516	0.000082
0.114054	1.109604	0.000070
0.114134	1.109359	0.000084
0.114214	1.108928	0.000074
0.114294	1.108208	0.000085
0.114374	1.108253	0.000080
0.114454	1.107098	0.000086
0.114535	1.107545	0.000086
0.114615	1.106060	0.000087
0.114695	1.106778	0.000093
0.114775	1.105116	0.000088
0.114855	1.105935	0.000100
0.114935	1.104276	0.000090
0.115015	1.105014	0.000106
0.115095	1.103539	0.000093
0.115175	1.104023	0.000112
0.115255	1.102887	0.000097
0.115335	1.102986	0.000117
0.115415	1.102295	0.000104
0.115495	1.101932	0.000121
0.115576	1.101730	0.000112
0.115656	1.100898	0.000124
0.115736	1.101155	0.000121
0.115816	1.099918	0.000127
0.115896	1.100540	0.000132
0.115976	1.099021	0.000130
0.116056	1.099860	0.000143
0.116136	1.098225	0.000135
0.116216	1.099102	0.000154
0.116296	1.097538	0.000140
0.116376	1.098269	0.000165
0.116456	1.096952	0.000148
0.116537	1.097373	0.000175
0.116617	1.096446	0.000158
0.116697	1.096442	0.000184
0.116777	1.095992	0.000171
0.116857	1.095508	0.000193
0.116937	1.095553	0.000187
0.117017	1.094608	0.000201
0.117097	1.095095	0.000204
0.117177	1.093776	0.000209
0.117257	1.094587	0.000224
0.117337	1.093039	0.000219
0.117417	1.094008	0.000244
0.117497	1.092412	0.000231
0.117578	1.093349	0.000265
0.117658	1.091897	0.000246
0.117738	1.092617	0.000285
0.117818	1.091481	0.000264
0.117898	1.091830	0.000306
0.117978	1.091140	0.000288
0.118058	1.091020	0.000325
0.118138	1.090840	0.000316
0.118218	1.090221	0.000345
0.118298	1.090544	0.000348
0.118378	1.089473	0.000366
0.118458	1.090215	0.000385
0.118539	1.088809	0.000389
0.118619	1.089825	0.000425
0.118699	1.088252	0.000416
0.118779	1.089356	0.000467
0.118859	1.087814	0.000449
0.118939	1.088804	0.000512
0.119019	1.087491	0.000488
0.119099	1.088181	0.000557
0.119179	1.087263	0.000536
0.119259	1.087512	0.000605
0.119339	1.087100	0.000594
0.119419	1.086832	0.000655
0.119499	1.086964	0.000661
0.119580	1.086181	0.000708
0.119660	1.086815	0.000739
0.119740	1.085597	0.000768
0.119820	1.086614	0.000826
0.119900	1.085111	0.000836
0.119980	1.086336	0.000923
0.120060	1.084744	0.000916
0.120140	1.085965	0.001028
0.120220	1.084500	0.001012
0.120300	1.085505	0.001142
0.120380	1.084366	0.001127
0.120460	1.084972	0.001265
0.120541	1.084315	0.001265
0.120621	1.084397	0.001400
0.120701	1.084307	0.001428
0.120781	1.083819	0.001549
0.120861	1.084297	0.001620
0.120941	1.083279	0.001718
0.121021	1.084238	0.001840
0.121101	1.082814	0.001913
0.121181	1.084091	0.002093
0.121261	1.082449	0.002143
0.121341	1.083827	0.002379
0.121421	1.082193	0.002417
0.121502	1.083434	0.002702
0.121582	1.082037	0.002747
0.121662	1.082916	0.003068
0.121742	1.081951	0.003144
0.121822	1.082292	0.003484
0.121902	1.081888	0.003622
0.121982	1.081590	0.003962
0.122062	1.081788	0.004192
0.122142	1.080844	0.004521
0.122222	1.081583	0.004870
0.122302	1.080082	0.005182
0.122382	1.081206	0.005673
0.122462	1.079319	0.005976
0.122543	1.080595	0.006620
0.122623	1.078547	0.006939
0.122703	1.079697	0.007739
0.122783	1.077732	0.008118
0.122863	1.078472	0.009064
0.122943	1.076805	0.009566
0.123023	1.076884	0.010645
0.123103	1.075663	0.011351
0.123183	1.074899	0.012549
0.123263	1.074168	0.013552
0.123343	1.072474	0.014866
0.123423	1.072149	0.016268
0.123504	1.069534	0.017720
0.123584	1.069399	0.019623
0.123664	1.065960	0.021277
0.123744	1.065676	0.023779
0.123824	1.061563	0.025752
0.123904	1.060695	0.028949
0.123984	1.056057	0.031431
0.124064	1.054112	0.035417
0.124144	1.049032	0.038687
0.124224	1.045494	0.043576
0.124304	1.039916	0.048007
0.124384	1.034280	0.053959
0.124464	1.027941	0.060029
0.124545	1.019723	0.067297
0.124625	1.012086	0.075590
0.124705	1.000811	0.084582
0.124785	0.991030	0.095790
0.124865	0.976185	0.107143
0.124945	0.963082	0.122061
0.125025	0.944046	0.136719
0.125105	0.926144	0.156236
0.125185	0.902106	0.175502
0.125265	0.877725	0.200577
0.125345	0.847653	0.226086
0.125425	0.815109	0.257668
0.125506	0.777845	0.291205
0.125586	0.735834	0.330056
0.125666	0.690437	0.373086
0.125746	0.638654	0.419419
0.125826	0.585086	0.472268
0.125906	0.525022	0.525185
0.125986	0.465084	0.585983
0.126066	0.400695	0.642871
0.126146	0.338715	0.706782
0.126226	0.276299	0.763123
0.126306	0.218741	0.822746
0.126386	0.165445	0.872897
0.126466	0.119002	0.920325
0.126547	0.080301	0.959219
0.126627	0.049289	0.988964
0.126707	0.026964	1.013771
0.126787	0.011740	1.024730
0.126867	0.003713	1.035424
0.126947	0.001092	1.030710
0.127027	0.002945	1.029407
0.127107	0.007989	1.014537
0.127187	0.014901	1.004347
0.127267	0.022787	0.985114
0.127347	0.030836	0.969220
0.127427	0.037986	0.950227
0.127508	0.044586	0.931411
0.127588	0.048993	0.915481
0.127668	0.052787	0.896002
0.127748	0.053816	0.884226
0.127828	0.054391	0.865839
0.127908	0.052376	0.857934
0.127988	0.050001	0.841912
0.128068	0.045838	0.836658
0.128148	0.041289	0.823767
0.128228	0.036117	0.819441
0.128308	0.030544	0.809877
0.128388	0.025538	0.804653
0.128468	0.020338	0.797974
0.128549	0.016608	0.790278
0.128629	0.013255	0.785394
0.128709	0.011802	0.774192
0.128789	0.011636	0.769469
0.128869	0.013328	0.754436
0.128949	0.017320	0.747949
0.129029	0.022842	0.729481
0.129109	0.031408	0.719401
0.129189	0.041173	0.698450
0.129269	0.054092	0.683486
0.129349	0.068134	0.661272
0.129429	0.084617	0.641021
0.129510	0.102517	0.618704
0.129590	0.121416	0.593785
0.129670	0.142302	0.572218
0.129750	0.162387	0.544141
0.129830	0.185036	0.523758
0.129910	0.205252	0.494567
0.129990	0.228272	0.475431
0.130070	0.247892	0.447255
0.130150	0.269947	0.429205
0.130230	0.288595	0.403860
0.130310	0.308613	0.386681
0.130390	0.326186	0.365407
0.130470	0.343497	0.348962
0.130551	0.360039	0.332339
0.130631	0.374426	0.316639
0.130711	0.390004	0.304631
0.130791	0.401678	0.289847
0.130871	0.416300	0.281933
0.130951	0.425801	0.268369
0.131031	0.439384	0.263704
0.131111	0.447452	0.251750
0.131191	0.459842	0.249321
0.131271	0.467277	0.239394
0.131351	0.478300	0.238160
0.131431	0.485827	0.230644
0.131512	0.495352	0.229658
0.131592	0.503523	0.224830
0.131672	0.511525	0.223344
0.131752	0.520649	0.221302
0.131832	0.527249	0.218853
0.131912	0.537365	0.219458
0.131992	0.542847	0.215920
0.132072	0.553733	0.218761
0.132152	0.558529	0.214355
0.132232	0.569751	0.218759
0.132312	0.574390	0.214013
0.132392	0.585386	0.219111
0.132472	0.590424	0.214760
0.132553	0.600597	0.219595
0.132633	0.606526	0.216445
0.132713	0.615357	0.220118
0.132793	0.622516	0.218881
0.132873	0.629658	0.220707
0.132953	0.638163	0.221847
0.133033	0.643506	0.221483
0.133113	0.653205	0.225101
0.133193	0.656915	0.222632
0.133273	0.667390	0.228407
0.133353	0.669882	0.224355
0.133433	0.680496	0.231572
0.133514	0.682376	0.226828
0.133594	0.692360	0.234477
0.133674	0.694315	0.230159
0.133754	0.702890	0.237106
0.133834	0.705567	0.234368
0.133914	0.712071	0.239557
0.133994	0.715945	0.239375
0.134074	0.719953	0.242036
0.134154	0.725225	0.245015
0.134234	0.726636	0.244831
0.134314	0.733168	0.251070
0.134394	0.732232	0.248277
0.134474	0.739548	0.257310
0.134555	0.736843	0.252702
0.134635	0.744181	0.263546
0.134715	0.740522	0.258377
0.134795	0.746953	0.269676
0.134875	0.743250	0.265474
0.134955	0.747831	0.275726
0.135035	0.744929	0.274038
0.135115	0.746866	0.281865
0.135195	0.745380	0.283974
0.135275	0.744176	0.288402
0.135355	0.744363	0.295072
0.135435	0.739925	0.295758
0.135516	0.741608	0.307042
0.135596	0.734278	0.304409
0.135676	0.736849	0.319577
0.135756	0.727364	0.314826
0.135836	0.729868	0.332422
0.135916	0.719238	0.327399
0.135996	0.720524	0.345444
0.136076	0.709855	0.342371
0.136156	0.708774	0.358687
0.136236	0.699057	0.359790
0.136316	0.694672	0.372406
0.136396	0.686590	0.379490
0.136476	0.678357	0.387059
0.136557	0.672126	0.401112
0.136637	0.660015	0.403265
0.136717	0.655318	0.424155
0.136797	0.639835	0.421718
0.136877	0.635853	0.448072
0.136957	0.617963	0.443073
0.137037	0.613511	0.472377
0.137117	0.594468	0.467814
0.137197	0.588205	0.496766
0.137277	0.569316	0.496131
0.137357	0.560017	0.521200
0.137437	0.542381	0.527824
0.137518	0.529191	0.545960
0.137598	0.513481	0.562268
0.137678	0.496115	0.571619
0.137758	0.482439	0.598451
0.137838	0.461270	0.598940
0.137918	0.449160	0.635098
0.137998	0.425179	0.628699
0.138078	0.413709	0.670859
0.138158	0.388349	0.661454
0.138238	0.376369	0.704552
0.138318	0.351235	0.697306
0.138398	0.337667	0.735386
0.138478	0.314229	0.735710
0.138559	0.298357	0.763128
0.138639	0.277676	0.775410
0.138719	0.259347	0.788147
0.138799	0.241911	0.814515
0.138879	0.221604	0.811310
0.138959	0.207302	0.850767
0.139039	0.186034	0.833729
0.139119	0.174279	0.881933
0.139199	0.153378	0.856413
0.139279	0.143340	0.906267
0.139359	0.124147	0.879910
0.139439	0.115006	0.922910
0.139520	0.098594	0.904049
0.139600	0.089764	0.932127
0.139680	0.076739	0.927858
0.139760	0.067982	0.935305
0.139840	0.058428	0.949705
0.139920	0.049846	0.934693
0.140000	0.043399	0.967640
