0.0000E+00 0.00000000E+00 0.00000000E+00
2.3562E+01 0.00000000E+00 0.00000000E+00
4.7124E+01 0.00000000E+00 0.00000000E+00
7.0686E+01 0.00000000E+00 0.00000000E+00
9.4248E+01 0.00000000E+00 0.00000000E+00
1.1781E+02 0.00000000E+00 0.00000000E+00
1.4137E+02 0.00000000E+00 0.00000000E+00
1.6493E+02 0.00000000E+00 0.00000000E+00
1.8850E+02 0.00000000E+00 0.00000000E+00
2.1206E+02 0.00000000E+00 0.00000000E+00
2.3562E+02 0.00000000E+00 0.00000000E+00
2.5918E+02 3.17161352E-274 0.00000000E+00
2.8274E+02 3.52091240E-221 0.00000000E+00
3.0631E+02 1.64467616E-178 0.00000000E+00
3.2987E+02 3.45080933E-143 0.00000000E+00
3.5343E+02 1.21611893E-113 0.00000000E+00
3.7699E+02 5.79583008E-89 0.00000000E+00
4.0055E+02 1.06152920E-68 0.00000000E+00
4.2412E+02 6.47910694E-56 0.00000000E+00
4.4768E+02 3.75433639E-38 0.00000000E+00
4.7124E+02 1.19422733E-27 0.00000000E+00
4.9480E+02 3.11168784E-21 0.00000000E+00
5.1836E+02 2.96948343E-19 0.00000000E+00
5.4192E+02 6.37011367E-19 0.00000000E+00
5.6549E+02 8.67184659E-19 0.00000000E+00
5.8905E+02 1.31585205E-18 0.00000000E+00
6.1261E+02 2.35287400E-18 0.00000000E+00
6.3617E+02 3.32596046E-18 0.00000000E+00
6.5973E+02 4.86629491E-18 0.00000000E+00
6.8330E+02 9.16041919E-18 0.00000000E+00
7.0686E+02 1.46865982E-17 0.00000000E+00
7.3042E+02 1.92561174E-17 0.00000000E+00
7.5398E+02 2.97020540E-17 0.00000000E+00
7.7754E+02 4.95912856E-17 0.00000000E+00
8.0111E+02 6.66654167E-17 0.00000000E+00
8.2467E+02 8.60792278E-17 0.00000000E+00
8.4823E+02 1.37404845E-16 0.00000000E+00
8.7179E+02 2.02374623E-16 0.00000000E+00
8.9535E+02 2.49745815E-16 0.00000000E+00
9.1892E+02 3.48314138E-16 0.00000000E+00
9.4248E+02 5.53961953E-16 0.00000000E+00
9.6604E+02 7.34939673E-16 0.00000000E+00
9.8960E+02 9.07827309E-16 0.00000000E+00
1.0132E+03 1.38009997E-15 0.00000000E+00
1.0367E+03 2.02959766E-15 0.00000000E+00
1.0603E+03 2.46953058E-15 0.00000000E+00
1.0838E+03 3.30380974E-15 0.00000000E+00
1.1074E+03 5.12252636E-15 0.00000000E+00
1.1310E+03 6.76403579E-15 0.00000000E+00
1.1545E+03 8.16117467E-15 0.00000000E+00
1.1781E+03 1.19756754E-14 0.00000000E+00
1.2017E+03 1.75017588E-14 0.00000000E+00
1.2252E+03 2.11709440E-14 0.00000000E+00
1.2488E+03 2.73718520E-14 0.00000000E+00
1.2723E+03 4.15544912E-14 0.00000000E+00
1.2959E+03 5.47983939E-14 0.00000000E+00
1.3195E+03 6.48701440E-14 0.00000000E+00
1.3430E+03 9.19221053E-14 0.00000000E+00
1.3666E+03 1.33002635E-13 0.00000000E+00
1.3902E+03 1.59999265E-13 0.00000000E+00
1.4137E+03 2.00227789E-13 0.00000000E+00
1.4373E+03 2.96207159E-13 0.00000000E+00
1.4608E+03 3.89356738E-13 0.00000000E+00
1.4844E+03 4.53097649E-13 0.00000000E+00
1.5080E+03 6.19281854E-13 0.00000000E+00
1.5315E+03 8.84913814E-13 0.00000000E+00
1.5551E+03 1.05930203E-12 0.00000000E+00
1.5787E+03 1.28550707E-12 0.00000000E+00
1.6022E+03 1.84936359E-12 0.00000000E+00
1.6258E+03 2.41996560E-12 0.00000000E+00
1.6493E+03 2.77372796E-12 0.00000000E+00
1.6729E+03 3.65630932E-12 0.00000000E+00
1.6965E+03 5.14722784E-12 0.00000000E+00
1.7200E+03 6.13402669E-12 0.00000000E+00
1.7436E+03 7.23416162E-12 0.00000000E+00
1.7671E+03 1.01038219E-11 0.00000000E+00
1.7907E+03 1.31467126E-11 0.00000000E+00
1.8143E+03 1.48706408E-11 0.00000000E+00
1.8378E+03 1.89162039E-11 0.00000000E+00
1.8614E+03 2.61783774E-11 0.00000000E+00
1.8850E+03 3.10645218E-11 0.00000000E+00
1.9085E+03 3.56849277E-11 0.00000000E+00
1.9321E+03 4.83194305E-11 0.00000000E+00
1.9556E+03 6.24299653E-11 0.00000000E+00
1.9792E+03 6.98099522E-11 0.00000000E+00
2.0028E+03 8.57728092E-11 0.00000000E+00
2.0263E+03 1.16445447E-10 0.00000000E+00
2.0499E+03 1.37592230E-10 0.00000000E+00
2.0735E+03 1.54312247E-10 0.00000000E+00
2.0970E+03 2.02358796E-10 0.00000000E+00
2.1206E+03 2.59218899E-10 0.00000000E+00
2.1441E+03 2.86978632E-10 0.00000000E+00
2.1677E+03 3.41000337E-10 0.00000000E+00
2.1913E+03 4.53223243E-10 0.00000000E+00
2.2148E+03 5.33116359E-10 0.00000000E+00
2.2384E+03 5.85071049E-10 0.00000000E+00
2.2619E+03 7.42529120E-10 0.00000000E+00
2.2855E+03 9.41485329E-10 0.00000000E+00
2.3091E+03 1.03321238E-09 0.00000000E+00
2.3326E+03 1.18912479E-09 0.00000000E+00
2.3562E+03 1.54436184E-09 0.00000000E+00
2.3798E+03 1.80752112E-09 0.00000000E+00
2.4033E+03 1.94535653E-09 0.00000000E+00
2.4269E+03 2.38857791E-09 0.00000000E+00
2.4504E+03 2.99253336E-09 0.00000000E+00
2.4740E+03 3.25854084E-09 0.00000000E+00
2.4976E+03 3.63862301E-09 0.00000000E+00
2.5211E+03 4.60979759E-09 0.00000000E+00
2.5447E+03 5.36455433E-09 0.00000000E+00
2.5683E+03 5.67361908E-09 0.00000000E+00
2.5918E+03 6.73968541E-09 0.00000000E+00
2.6154E+03 8.32849648E-09 0.00000000E+00
2.6389E+03 9.00439960E-09 0.00000000E+00
2.6625E+03 9.77334052E-09 0.00000000E+00
2.6861E+03 1.20606248E-08 0.00000000E+00
2.7096E+03 1.39428938E-08 0.00000000E+00
2.7332E+03 1.45173135E-08 0.00000000E+00
2.7567E+03 1.66898297E-08 0.00000000E+00
2.7803E+03 2.03068575E-08 0.00000000E+00
2.8039E+03 2.18080740E-08 0.00000000E+00
2.8274E+03 2.30517271E-08 0.00000000E+00
2.8510E+03 2.76750939E-08 0.00000000E+00
2.8746E+03 3.17510096E-08 0.00000000E+00
2.8981E+03 3.25983688E-08 0.00000000E+00
2.9217E+03 3.62929761E-08 0.00000000E+00
2.9452E+03 4.34058905E-08 0.00000000E+00
2.9688E+03 4.63115597E-08 0.00000000E+00
2.9924E+03 4.77631518E-08 0.00000000E+00
3.0159E+03 5.57371787E-08 0.00000000E+00
3.0395E+03 6.33894614E-08 0.00000000E+00
3.0631E+03 6.42619965E-08 0.00000000E+00
3.0866E+03 6.93463989E-08 0.00000000E+00
3.1102E+03 8.13991256E-08 0.00000000E+00
3.1337E+03 8.62820818E-08 0.00000000E+00
3.1573E+03 8.69823489E-08 0.00000000E+00
3.1809E+03 9.86041407E-08 0.00000000E+00
3.2044E+03 1.11040941E-07 0.00000000E+00
3.2280E+03 1.11278178E-07 0.00000000E+00
3.2515E+03 1.16516676E-07 0.00000000E+00
3.2751E+03 1.34054210E-07 0.00000000E+00
3.2987E+03 1.41147999E-07 0.00000000E+00
3.3222E+03 1.39326159E-07 0.00000000E+00
3.3458E+03 1.53389837E-07 0.00000000E+00
3.3694E+03 1.70861137E-07 0.00000000E+00
3.3929E+03 1.69418073E-07 0.00000000E+00
3.4165E+03 1.72335183E-07 0.00000000E+00
3.4400E+03 1.94139644E-07 0.00000000E+00
3.4636E+03 2.03006311E-07 0.00000000E+00
3.4872E+03 1.96516666E-07 0.00000000E+00
3.5107E+03 2.10135298E-07 0.00000000E+00
3.5343E+03 2.31325723E-07 0.00000000E+00
3.5579E+03 2.27124992E-07 0.00000000E+00
3.5814E+03 2.24747750E-07 0.00000000E+00
3.6050E+03 2.47741783E-07 0.00000000E+00
3.6285E+03 2.57233064E-07 0.00000000E+00
3.6521E+03 2.44562629E-07 0.00000000E+00
3.6757E+03 2.54112970E-07 0.00000000E+00
3.6992E+03 2.76303688E-07 0.00000000E+00
3.7228E+03 2.68824621E-07 0.00000000E+00
3.7463E+03 2.59157251E-07 0.00000000E+00
3.7699E+03 2.79491371E-07 0.00000000E+00
3.7935E+03 2.88172122E-07 0.00000000E+00
3.8170E+03 2.69484079E-07 0.00000000E+00
3.8406E+03 2.72346645E-07 0.00000000E+00
3.8642E+03 2.92478654E-07 0.00000000E+00
3.8877E+03 2.82223819E-07 0.00000000E+00
3.9113E+03 2.65539972E-07 0.00000000E+00
3.9348E+03 2.80340910E-07 0.00000000E+00
3.9584E+03 2.87170059E-07 0.00000000E+00
3.9820E+03 2.64595746E-07 0.00000000E+00
4.0055E+03 2.60529513E-07 0.00000000E+00
4.0291E+03 2.76537074E-07 0.00000000E+00
4.0527E+03 2.64986610E-07 0.00000000E+00
4.0762E+03 2.43920715E-07 0.00000000E+00
4.0998E+03 2.52497691E-07 0.00000000E+00
4.1233E+03 2.57279915E-07 0.00000000E+00
4.1469E+03 2.34112818E-07 0.00000000E+00
4.1705E+03 2.25222528E-07 0.00000000E+00
4.1940E+03 2.36705490E-07 0.00000000E+00
4.2176E+03 2.25704839E-07 0.00000000E+00
4.2412E+03 2.03981068E-07 0.00000000E+00
4.2647E+03 2.07658963E-07 0.00000000E+00
4.2883E+03 2.10933470E-07 0.00000000E+00
4.3118E+03 1.90212789E-07 0.00000000E+00
4.3354E+03 1.79575221E-07 0.00000000E+00
4.3590E+03 1.87423584E-07 0.00000000E+00
4.3825E+03 1.78391069E-07 0.00000000E+00
4.4061E+03 1.59098649E-07 0.00000000E+00
4.4296E+03 1.59975865E-07 0.00000000E+00
4.4532E+03 1.62484968E-07 0.00000000E+00
4.4768E+03 1.45905431E-07 0.00000000E+00
4.5003E+03 1.35956703E-07 0.00000000E+00
4.5239E+03 1.41396236E-07 0.00000000E+00
4.5475E+03 1.34863343E-07 0.00000000E+00
4.5710E+03 1.19439803E-07 0.00000000E+00
4.5946E+03 1.19134357E-07 0.00000000E+00
4.6181E+03 1.21329483E-07 0.00000000E+00
4.6417E+03 1.09066525E-07 0.00000000E+00
4.6653E+03 1.00840478E-07 0.00000000E+00
4.6888E+03 1.04694719E-07 0.00000000E+00
4.7124E+03 1.00389820E-07 0.00000000E+00
4.7360E+03 8.87493255E-08 0.00000000E+00
4.7595E+03 8.79437419E-08 0.00000000E+00
4.7831E+03 8.98572003E-08 0.00000000E+00
4.8066E+03 8.11482948E-08 0.00000000E+00
4.8302E+03 7.45696314E-08 0.00000000E+00
4.8538E+03 7.71385776E-08 0.00000000E+00
4.8773E+03 7.44121540E-08 0.00000000E+00
4.9009E+03 6.57554164E-08 0.00000000E+00
4.9244E+03 6.45230783E-08 0.00000000E+00
4.9480E+03 6.59702930E-08 0.00000000E+00
4.9716E+03 5.98521727E-08 0.00000000E+00
4.9951E+03 5.44897599E-08 0.00000000E+00
5.0187E+03 5.58605479E-08 0.00000000E+00
5.0423E+03 5.40969318E-08 0.00000000E+00
5.0658E+03 4.76516823E-08 0.00000000E+00
5.0894E+03 4.60021185E-08 0.00000000E+00
5.1129E+03 4.68571874E-08 0.00000000E+00
5.1365E+03 4.25918191E-08 0.00000000E+00
5.1601E+03 3.81923818E-08 0.00000000E+00
5.1836E+03 3.85617723E-08 0.00000000E+00
5.2072E+03 3.73707973E-08 0.00000000E+00
5.2308E+03 3.26671670E-08 0.00000000E+00
5.2543E+03 3.08245403E-08 0.00000000E+00
5.2779E+03 3.11571984E-08 0.00000000E+00
5.3014E+03 2.82819019E-08 0.00000000E+00
5.3250E+03 2.48445408E-08 0.00000000E+00
5.3486E+03 2.45981564E-08 0.00000000E+00
5.3721E+03 2.38010264E-08 0.00000000E+00
5.3957E+03 2.05701307E-08 0.00000000E+00
5.4192E+03 1.88985207E-08 0.00000000E+00
5.4428E+03 1.89314846E-08 0.00000000E+00
5.4664E+03 1.71303404E-08 0.00000000E+00
5.4899E+03 1.47060539E-08 0.00000000E+00
5.5135E+03 1.42794184E-08 0.00000000E+00
5.5371E+03 1.38065766E-08 0.00000000E+00
5.5606E+03 1.17923162E-08 0.00000000E+00
5.5842E+03 1.05738941E-08 0.00000000E+00
5.6077E+03 1.05470757E-08 0.00000000E+00
5.6313E+03 9.53958628E-09 0.00000000E+00
5.6549E+03 8.04553617E-09 0.00000000E+00
5.6784E+03 7.74079586E-09 0.00000000E+00
5.7020E+03 7.53976590E-09 0.00000000E+00
5.7256E+03 6.41950611E-09 0.00000000E+00
5.7491E+03 5.71453350E-09 0.00000000E+00
5.7727E+03 5.76865286E-09 0.00000000E+00
5.7962E+03 5.28321605E-09 0.00000000E+00
5.8198E+03 4.47778980E-09 0.00000000E+00
5.8434E+03 4.38199419E-09 0.00000000E+00
5.8669E+03 4.37477642E-09 0.00000000E+00
5.8905E+03 3.80435683E-09 0.00000000E+00
5.9140E+03 3.47615956E-09 0.00000000E+00
5.9376E+03 3.62078638E-09 0.00000000E+00
5.9612E+03 3.42230314E-09 0.00000000E+00
5.9847E+03 3.00774901E-09 0.00000000E+00
6.0083E+03 3.04326453E-09 0.00000000E+00
6.0319E+03 3.13087298E-09 0.00000000E+00
6.0554E+03 2.82985436E-09 0.00000000E+00
6.0790E+03 2.67343981E-09 0.00000000E+00
6.1025E+03 2.83542117E-09 0.00000000E+00
6.1261E+03 2.75627774E-09 0.00000000E+00
6.1497E+03 2.49807609E-09 0.00000000E+00
6.1732E+03 2.53993494E-09 0.00000000E+00
6.1968E+03 2.63218143E-09 0.00000000E+00
6.2204E+03 2.43252179E-09 0.00000000E+00
6.2439E+03 2.29707630E-09 0.00000000E+00
6.2675E+03 2.39869098E-09 0.00000000E+00
6.2910E+03 2.34675531E-09 0.00000000E+00
6.3146E+03 2.12857063E-09 0.00000000E+00
6.3382E+03 2.10118988E-09 0.00000000E+00
6.3617E+03 2.14537767E-09 0.00000000E+00
6.3853E+03 1.98242829E-09 0.00000000E+00
6.4088E+03 1.81883551E-09 0.00000000E+00
6.4324E+03 1.83151282E-09 0.00000000E+00
6.4560E+03 1.77535346E-09 0.00000000E+00
6.4795E+03 1.57905411E-09 0.00000000E+00
6.5031E+03 1.48494408E-09 0.00000000E+00
6.5267E+03 1.47476794E-09 0.00000000E+00
6.5502E+03 1.34379323E-09 0.00000000E+00
6.5738E+03 1.17791245E-09 0.00000000E+00
6.5973E+03 1.12774158E-09 0.00000000E+00
6.6209E+03 1.07111287E-09 0.00000000E+00
6.6445E+03 9.20445009E-10 0.00000000E+00
6.6680E+03 8.09857990E-10 0.00000000E+00
6.6916E+03 7.71443002E-10 0.00000000E+00
6.7152E+03 6.83451566E-10 0.00000000E+00
6.7387E+03 5.59463985E-10 0.00000000E+00
6.7623E+03 4.96907582E-10 0.00000000E+00
6.7858E+03 4.54407490E-10 0.00000000E+00
6.8094E+03 3.66899818E-10 0.00000000E+00
6.8330E+03 2.89101547E-10 0.00000000E+00
6.8565E+03 2.55513882E-10 0.00000000E+00
6.8801E+03 2.12447254E-10 0.00000000E+00
6.9036E+03 1.51016153E-10 0.00000000E+00
6.9272E+03 1.14934755E-10 0.00000000E+00
6.9508E+03 9.58640448E-11 0.00000000E+00
6.9743E+03 6.46303670E-11 0.00000000E+00
6.9979E+03 3.74624719E-11 0.00000000E+00
7.0215E+03 2.77910843E-11 0.00000000E+00
7.0450E+03 1.83928710E-11 0.00000000E+00
7.0686E+03 7.89473050E-12 0.00000000E+00
7.0921E+03 7.73111747E-12 0.00000000E+00
7.1157E+03 1.03344997E-11 0.00000000E+00
7.1393E+03 1.14856283E-11 0.00000000E+00
7.1628E+03 2.10705654E-11 0.00000000E+00
7.1864E+03 3.40611802E-11 0.00000000E+00
7.2100E+03 4.11059123E-11 0.00000000E+00
7.2335E+03 5.32128552E-11 0.00000000E+00
7.2571E+03 7.42324294E-11 0.00000000E+00
7.2806E+03 8.83237506E-11 0.00000000E+00
7.3042E+03 9.72374474E-11 0.00000000E+00
7.3278E+03 1.16893670E-10 0.00000000E+00
7.3513E+03 1.38345411E-10 0.00000000E+00
7.3749E+03 1.47201604E-10 0.00000000E+00
7.3985E+03 1.57235774E-10 0.00000000E+00
7.4220E+03 1.77966939E-10 0.00000000E+00
7.4456E+03 1.91741592E-10 0.00000000E+00
7.4691E+03 1.94271535E-10 0.00000000E+00
7.4927E+03 2.04065126E-10 0.00000000E+00
7.5163E+03 2.19365937E-10 0.00000000E+00
7.5398E+03 2.22517286E-10 0.00000000E+00
7.5634E+03 2.20320835E-10 0.00000000E+00
7.5869E+03 2.27617077E-10 0.00000000E+00
7.6105E+03 2.33721738E-10 0.00000000E+00
7.6341E+03 2.27743058E-10 0.00000000E+00
7.6576E+03 2.22805689E-10 0.00000000E+00
7.6812E+03 2.25603491E-10 0.00000000E+00
7.7048E+03 2.22439950E-10 0.00000000E+00
7.7283E+03 2.11038848E-10 0.00000000E+00
7.7519E+03 2.04728971E-10 0.00000000E+00
7.7754E+03 2.02452590E-10 0.00000000E+00
7.7990E+03 1.92776726E-10 0.00000000E+00
7.8226E+03 1.79771910E-10 0.00000000E+00
7.8461E+03 1.72943105E-10 0.00000000E+00
7.8697E+03 1.66750639E-10 0.00000000E+00
7.8933E+03 1.54404573E-10 0.00000000E+00
7.9168E+03 1.42579115E-10 0.00000000E+00
7.9404E+03 1.36010320E-10 0.00000000E+00
7.9639E+03 1.28158424E-10 0.00000000E+00
7.9875E+03 1.16511977E-10 0.00000000E+00
8.0111E+03 1.07416484E-10 0.00000000E+00
8.0346E+03 1.02013495E-10 0.00000000E+00
8.0582E+03 9.48305657E-11 0.00000000E+00
8.0817E+03 8.59752791E-11 0.00000000E+00
8.1053E+03 8.02193814E-11 0.00000000E+00
8.1289E+03 7.68307807E-11 0.00000000E+00
8.1524E+03 7.18867721E-11 0.00000000E+00
8.1760E+03 6.65761386E-11 0.00000000E+00
8.1996E+03 6.41671385E-11 0.00000000E+00
8.2231E+03 6.32423853E-11 0.00000000E+00
8.2467E+03 6.10408099E-11 0.00000000E+00
8.2702E+03 5.90622047E-11 0.00000000E+00
8.2938E+03 5.95979799E-11 0.00000000E+00
8.3174E+03 6.09713309E-11 0.00000000E+00
8.3409E+03 6.11229192E-11 0.00000000E+00
8.3645E+03 6.17434967E-11 0.00000000E+00
8.3881E+03 6.44972162E-11 0.00000000E+00
8.4116E+03 6.74406975E-11 0.00000000E+00
8.4352E+03 6.90803679E-11 0.00000000E+00
8.4587E+03 7.13833373E-11 0.00000000E+00
8.4823E+03 7.53938571E-11 0.00000000E+00
8.5059E+03 7.88941289E-11 0.00000000E+00
8.5294E+03 8.10905769E-11 0.00000000E+00
8.5530E+03 8.41685421E-11 0.00000000E+00
8.5765E+03 8.84030100E-11 0.00000000E+00
8.6001E+03 9.15002542E-11 0.00000000E+00
8.6237E+03 9.35177091E-11 0.00000000E+00
8.6472E+03 9.65820095E-11 0.00000000E+00
8.6708E+03 1.00143465E-10 0.00000000E+00
8.6944E+03 1.02186251E-10 0.00000000E+00
8.7179E+03 1.03580310E-10 0.00000000E+00
8.7415E+03 1.06037384E-10 0.00000000E+00
8.7650E+03 1.08342133E-10 0.00000000E+00
8.7886E+03 1.09083893E-10 0.00000000E+00
8.8122E+03 1.09687595E-10 0.00000000E+00
8.8357E+03 1.11194124E-10 0.00000000E+00
8.8593E+03 1.12050399E-10 0.00000000E+00
8.8829E+03 1.11603596E-10 0.00000000E+00
8.9064E+03 1.11463677E-10 0.00000000E+00
8.9300E+03 1.11945794E-10 0.00000000E+00
8.9535E+03 1.11517087E-10 0.00000000E+00
8.9771E+03 1.10226830E-10 0.00000000E+00
9.0007E+03 1.09532555E-10 0.00000000E+00
9.0242E+03 1.09150006E-10 0.00000000E+00
9.0478E+03 1.07834245E-10 0.00000000E+00
9.0713E+03 1.06135958E-10 0.00000000E+00
9.0949E+03 1.05149994E-10 0.00000000E+00
9.1185E+03 1.04213538E-10 0.00000000E+00
9.1420E+03 1.02493011E-10 0.00000000E+00
9.1656E+03 1.00798100E-10 0.00000000E+00
9.1892E+03 9.97929843E-11 0.00000000E+00
9.2127E+03 9.86580882E-11 0.00000000E+00
9.2363E+03 9.69710012E-11 0.00000000E+00
9.2598E+03 9.55933767E-11 0.00000000E+00
9.2834E+03 9.47953131E-11 0.00000000E+00
9.3070E+03 9.37677752E-11 0.00000000E+00
9.3305E+03 9.24274000E-11 0.00000000E+00
9.3541E+03 9.15505492E-11 0.00000000E+00
9.3777E+03 9.10984305E-11 0.00000000E+00
9.4012E+03 9.03750065E-11 0.00000000E+00
9.4248E+03 8.95415935E-11 0.00000000E+00
9.4483E+03 8.92157556E-11 0.00000000E+00
9.4719E+03 8.91449274E-11 0.00000000E+00
9.4955E+03 8.87969529E-11 0.00000000E+00
9.5190E+03 8.84894718E-11 0.00000000E+00
9.5426E+03 8.86516281E-11 0.00000000E+00
9.5661E+03 8.89033975E-11 0.00000000E+00
9.5897E+03 8.88963841E-11 0.00000000E+00
9.6133E+03 8.90284599E-11 0.00000000E+00
9.6368E+03 8.95372993E-11 0.00000000E+00
9.6604E+03 8.99905205E-11 0.00000000E+00
9.6840E+03 9.02225611E-11 0.00000000E+00
9.7075E+03 9.06474575E-11 0.00000000E+00
9.7311E+03 9.13255992E-11 0.00000000E+00
9.7546E+03 9.18371163E-11 0.00000000E+00
9.7782E+03 9.21820553E-11 0.00000000E+00
9.8018E+03 9.27359124E-11 0.00000000E+00
9.8253E+03 9.34117480E-11 0.00000000E+00
9.8489E+03 9.38542866E-11 0.00000000E+00
9.8725E+03 9.41964025E-11 0.00000000E+00
9.8960E+03 9.47338264E-11 0.00000000E+00
9.9196E+03 9.52739301E-11 0.00000000E+00
9.9431E+03 9.55619005E-11 0.00000000E+00
9.9667E+03 9.58184845E-11 0.00000000E+00
9.9903E+03 9.62354280E-11 0.00000000E+00
1.0014E+04 9.65634156E-11 0.00000000E+00
1.0037E+04 9.66626461E-11 0.00000000E+00
1.0061E+04 9.67928354E-11 0.00000000E+00
1.0085E+04 9.70368956E-11 0.00000000E+00
1.0108E+04 9.71359384E-11 0.00000000E+00
1.0132E+04 9.70599623E-11 0.00000000E+00
1.0155E+04 9.70622713E-11 0.00000000E+00
1.0179E+04 9.71299604E-11 0.00000000E+00
1.0202E+04 9.70326724E-11 0.00000000E+00
1.0226E+04 9.68287360E-11 0.00000000E+00
1.0249E+04 9.67315986E-11 0.00000000E+00
1.0273E+04 9.66566573E-11 0.00000000E+00
1.0297E+04 9.64266800E-11 0.00000000E+00
1.0320E+04 9.61584966E-11 0.00000000E+00
1.0344E+04 9.60061747E-11 0.00000000E+00
1.0367E+04 9.58430188E-11 0.00000000E+00
1.0391E+04 9.55546496E-11 0.00000000E+00
1.0414E+04 9.52854459E-11 0.00000000E+00
1.0438E+04 9.51247518E-11 0.00000000E+00
1.0462E+04 9.49313586E-11 0.00000000E+00
1.0485E+04 9.46521483E-11 0.00000000E+00
1.0509E+04 9.44319161E-11 0.00000000E+00
1.0532E+04 9.43007517E-11 0.00000000E+00
1.0556E+04 9.41256697E-11 0.00000000E+00
1.0579E+04 9.39045105E-11 0.00000000E+00
1.0603E+04 9.37629536E-11 0.00000000E+00
1.0626E+04 9.36838427E-11 0.00000000E+00
1.0650E+04 9.35580399E-11 0.00000000E+00
1.0674E+04 9.34204087E-11 0.00000000E+00
1.0697E+04 9.33651874E-11 0.00000000E+00
1.0721E+04 9.33436051E-11 0.00000000E+00
1.0744E+04 9.32788377E-11 0.00000000E+00
1.0768E+04 9.32274923E-11 0.00000000E+00
1.0791E+04 9.32476751E-11 0.00000000E+00
1.0815E+04 9.32743704E-11 0.00000000E+00
1.0838E+04 9.32657915E-11 0.00000000E+00
1.0862E+04 9.32861585E-11 0.00000000E+00
1.0886E+04 9.33582084E-11 0.00000000E+00
1.0909E+04 9.34148384E-11 0.00000000E+00
1.0933E+04 9.34465842E-11 0.00000000E+00
1.0956E+04 9.35138981E-11 0.00000000E+00
1.0980E+04 9.36092533E-11 0.00000000E+00
1.1003E+04 9.36742188E-11 0.00000000E+00
1.1027E+04 9.37260232E-11 0.00000000E+00
1.1051E+04 9.38128138E-11 0.00000000E+00
1.1074E+04 9.39046325E-11 0.00000000E+00
1.1098E+04 9.39589136E-11 0.00000000E+00
1.1121E+04 9.40114818E-11 0.00000000E+00
1.1145E+04 9.40937472E-11 0.00000000E+00
1.1168E+04 9.41618757E-11 0.00000000E+00
1.1192E+04 9.41925557E-11 0.00000000E+00
1.1215E+04 9.42318068E-11 0.00000000E+00
1.1239E+04 9.42927536E-11 0.00000000E+00
1.1263E+04 9.43263520E-11 0.00000000E+00
1.1286E+04 9.43281861E-11 0.00000000E+00
1.1310E+04 9.43467202E-11 0.00000000E+00
1.1333E+04 9.43784480E-11 0.00000000E+00
1.1357E+04 9.43759107E-11 0.00000000E+00
1.1380E+04 9.43509220E-11 0.00000000E+00
1.1404E+04 9.43480500E-11 0.00000000E+00
1.1428E+04 9.43506295E-11 0.00000000E+00
1.1451E+04 9.43179428E-11 0.00000000E+00
1.1475E+04 9.42732640E-11 0.00000000E+00
1.1498E+04 9.42533755E-11 0.00000000E+00
1.1522E+04 9.42329082E-11 0.00000000E+00
1.1545E+04 9.41805647E-11 0.00000000E+00
1.1569E+04 9.41260583E-11 0.00000000E+00
1.1592E+04 9.40962343E-11 0.00000000E+00
1.1616E+04 9.40619037E-11 0.00000000E+00
1.1640E+04 9.40018769E-11 0.00000000E+00
1.1663E+04 9.39472826E-11 0.00000000E+00
1.1687E+04 9.39151767E-11 0.00000000E+00
1.1710E+04 9.38765467E-11 0.00000000E+00
1.1734E+04 9.38195224E-11 0.00000000E+00
1.1757E+04 9.37726028E-11 0.00000000E+00
1.1781E+04 9.37443203E-11 0.00000000E+00
1.1805E+04 9.37093127E-11 0.00000000E+00
1.1828E+04 9.36629002E-11 0.00000000E+00
1.1852E+04 9.36281906E-11 0.00000000E+00
1.1875E+04 9.36074633E-11 0.00000000E+00
1.1899E+04 9.35810048E-11 0.00000000E+00
1.1922E+04 9.35490323E-11 0.00000000E+00
1.1946E+04 9.35275877E-11 0.00000000E+00
1.1969E+04 9.35153238E-11 0.00000000E+00
1.1993E+04 9.34992816E-11 0.00000000E+00
1.2017E+04 9.34818839E-11 0.00000000E+00
1.2040E+04 9.34718939E-11 0.00000000E+00
1.2064E+04 9.34666895E-11 0.00000000E+00
1.2087E+04 9.34601366E-11 0.00000000E+00
1.2111E+04 9.34547380E-11 0.00000000E+00
1.2134E+04 9.34524005E-11 0.00000000E+00
1.2158E+04 9.34514180E-11 0.00000000E+00
1.2182E+04 9.34517019E-11 0.00000000E+00
1.2205E+04 9.34540901E-11 0.00000000E+00
1.2229E+04 9.34549488E-11 0.00000000E+00
1.2252E+04 9.34547820E-11 0.00000000E+00
1.2276E+04 9.34584996E-11 0.00000000E+00
1.2299E+04 9.34641503E-11 0.00000000E+00
1.2323E+04 9.34640405E-11 0.00000000E+00
1.2346E+04 9.34617647E-11 0.00000000E+00
1.2370E+04 9.34656672E-11 0.00000000E+00
1.2394E+04 9.34706599E-11 0.00000000E+00
1.2417E+04 9.34665667E-11 0.00000000E+00
1.2441E+04 9.34601417E-11 0.00000000E+00
1.2464E+04 9.34618743E-11 0.00000000E+00
1.2488E+04 9.34635240E-11 0.00000000E+00
1.2511E+04 9.34539153E-11 0.00000000E+00
1.2535E+04 9.34425814E-11 0.00000000E+00
1.2559E+04 9.34408174E-11 0.00000000E+00
1.2582E+04 9.34379222E-11 0.00000000E+00
1.2606E+04 9.34227212E-11 0.00000000E+00
1.2629E+04 9.34068262E-11 0.00000000E+00
1.2653E+04 9.34014087E-11 0.00000000E+00
1.2676E+04 9.33940367E-11 0.00000000E+00
1.2700E+04 9.33743705E-11 0.00000000E+00
1.2723E+04 9.33550755E-11 0.00000000E+00
1.2747E+04 9.33466082E-11 0.00000000E+00
1.2771E+04 9.33358408E-11 0.00000000E+00
1.2794E+04 9.33134848E-11 0.00000000E+00
1.2818E+04 9.32923959E-11 0.00000000E+00
1.2841E+04 9.32819641E-11 0.00000000E+00
1.2865E+04 9.32693138E-11 0.00000000E+00
1.2888E+04 9.32462746E-11 0.00000000E+00
1.2912E+04 9.32249230E-11 0.00000000E+00
1.2936E+04 9.32136977E-11 0.00000000E+00
1.2959E+04 9.32007626E-11 0.00000000E+00
1.2983E+04 9.31787666E-11 0.00000000E+00
1.3006E+04 9.31584064E-11 0.00000000E+00
1.3030E+04 9.31473020E-11 0.00000000E+00
1.3053E+04 9.31353656E-11 0.00000000E+00
1.3077E+04 9.31156406E-11 0.00000000E+00
1.3100E+04 9.30969544E-11 0.00000000E+00
1.3124E+04 9.30865609E-11 0.00000000E+00
1.3148E+04 9.30764115E-11 0.00000000E+00
1.3171E+04 9.30595397E-11 0.00000000E+00
1.3195E+04 9.30426932E-11 0.00000000E+00
1.3218E+04 9.30331128E-11 0.00000000E+00
1.3242E+04 9.30250352E-11 0.00000000E+00
1.3265E+04 9.30109955E-11 0.00000000E+00
1.3289E+04 9.29956901E-11 0.00000000E+00
1.3312E+04 9.29867296E-11 0.00000000E+00
1.3336E+04 9.29805061E-11 0.00000000E+00
1.3360E+04 9.29688450E-11 0.00000000E+00
1.3383E+04 9.29544824E-11 0.00000000E+00
1.3407E+04 9.29456961E-11 0.00000000E+00
1.3430E+04 9.29408526E-11 0.00000000E+00
1.3454E+04 9.29308437E-11 0.00000000E+00
1.3477E+04 9.29167612E-11 0.00000000E+00
1.3501E+04 9.29076421E-11 0.00000000E+00
1.3525E+04 9.29035248E-11 0.00000000E+00
1.3548E+04 9.28944300E-11 0.00000000E+00
1.3572E+04 9.28800105E-11 0.00000000E+00
1.3595E+04 9.28701335E-11 0.00000000E+00
1.3619E+04 9.28661356E-11 0.00000000E+00
1.3642E+04 9.28573053E-11 0.00000000E+00
1.3666E+04 9.28421647E-11 0.00000000E+00
1.3689E+04 9.28312182E-11 0.00000000E+00
1.3713E+04 9.28268556E-11 0.00000000E+00
1.3737E+04 9.28178779E-11 0.00000000E+00
1.3760E+04 9.28018517E-11 0.00000000E+00
1.3784E+04 9.27897514E-11 0.00000000E+00
1.3807E+04 9.27847122E-11 0.00000000E+00
1.3831E+04 9.27754122E-11 0.00000000E+00
1.3854E+04 9.27585869E-11 0.00000000E+00
1.3878E+04 9.27453709E-11 0.00000000E+00
1.3902E+04 9.27395635E-11 0.00000000E+00
1.3925E+04 9.27299843E-11 0.00000000E+00
1.3949E+04 9.27126237E-11 0.00000000E+00
1.3972E+04 9.26984806E-11 0.00000000E+00
1.3996E+04 9.26919226E-11 0.00000000E+00
1.4019E+04 9.26822710E-11 0.00000000E+00
1.4043E+04 9.26647255E-11 0.00000000E+00
1.4066E+04 9.26498890E-11 0.00000000E+00
1.4090E+04 9.26427335E-11 0.00000000E+00
1.4114E+04 9.26332584E-11 0.00000000E+00
1.4137E+04 9.26159039E-11 0.00000000E+00
1.4161E+04 9.26006009E-11 0.00000000E+00
1.4184E+04 9.25930038E-11 0.00000000E+00
1.4208E+04 9.25839728E-11 0.00000000E+00
1.4231E+04 9.25671077E-11 0.00000000E+00
1.4255E+04 9.25515379E-11 0.00000000E+00
1.4279E+04 9.25436484E-11 0.00000000E+00
1.4302E+04 9.25352338E-11 0.00000000E+00
1.4326E+04 9.25190838E-11 0.00000000E+00
1.4349E+04 9.25033528E-11 0.00000000E+00
1.4373E+04 9.24952666E-11 0.00000000E+00
1.4396E+04 9.24875588E-11 0.00000000E+00
1.4420E+04 9.24722221E-11 0.00000000E+00
1.4443E+04 9.24563988E-11 0.00000000E+00
1.4467E+04 9.24481253E-11 0.00000000E+00
1.4491E+04 9.24411005E-11 0.00000000E+00
1.4514E+04 9.24265886E-11 0.00000000E+00
1.4538E+04 9.24106609E-11 0.00000000E+00
1.4561E+04 9.24021739E-11 0.00000000E+00
1.4585E+04 9.23957248E-11 0.00000000E+00
1.4608E+04 9.23819777E-11 0.00000000E+00
1.4632E+04 9.23659164E-11 0.00000000E+00
1.4656E+04 9.23571090E-11 0.00000000E+00
1.4679E+04 9.23510914E-11 0.00000000E+00
1.4703E+04 9.23380175E-11 0.00000000E+00
1.4726E+04 9.23217850E-11 0.00000000E+00
1.4750E+04 9.23125526E-11 0.00000000E+00
1.4773E+04 9.23067833E-11 0.00000000E+00
1.4797E+04 9.22942957E-11 0.00000000E+00
1.4820E+04 9.22778641E-11 0.00000000E+00
1.4844E+04 9.22680893E-11 0.00000000E+00
1.4868E+04 9.22624239E-11 0.00000000E+00
1.4891E+04 9.22504412E-11 0.00000000E+00
1.4915E+04 9.22338185E-11 0.00000000E+00
1.4938E+04 9.22234098E-11 0.00000000E+00
1.4962E+04 9.22177212E-11 0.00000000E+00
1.4985E+04 9.22062087E-11 0.00000000E+00
1.5009E+04 9.21894164E-11 0.00000000E+00
1.5033E+04 9.21783231E-11 0.00000000E+00
1.5056E+04 9.21725401E-11 0.00000000E+00
1.5080E+04 9.21614830E-11 0.00000000E+00
1.5103E+04 9.21445899E-11 0.00000000E+00
1.5127E+04 9.21327844E-11 0.00000000E+00
1.5150E+04 9.21268675E-11 0.00000000E+00
1.5174E+04 9.21162807E-11 0.00000000E+00
1.5197E+04 9.20993638E-11 0.00000000E+00
1.5221E+04 9.20868797E-11 0.00000000E+00
1.5245E+04 9.20808088E-11 0.00000000E+00
1.5268E+04 9.20707093E-11 0.00000000E+00
1.5292E+04 9.20538606E-11 0.00000000E+00
1.5315E+04 9.20407390E-11 0.00000000E+00
1.5339E+04 9.20345205E-11 0.00000000E+00
1.5362E+04 9.20249253E-11 0.00000000E+00
1.5386E+04 9.20082376E-11 0.00000000E+00
1.5410E+04 9.19945494E-11 0.00000000E+00
1.5433E+04 9.19881630E-11 0.00000000E+00
1.5457E+04 9.19790875E-11 0.00000000E+00
1.5480E+04 9.19626475E-11 0.00000000E+00
1.5504E+04 9.19484640E-11 0.00000000E+00
1.5527E+04 9.19418899E-11 0.00000000E+00
1.5551E+04 9.19333211E-11 0.00000000E+00
1.5574E+04 9.19172127E-11 0.00000000E+00
1.5598E+04 9.19026001E-11 0.00000000E+00
1.5622E+04 9.18957855E-11 0.00000000E+00
1.5645E+04 9.18877079E-11 0.00000000E+00
1.5669E+04 9.18719889E-11 0.00000000E+00
1.5692E+04 9.18570092E-11 0.00000000E+00
1.5716E+04 9.18498918E-11 0.00000000E+00
1.5739E+04 9.18422688E-11 0.00000000E+00
1.5763E+04 9.18269937E-11 0.00000000E+00
1.5787E+04 9.18116799E-11 0.00000000E+00
1.5810E+04 9.18041876E-11 0.00000000E+00
1.5834E+04 9.17969854E-11 0.00000000E+00
1.5857E+04 9.17821898E-11 0.00000000E+00
1.5881E+04 9.17665780E-11 0.00000000E+00
1.5904E+04 9.17586298E-11 0.00000000E+00
1.5928E+04 9.17518036E-11 0.00000000E+00
1.5951E+04 9.17375154E-11 0.00000000E+00
1.5975E+04 9.17216231E-11 0.00000000E+00
1.5999E+04 9.17131637E-11 0.00000000E+00
1.6022E+04 9.17066646E-11 0.00000000E+00
1.6046E+04 9.16928970E-11 0.00000000E+00
1.6069E+04 9.16767459E-11 0.00000000E+00
1.6093E+04 9.16677244E-11 0.00000000E+00
1.6116E+04 9.16615087E-11 0.00000000E+00
1.6140E+04 9.16482681E-11 0.00000000E+00
1.6163E+04 9.16318820E-11 0.00000000E+00
1.6187E+04 9.16222799E-11 0.00000000E+00
1.6211E+04 9.16162898E-11 0.00000000E+00
1.6234E+04 9.16035828E-11 0.00000000E+00
1.6258E+04 9.15869955E-11 0.00000000E+00
1.6281E+04 9.15768071E-11 0.00000000E+00
1.6305E+04 9.15709878E-11 0.00000000E+00
1.6328E+04 9.15588129E-11 0.00000000E+00
1.6352E+04 9.15420773E-11 0.00000000E+00
1.6376E+04 9.15313150E-11 0.00000000E+00
1.6399E+04 9.15255959E-11 0.00000000E+00
1.6423E+04 9.15139571E-11 0.00000000E+00
1.6446E+04 9.14971313E-11 0.00000000E+00
1.6470E+04 9.14858192E-11 0.00000000E+00
1.6493E+04 9.14801304E-11 0.00000000E+00
1.6517E+04 9.14690290E-11 0.00000000E+00
1.6540E+04 9.14521882E-11 0.00000000E+00
1.6564E+04 9.14403438E-11 0.00000000E+00
1.6588E+04 9.14346106E-11 0.00000000E+00
1.6611E+04 9.14240540E-11 0.00000000E+00
1.6635E+04 9.14072741E-11 0.00000000E+00
1.6658E+04 9.13949203E-11 0.00000000E+00
1.6682E+04 9.13890655E-11 0.00000000E+00
1.6705E+04 9.13790589E-11 0.00000000E+00
1.6729E+04 9.13624178E-11 0.00000000E+00
1.6753E+04 9.13495624E-11 0.00000000E+00
1.6776E+04 9.13435213E-11 0.00000000E+00
1.6800E+04 9.13340670E-11 0.00000000E+00
1.6823E+04 9.13176364E-11 0.00000000E+00
1.6847E+04 9.13042877E-11 0.00000000E+00
1.6870E+04 9.12979967E-11 0.00000000E+00
1.6894E+04 9.12890933E-11 0.00000000E+00
1.6917E+04 9.12729339E-11 0.00000000E+00
1.6941E+04 9.12590960E-11 0.00000000E+00
1.6965E+04 9.12525110E-11 0.00000000E+00
1.6988E+04 9.12441414E-11 0.00000000E+00
1.7012E+04 9.12283058E-11 0.00000000E+00
1.7035E+04 9.12139849E-11 0.00000000E+00
1.7059E+04 9.12070676E-11 0.00000000E+00
1.7082E+04 9.11992081E-11 0.00000000E+00
1.7106E+04 9.11837336E-11 0.00000000E+00
1.7130E+04 9.11689475E-11 0.00000000E+00
1.7153E+04 9.11616713E-11 0.00000000E+00
1.7177E+04 9.11542794E-11 0.00000000E+00
1.7200E+04 9.11392017E-11 0.00000000E+00
1.7224E+04 9.11239753E-11 0.00000000E+00
1.7247E+04 9.11163179E-11 0.00000000E+00
1.7271E+04 9.11093417E-11 0.00000000E+00
1.7294E+04 9.10946884E-11 0.00000000E+00
1.7318E+04 9.10790679E-11 0.00000000E+00
1.7342E+04 9.10710048E-11 0.00000000E+00
1.7365E+04 9.10643794E-11 0.00000000E+00
1.7389E+04 9.10501786E-11 0.00000000E+00
1.7412E+04 9.10342169E-11 0.00000000E+00
1.7436E+04 9.10257265E-11 0.00000000E+00
1.7459E+04 9.10193835E-11 0.00000000E+00
1.7483E+04 9.10056625E-11 0.00000000E+00
1.7507E+04 9.09894242E-11 0.00000000E+00
1.7530E+04 9.09804733E-11 0.00000000E+00
1.7554E+04 9.09743474E-11 0.00000000E+00
1.7577E+04 9.09611369E-11 0.00000000E+00
1.7601E+04 9.09446912E-11 0.00000000E+00
1.7624E+04 9.09352464E-11 0.00000000E+00
1.7648E+04 9.09292721E-11 0.00000000E+00
1.7671E+04 9.09166031E-11 0.00000000E+00
1.7695E+04 9.09000196E-11 0.00000000E+00
1.7719E+04 9.08900444E-11 0.00000000E+00
1.7742E+04 9.08841673E-11 0.00000000E+00
1.7766E+04 9.08720630E-11 0.00000000E+00
1.7789E+04 9.08554083E-11 0.00000000E+00
1.7813E+04 9.08448710E-11 0.00000000E+00
1.7836E+04 9.08390426E-11 0.00000000E+00
1.7860E+04 9.08275214E-11 0.00000000E+00
1.7884E+04 9.08108516E-11 0.00000000E+00
1.7907E+04 9.07997289E-11 0.00000000E+00
1.7931E+04 9.07939103E-11 0.00000000E+00
1.7954E+04 9.07829801E-11 0.00000000E+00
1.7978E+04 9.07663493E-11 0.00000000E+00
1.8001E+04 9.07546272E-11 0.00000000E+00
1.8025E+04 9.07487802E-11 0.00000000E+00
1.8048E+04 9.07384378E-11 0.00000000E+00
1.8072E+04 9.07218948E-11 0.00000000E+00
1.8096E+04 9.07095797E-11 0.00000000E+00
1.8119E+04 9.07036630E-11 0.00000000E+00
1.8143E+04 9.06938904E-11 0.00000000E+00
1.8166E+04 9.06774820E-11 0.00000000E+00
1.8190E+04 9.06645926E-11 0.00000000E+00
1.8213E+04 9.06585637E-11 0.00000000E+00
1.8237E+04 9.06493327E-11 0.00000000E+00
1.8261E+04 9.06331050E-11 0.00000000E+00
1.8284E+04 9.06196744E-11 0.00000000E+00
1.8308E+04 9.06134798E-11 0.00000000E+00
1.8331E+04 9.06047589E-11 0.00000000E+00
1.8355E+04 9.05887609E-11 0.00000000E+00
1.8378E+04 9.05748299E-11 0.00000000E+00
1.8402E+04 9.05684104E-11 0.00000000E+00
1.8425E+04 9.05601627E-11 0.00000000E+00
1.8449E+04 9.05444496E-11 0.00000000E+00
1.8473E+04 9.05300643E-11 0.00000000E+00
1.8496E+04 9.05233521E-11 0.00000000E+00
1.8520E+04 9.05155422E-11 0.00000000E+00
1.8543E+04 9.05001669E-11 0.00000000E+00
1.8567E+04 9.04853760E-11 0.00000000E+00
1.8590E+04 9.04783048E-11 0.00000000E+00
1.8614E+04 9.04708971E-11 0.00000000E+00
1.8637E+04 9.04559120E-11 0.00000000E+00
1.8661E+04 9.04407570E-11 0.00000000E+00
1.8685E+04 9.04332653E-11 0.00000000E+00
1.8708E+04 9.04262305E-11 0.00000000E+00
1.8732E+04 9.04116825E-11 0.00000000E+00
1.8755E+04 9.03962031E-11 0.00000000E+00
1.8779E+04 9.03882361E-11 0.00000000E+00
1.8802E+04 9.03815442E-11 0.00000000E+00
1.8826E+04 9.03674758E-11 0.00000000E+00
1.8850E+04 9.03517081E-11 0.00000000E+00
1.8873E+04 9.03432265E-11 0.00000000E+00
1.8897E+04 9.03368434E-11 0.00000000E+00
1.8920E+04 9.03232854E-11 0.00000000E+00
1.8944E+04 9.03072675E-11 0.00000000E+00
1.8967E+04 9.02982460E-11 0.00000000E+00
1.8991E+04 9.02921322E-11 0.00000000E+00
1.9014E+04 9.02791040E-11 0.00000000E+00
1.9038E+04 9.02628742E-11 0.00000000E+00
1.9062E+04 9.02533046E-11 0.00000000E+00
1.9085E+04 9.02474118E-11 0.00000000E+00
1.9109E+04 9.02349255E-11 0.00000000E+00
1.9132E+04 9.02185273E-11 0.00000000E+00
1.9156E+04 9.02084096E-11 0.00000000E+00
1.9179E+04 9.02026811E-11 0.00000000E+00
1.9203E+04 9.01907434E-11 0.00000000E+00
1.9227E+04 9.01742303E-11 0.00000000E+00
1.9250E+04 9.01635724E-11 0.00000000E+00
1.9274E+04 9.01579387E-11 0.00000000E+00
1.9297E+04 9.01465522E-11 0.00000000E+00
1.9321E+04 9.01299848E-11 0.00000000E+00
1.9344E+04 9.01187991E-11 0.00000000E+00
1.9368E+04 9.01131855E-11 0.00000000E+00
1.9391E+04 9.01023483E-11 0.00000000E+00
1.9415E+04 9.00857920E-11 0.00000000E+00
1.9439E+04 9.00740885E-11 0.00000000E+00
1.9462E+04 9.00684197E-11 0.00000000E+00
1.9486E+04 9.00581313E-11 0.00000000E+00
1.9509E+04 9.00416526E-11 0.00000000E+00
1.9533E+04 9.00294381E-11 0.00000000E+00
1.9556E+04 9.00236411E-11 0.00000000E+00
1.9580E+04 9.00139014E-11 0.00000000E+00
1.9604E+04 8.99975683E-11 0.00000000E+00
1.9627E+04 8.99848459E-11 0.00000000E+00
1.9651E+04 8.99788547E-11 0.00000000E+00
1.9674E+04 8.99696589E-11 0.00000000E+00
1.9698E+04 8.99535353E-11 0.00000000E+00
1.9721E+04 8.99403104E-11 0.00000000E+00
1.9745E+04 8.99340688E-11 0.00000000E+00
1.9768E+04 8.99254051E-11 0.00000000E+00
1.9792E+04 8.99095454E-11 0.00000000E+00
1.9816E+04 8.98958251E-11 0.00000000E+00
1.9839E+04 8.98892912E-11 0.00000000E+00
1.9863E+04 8.98811400E-11 0.00000000E+00
1.9886E+04 8.98655916E-11 0.00000000E+00
1.9910E+04 8.98513884E-11 0.00000000E+00
1.9933E+04 8.98445279E-11 0.00000000E+00
1.9957E+04 8.98368615E-11 0.00000000E+00
1.9981E+04 8.98216664E-11 0.00000000E+00
2.0004E+04 8.98070049E-11 0.00000000E+00
2.0028E+04 8.97997900E-11 0.00000000E+00
2.0051E+04 8.97925659E-11 0.00000000E+00
2.0075E+04 8.97777615E-11 0.00000000E+00
2.0098E+04 8.97626789E-11 0.00000000E+00
2.0122E+04 8.97550855E-11 0.00000000E+00
2.0145E+04 8.97482512E-11 0.00000000E+00
2.0169E+04 8.97338684E-11 0.00000000E+00
2.0193E+04 8.97184130E-11 0.00000000E+00
2.0216E+04 8.97104167E-11 0.00000000E+00
2.0240E+04 8.97039137E-11 0.00000000E+00
2.0263E+04 8.96899839E-11 0.00000000E+00
2.0287E+04 8.96742111E-11 0.00000000E+00
2.0310E+04 8.96657834E-11 0.00000000E+00
2.0334E+04 8.96595504E-11 0.00000000E+00
2.0358E+04 8.96461062E-11 0.00000000E+00
2.0381E+04 8.96300804E-11 0.00000000E+00
2.0405E+04 8.96211872E-11 0.00000000E+00
2.0428E+04 8.96151618E-11 0.00000000E+00
2.0452E+04 8.96022333E-11 0.00000000E+00
2.0475E+04 8.95860211E-11 0.00000000E+00
2.0499E+04 8.95766292E-11 0.00000000E+00
2.0522E+04 8.95707521E-11 0.00000000E+00
2.0546E+04 8.95583645E-11 0.00000000E+00
2.0570E+04 8.95420286E-11 0.00000000E+00
2.0593E+04 8.95321046E-11 0.00000000E+00
2.0617E+04 8.95263254E-11 0.00000000E+00
2.0640E+04 8.95144999E-11 0.00000000E+00
2.0664E+04 8.94980988E-11 0.00000000E+00
2.0687E+04 8.94876136E-11 0.00000000E+00
2.0711E+04 8.94818862E-11 0.00000000E+00
2.0735E+04 8.94706377E-11 0.00000000E+00
2.0758E+04 8.94542271E-11 0.00000000E+00
2.0782E+04 8.94431620E-11 0.00000000E+00
2.0805E+04 8.94374429E-11 0.00000000E+00
2.0829E+04 8.94267738E-11 0.00000000E+00
2.0852E+04 8.94104052E-11 0.00000000E+00
2.0876E+04 8.93987556E-11 0.00000000E+00
2.0899E+04 8.93930029E-11 0.00000000E+00
2.0923E+04 8.93829037E-11 0.00000000E+00
2.0947E+04 8.93666237E-11 0.00000000E+00
2.0970E+04 8.93543982E-11 0.00000000E+00
2.0994E+04 8.93485690E-11 0.00000000E+00
2.1017E+04 8.93390225E-11 0.00000000E+00
2.1041E+04 8.93228780E-11 0.00000000E+00
2.1064E+04 8.93100970E-11 0.00000000E+00
2.1088E+04 8.93041426E-11 0.00000000E+00
2.1112E+04 8.92951241E-11 0.00000000E+00
2.1135E+04 8.92791660E-11 0.00000000E+00
2.1159E+04 8.92658624E-11 0.00000000E+00
2.1182E+04 8.92597263E-11 0.00000000E+00
2.1206E+04 8.92512043E-11 0.00000000E+00
2.1229E+04 8.92354842E-11 0.00000000E+00
2.1253E+04 8.92216986E-11 0.00000000E+00
2.1276E+04 8.92153211E-11 0.00000000E+00
2.1300E+04 8.92072612E-11 0.00000000E+00
2.1324E+04 8.91918311E-11 0.00000000E+00
2.1347E+04 8.91776055E-11 0.00000000E+00
2.1371E+04 8.91709239E-11 0.00000000E+00
2.1394E+04 8.91632946E-11 0.00000000E+00
2.1418E+04 8.91482072E-11 0.00000000E+00
2.1441E+04 8.91335833E-11 0.00000000E+00
2.1465E+04 8.91265353E-11 0.00000000E+00
2.1488E+04 8.91193053E-11 0.00000000E+00
2.1512E+04 8.91046123E-11 0.00000000E+00
2.1536E+04 8.90896307E-11 0.00000000E+00
2.1559E+04 8.90821597E-11 0.00000000E+00
2.1583E+04 8.90752970E-11 0.00000000E+00
2.1606E+04 8.90610427E-11 0.00000000E+00
2.1630E+04 8.90457422E-11 0.00000000E+00
2.1653E+04 8.90378022E-11 0.00000000E+00
2.1677E+04 8.90312734E-11 0.00000000E+00
2.1701E+04 8.90174941E-11 0.00000000E+00
2.1724E+04 8.90019109E-11 0.00000000E+00
2.1748E+04 8.89934682E-11 0.00000000E+00
2.1771E+04 8.89872374E-11 0.00000000E+00
2.1795E+04 8.89739614E-11 0.00000000E+00
2.1818E+04 8.89581335E-11 0.00000000E+00
2.1842E+04 8.89491662E-11 0.00000000E+00
2.1865E+04 8.89431901E-11 0.00000000E+00
2.1889E+04 8.89304376E-11 0.00000000E+00
2.1913E+04 8.89144076E-11 0.00000000E+00
2.1936E+04 8.89049064E-11 0.00000000E+00
2.1960E+04 8.88991329E-11 0.00000000E+00
2.1983E+04 8.88869154E-11 0.00000000E+00
2.2007E+04 8.88707313E-11 0.00000000E+00
2.2030E+04 8.88606957E-11 0.00000000E+00
2.2054E+04 8.88550650E-11 0.00000000E+00
2.2078E+04 8.88433888E-11 0.00000000E+00
2.2101E+04 8.88271048E-11 0.00000000E+00
2.2125E+04 8.88165395E-11 0.00000000E+00
2.2148E+04 8.88109846E-11 0.00000000E+00
2.2172E+04 8.87998534E-11 0.00000000E+00
2.2195E+04 8.87835301E-11 0.00000000E+00
2.2219E+04 8.87724417E-11 0.00000000E+00
2.2242E+04 8.87668916E-11 0.00000000E+00
2.2266E+04 8.87563062E-11 0.00000000E+00
2.2290E+04 8.87400078E-11 0.00000000E+00
2.2313E+04 8.87284030E-11 0.00000000E+00
2.2337E+04 8.87227868E-11 0.00000000E+00
2.2360E+04 8.87127462E-11 0.00000000E+00
2.2384E+04 8.86965376E-11 0.00000000E+00
2.2407E+04 8.86844211E-11 0.00000000E+00
2.2431E+04 8.86786722E-11 0.00000000E+00
2.2455E+04 8.86691735E-11 0.00000000E+00
2.2478E+04 8.86531181E-11 0.00000000E+00
2.2502E+04 8.86404945E-11 0.00000000E+00
2.2525E+04 8.86345526E-11 0.00000000E+00
2.2549E+04 8.86255884E-11 0.00000000E+00
2.2572E+04 8.86097456E-11 0.00000000E+00
2.2596E+04 8.85966220E-11 0.00000000E+00
2.2619E+04 8.85904358E-11 0.00000000E+00
2.2643E+04 8.85819911E-11 0.00000000E+00
2.2667E+04 8.85664131E-11 0.00000000E+00
2.2690E+04 8.85528011E-11 0.00000000E+00
2.2714E+04 8.85463294E-11 0.00000000E+00
2.2737E+04 8.85383811E-11 0.00000000E+00
2.2761E+04 8.85231135E-11 0.00000000E+00
2.2784E+04 8.85090317E-11 0.00000000E+00
2.2808E+04 8.85022395E-11 0.00000000E+00
2.2832E+04 8.84947562E-11 0.00000000E+00
2.2855E+04 8.84798405E-11 0.00000000E+00
2.2879E+04 8.84653178E-11 0.00000000E+00
2.2902E+04 8.84581744E-11 0.00000000E+00
2.2926E+04 8.84511133E-11 0.00000000E+00
2.2949E+04 8.84365871E-11 0.00000000E+00
2.2973E+04 8.84216637E-11 0.00000000E+00
2.2996E+04 8.84141407E-11 0.00000000E+00
2.3020E+04 8.84074505E-11 0.00000000E+00
2.3044E+04 8.83933466E-11 0.00000000E+00
2.3067E+04 8.83780715E-11 0.00000000E+00
2.3091E+04 8.83701403E-11 0.00000000E+00
2.3114E+04 8.83637657E-11 0.00000000E+00
2.3138E+04 8.83501158E-11 0.00000000E+00
2.3161E+04 8.83345436E-11 0.00000000E+00
2.3185E+04 8.83261729E-11 0.00000000E+00
2.3209E+04 8.83200569E-11 0.00000000E+00
2.3232E+04 8.83068929E-11 0.00000000E+00
2.3256E+04 8.82910841E-11 0.00000000E+00
2.3279E+04 8.82822402E-11 0.00000000E+00
2.3303E+04 8.82763252E-11 0.00000000E+00
2.3326E+04 8.82636761E-11 0.00000000E+00
2.3350E+04 8.82476928E-11 0.00000000E+00
2.3373E+04 8.82383438E-11 0.00000000E+00
2.3397E+04 8.82325748E-11 0.00000000E+00
2.3421E+04 8.82204634E-11 0.00000000E+00
2.3444E+04 8.82043648E-11 0.00000000E+00
2.3468E+04 8.81944827E-11 0.00000000E+00
2.3491E+04 8.81888103E-11 0.00000000E+00
2.3515E+04 8.81772537E-11 0.00000000E+00
2.3538E+04 8.81610946E-11 0.00000000E+00
2.3562E+04 8.81506570E-11 0.00000000E+00
2.3586E+04 8.81450356E-11 0.00000000E+00
2.3609E+04 8.81340445E-11 0.00000000E+00
2.3633E+04 8.81178783E-11 0.00000000E+00
2.3656E+04 8.81068724E-11 0.00000000E+00
2.3680E+04 8.81012564E-11 0.00000000E+00
2.3703E+04 8.80908316E-11 0.00000000E+00
2.3727E+04 8.80747098E-11 0.00000000E+00
2.3750E+04 8.80631359E-11 0.00000000E+00
2.3774E+04 8.80574793E-11 0.00000000E+00
2.3798E+04 8.80476101E-11 0.00000000E+00
2.3821E+04 8.80315817E-11 0.00000000E+00
2.3845E+04 8.80194523E-11 0.00000000E+00
2.3868E+04 8.80137076E-11 0.00000000E+00
2.3892E+04 8.80043759E-11 0.00000000E+00
2.3915E+04 8.79884893E-11 0.00000000E+00
2.3939E+04 8.79758260E-11 0.00000000E+00
2.3962E+04 8.79699415E-11 0.00000000E+00
2.3986E+04 8.79611246E-11 0.00000000E+00
2.4010E+04 8.79454309E-11 0.00000000E+00
2.4033E+04 8.79322639E-11 0.00000000E+00
2.4057E+04 8.79261823E-11 0.00000000E+00
2.4080E+04 8.79178525E-11 0.00000000E+00
2.4104E+04 8.79024050E-11 0.00000000E+00
2.4127E+04 8.78887708E-11 0.00000000E+00
2.4151E+04 8.78824322E-11 0.00000000E+00
2.4175E+04 8.78745583E-11 0.00000000E+00
2.4198E+04 8.78594093E-11 0.00000000E+00
2.4222E+04 8.78453466E-11 0.00000000E+00
2.4245E+04 8.78386922E-11 0.00000000E+00
2.4269E+04 8.78312429E-11 0.00000000E+00
2.4292E+04 8.78164419E-11 0.00000000E+00
2.4316E+04 8.78019885E-11 0.00000000E+00
2.4339E+04 8.77949626E-11 0.00000000E+00
2.4363E+04 8.77879075E-11 0.00000000E+00
2.4387E+04 8.77735018E-11 0.00000000E+00
2.4410E+04 8.77586943E-11 0.00000000E+00
2.4434E+04 8.77512468E-11 0.00000000E+00
2.4457E+04 8.77445538E-11 0.00000000E+00
2.4481E+04 8.77305856E-11 0.00000000E+00
2.4504E+04 8.77154620E-11 0.00000000E+00
2.4528E+04 8.77075525E-11 0.00000000E+00
2.4552E+04 8.77011848E-11 0.00000000E+00
2.4575E+04 8.76876879E-11 0.00000000E+00
2.4599E+04 8.76722870E-11 0.00000000E+00
2.4622E+04 8.76638867E-11 0.00000000E+00
2.4646E+04 8.76578033E-11 0.00000000E+00
2.4669E+04 8.76448023E-11 0.00000000E+00
2.4693E+04 8.76291644E-11 0.00000000E+00
2.4716E+04 8.76202553E-11 0.00000000E+00
2.4740E+04 8.76144096E-11 0.00000000E+00
2.4764E+04 8.76019235E-11 0.00000000E+00
2.4787E+04 8.75860931E-11 0.00000000E+00
2.4811E+04 8.75766648E-11 0.00000000E+00
2.4834E+04 8.75710032E-11 0.00000000E+00
2.4858E+04 8.75590454E-11 0.00000000E+00
2.4881E+04 8.75430743E-11 0.00000000E+00
2.4905E+04 8.75331235E-11 0.00000000E+00
2.4929E+04 8.75275843E-11 0.00000000E+00
2.4952E+04 8.75161626E-11 0.00000000E+00
2.4976E+04 8.75001078E-11 0.00000000E+00
2.4999E+04 8.74896361E-11 0.00000000E+00
2.5023E+04 8.74841537E-11 0.00000000E+00
2.5046E+04 8.74732713E-11 0.00000000E+00
2.5070E+04 8.74571925E-11 0.00000000E+00
2.5093E+04 8.74462029E-11 0.00000000E+00
2.5117E+04 8.74407109E-11 0.00000000E+00
2.5141E+04 8.74303698E-11 0.00000000E+00
2.5164E+04 8.74143287E-11 0.00000000E+00
2.5188E+04 8.74028236E-11 0.00000000E+00
2.5211E+04 8.73972567E-11 0.00000000E+00
2.5235E+04 8.73874569E-11 0.00000000E+00
2.5258E+04 8.73715167E-11 0.00000000E+00
2.5282E+04 8.73594997E-11 0.00000000E+00
2.5306E+04 8.73537958E-11 0.00000000E+00
2.5329E+04 8.73445318E-11 0.00000000E+00
2.5353E+04 8.73287529E-11 0.00000000E+00
2.5376E+04 8.73162302E-11 0.00000000E+00
2.5400E+04 8.73103347E-11 0.00000000E+00
2.5423E+04 8.73015947E-11 0.00000000E+00
2.5447E+04 8.72860312E-11 0.00000000E+00
2.5470E+04 8.72730124E-11 0.00000000E+00
2.5494E+04 8.72668783E-11 0.00000000E+00
2.5518E+04 8.72586452E-11 0.00000000E+00
2.5541E+04 8.72433462E-11 0.00000000E+00
2.5565E+04 8.72298462E-11 0.00000000E+00
2.5588E+04 8.72234328E-11 0.00000000E+00
2.5612E+04 8.72156810E-11 0.00000000E+00
2.5635E+04 8.72006927E-11 0.00000000E+00
2.5659E+04 8.71867354E-11 0.00000000E+00
2.5683E+04 8.71800061E-11 0.00000000E+00
2.5706E+04 8.71727003E-11 0.00000000E+00
2.5730E+04 8.71580632E-11 0.00000000E+00
2.5753E+04 8.71436826E-11 0.00000000E+00
2.5777E+04 8.71366048E-11 0.00000000E+00
2.5800E+04 8.71297012E-11 0.00000000E+00
2.5824E+04 8.71154514E-11 0.00000000E+00
2.5847E+04 8.71006890E-11 0.00000000E+00
2.5871E+04 8.70932311E-11 0.00000000E+00
2.5895E+04 8.70866814E-11 0.00000000E+00
2.5918E+04 8.70728536E-11 0.00000000E+00
2.5942E+04 8.70577581E-11 0.00000000E+00
2.5965E+04 8.70498872E-11 0.00000000E+00
2.5989E+04 8.70436389E-11 0.00000000E+00
2.6012E+04 8.70302670E-11 0.00000000E+00
2.6036E+04 8.70148934E-11 0.00000000E+00
2.6060E+04 8.70065761E-11 0.00000000E+00
2.6083E+04 8.70005744E-11 0.00000000E+00
2.6107E+04 8.69876885E-11 0.00000000E+00
2.6130E+04 8.69720946E-11 0.00000000E+00
2.6154E+04 8.69632988E-11 0.00000000E+00
2.6177E+04 8.69574903E-11 0.00000000E+00
2.6201E+04 8.69451163E-11 0.00000000E+00
2.6224E+04 8.69293586E-11 0.00000000E+00
2.6248E+04 8.69200545E-11 0.00000000E+00
2.6272E+04 8.69143892E-11 0.00000000E+00
2.6295E+04 8.69025488E-11 0.00000000E+00
2.6319E+04 8.68866830E-11 0.00000000E+00
2.6342E+04 8.68768453E-11 0.00000000E+00
2.6366E+04 8.68712749E-11 0.00000000E+00
2.6389E+04 8.68599835E-11 0.00000000E+00
2.6413E+04 8.68440638E-11 0.00000000E+00
2.6437E+04 8.68336761E-11 0.00000000E+00
2.6460E+04 8.68281532E-11 0.00000000E+00
2.6484E+04 8.68174166E-11 0.00000000E+00
2.6507E+04 8.68014945E-11 0.00000000E+00
2.6531E+04 8.67905506E-11 0.00000000E+00
2.6554E+04 8.67850288E-11 0.00000000E+00
2.6578E+04 8.67748444E-11 0.00000000E+00
2.6601E+04 8.67589693E-11 0.00000000E+00
2.6625E+04 8.67474729E-11 0.00000000E+00
2.6649E+04 8.67419044E-11 0.00000000E+00
2.6672E+04 8.67322624E-11 0.00000000E+00
2.6696E+04 8.67164848E-11 0.00000000E+00
2.6719E+04 8.67044498E-11 0.00000000E+00
2.6743E+04 8.66987830E-11 0.00000000E+00
2.6766E+04 8.66896663E-11 0.00000000E+00
2.6790E+04 8.66740375E-11 0.00000000E+00
2.6813E+04 8.66614874E-11 0.00000000E+00
2.6837E+04 8.66556673E-11 0.00000000E+00
2.6861E+04 8.66470525E-11 0.00000000E+00
2.6884E+04 8.66316241E-11 0.00000000E+00
2.6908E+04 8.66185882E-11 0.00000000E+00
2.6931E+04 8.66125579E-11 0.00000000E+00
2.6955E+04 8.66044193E-11 0.00000000E+00
2.6978E+04 8.65892429E-11 0.00000000E+00
2.7002E+04 8.65757537E-11 0.00000000E+00
2.7026E+04 8.65694553E-11 0.00000000E+00
2.7049E+04 8.65617652E-11 0.00000000E+00
2.7073E+04 8.65468931E-11 0.00000000E+00
2.7096E+04 8.65329854E-11 0.00000000E+00
2.7120E+04 8.65263622E-11 0.00000000E+00
2.7143E+04 8.65190909E-11 0.00000000E+00
2.7167E+04 8.65045720E-11 0.00000000E+00
2.7190E+04 8.64902817E-11 0.00000000E+00
2.7214E+04 8.64832824E-11 0.00000000E+00
2.7238E+04 8.64763983E-11 0.00000000E+00
2.7261E+04 8.64622761E-11 0.00000000E+00
2.7285E+04 8.64476387E-11 0.00000000E+00
2.7308E+04 8.64402195E-11 0.00000000E+00
2.7332E+04 8.64336891E-11 0.00000000E+00
2.7355E+04 8.64200018E-11 0.00000000E+00
2.7379E+04 8.64050535E-11 0.00000000E+00
2.7403E+04 8.63971790E-11 0.00000000E+00
2.7426E+04 8.63909646E-11 0.00000000E+00
2.7450E+04 8.63777441E-11 0.00000000E+00
2.7473E+04 8.63625245E-11 0.00000000E+00
2.7497E+04 8.63541690E-11 0.00000000E+00
2.7520E+04 8.63482265E-11 0.00000000E+00
2.7544E+04 8.63354966E-11 0.00000000E+00
2.7567E+04 8.63200490E-11 0.00000000E+00
2.7591E+04 8.63111961E-11 0.00000000E+00
2.7615E+04 8.63054757E-11 0.00000000E+00
2.7638E+04 8.62932538E-11 0.00000000E+00
2.7662E+04 8.62776252E-11 0.00000000E+00
2.7685E+04 8.62682652E-11 0.00000000E+00
2.7709E+04 8.62627115E-11 0.00000000E+00
2.7732E+04 8.62510107E-11 0.00000000E+00
2.7756E+04 8.62352538E-11 0.00000000E+00
2.7780E+04 8.62253819E-11 0.00000000E+00
2.7803E+04 8.62199338E-11 0.00000000E+00
2.7827E+04 8.62087629E-11 0.00000000E+00
2.7850E+04 8.61929356E-11 0.00000000E+00
2.7874E+04 8.61825504E-11 0.00000000E+00
2.7897E+04 8.61771437E-11 0.00000000E+00
2.7921E+04 8.61665071E-11 0.00000000E+00
2.7944E+04 8.61506693E-11 0.00000000E+00
2.7968E+04 8.61397712E-11 0.00000000E+00
2.7992E+04 8.61343425E-11 0.00000000E+00
2.8015E+04 8.61242419E-11 0.00000000E+00
2.8039E+04 8.61084538E-11 0.00000000E+00
2.8062E+04 8.60970437E-11 0.00000000E+00
2.8086E+04 8.60915318E-11 0.00000000E+00
2.8109E+04 8.60819661E-11 0.00000000E+00
2.8133E+04 8.60662880E-11 0.00000000E+00
2.8157E+04 8.60543690E-11 0.00000000E+00
2.8180E+04 8.60487164E-11 0.00000000E+00
2.8204E+04 8.60396788E-11 0.00000000E+00
2.8227E+04 8.60241679E-11 0.00000000E+00
2.8251E+04 8.60117473E-11 0.00000000E+00
2.8274E+04 8.60059029E-11 0.00000000E+00
2.8298E+04 8.59973793E-11 0.00000000E+00
2.8321E+04 8.59820874E-11 0.00000000E+00
2.8345E+04 8.59691769E-11 0.00000000E+00
2.8369E+04 8.59630962E-11 0.00000000E+00
2.8392E+04 8.59550668E-11 0.00000000E+00
2.8416E+04 8.59400411E-11 0.00000000E+00
2.8439E+04 8.59266590E-11 0.00000000E+00
2.8463E+04 8.59203019E-11 0.00000000E+00
2.8486E+04 8.59127388E-11 0.00000000E+00
2.8510E+04 8.58980238E-11 0.00000000E+00
2.8534E+04 8.58841975E-11 0.00000000E+00
2.8557E+04 8.58775268E-11 0.00000000E+00
2.8581E+04 8.58703932E-11 0.00000000E+00
2.8604E+04 8.58560292E-11 0.00000000E+00
2.8628E+04 8.58417951E-11 0.00000000E+00
2.8651E+04 8.58347766E-11 0.00000000E+00
2.8675E+04 8.58280286E-11 0.00000000E+00
2.8698E+04 8.58140517E-11 0.00000000E+00
2.8722E+04 8.57994526E-11 0.00000000E+00
2.8746E+04 8.57920527E-11 0.00000000E+00
2.8769E+04 8.57856432E-11 0.00000000E+00
2.8793E+04 8.57720881E-11 0.00000000E+00
2.8816E+04 8.57571726E-11 0.00000000E+00
2.8840E+04 8.57493568E-11 0.00000000E+00
2.8863E+04 8.57432356E-11 0.00000000E+00
2.8887E+04 8.57301361E-11 0.00000000E+00
2.8911E+04 8.57149580E-11 0.00000000E+00
2.8934E+04 8.57066921E-11 0.00000000E+00
2.8958E+04 8.57008071E-11 0.00000000E+00
2.8981E+04 8.56881926E-11 0.00000000E+00
2.9005E+04 8.56728077E-11 0.00000000E+00
2.9028E+04 8.56640606E-11 0.00000000E+00
2.9052E+04 8.56583609E-11 0.00000000E+00
2.9075E+04 8.56462552E-11 0.00000000E+00
2.9099E+04 8.56307174E-11 0.00000000E+00
2.9123E+04 8.56214620E-11 0.00000000E+00
2.9146E+04 8.56158996E-11 0.00000000E+00
2.9170E+04 8.56043222E-11 0.00000000E+00
2.9193E+04 8.55886840E-11 0.00000000E+00
2.9217E+04 8.55788986E-11 0.00000000E+00
2.9240E+04 8.55734265E-11 0.00000000E+00
2.9264E+04 8.55623905E-11 0.00000000E+00
2.9287E+04 8.55467046E-11 0.00000000E+00
2.9311E+04 8.55363762E-11 0.00000000E+00
2.9335E+04 8.55309464E-11 0.00000000E+00
2.9358E+04 8.55204560E-11 0.00000000E+00
2.9382E+04 8.55047736E-11 0.00000000E+00
2.9405E+04 8.54939000E-11 0.00000000E+00
2.9429E+04 8.54884644E-11 0.00000000E+00
2.9452E+04 8.54785147E-11 0.00000000E+00
2.9476E+04 8.54628852E-11 0.00000000E+00
2.9500E+04 8.54514733E-11 0.00000000E+00
2.9523E+04 8.54459827E-11 0.00000000E+00
2.9547E+04 8.54365627E-11 0.00000000E+00
2.9570E+04 8.54210360E-11 0.00000000E+00
2.9594E+04 8.54091007E-11 0.00000000E+00
2.9617E+04 8.54035024E-11 0.00000000E+00
2.9641E+04 8.53945961E-11 0.00000000E+00
2.9664E+04 8.53792242E-11 0.00000000E+00
2.9688E+04 8.53667883E-11 0.00000000E+00
2.9712E+04 8.53610261E-11 0.00000000E+00
2.9735E+04 8.53526117E-11 0.00000000E+00
2.9759E+04 8.53374474E-11 0.00000000E+00
2.9782E+04 8.53245394E-11 0.00000000E+00
2.9806E+04 8.53185565E-11 0.00000000E+00
2.9829E+04 8.53106082E-11 0.00000000E+00
2.9853E+04 8.52957024E-11 0.00000000E+00
2.9877E+04 8.52823538E-11 0.00000000E+00
2.9900E+04 8.52760945E-11 0.00000000E+00
2.9924E+04 8.52685854E-11 0.00000000E+00
2.9947E+04 8.52539876E-11 0.00000000E+00
2.9971E+04 8.52402303E-11 0.00000000E+00
2.9994E+04 8.52336416E-11 0.00000000E+00
3.0018E+04 8.52265435E-11 0.00000000E+00
3.0041E+04 8.52123010E-11 0.00000000E+00
3.0065E+04 8.51981687E-11 0.00000000E+00
3.0089E+04 8.51912024E-11 0.00000000E+00
3.0112E+04 8.51844835E-11 0.00000000E+00
3.0136E+04 8.51706390E-11 0.00000000E+00
3.0159E+04 8.51561674E-11 0.00000000E+00
3.0183E+04 8.51487831E-11 0.00000000E+00
3.0206E+04 8.51424075E-11 0.00000000E+00
3.0230E+04 8.51289963E-11 0.00000000E+00
3.0254E+04 8.51142226E-11 0.00000000E+00
3.0277E+04 8.51063891E-11 0.00000000E+00
3.0301E+04 8.51003172E-11 0.00000000E+00
3.0324E+04 8.50873677E-11 0.00000000E+00
3.0348E+04 8.50723313E-11 0.00000000E+00
3.0371E+04 8.50640253E-11 0.00000000E+00
3.0395E+04 8.50582126E-11 0.00000000E+00
3.0418E+04 8.50457483E-11 0.00000000E+00
3.0442E+04 8.50304933E-11 0.00000000E+00
3.0466E+04 8.50216984E-11 0.00000000E+00
3.0489E+04 8.50160937E-11 0.00000000E+00
3.0513E+04 8.50041328E-11 0.00000000E+00
3.0536E+04 8.49887091E-11 0.00000000E+00
3.0560E+04 8.49794152E-11 0.00000000E+00
3.0583E+04 8.49739615E-11 0.00000000E+00
3.0607E+04 8.49625158E-11 0.00000000E+00
3.0631E+04 8.49469773E-11 0.00000000E+00
3.0654E+04 8.49371794E-11 0.00000000E+00
3.0678E+04 8.49318167E-11 0.00000000E+00
3.0701E+04 8.49208941E-11 0.00000000E+00
3.0725E+04 8.49052969E-11 0.00000000E+00
3.0748E+04 8.48949919E-11 0.00000000E+00
3.0772E+04 8.48896592E-11 0.00000000E+00
3.0795E+04 8.48792651E-11 0.00000000E+00
3.0819E+04 8.48636682E-11 0.00000000E+00
3.0843E+04 8.48528543E-11 0.00000000E+00
3.0866E+04 8.48474905E-11 0.00000000E+00
3.0890E+04 8.48376271E-11 0.00000000E+00
3.0913E+04 8.48220905E-11 0.00000000E+00
3.0937E+04 8.48107690E-11 0.00000000E+00
3.0960E+04 8.48053150E-11 0.00000000E+00
3.0984E+04 8.47959786E-11 0.00000000E+00
3.1008E+04 8.47805600E-11 0.00000000E+00
3.1031E+04 8.47687354E-11 0.00000000E+00
3.1055E+04 8.47631375E-11 0.00000000E+00
3.1078E+04 8.47543190E-11 0.00000000E+00
3.1102E+04 8.47390717E-11 0.00000000E+00
3.1125E+04 8.47267520E-11 0.00000000E+00
3.1149E+04 8.47209621E-11 0.00000000E+00
3.1172E+04 8.47126470E-11 0.00000000E+00
3.1196E+04 8.46976215E-11 0.00000000E+00
3.1220E+04 8.46848205E-11 0.00000000E+00
3.1243E+04 8.46787943E-11 0.00000000E+00
3.1267E+04 8.46709609E-11 0.00000000E+00
3.1290E+04 8.46562043E-11 0.00000000E+00
3.1314E+04 8.46429437E-11 0.00000000E+00
3.1337E+04 8.46366409E-11 0.00000000E+00
3.1361E+04 8.46292587E-11 0.00000000E+00
3.1385E+04 8.46148139E-11 0.00000000E+00
3.1408E+04 8.46011235E-11 0.00000000E+00
3.1432E+04 8.45945071E-11 0.00000000E+00
3.1455E+04 8.45875390E-11 0.00000000E+00
3.1479E+04 8.45734446E-11 0.00000000E+00
3.1502E+04 8.45593611E-11 0.00000000E+00
3.1526E+04 8.45523957E-11 0.00000000E+00
3.1549E+04 8.45457995E-11 0.00000000E+00
3.1573E+04 8.45320929E-11 0.00000000E+00
3.1597E+04 8.45176595E-11 0.00000000E+00
3.1620E+04 8.45103098E-11 0.00000000E+00
3.1644E+04 8.45040392E-11 0.00000000E+00
3.1667E+04 8.44907553E-11 0.00000000E+00
3.1691E+04 8.44760211E-11 0.00000000E+00
3.1714E+04 8.44682525E-11 0.00000000E+00
3.1738E+04 8.44622582E-11 0.00000000E+00
3.1762E+04 8.44494286E-11 0.00000000E+00
3.1785E+04 8.44344453E-11 0.00000000E+00
3.1809E+04 8.44262252E-11 0.00000000E+00
3.1832E+04 8.44204580E-11 0.00000000E+00
3.1856E+04 8.44081104E-11 0.00000000E+00
3.1879E+04 8.43929305E-11 0.00000000E+00
3.1903E+04 8.43842292E-11 0.00000000E+00
3.1926E+04 8.43786405E-11 0.00000000E+00
3.1950E+04 8.43667985E-11 0.00000000E+00
3.1974E+04 8.43514748E-11 0.00000000E+00
3.1997E+04 8.43422674E-11 0.00000000E+00
3.2021E+04 8.43368092E-11 0.00000000E+00
3.2044E+04 8.43254899E-11 0.00000000E+00
3.2068E+04 8.43100744E-11 0.00000000E+00
3.2091E+04 8.43003432E-11 0.00000000E+00
3.2115E+04 8.42949680E-11 0.00000000E+00
3.2138E+04 8.42841813E-11 0.00000000E+00
3.2162E+04 8.42687246E-11 0.00000000E+00
3.2186E+04 8.42584601E-11 0.00000000E+00
3.2209E+04 8.42531204E-11 0.00000000E+00
3.2233E+04 8.42428691E-11 0.00000000E+00
3.2256E+04 8.42274214E-11 0.00000000E+00
3.2280E+04 8.42166229E-11 0.00000000E+00
3.2303E+04 8.42112695E-11 0.00000000E+00
3.2327E+04 8.42015490E-11 0.00000000E+00
3.2351E+04 8.41861611E-11 0.00000000E+00
3.2374E+04 8.41748372E-11 0.00000000E+00
3.2398E+04 8.41694187E-11 0.00000000E+00
3.2421E+04 8.41602174E-11 0.00000000E+00
3.2445E+04 8.41449398E-11 0.00000000E+00
3.2468E+04 8.41331068E-11 0.00000000E+00
3.2492E+04 8.41275700E-11 0.00000000E+00
3.2515E+04 8.41188710E-11 0.00000000E+00
3.2539E+04 8.41037548E-11 0.00000000E+00
3.2563E+04 8.40914345E-11 0.00000000E+00
3.2586E+04 8.40857245E-11 0.00000000E+00
3.2610E+04 8.40775075E-11 0.00000000E+00
3.2633E+04 8.40626046E-11 0.00000000E+00
3.2657E+04 8.40498235E-11 0.00000000E+00
3.2680E+04 8.40438845E-11 0.00000000E+00
3.2704E+04 8.40361253E-11 0.00000000E+00
3.2728E+04 8.40214868E-11 0.00000000E+00
3.2751E+04 8.40082749E-11 0.00000000E+00
3.2775E+04 8.40020532E-11 0.00000000E+00
3.2798E+04 8.39947245E-11 0.00000000E+00
3.2822E+04 8.39803982E-11 0.00000000E+00
3.2845E+04 8.39667870E-11 0.00000000E+00
3.2869E+04 8.39602330E-11 0.00000000E+00
3.2892E+04 8.39533058E-11 0.00000000E+00
3.2916E+04 8.39393359E-11 0.00000000E+00
3.2940E+04 8.39253579E-11 0.00000000E+00
3.2963E+04 8.39184273E-11 0.00000000E+00
3.2987E+04 8.39118696E-11 0.00000000E+00
3.3010E+04 8.38982968E-11 0.00000000E+00
3.3034E+04 8.38839871E-11 0.00000000E+00
3.3057E+04 8.38766424E-11 0.00000000E+00
3.3081E+04 8.38704173E-11 0.00000000E+00
3.3105E+04 8.38572756E-11 0.00000000E+00
3.3128E+04 8.38426728E-11 0.00000000E+00
3.3152E+04 8.38348847E-11 0.00000000E+00
3.3175E+04 8.38289504E-11 0.00000000E+00
3.3199E+04 8.38162668E-11 0.00000000E+00
3.3222E+04 8.38014119E-11 0.00000000E+00
3.3246E+04 8.37931586E-11 0.00000000E+00
3.3269E+04 8.37874692E-11 0.00000000E+00
3.3293E+04 8.37752657E-11 0.00000000E+00
3.3317E+04 8.37602036E-11 0.00000000E+00
3.3340E+04 8.37514691E-11 0.00000000E+00
3.3364E+04 8.37459733E-11 0.00000000E+00
3.3387E+04 8.37342678E-11 0.00000000E+00
3.3411E+04 8.37190491E-11 0.00000000E+00
3.3434E+04 8.37098223E-11 0.00000000E+00
3.3458E+04 8.37044636E-11 0.00000000E+00
3.3482E+04 8.36932683E-11 0.00000000E+00
3.3505E+04 8.36779473E-11 0.00000000E+00
3.3529E+04 8.36682222E-11 0.00000000E+00
3.3552E+04 8.36629417E-11 0.00000000E+00
3.3576E+04 8.36522640E-11 0.00000000E+00
3.3599E+04 8.36368964E-11 0.00000000E+00
3.3623E+04 8.36266690E-11 0.00000000E+00
3.3646E+04 8.36214080E-11 0.00000000E+00
3.3670E+04 8.36112529E-11 0.00000000E+00
3.3694E+04 8.35958960E-11 0.00000000E+00
3.3717E+04 8.35851641E-11 0.00000000E+00
3.3741E+04 8.35798643E-11 0.00000000E+00
3.3764E+04 8.35702330E-11 0.00000000E+00
3.3788E+04 8.35549450E-11 0.00000000E+00
3.3811E+04 8.35437101E-11 0.00000000E+00
3.3835E+04 8.35383154E-11 0.00000000E+00
3.3859E+04 8.35292027E-11 0.00000000E+00
3.3882E+04 8.35140391E-11 0.00000000E+00
3.3906E+04 8.35023072E-11 0.00000000E+00
3.3929E+04 8.34967661E-11 0.00000000E+00
3.3953E+04 8.34881612E-11 0.00000000E+00
3.3976E+04 8.34731732E-11 0.00000000E+00
3.4000E+04 8.34609543E-11 0.00000000E+00
3.4023E+04 8.34552200E-11 0.00000000E+00
3.4047E+04 8.34471068E-11 0.00000000E+00
3.4071E+04 8.34323436E-11 0.00000000E+00
3.4094E+04 8.34196535E-11 0.00000000E+00
3.4118E+04 8.34136823E-11 0.00000000E+00
3.4141E+04 8.34060376E-11 0.00000000E+00
3.4165E+04 8.33915453E-11 0.00000000E+00
3.4188E+04 8.33784084E-11 0.00000000E+00
3.4212E+04 8.33721597E-11 0.00000000E+00
3.4236E+04 8.33649518E-11 0.00000000E+00
3.4259E+04 8.33507724E-11 0.00000000E+00
3.4283E+04 8.33372200E-11 0.00000000E+00
3.4306E+04 8.33306564E-11 0.00000000E+00
3.4330E+04 8.33238482E-11 0.00000000E+00
3.4353E+04 8.33100199E-11 0.00000000E+00
3.4377E+04 8.32960892E-11 0.00000000E+00
3.4400E+04 8.32891743E-11 0.00000000E+00
3.4424E+04 8.32827250E-11 0.00000000E+00
3.4448E+04 8.32692849E-11 0.00000000E+00
3.4471E+04 8.32550189E-11 0.00000000E+00
3.4495E+04 8.32477166E-11 0.00000000E+00
3.4518E+04 8.32415811E-11 0.00000000E+00
3.4542E+04 8.32285641E-11 0.00000000E+00
3.4565E+04 8.32140112E-11 0.00000000E+00
3.4589E+04 8.32062874E-11 0.00000000E+00
3.4612E+04 8.32004177E-11 0.00000000E+00
3.4636E+04 8.31878539E-11 0.00000000E+00
3.4660E+04 8.31730642E-11 0.00000000E+00
3.4683E+04 8.31648881E-11 0.00000000E+00
3.4707E+04 8.31592367E-11 0.00000000E+00
3.4730E+04 8.31471518E-11 0.00000000E+00
3.4754E+04 8.31321754E-11 0.00000000E+00
3.4777E+04 8.31235195E-11 0.00000000E+00
3.4801E+04 8.31180394E-11 0.00000000E+00
3.4825E+04 8.31064555E-11 0.00000000E+00
3.4848E+04 8.30913435E-11 0.00000000E+00
3.4872E+04 8.30821852E-11 0.00000000E+00
3.4895E+04 8.30768289E-11 0.00000000E+00
3.4919E+04 8.30657618E-11 0.00000000E+00
3.4942E+04 8.30505657E-11 0.00000000E+00
3.4966E+04 8.30408903E-11 0.00000000E+00
3.4989E+04 8.30356095E-11 0.00000000E+00
3.5013E+04 8.30250667E-11 0.00000000E+00
3.5037E+04 8.30098368E-11 0.00000000E+00
3.5060E+04 8.29996382E-11 0.00000000E+00
3.5084E+04 8.29943845E-11 0.00000000E+00
3.5107E+04 8.29843669E-11 0.00000000E+00
3.5131E+04 8.29691524E-11 0.00000000E+00
3.5154E+04 8.29584320E-11 0.00000000E+00
3.5178E+04 8.29531559E-11 0.00000000E+00
3.5202E+04 8.29436587E-11 0.00000000E+00
3.5225E+04 8.29285102E-11 0.00000000E+00
3.5249E+04 8.29172766E-11 0.00000000E+00
3.5272E+04 8.29119261E-11 0.00000000E+00
3.5296E+04 8.29029385E-11 0.00000000E+00
3.5319E+04 8.28879077E-11 0.00000000E+00
3.5343E+04 8.28761773E-11 0.00000000E+00
3.5366E+04 8.28706982E-11 0.00000000E+00
3.5390E+04 8.28622032E-11 0.00000000E+00
3.5414E+04 8.28473414E-11 0.00000000E+00
3.5437E+04 8.28351362E-11 0.00000000E+00
3.5461E+04 8.28294746E-11 0.00000000E+00
3.5484E+04 8.28214514E-11 0.00000000E+00
3.5508E+04 8.28068085E-11 0.00000000E+00
3.5531E+04 8.27941537E-11 0.00000000E+00
3.5555E+04 8.27882564E-11 0.00000000E+00
3.5579E+04 8.27806819E-11 0.00000000E+00
3.5602E+04 8.27663072E-11 0.00000000E+00
3.5626E+04 8.27532305E-11 0.00000000E+00
3.5649E+04 8.27470461E-11 0.00000000E+00
3.5673E+04 8.27398941E-11 0.00000000E+00
3.5696E+04 8.27258352E-11 0.00000000E+00
3.5720E+04 8.27123673E-11 0.00000000E+00
3.5743E+04 8.27058485E-11 0.00000000E+00
3.5767E+04 8.26990887E-11 0.00000000E+00
3.5791E+04 8.26853883E-11 0.00000000E+00
3.5814E+04 8.26715627E-11 0.00000000E+00
3.5838E+04 8.26646685E-11 0.00000000E+00
3.5861E+04 8.26582669E-11 0.00000000E+00
3.5885E+04 8.26449619E-11 0.00000000E+00
3.5908E+04 8.26308139E-11 0.00000000E+00
3.5932E+04 8.26235100E-11 0.00000000E+00
3.5956E+04 8.26174294E-11 0.00000000E+00
3.5979E+04 8.26045519E-11 0.00000000E+00
3.6003E+04 8.25901194E-11 0.00000000E+00
3.6026E+04 8.25823780E-11 0.00000000E+00
3.6050E+04 8.25765762E-11 0.00000000E+00
3.6073E+04 8.25641537E-11 0.00000000E+00
3.6097E+04 8.25494794E-11 0.00000000E+00
3.6120E+04 8.25412786E-11 0.00000000E+00
3.6144E+04 8.25357081E-11 0.00000000E+00
3.6168E+04 8.25237622E-11 0.00000000E+00
3.6191E+04 8.25088934E-11 0.00000000E+00
3.6215E+04 8.25002178E-11 0.00000000E+00
3.6238E+04 8.24948261E-11 0.00000000E+00
3.6262E+04 8.24833725E-11 0.00000000E+00
3.6285E+04 8.24683594E-11 0.00000000E+00
3.6309E+04 8.24591984E-11 0.00000000E+00
3.6333E+04 8.24539308E-11 0.00000000E+00
3.6356E+04 8.24429812E-11 0.00000000E+00
3.6380E+04 8.24278767E-11 0.00000000E+00
3.6403E+04 8.24182224E-11 0.00000000E+00
3.6427E+04 8.24130224E-11 0.00000000E+00
3.6450E+04 8.24025858E-11 0.00000000E+00
3.6474E+04 8.23874456E-11 0.00000000E+00
3.6497E+04 8.23772930E-11 0.00000000E+00
3.6521E+04 8.23721029E-11 0.00000000E+00
3.6545E+04 8.23621833E-11 0.00000000E+00
3.6568E+04 8.23470647E-11 0.00000000E+00
3.6592E+04 8.23364126E-11 0.00000000E+00
3.6615E+04 8.23311762E-11 0.00000000E+00
3.6639E+04 8.23217721E-11 0.00000000E+00
3.6662E+04 8.23067299E-11 0.00000000E+00
3.6686E+04 8.22955812E-11 0.00000000E+00
3.6710E+04 8.22902455E-11 0.00000000E+00
3.6733E+04 8.22813508E-11 0.00000000E+00
3.6757E+04 8.22664379E-11 0.00000000E+00
3.6780E+04 8.22547986E-11 0.00000000E+00
3.6804E+04 8.22493143E-11 0.00000000E+00
3.6827E+04 8.22409179E-11 0.00000000E+00
3.6851E+04 8.22261852E-11 0.00000000E+00
3.6874E+04 8.22140673E-11 0.00000000E+00
3.6898E+04 8.22083877E-11 0.00000000E+00
3.6922E+04 8.22004714E-11 0.00000000E+00
3.6945E+04 8.21859671E-11 0.00000000E+00
3.6969E+04 8.21733896E-11 0.00000000E+00
3.6992E+04 8.21674715E-11 0.00000000E+00
3.7016E+04 8.21600098E-11 0.00000000E+00
3.7039E+04 8.21457781E-11 0.00000000E+00
3.7063E+04 8.21327666E-11 0.00000000E+00
3.7087E+04 8.21265699E-11 0.00000000E+00
3.7110E+04 8.21195315E-11 0.00000000E+00
3.7134E+04 8.21056133E-11 0.00000000E+00
3.7157E+04 8.20921997E-11 0.00000000E+00
3.7181E+04 8.20856861E-11 0.00000000E+00
3.7204E+04 8.20790348E-11 0.00000000E+00
3.7228E+04 8.20654693E-11 0.00000000E+00
3.7251E+04 8.20516915E-11 0.00000000E+00
3.7275E+04 8.20448237E-11 0.00000000E+00
3.7299E+04 8.20385186E-11 0.00000000E+00
3.7322E+04 8.20253423E-11 0.00000000E+00
3.7346E+04 8.20112434E-11 0.00000000E+00
3.7369E+04 8.20039861E-11 0.00000000E+00
3.7393E+04 8.19979829E-11 0.00000000E+00
3.7416E+04 8.19852286E-11 0.00000000E+00
3.7440E+04 8.19708553E-11 0.00000000E+00
3.7463E+04 8.19631753E-11 0.00000000E+00
3.7487E+04 8.19574286E-11 0.00000000E+00
3.7511E+04 8.19451257E-11 0.00000000E+00
3.7534E+04 8.19305263E-11 0.00000000E+00
3.7558E+04 8.19223938E-11 0.00000000E+00
3.7581E+04 8.19168571E-11 0.00000000E+00
3.7605E+04 8.19050306E-11 0.00000000E+00
3.7628E+04 8.18902547E-11 0.00000000E+00
3.7652E+04 8.18816446E-11 0.00000000E+00
3.7676E+04 8.18762709E-11 0.00000000E+00
3.7699E+04 8.18649402E-11 0.00000000E+00
3.7723E+04 8.18500376E-11 0.00000000E+00
3.7746E+04 8.18409305E-11 0.00000000E+00
3.7770E+04 8.18356728E-11 0.00000000E+00
3.7793E+04 8.18248515E-11 0.00000000E+00
3.7817E+04 8.18098718E-11 0.00000000E+00
3.7840E+04 8.18002553E-11 0.00000000E+00
3.7864E+04 8.17950655E-11 0.00000000E+00
3.7888E+04 8.17847608E-11 0.00000000E+00
3.7911E+04 8.17697542E-11 0.00000000E+00
3.7935E+04 8.17596238E-11 0.00000000E+00
3.7958E+04 8.17544525E-11 0.00000000E+00
3.7982E+04 8.17446644E-11 0.00000000E+00
3.8005E+04 8.17296810E-11 0.00000000E+00
3.8029E+04 8.17190400E-11 0.00000000E+00
3.8053E+04 8.17138367E-11 0.00000000E+00
3.8076E+04 8.17045588E-11 0.00000000E+00
3.8100E+04 8.16896485E-11 0.00000000E+00
3.8123E+04 8.16785066E-11 0.00000000E+00
3.8147E+04 8.16732197E-11 0.00000000E+00
3.8170E+04 8.16644411E-11 0.00000000E+00
3.8194E+04 8.16496547E-11 0.00000000E+00
3.8217E+04 8.16380273E-11 0.00000000E+00
3.8241E+04 8.16326033E-11 0.00000000E+00
3.8265E+04 8.16243084E-11 0.00000000E+00
3.8288E+04 8.16096977E-11 0.00000000E+00
3.8312E+04 8.15976059E-11 0.00000000E+00
3.8335E+04 8.15919913E-11 0.00000000E+00
3.8359E+04 8.15841593E-11 0.00000000E+00
3.8382E+04 8.15697738E-11 0.00000000E+00
3.8406E+04 8.15572429E-11 0.00000000E+00
3.8430E+04 8.15513865E-11 0.00000000E+00
3.8453E+04 8.15439933E-11 0.00000000E+00
3.8477E+04 8.15298798E-11 0.00000000E+00
3.8500E+04 8.15169366E-11 0.00000000E+00
3.8524E+04 8.15107901E-11 0.00000000E+00
3.8547E+04 8.15038099E-11 0.00000000E+00
3.8571E+04 8.14900138E-11 0.00000000E+00
3.8594E+04 8.14766878E-11 0.00000000E+00
3.8618E+04 8.14702063E-11 0.00000000E+00
3.8642E+04 8.14636090E-11 0.00000000E+00
3.8665E+04 8.14501723E-11 0.00000000E+00
3.8689E+04 8.14364973E-11 0.00000000E+00
3.8712E+04 8.14296416E-11 0.00000000E+00
3.8736E+04 8.14233916E-11 0.00000000E+00
3.8759E+04 8.14103499E-11 0.00000000E+00
3.8783E+04 8.13963624E-11 0.00000000E+00
3.8807E+04 8.13891007E-11 0.00000000E+00
3.8830E+04 8.13831590E-11 0.00000000E+00
3.8854E+04 8.13705418E-11 0.00000000E+00
3.8877E+04 8.13562802E-11 0.00000000E+00
3.8901E+04 8.13485863E-11 0.00000000E+00
3.8924E+04 8.13429109E-11 0.00000000E+00
3.8948E+04 8.13307446E-11 0.00000000E+00
3.8971E+04 8.13162516E-11 0.00000000E+00
3.8995E+04 8.13081039E-11 0.00000000E+00
3.9019E+04 8.13026470E-11 0.00000000E+00
3.9042E+04 8.12909535E-11 0.00000000E+00
3.9066E+04 8.12762777E-11 0.00000000E+00
3.9089E+04 8.12676603E-11 0.00000000E+00
3.9113E+04 8.12623693E-11 0.00000000E+00
3.9136E+04 8.12511636E-11 0.00000000E+00
3.9160E+04 8.12363557E-11 0.00000000E+00
3.9184E+04 8.12272583E-11 0.00000000E+00
3.9207E+04 8.12220792E-11 0.00000000E+00
3.9231E+04 8.12113719E-11 0.00000000E+00
3.9254E+04 8.11964837E-11 0.00000000E+00
3.9278E+04 8.11868980E-11 0.00000000E+00
3.9301E+04 8.11817764E-11 0.00000000E+00
3.9325E+04 8.11715761E-11 0.00000000E+00
3.9348E+04 8.11566621E-11 0.00000000E+00
3.9372E+04 8.11465828E-11 0.00000000E+00
3.9396E+04 8.11414629E-11 0.00000000E+00
3.9419E+04 8.11317734E-11 0.00000000E+00
3.9443E+04 8.11168898E-11 0.00000000E+00
3.9466E+04 8.11063164E-11 0.00000000E+00
3.9490E+04 8.11011436E-11 0.00000000E+00
3.9513E+04 8.10919618E-11 0.00000000E+00
3.9537E+04 8.10771621E-11 0.00000000E+00
3.9561E+04 8.10660987E-11 0.00000000E+00
3.9584E+04 8.10608221E-11 0.00000000E+00
3.9608E+04 8.10521400E-11 0.00000000E+00
3.9631E+04 8.10374748E-11 0.00000000E+00
3.9655E+04 8.10259289E-11 0.00000000E+00
3.9678E+04 8.10205007E-11 0.00000000E+00
3.9702E+04 8.10123064E-11 0.00000000E+00
3.9725E+04 8.09978253E-11 0.00000000E+00
3.9749E+04 8.09858102E-11 0.00000000E+00
3.9773E+04 8.09801843E-11 0.00000000E+00
3.9796E+04 8.09724586E-11 0.00000000E+00
3.9820E+04 8.09582093E-11 0.00000000E+00
3.9843E+04 8.09457461E-11 0.00000000E+00
3.9867E+04 8.09398792E-11 0.00000000E+00
3.9890E+04 8.09325953E-11 0.00000000E+00
3.9914E+04 8.09186208E-11 0.00000000E+00
3.9937E+04 8.09057366E-11 0.00000000E+00
3.9961E+04 8.08995890E-11 0.00000000E+00
3.9985E+04 8.08927154E-11 0.00000000E+00
