0.0000E+00 0.00000000E+00 0.00000000E+00
2.3562E+01 0.00000000E+00 0.00000000E+00
4.7124E+01 0.00000000E+00 0.00000000E+00
7.0686E+01 0.00000000E+00 0.00000000E+00
9.4248E+01 0.00000000E+00 0.00000000E+00
1.1781E+02 0.00000000E+00 0.00000000E+00
1.4137E+02 0.00000000E+00 0.00000000E+00
1.6493E+02 0.00000000E+00 0.00000000E+00
1.8850E+02 0.00000000E+00 0.00000000E+00
2.1206E+02 0.00000000E+00 0.00000000E+00
2.3562E+02 0.00000000E+00 0.00000000E+00
2.5918E+02 2.61487220E-272 0.00000000E+00
2.8274E+02 3.34420151E-219 0.00000000E+00
3.0631E+02 1.86606934E-176 0.00000000E+00
3.2987E+02 4.94868298E-141 0.00000000E+00
3.5343E+02 2.42777066E-111 0.00000000E+00
3.7699E+02 1.95152396E-86 0.00000000E+00
4.0055E+02 1.00714102E-65 0.00000000E+00
4.2412E+02 7.64929225E-49 0.00000000E+00
4.4768E+02 1.26017187E-35 0.00000000E+00
4.7124E+02 3.89171152E-26 0.00000000E+00
4.9480E+02 5.17662839E-21 0.00000000E+00
5.1836E+02 2.63676493E-19 0.00000000E+00
5.4192E+02 5.18555276E-19 0.00000000E+00
5.6549E+02 9.76791740E-19 0.00000000E+00
5.8905E+02 1.59956901E-18 0.00000000E+00
6.1261E+02 2.54819615E-18 0.00000000E+00
6.3617E+02 3.60021770E-18 0.00000000E+00
6.5973E+02 6.39551394E-18 0.00000000E+00
6.8330E+02 1.21115017E-17 0.00000000E+00
7.0686E+02 1.79691166E-17 0.00000000E+00
7.3042E+02 2.52403578E-17 0.00000000E+00
7.5398E+02 4.33924161E-17 0.00000000E+00
7.7754E+02 7.12804245E-17 0.00000000E+00
8.0111E+02 9.59541592E-17 0.00000000E+00
8.2467E+02 1.32318187E-16 0.00000000E+00
8.4823E+02 2.16488326E-16 0.00000000E+00
8.7179E+02 3.24285960E-16 0.00000000E+00
8.9535E+02 4.17361237E-16 0.00000000E+00
9.1892E+02 5.85586595E-16 0.00000000E+00
9.4248E+02 9.42851660E-16 0.00000000E+00
9.6604E+02 1.33815266E-15 0.00000000E+00
9.8960E+02 1.68263202E-15 0.00000000E+00
1.0132E+03 2.41273013E-15 0.00000000E+00
1.0367E+03 3.74024500E-15 0.00000000E+00
1.0603E+03 5.00025358E-15 0.00000000E+00
1.0838E+03 6.27151204E-15 0.00000000E+00
1.1074E+03 9.20172368E-15 0.00000000E+00
1.1310E+03 1.37540422E-14 0.00000000E+00
1.1545E+03 1.75827034E-14 0.00000000E+00
1.1781E+03 2.23665770E-14 0.00000000E+00
1.2017E+03 3.32836683E-14 0.00000000E+00
1.2252E+03 4.75613239E-14 0.00000000E+00
1.2488E+03 5.87714757E-14 0.00000000E+00
1.2723E+03 7.66766998E-14 0.00000000E+00
1.2959E+03 1.14169820E-13 0.00000000E+00
1.3195E+03 1.55474095E-13 0.00000000E+00
1.3430E+03 1.88559304E-13 0.00000000E+00
1.3666E+03 2.53425746E-13 0.00000000E+00
1.3902E+03 3.72139621E-13 0.00000000E+00
1.4137E+03 4.83429449E-13 0.00000000E+00
1.4373E+03 5.84212723E-13 0.00000000E+00
1.4608E+03 8.06399622E-13 0.00000000E+00
1.4844E+03 1.15233365E-12 0.00000000E+00
1.5080E+03 1.43559601E-12 0.00000000E+00
1.5315E+03 1.75296877E-12 0.00000000E+00
1.5551E+03 2.46230853E-12 0.00000000E+00
1.5787E+03 3.39123765E-12 0.00000000E+00
1.6022E+03 4.08938548E-12 0.00000000E+00
1.6258E+03 5.09609146E-12 0.00000000E+00
1.6493E+03 7.19160258E-12 0.00000000E+00
1.6729E+03 9.49631693E-12 0.00000000E+00
1.6965E+03 1.12174672E-11 0.00000000E+00
1.7200E+03 1.43302906E-11 0.00000000E+00
1.7436E+03 2.00394814E-11 0.00000000E+00
1.7671E+03 2.53545367E-11 0.00000000E+00
1.7907E+03 2.97234018E-11 0.00000000E+00
1.8143E+03 3.88644049E-11 0.00000000E+00
1.8378E+03 5.31948693E-11 0.00000000E+00
1.8614E+03 6.47230278E-11 0.00000000E+00
1.8850E+03 7.62212386E-11 0.00000000E+00
1.9085E+03 1.01316889E-10 0.00000000E+00
1.9321E+03 1.34471840E-10 0.00000000E+00
1.9556E+03 1.58473703E-10 0.00000000E+00
1.9792E+03 1.89226605E-10 0.00000000E+00
2.0028E+03 2.53107961E-10 0.00000000E+00
2.0263E+03 3.23948103E-10 0.00000000E+00
2.0499E+03 3.73372090E-10 0.00000000E+00
2.0735E+03 4.54300300E-10 0.00000000E+00
2.0970E+03 6.04513991E-10 0.00000000E+00
2.1206E+03 7.44908003E-10 0.00000000E+00
2.1441E+03 8.48807788E-10 0.00000000E+00
2.1677E+03 1.05255406E-09 0.00000000E+00
2.1913E+03 1.37839990E-09 0.00000000E+00
2.2148E+03 1.63871381E-09 0.00000000E+00
2.2384E+03 1.86537394E-09 0.00000000E+00
2.2619E+03 2.34730971E-09 0.00000000E+00
2.2855E+03 2.99936570E-09 0.00000000E+00
2.3091E+03 3.45811421E-09 0.00000000E+00
2.3326E+03 3.96572323E-09 0.00000000E+00
2.3562E+03 5.02630502E-09 0.00000000E+00
2.3798E+03 6.23132659E-09 0.00000000E+00
2.4033E+03 7.01938069E-09 0.00000000E+00
2.4269E+03 8.15253940E-09 0.00000000E+00
2.4504E+03 1.03138833E-08 0.00000000E+00
2.4740E+03 1.23757449E-08 0.00000000E+00
2.4976E+03 1.37384368E-08 0.00000000E+00
2.5211E+03 1.61847740E-08 0.00000000E+00
2.5447E+03 2.02556721E-08 0.00000000E+00
2.5683E+03 2.35394474E-08 0.00000000E+00
2.5918E+03 2.59740521E-08 0.00000000E+00
2.6154E+03 3.09731202E-08 0.00000000E+00
2.6389E+03 3.80558004E-08 0.00000000E+00
2.6625E+03 4.29736035E-08 0.00000000E+00
2.6861E+03 4.74820894E-08 0.00000000E+00
2.7096E+03 5.70331338E-08 0.00000000E+00
2.7332E+03 6.84178820E-08 0.00000000E+00
2.7567E+03 7.54702985E-08 0.00000000E+00
2.7803E+03 8.39377349E-08 0.00000000E+00
2.8039E+03 1.00893027E-07 0.00000000E+00
2.8274E+03 1.17814122E-07 0.00000000E+00
2.8510E+03 1.27771555E-07 0.00000000E+00
2.8746E+03 1.43403717E-07 0.00000000E+00
2.8981E+03 1.71291819E-07 0.00000000E+00
2.9217E+03 1.94591196E-07 0.00000000E+00
2.9452E+03 2.08889708E-07 0.00000000E+00
2.9688E+03 2.36528735E-07 0.00000000E+00
2.9924E+03 2.78975375E-07 0.00000000E+00
3.0159E+03 3.08819333E-07 0.00000000E+00
3.0395E+03 3.30159376E-07 0.00000000E+00
3.0631E+03 3.76194921E-07 0.00000000E+00
3.0866E+03 4.35934419E-07 0.00000000E+00
3.1102E+03 4.71795758E-07 0.00000000E+00
3.1337E+03 5.04767528E-07 0.00000000E+00
3.1573E+03 5.76357392E-07 0.00000000E+00
3.1809E+03 6.54040144E-07 0.00000000E+00
3.2044E+03 6.95118241E-07 0.00000000E+00
3.2280E+03 7.46496182E-07 0.00000000E+00
3.2515E+03 8.49978383E-07 0.00000000E+00
3.2751E+03 9.43190928E-07 0.00000000E+00
3.2987E+03 9.89256826E-07 0.00000000E+00
3.3222E+03 1.06752879E-06 0.00000000E+00
3.3458E+03 1.20624327E-06 0.00000000E+00
3.3694E+03 1.30923133E-06 0.00000000E+00
3.3929E+03 1.36160504E-06 0.00000000E+00
3.4165E+03 1.47544721E-06 0.00000000E+00
3.4400E+03 1.64756915E-06 0.00000000E+00
3.4636E+03 1.75198652E-06 0.00000000E+00
3.4872E+03 1.81412684E-06 0.00000000E+00
3.5107E+03 1.96992751E-06 0.00000000E+00
3.5343E+03 2.16713955E-06 0.00000000E+00
3.5579E+03 2.26375406E-06 0.00000000E+00
3.5814E+03 2.34094114E-06 0.00000000E+00
3.6050E+03 2.53998230E-06 0.00000000E+00
3.6285E+03 2.74769976E-06 0.00000000E+00
3.6521E+03 2.82853818E-06 0.00000000E+00
3.6757E+03 2.92643673E-06 0.00000000E+00
3.6992E+03 3.16270900E-06 0.00000000E+00
3.7228E+03 3.36209274E-06 0.00000000E+00
3.7463E+03 3.42224229E-06 0.00000000E+00
3.7699E+03 3.54465119E-06 0.00000000E+00
3.7935E+03 3.80426467E-06 0.00000000E+00
3.8170E+03 3.97559194E-06 0.00000000E+00
3.8406E+03 4.01396870E-06 0.00000000E+00
3.8642E+03 4.16053756E-06 0.00000000E+00
3.8877E+03 4.42322890E-06 0.00000000E+00
3.9113E+03 4.54965108E-06 0.00000000E+00
3.9348E+03 4.56847771E-06 0.00000000E+00
3.9584E+03 4.73333096E-06 0.00000000E+00
3.9820E+03 4.97582683E-06 0.00000000E+00
4.0055E+03 5.04639163E-06 0.00000000E+00
4.0291E+03 5.04968328E-06 0.00000000E+00
4.0527E+03 5.22161850E-06 0.00000000E+00
4.0762E+03 5.42193093E-06 0.00000000E+00
4.0998E+03 5.43305235E-06 0.00000000E+00
4.1233E+03 5.42480567E-06 0.00000000E+00
4.1469E+03 5.58913826E-06 0.00000000E+00
4.1705E+03 5.73055059E-06 0.00000000E+00
4.1940E+03 5.68570803E-06 0.00000000E+00
4.2176E+03 5.66853579E-06 0.00000000E+00
4.2412E+03 5.81003241E-06 0.00000000E+00
4.2647E+03 5.88370694E-06 0.00000000E+00
4.2883E+03 5.79175399E-06 0.00000000E+00
4.3118E+03 5.76641887E-06 0.00000000E+00
4.3354E+03 5.87238823E-06 0.00000000E+00
4.3590E+03 5.87806936E-06 0.00000000E+00
4.3825E+03 5.75088240E-06 0.00000000E+00
4.4061E+03 5.71674059E-06 0.00000000E+00
4.4296E+03 5.77937192E-06 0.00000000E+00
4.4532E+03 5.72430182E-06 0.00000000E+00
4.4768E+03 5.57450978E-06 0.00000000E+00
4.5003E+03 5.53050864E-06 0.00000000E+00
4.5239E+03 5.54790335E-06 0.00000000E+00
4.5475E+03 5.44454589E-06 0.00000000E+00
4.5710E+03 5.28383795E-06 0.00000000E+00
4.5946E+03 5.22956938E-06 0.00000000E+00
4.6181E+03 5.20539884E-06 0.00000000E+00
4.6417E+03 5.06874533E-06 0.00000000E+00
4.6653E+03 4.90692126E-06 0.00000000E+00
4.6888E+03 4.84332294E-06 0.00000000E+00
4.7124E+03 4.78545243E-06 0.00000000E+00
4.7360E+03 4.63057859E-06 0.00000000E+00
4.7595E+03 4.47524120E-06 0.00000000E+00
4.7831E+03 4.40476259E-06 0.00000000E+00
4.8066E+03 4.32338031E-06 0.00000000E+00
4.8302E+03 4.16365905E-06 0.00000000E+00
4.8538E+03 4.02032043E-06 0.00000000E+00
4.8773E+03 3.94660095E-06 0.00000000E+00
4.9009E+03 3.85237327E-06 0.00000000E+00
4.9244E+03 3.69846250E-06 0.00000000E+00
4.9480E+03 3.57083580E-06 0.00000000E+00
4.9716E+03 3.49808795E-06 0.00000000E+00
4.9951E+03 3.40070182E-06 0.00000000E+00
5.0187E+03 3.26021553E-06 0.00000000E+00
5.0423E+03 3.15053470E-06 0.00000000E+00
5.0658E+03 3.08286088E-06 0.00000000E+00
5.0894E+03 2.99011023E-06 0.00000000E+00
5.1129E+03 2.86777670E-06 0.00000000E+00
5.1365E+03 2.77707115E-06 0.00000000E+00
5.1601E+03 2.71789467E-06 0.00000000E+00
5.1836E+03 2.63529777E-06 0.00000000E+00
5.2072E+03 2.53339492E-06 0.00000000E+00
5.2308E+03 2.46170696E-06 0.00000000E+00
5.2543E+03 2.41341385E-06 0.00000000E+00
5.2779E+03 2.34424627E-06 0.00000000E+00
5.3014E+03 2.26314360E-06 0.00000000E+00
5.3250E+03 2.20970649E-06 0.00000000E+00
5.3486E+03 2.17351434E-06 0.00000000E+00
5.3721E+03 2.11910781E-06 0.00000000E+00
5.3957E+03 2.05780203E-06 0.00000000E+00
5.4192E+03 2.02120090E-06 0.00000000E+00
5.4428E+03 1.99721716E-06 0.00000000E+00
5.4664E+03 1.95738645E-06 0.00000000E+00
5.4899E+03 1.91397067E-06 0.00000000E+00
5.5135E+03 1.89230095E-06 0.00000000E+00
5.5371E+03 1.87970883E-06 0.00000000E+00
5.5606E+03 1.85320374E-06 0.00000000E+00
5.5842E+03 1.82524819E-06 0.00000000E+00
5.6077E+03 1.81627536E-06 0.00000000E+00
5.6313E+03 1.81358440E-06 0.00000000E+00
5.6549E+03 1.79850229E-06 0.00000000E+00
5.6784E+03 1.78334709E-06 0.00000000E+00
5.7020E+03 1.78466412E-06 0.00000000E+00
5.7256E+03 1.78997386E-06 0.00000000E+00
5.7491E+03 1.78410085E-06 0.00000000E+00
5.7727E+03 1.77907173E-06 0.00000000E+00
5.7962E+03 1.78824622E-06 0.00000000E+00
5.8198E+03 1.79948764E-06 0.00000000E+00
5.8434E+03 1.80055890E-06 0.00000000E+00
5.8669E+03 1.80311980E-06 0.00000000E+00
5.8905E+03 1.81782278E-06 0.00000000E+00
5.9140E+03 1.83295700E-06 0.00000000E+00
5.9376E+03 1.83884012E-06 0.00000000E+00
5.9612E+03 1.84669567E-06 0.00000000E+00
5.9847E+03 1.86480531E-06 0.00000000E+00
6.0083E+03 1.88197134E-06 0.00000000E+00
6.0319E+03 1.89078333E-06 0.00000000E+00
6.0554E+03 1.90194172E-06 0.00000000E+00
6.0790E+03 1.92161829E-06 0.00000000E+00
6.1025E+03 1.93922972E-06 0.00000000E+00
6.1261E+03 1.94940042E-06 0.00000000E+00
6.1497E+03 1.96220510E-06 0.00000000E+00
6.1732E+03 1.98193615E-06 0.00000000E+00
6.1968E+03 1.99873204E-06 0.00000000E+00
6.2204E+03 2.00902661E-06 0.00000000E+00
6.2439E+03 2.02216335E-06 0.00000000E+00
6.2675E+03 2.04078087E-06 0.00000000E+00
6.2910E+03 2.05583887E-06 0.00000000E+00
6.3146E+03 2.06535056E-06 0.00000000E+00
6.3382E+03 2.07783526E-06 0.00000000E+00
6.3617E+03 2.09450858E-06 0.00000000E+00
6.3853E+03 2.10722928E-06 0.00000000E+00
6.4088E+03 2.11535215E-06 0.00000000E+00
6.4324E+03 2.12650426E-06 0.00000000E+00
6.4560E+03 2.14071358E-06 0.00000000E+00
6.4795E+03 2.15078515E-06 0.00000000E+00
6.5031E+03 2.15717428E-06 0.00000000E+00
6.5267E+03 2.16658005E-06 0.00000000E+00
6.5502E+03 2.17807647E-06 0.00000000E+00
6.5738E+03 2.18542743E-06 0.00000000E+00
6.5973E+03 2.18995291E-06 0.00000000E+00
6.6209E+03 2.19742250E-06 0.00000000E+00
6.6445E+03 2.20617987E-06 0.00000000E+00
6.6680E+03 2.21092673E-06 0.00000000E+00
6.6916E+03 2.21362603E-06 0.00000000E+00
6.7152E+03 2.21914794E-06 0.00000000E+00
6.7387E+03 2.22531163E-06 0.00000000E+00
6.7623E+03 2.22770670E-06 0.00000000E+00
6.7858E+03 2.22873920E-06 0.00000000E+00
6.8094E+03 2.23243552E-06 0.00000000E+00
6.8330E+03 2.23627241E-06 0.00000000E+00
6.8565E+03 2.23665509E-06 0.00000000E+00
6.8801E+03 2.23625833E-06 0.00000000E+00
6.9036E+03 2.23834130E-06 0.00000000E+00
6.9272E+03 2.24019351E-06 0.00000000E+00
6.9508E+03 2.23894884E-06 0.00000000E+00
6.9743E+03 2.23740501E-06 0.00000000E+00
6.9979E+03 2.23814177E-06 0.00000000E+00
7.0215E+03 2.23838726E-06 0.00000000E+00
7.0450E+03 2.23590950E-06 0.00000000E+00
7.0686E+03 2.23351375E-06 0.00000000E+00
7.0921E+03 2.23319236E-06 0.00000000E+00
7.1157E+03 2.23221211E-06 0.00000000E+00
7.1393E+03 2.22887901E-06 0.00000000E+00
7.1628E+03 2.22591666E-06 0.00000000E+00
7.1864E+03 2.22482284E-06 0.00000000E+00
7.2100E+03 2.22297718E-06 0.00000000E+00
7.2335E+03 2.21913110E-06 0.00000000E+00
7.2571E+03 2.21586099E-06 0.00000000E+00
7.2806E+03 2.21425818E-06 0.00000000E+00
7.3042E+03 2.21186833E-06 0.00000000E+00
7.3278E+03 2.20780215E-06 0.00000000E+00
7.3513E+03 2.20444509E-06 0.00000000E+00
7.3749E+03 2.20256292E-06 0.00000000E+00
7.3985E+03 2.19990197E-06 0.00000000E+00
7.4220E+03 2.19585496E-06 0.00000000E+00
7.4456E+03 2.19258850E-06 0.00000000E+00
7.4691E+03 2.19061508E-06 0.00000000E+00
7.4927E+03 2.18790208E-06 0.00000000E+00
7.5163E+03 2.18405663E-06 0.00000000E+00
7.5398E+03 2.18101277E-06 0.00000000E+00
7.5634E+03 2.17909247E-06 0.00000000E+00
7.5869E+03 2.17649283E-06 0.00000000E+00
7.6105E+03 2.17297816E-06 0.00000000E+00
7.6341E+03 2.17024593E-06 0.00000000E+00
7.6576E+03 2.16848061E-06 0.00000000E+00
7.6812E+03 2.16610941E-06 0.00000000E+00
7.7048E+03 2.16300574E-06 0.00000000E+00
7.7283E+03 2.16063449E-06 0.00000000E+00
7.7519E+03 2.15908681E-06 0.00000000E+00
7.7754E+03 2.15701408E-06 0.00000000E+00
7.7990E+03 2.15436005E-06 0.00000000E+00
7.8226E+03 2.15236606E-06 0.00000000E+00
7.8461E+03 2.15106551E-06 0.00000000E+00
7.8697E+03 2.14932373E-06 0.00000000E+00
7.8933E+03 2.14712384E-06 0.00000000E+00
7.9168E+03 2.14549632E-06 0.00000000E+00
7.9404E+03 2.14444507E-06 0.00000000E+00
7.9639E+03 2.14303637E-06 0.00000000E+00
7.9875E+03 2.14126885E-06 0.00000000E+00
8.0111E+03 2.13997713E-06 0.00000000E+00
8.0346E+03 2.13915713E-06 0.00000000E+00
8.0582E+03 2.13806127E-06 0.00000000E+00
8.0817E+03 2.13668601E-06 0.00000000E+00
8.1053E+03 2.13568598E-06 0.00000000E+00
8.1289E+03 2.13506501E-06 0.00000000E+00
8.1524E+03 2.13424619E-06 0.00000000E+00
8.1760E+03 2.13321114E-06 0.00000000E+00
8.1996E+03 2.13245112E-06 0.00000000E+00
8.2231E+03 2.13198877E-06 0.00000000E+00
8.2467E+03 2.13140205E-06 0.00000000E+00
8.2702E+03 2.13064966E-06 0.00000000E+00
8.2938E+03 2.13007553E-06 0.00000000E+00
8.3174E+03 2.12972805E-06 0.00000000E+00
8.3409E+03 2.12932453E-06 0.00000000E+00
8.3645E+03 2.12879611E-06 0.00000000E+00
8.3881E+03 2.12835524E-06 0.00000000E+00
8.4116E+03 2.12807939E-06 0.00000000E+00
8.4352E+03 2.12781037E-06 0.00000000E+00
8.4587E+03 2.12745014E-06 0.00000000E+00
8.4823E+03 2.12709451E-06 0.00000000E+00
8.5059E+03 2.12685067E-06 0.00000000E+00
8.5294E+03 2.12667069E-06 0.00000000E+00
8.5530E+03 2.12642820E-06 0.00000000E+00
8.5765E+03 2.12611628E-06 0.00000000E+00
8.6001E+03 2.12587023E-06 0.00000000E+00
8.6237E+03 2.12573917E-06 0.00000000E+00
8.6472E+03 2.12557100E-06 0.00000000E+00
8.6708E+03 2.12526904E-06 0.00000000E+00
8.6944E+03 2.12499326E-06 0.00000000E+00
8.7179E+03 2.12487750E-06 0.00000000E+00
8.7415E+03 2.12474810E-06 0.00000000E+00
8.7650E+03 2.12443037E-06 0.00000000E+00
8.7886E+03 2.12410434E-06 0.00000000E+00
8.8122E+03 2.12397723E-06 0.00000000E+00
8.8357E+03 2.12385894E-06 0.00000000E+00
8.8593E+03 2.12350761E-06 0.00000000E+00
8.8829E+03 2.12311771E-06 0.00000000E+00
8.9064E+03 2.12295947E-06 0.00000000E+00
8.9300E+03 2.12283217E-06 0.00000000E+00
8.9535E+03 2.12243662E-06 0.00000000E+00
8.9771E+03 2.12197556E-06 0.00000000E+00
9.0007E+03 2.12177272E-06 0.00000000E+00
9.0242E+03 2.12162299E-06 0.00000000E+00
9.0478E+03 2.12117881E-06 0.00000000E+00
9.0713E+03 2.12064474E-06 0.00000000E+00
9.0949E+03 2.12038935E-06 0.00000000E+00
9.1185E+03 2.12020952E-06 0.00000000E+00
9.1420E+03 2.11971743E-06 0.00000000E+00
9.1656E+03 2.11911296E-06 0.00000000E+00
9.1892E+03 2.11880163E-06 0.00000000E+00
9.2127E+03 2.11858860E-06 0.00000000E+00
9.2363E+03 2.11805318E-06 0.00000000E+00
9.2598E+03 2.11738431E-06 0.00000000E+00
9.2834E+03 2.11701722E-06 0.00000000E+00
9.3070E+03 2.11677135E-06 0.00000000E+00
9.3305E+03 2.11619995E-06 0.00000000E+00
9.3541E+03 2.11547505E-06 0.00000000E+00
9.3777E+03 2.11505494E-06 0.00000000E+00
9.4012E+03 2.11477895E-06 0.00000000E+00
9.4248E+03 2.11418056E-06 0.00000000E+00
9.4483E+03 2.11340944E-06 0.00000000E+00
9.4719E+03 2.11294076E-06 0.00000000E+00
9.4955E+03 2.11263882E-06 0.00000000E+00
9.5190E+03 2.11202316E-06 0.00000000E+00
9.5426E+03 2.11121622E-06 0.00000000E+00
9.5661E+03 2.11070434E-06 0.00000000E+00
9.5897E+03 2.11038128E-06 0.00000000E+00
9.6133E+03 2.10975803E-06 0.00000000E+00
9.6368E+03 2.10892564E-06 0.00000000E+00
9.6604E+03 2.10837627E-06 0.00000000E+00
9.6840E+03 2.10803685E-06 0.00000000E+00
9.7075E+03 2.10741507E-06 0.00000000E+00
9.7311E+03 2.10656707E-06 0.00000000E+00
9.7546E+03 2.10598575E-06 0.00000000E+00
9.7782E+03 2.10563431E-06 0.00000000E+00
9.8018E+03 2.10502199E-06 0.00000000E+00
9.8253E+03 2.10416730E-06 0.00000000E+00
9.8489E+03 2.10355910E-06 0.00000000E+00
9.8725E+03 2.10319918E-06 0.00000000E+00
9.8960E+03 2.10260297E-06 0.00000000E+00
9.9196E+03 2.10174941E-06 0.00000000E+00
9.9431E+03 2.10111874E-06 0.00000000E+00
9.9667E+03 2.10075291E-06 0.00000000E+00
9.9903E+03 2.10017803E-06 0.00000000E+00
1.0014E+04 2.09933219E-06 0.00000000E+00
1.0037E+04 2.09868270E-06 0.00000000E+00
1.0061E+04 2.09831251E-06 0.00000000E+00
1.0085E+04 2.09776267E-06 0.00000000E+00
1.0108E+04 2.09692993E-06 0.00000000E+00
1.0132E+04 2.09626451E-06 0.00000000E+00
1.0155E+04 2.09589054E-06 0.00000000E+00
1.0179E+04 2.09536802E-06 0.00000000E+00
1.0202E+04 2.09455260E-06 0.00000000E+00
1.0226E+04 2.09387346E-06 0.00000000E+00
1.0249E+04 2.09349538E-06 0.00000000E+00
1.0273E+04 2.09300117E-06 0.00000000E+00
1.0297E+04 2.09220623E-06 0.00000000E+00
1.0320E+04 2.09151501E-06 0.00000000E+00
1.0344E+04 2.09113175E-06 0.00000000E+00
1.0367E+04 2.09066571E-06 0.00000000E+00
1.0391E+04 2.08989350E-06 0.00000000E+00
1.0414E+04 2.08919138E-06 0.00000000E+00
1.0438E+04 2.08880132E-06 0.00000000E+00
1.0462E+04 2.08836234E-06 0.00000000E+00
1.0485E+04 2.08761435E-06 0.00000000E+00
1.0509E+04 2.08690223E-06 0.00000000E+00
1.0532E+04 2.08650333E-06 0.00000000E+00
1.0556E+04 2.08608954E-06 0.00000000E+00
1.0579E+04 2.08536668E-06 0.00000000E+00
1.0603E+04 2.08464529E-06 0.00000000E+00
1.0626E+04 2.08423528E-06 0.00000000E+00
1.0650E+04 2.08384424E-06 0.00000000E+00
1.0674E+04 2.08314695E-06 0.00000000E+00
1.0697E+04 2.08241697E-06 0.00000000E+00
1.0721E+04 2.08199354E-06 0.00000000E+00
1.0744E+04 2.08162239E-06 0.00000000E+00
1.0768E+04 2.08095076E-06 0.00000000E+00
1.0791E+04 2.08021293E-06 0.00000000E+00
1.0815E+04 2.07977383E-06 0.00000000E+00
1.0838E+04 2.07941945E-06 0.00000000E+00
1.0862E+04 2.07877335E-06 0.00000000E+00
1.0886E+04 2.07802856E-06 0.00000000E+00
1.0909E+04 2.07757171E-06 0.00000000E+00
1.0933E+04 2.07723086E-06 0.00000000E+00
1.0956E+04 2.07660999E-06 0.00000000E+00
1.0980E+04 2.07585931E-06 0.00000000E+00
1.1003E+04 2.07538290E-06 0.00000000E+00
1.1027E+04 2.07505230E-06 0.00000000E+00
1.1051E+04 2.07445625E-06 0.00000000E+00
1.1074E+04 2.07370098E-06 0.00000000E+00
1.1098E+04 2.07320355E-06 0.00000000E+00
1.1121E+04 2.07287994E-06 0.00000000E+00
1.1145E+04 2.07230824E-06 0.00000000E+00
1.1168E+04 2.07154989E-06 0.00000000E+00
1.1192E+04 2.07103036E-06 0.00000000E+00
1.1215E+04 2.07071061E-06 0.00000000E+00
1.1239E+04 2.07016273E-06 0.00000000E+00
1.1263E+04 2.06940303E-06 0.00000000E+00
1.1286E+04 2.06886067E-06 0.00000000E+00
1.1310E+04 2.06854178E-06 0.00000000E+00
1.1333E+04 2.06801713E-06 0.00000000E+00
1.1357E+04 2.06725800E-06 0.00000000E+00
1.1380E+04 2.06669251E-06 0.00000000E+00
1.1404E+04 2.06637165E-06 0.00000000E+00
1.1428E+04 2.06586960E-06 0.00000000E+00
1.1451E+04 2.06511309E-06 0.00000000E+00
1.1475E+04 2.06452454E-06 0.00000000E+00
1.1498E+04 2.06419906E-06 0.00000000E+00
1.1522E+04 2.06371887E-06 0.00000000E+00
1.1545E+04 2.06296717E-06 0.00000000E+00
1.1569E+04 2.06235600E-06 0.00000000E+00
1.1592E+04 2.06202342E-06 0.00000000E+00
1.1616E+04 2.06156428E-06 0.00000000E+00
1.1640E+04 2.06081960E-06 0.00000000E+00
1.1663E+04 2.06018658E-06 0.00000000E+00
1.1687E+04 2.05984465E-06 0.00000000E+00
1.1710E+04 2.05940562E-06 0.00000000E+00
1.1734E+04 2.05867017E-06 0.00000000E+00
1.1757E+04 2.05801640E-06 0.00000000E+00
1.1781E+04 2.05766300E-06 0.00000000E+00
1.1805E+04 2.05724302E-06 0.00000000E+00
1.1828E+04 2.05651900E-06 0.00000000E+00
1.1852E+04 2.05584582E-06 0.00000000E+00
1.1875E+04 2.05547906E-06 0.00000000E+00
1.1899E+04 2.05507691E-06 0.00000000E+00
1.1922E+04 2.05436642E-06 0.00000000E+00
1.1946E+04 2.05367541E-06 0.00000000E+00
1.1969E+04 2.05329356E-06 0.00000000E+00
1.1993E+04 2.05290787E-06 0.00000000E+00
1.2017E+04 2.05221288E-06 0.00000000E+00
1.2040E+04 2.05150583E-06 0.00000000E+00
1.2064E+04 2.05110735E-06 0.00000000E+00
1.2087E+04 2.05073661E-06 0.00000000E+00
1.2111E+04 2.05005890E-06 0.00000000E+00
1.2134E+04 2.04933777E-06 0.00000000E+00
1.2158E+04 2.04892130E-06 0.00000000E+00
1.2182E+04 2.04856385E-06 0.00000000E+00
1.2205E+04 2.04790503E-06 0.00000000E+00
1.2229E+04 2.04717190E-06 0.00000000E+00
1.2252E+04 2.04673628E-06 0.00000000E+00
1.2276E+04 2.04639028E-06 0.00000000E+00
1.2299E+04 2.04575173E-06 0.00000000E+00
1.2323E+04 2.04500879E-06 0.00000000E+00
1.2346E+04 2.04455306E-06 0.00000000E+00
1.2370E+04 2.04421657E-06 0.00000000E+00
1.2394E+04 2.04359942E-06 0.00000000E+00
1.2417E+04 2.04284894E-06 0.00000000E+00
1.2441E+04 2.04237233E-06 0.00000000E+00
1.2464E+04 2.04204328E-06 0.00000000E+00
1.2488E+04 2.04144842E-06 0.00000000E+00
1.2511E+04 2.04069274E-06 0.00000000E+00
1.2535E+04 2.04019469E-06 0.00000000E+00
1.2559E+04 2.03987092E-06 0.00000000E+00
1.2582E+04 2.03929896E-06 0.00000000E+00
1.2606E+04 2.03854043E-06 0.00000000E+00
1.2629E+04 2.03802061E-06 0.00000000E+00
1.2653E+04 2.03769988E-06 0.00000000E+00
1.2676E+04 2.03715118E-06 0.00000000E+00
1.2700E+04 2.03639216E-06 0.00000000E+00
1.2723E+04 2.03585044E-06 0.00000000E+00
1.2747E+04 2.03553047E-06 0.00000000E+00
1.2771E+04 2.03500512E-06 0.00000000E+00
1.2794E+04 2.03424797E-06 0.00000000E+00
1.2818E+04 2.03368445E-06 0.00000000E+00
1.2841E+04 2.03336293E-06 0.00000000E+00
1.2865E+04 2.03286075E-06 0.00000000E+00
1.2888E+04 2.03210781E-06 0.00000000E+00
1.2912E+04 2.03152280E-06 0.00000000E+00
1.2936E+04 2.03119745E-06 0.00000000E+00
1.2959E+04 2.03071801E-06 0.00000000E+00
1.2983E+04 2.02997153E-06 0.00000000E+00
1.3006E+04 2.02936558E-06 0.00000000E+00
1.3030E+04 2.02903414E-06 0.00000000E+00
1.3053E+04 2.02857678E-06 0.00000000E+00
1.3077E+04 2.02783894E-06 0.00000000E+00
1.3100E+04 2.02721281E-06 0.00000000E+00
1.3124E+04 2.02687311E-06 0.00000000E+00
1.3148E+04 2.02643691E-06 0.00000000E+00
1.3171E+04 2.02570982E-06 0.00000000E+00
1.3195E+04 2.02506448E-06 0.00000000E+00
1.3218E+04 2.02471442E-06 0.00000000E+00
1.3242E+04 2.02429826E-06 0.00000000E+00
1.3265E+04 2.02358389E-06 0.00000000E+00
1.3289E+04 2.02292052E-06 0.00000000E+00
1.3312E+04 2.02255815E-06 0.00000000E+00
1.3336E+04 2.02216068E-06 0.00000000E+00
1.3360E+04 2.02146088E-06 0.00000000E+00
1.3383E+04 2.02078086E-06 0.00000000E+00
1.3407E+04 2.02040434E-06 0.00000000E+00
1.3430E+04 2.02002405E-06 0.00000000E+00
1.3454E+04 2.01934051E-06 0.00000000E+00
1.3477E+04 2.01864540E-06 0.00000000E+00
1.3501E+04 2.01825306E-06 0.00000000E+00
1.3525E+04 2.01788824E-06 0.00000000E+00
1.3548E+04 2.01722250E-06 0.00000000E+00
1.3572E+04 2.01651402E-06 0.00000000E+00
1.3595E+04 2.01610439E-06 0.00000000E+00
1.3619E+04 2.01575319E-06 0.00000000E+00
1.3642E+04 2.01510659E-06 0.00000000E+00
1.3666E+04 2.01438662E-06 0.00000000E+00
1.3689E+04 2.01395840E-06 0.00000000E+00
1.3713E+04 2.01361885E-06 0.00000000E+00
1.3737E+04 2.01299253E-06 0.00000000E+00
1.3760E+04 2.01226308E-06 0.00000000E+00
1.3784E+04 2.01181520E-06 0.00000000E+00
1.3807E+04 2.01148519E-06 0.00000000E+00
1.3831E+04 2.01088011E-06 0.00000000E+00
1.3854E+04 2.01014328E-06 0.00000000E+00
1.3878E+04 2.00967487E-06 0.00000000E+00
1.3902E+04 2.00935224E-06 0.00000000E+00
1.3925E+04 2.00876912E-06 0.00000000E+00
1.3949E+04 2.00802712E-06 0.00000000E+00
1.3972E+04 2.00753754E-06 0.00000000E+00
1.3996E+04 2.00722004E-06 0.00000000E+00
1.4019E+04 2.00665940E-06 0.00000000E+00
1.4043E+04 2.00591446E-06 0.00000000E+00
1.4066E+04 2.00540332E-06 0.00000000E+00
1.4090E+04 2.00508868E-06 0.00000000E+00
1.4114E+04 2.00455077E-06 0.00000000E+00
1.4137E+04 2.00380519E-06 0.00000000E+00
1.4161E+04 2.00327233E-06 0.00000000E+00
1.4184E+04 2.00295825E-06 0.00000000E+00
1.4208E+04 2.00244311E-06 0.00000000E+00
1.4231E+04 2.00169919E-06 0.00000000E+00
1.4255E+04 2.00114468E-06 0.00000000E+00
1.4279E+04 2.00082887E-06 0.00000000E+00
1.4302E+04 2.00033631E-06 0.00000000E+00
1.4326E+04 1.99959632E-06 0.00000000E+00
1.4349E+04 1.99902050E-06 0.00000000E+00
1.4373E+04 1.99870070E-06 0.00000000E+00
1.4396E+04 1.99823028E-06 0.00000000E+00
1.4420E+04 1.99749647E-06 0.00000000E+00
1.4443E+04 1.99689987E-06 0.00000000E+00
1.4467E+04 1.99657387E-06 0.00000000E+00
1.4491E+04 1.99612495E-06 0.00000000E+00
1.4514E+04 1.99539948E-06 0.00000000E+00
1.4538E+04 1.99478289E-06 0.00000000E+00
1.4561E+04 1.99444857E-06 0.00000000E+00
1.4585E+04 1.99402025E-06 0.00000000E+00
1.4608E+04 1.99330523E-06 0.00000000E+00
1.4632E+04 1.99266963E-06 0.00000000E+00
1.4656E+04 1.99232496E-06 0.00000000E+00
1.4679E+04 1.99191616E-06 0.00000000E+00
1.4703E+04 1.99121355E-06 0.00000000E+00
1.4726E+04 1.99056016E-06 0.00000000E+00
1.4750E+04 1.99020322E-06 0.00000000E+00
1.4773E+04 1.98981265E-06 0.00000000E+00
1.4797E+04 1.98912431E-06 0.00000000E+00
1.4820E+04 1.98845450E-06 0.00000000E+00
1.4844E+04 1.98808353E-06 0.00000000E+00
1.4868E+04 1.98770971E-06 0.00000000E+00
1.4891E+04 1.98703734E-06 0.00000000E+00
1.4915E+04 1.98635269E-06 0.00000000E+00
1.4938E+04 1.98596607E-06 0.00000000E+00
1.4962E+04 1.98560735E-06 0.00000000E+00
1.4985E+04 1.98495249E-06 0.00000000E+00
1.5009E+04 1.98425473E-06 0.00000000E+00
1.5033E+04 1.98385101E-06 0.00000000E+00
1.5056E+04 1.98350560E-06 0.00000000E+00
1.5080E+04 1.98286959E-06 0.00000000E+00
1.5103E+04 1.98216058E-06 0.00000000E+00
1.5127E+04 1.98173853E-06 0.00000000E+00
1.5150E+04 1.98140450E-06 0.00000000E+00
1.5174E+04 1.98078849E-06 0.00000000E+00
1.5197E+04 1.98007022E-06 0.00000000E+00
1.5221E+04 1.97962878E-06 0.00000000E+00
1.5245E+04 1.97930410E-06 0.00000000E+00
1.5268E+04 1.97870902E-06 0.00000000E+00
1.5292E+04 1.97798358E-06 0.00000000E+00
1.5315E+04 1.97752194E-06 0.00000000E+00
1.5339E+04 1.97720447E-06 0.00000000E+00
1.5362E+04 1.97663105E-06 0.00000000E+00
1.5386E+04 1.97590060E-06 0.00000000E+00
1.5410E+04 1.97541814E-06 0.00000000E+00
1.5433E+04 1.97510569E-06 0.00000000E+00
1.5457E+04 1.97455441E-06 0.00000000E+00
1.5480E+04 1.97382118E-06 0.00000000E+00
1.5504E+04 1.97331752E-06 0.00000000E+00
1.5527E+04 1.97300785E-06 0.00000000E+00
1.5551E+04 1.97247898E-06 0.00000000E+00
1.5574E+04 1.97174521E-06 0.00000000E+00
1.5598E+04 1.97122021E-06 0.00000000E+00
1.5622E+04 1.97091106E-06 0.00000000E+00
1.5645E+04 1.97040463E-06 0.00000000E+00
1.5669E+04 1.96967258E-06 0.00000000E+00
1.5692E+04 1.96912632E-06 0.00000000E+00
1.5716E+04 1.96881543E-06 0.00000000E+00
1.5739E+04 1.96833124E-06 0.00000000E+00
1.5763E+04 1.96760315E-06 0.00000000E+00
1.5787E+04 1.96703595E-06 0.00000000E+00
1.5810E+04 1.96672109E-06 0.00000000E+00
1.5834E+04 1.96625871E-06 0.00000000E+00
1.5857E+04 1.96553679E-06 0.00000000E+00
1.5881E+04 1.96494919E-06 0.00000000E+00
1.5904E+04 1.96462819E-06 0.00000000E+00
1.5928E+04 1.96418696E-06 0.00000000E+00
1.5951E+04 1.96347333E-06 0.00000000E+00
1.5975E+04 1.96286610E-06 0.00000000E+00
1.5999E+04 1.96253686E-06 0.00000000E+00
1.6022E+04 1.96211590E-06 0.00000000E+00
1.6046E+04 1.96141263E-06 0.00000000E+00
1.6069E+04 1.96078673E-06 0.00000000E+00
1.6093E+04 1.96044726E-06 0.00000000E+00
1.6116E+04 1.96004550E-06 0.00000000E+00
1.6140E+04 1.95935451E-06 0.00000000E+00
1.6163E+04 1.95871114E-06 0.00000000E+00
1.6187E+04 1.95835955E-06 0.00000000E+00
1.6211E+04 1.95797570E-06 0.00000000E+00
1.6234E+04 1.95729881E-06 0.00000000E+00
1.6258E+04 1.95663933E-06 0.00000000E+00
1.6281E+04 1.95627389E-06 0.00000000E+00
1.6305E+04 1.95590649E-06 0.00000000E+00
1.6328E+04 1.95524536E-06 0.00000000E+00
1.6352E+04 1.95457131E-06 0.00000000E+00
1.6376E+04 1.95419043E-06 0.00000000E+00
1.6399E+04 1.95383786E-06 0.00000000E+00
1.6423E+04 1.95319399E-06 0.00000000E+00
1.6446E+04 1.95250707E-06 0.00000000E+00
1.6470E+04 1.95210935E-06 0.00000000E+00
1.6493E+04 1.95176983E-06 0.00000000E+00
1.6517E+04 1.95114453E-06 0.00000000E+00
1.6540E+04 1.95044660E-06 0.00000000E+00
1.6564E+04 1.95003081E-06 0.00000000E+00
1.6588E+04 1.94970242E-06 0.00000000E+00
1.6611E+04 1.94909683E-06 0.00000000E+00
1.6635E+04 1.94838983E-06 0.00000000E+00
1.6658E+04 1.94795494E-06 0.00000000E+00
1.6682E+04 1.94763569E-06 0.00000000E+00
1.6705E+04 1.94705071E-06 0.00000000E+00
1.6729E+04 1.94633671E-06 0.00000000E+00
1.6753E+04 1.94588192E-06 0.00000000E+00
1.6776E+04 1.94556970E-06 0.00000000E+00
1.6800E+04 1.94500604E-06 0.00000000E+00
1.6823E+04 1.94428717E-06 0.00000000E+00
1.6847E+04 1.94381187E-06 0.00000000E+00
1.6870E+04 1.94350452E-06 0.00000000E+00
1.6894E+04 1.94296266E-06 0.00000000E+00
1.6917E+04 1.94224111E-06 0.00000000E+00
1.6941E+04 1.94174494E-06 0.00000000E+00
1.6965E+04 1.94144026E-06 0.00000000E+00
1.6988E+04 1.94092045E-06 0.00000000E+00
1.7012E+04 1.94019843E-06 0.00000000E+00
1.7035E+04 1.93968125E-06 0.00000000E+00
1.7059E+04 1.93937701E-06 0.00000000E+00
1.7082E+04 1.93887928E-06 0.00000000E+00
1.7106E+04 1.93815901E-06 0.00000000E+00
1.7130E+04 1.93762091E-06 0.00000000E+00
1.7153E+04 1.93731490E-06 0.00000000E+00
1.7177E+04 1.93683904E-06 0.00000000E+00
1.7200E+04 1.93612272E-06 0.00000000E+00
1.7224E+04 1.93556402E-06 0.00000000E+00
1.7247E+04 1.93525405E-06 0.00000000E+00
1.7271E+04 1.93479964E-06 0.00000000E+00
1.7294E+04 1.93408944E-06 0.00000000E+00
1.7318E+04 1.93351067E-06 0.00000000E+00
1.7342E+04 1.93319461E-06 0.00000000E+00
1.7365E+04 1.93276098E-06 0.00000000E+00
1.7389E+04 1.93205900E-06 0.00000000E+00
1.7412E+04 1.93146093E-06 0.00000000E+00
1.7436E+04 1.93113672E-06 0.00000000E+00
1.7459E+04 1.93072301E-06 0.00000000E+00
1.7483E+04 1.93003126E-06 0.00000000E+00
1.7507E+04 1.92941486E-06 0.00000000E+00
1.7530E+04 1.92908053E-06 0.00000000E+00
1.7554E+04 1.92868567E-06 0.00000000E+00
1.7577E+04 1.92800605E-06 0.00000000E+00
1.7601E+04 1.92737250E-06 0.00000000E+00
1.7624E+04 1.92702619E-06 0.00000000E+00
1.7648E+04 1.92664892E-06 0.00000000E+00
1.7671E+04 1.92598323E-06 0.00000000E+00
1.7695E+04 1.92533386E-06 0.00000000E+00
1.7719E+04 1.92497388E-06 0.00000000E+00
1.7742E+04 1.92461275E-06 0.00000000E+00
1.7766E+04 1.92396261E-06 0.00000000E+00
1.7789E+04 1.92329896E-06 0.00000000E+00
1.7813E+04 1.92292374E-06 0.00000000E+00
1.7836E+04 1.92257716E-06 0.00000000E+00
1.7860E+04 1.92194404E-06 0.00000000E+00
1.7884E+04 1.92126778E-06 0.00000000E+00
1.7907E+04 1.92087594E-06 0.00000000E+00
1.7931E+04 1.92054216E-06 0.00000000E+00
1.7954E+04 1.91992735E-06 0.00000000E+00
1.7978E+04 1.91924030E-06 0.00000000E+00
1.8001E+04 1.91883064E-06 0.00000000E+00
1.8025E+04 1.91850777E-06 0.00000000E+00
1.8048E+04 1.91791239E-06 0.00000000E+00
1.8072E+04 1.91721647E-06 0.00000000E+00
1.8096E+04 1.91678800E-06 0.00000000E+00
1.8119E+04 1.91647406E-06 0.00000000E+00
1.8143E+04 1.91589898E-06 0.00000000E+00
1.8166E+04 1.91519623E-06 0.00000000E+00
1.8190E+04 1.91474815E-06 0.00000000E+00
1.8213E+04 1.91444108E-06 0.00000000E+00
1.8237E+04 1.91388700E-06 0.00000000E+00
1.8261E+04 1.91317950E-06 0.00000000E+00
1.8284E+04 1.91271124E-06 0.00000000E+00
1.8308E+04 1.91240891E-06 0.00000000E+00
1.8331E+04 1.91187629E-06 0.00000000E+00
1.8355E+04 1.91116621E-06 0.00000000E+00
1.8378E+04 1.91067740E-06 0.00000000E+00
1.8402E+04 1.91037764E-06 0.00000000E+00
1.8425E+04 1.90986672E-06 0.00000000E+00
1.8449E+04 1.90915624E-06 0.00000000E+00
1.8473E+04 1.90864676E-06 0.00000000E+00
1.8496E+04 1.90834737E-06 0.00000000E+00
1.8520E+04 1.90785818E-06 0.00000000E+00
1.8543E+04 1.90714948E-06 0.00000000E+00
1.8567E+04 1.90661942E-06 0.00000000E+00
1.8590E+04 1.90631823E-06 0.00000000E+00
1.8614E+04 1.90585054E-06 0.00000000E+00
1.8637E+04 1.90514580E-06 0.00000000E+00
1.8661E+04 1.90459549E-06 0.00000000E+00
1.8685E+04 1.90429033E-06 0.00000000E+00
1.8708E+04 1.90384373E-06 0.00000000E+00
1.8732E+04 1.90314507E-06 0.00000000E+00
1.8755E+04 1.90257503E-06 0.00000000E+00
1.8779E+04 1.90226382E-06 0.00000000E+00
1.8802E+04 1.90183766E-06 0.00000000E+00
1.8826E+04 1.90114714E-06 0.00000000E+00
1.8850E+04 1.90055813E-06 0.00000000E+00
1.8873E+04 1.90023884E-06 0.00000000E+00
1.8897E+04 1.89983226E-06 0.00000000E+00
1.8920E+04 1.89915186E-06 0.00000000E+00
1.8944E+04 1.89854484E-06 0.00000000E+00
1.8967E+04 1.89821553E-06 0.00000000E+00
1.8991E+04 1.89782747E-06 0.00000000E+00
1.9014E+04 1.89715907E-06 0.00000000E+00
1.9038E+04 1.89653520E-06 0.00000000E+00
1.9062E+04 1.89619407E-06 0.00000000E+00
1.9085E+04 1.89582328E-06 0.00000000E+00
1.9109E+04 1.89516862E-06 0.00000000E+00
1.9132E+04 1.89452922E-06 0.00000000E+00
1.9156E+04 1.89417459E-06 0.00000000E+00
1.9179E+04 1.89381965E-06 0.00000000E+00
1.9203E+04 1.89318033E-06 0.00000000E+00
1.9227E+04 1.89252692E-06 0.00000000E+00
1.9250E+04 1.89215726E-06 0.00000000E+00
1.9274E+04 1.89181659E-06 0.00000000E+00
1.9297E+04 1.89119405E-06 0.00000000E+00
1.9321E+04 1.89052828E-06 0.00000000E+00
1.9344E+04 1.89014224E-06 0.00000000E+00
1.9368E+04 1.88981410E-06 0.00000000E+00
1.9391E+04 1.88920962E-06 0.00000000E+00
1.9415E+04 1.88853327E-06 0.00000000E+00
1.9439E+04 1.88812968E-06 0.00000000E+00
1.9462E+04 1.88781223E-06 0.00000000E+00
1.9486E+04 1.88722688E-06 0.00000000E+00
1.9509E+04 1.88654186E-06 0.00000000E+00
1.9533E+04 1.88611973E-06 0.00000000E+00
1.9556E+04 1.88581102E-06 0.00000000E+00
1.9580E+04 1.88524567E-06 0.00000000E+00
1.9604E+04 1.88455399E-06 0.00000000E+00
1.9627E+04 1.88411254E-06 0.00000000E+00
1.9651E+04 1.88381052E-06 0.00000000E+00
1.9674E+04 1.88326586E-06 0.00000000E+00
1.9698E+04 1.88256957E-06 0.00000000E+00
1.9721E+04 1.88210824E-06 0.00000000E+00
1.9745E+04 1.88181083E-06 0.00000000E+00
1.9768E+04 1.88128729E-06 0.00000000E+00
1.9792E+04 1.88058852E-06 0.00000000E+00
1.9816E+04 1.88010697E-06 0.00000000E+00
1.9839E+04 1.87981203E-06 0.00000000E+00
1.9863E+04 1.87930985E-06 0.00000000E+00
1.9886E+04 1.87861074E-06 0.00000000E+00
1.9910E+04 1.87810885E-06 0.00000000E+00
1.9933E+04 1.87781421E-06 0.00000000E+00
1.9957E+04 1.87733341E-06 0.00000000E+00
1.9981E+04 1.87663611E-06 0.00000000E+00
2.0004E+04 1.87611397E-06 0.00000000E+00
2.0028E+04 1.87581751E-06 0.00000000E+00
2.0051E+04 1.87535787E-06 0.00000000E+00
2.0075E+04 1.87466452E-06 0.00000000E+00
2.0098E+04 1.87412245E-06 0.00000000E+00
2.0122E+04 1.87382204E-06 0.00000000E+00
2.0145E+04 1.87338313E-06 0.00000000E+00
2.0169E+04 1.87269581E-06 0.00000000E+00
2.0193E+04 1.87213436E-06 0.00000000E+00
2.0216E+04 1.87182794E-06 0.00000000E+00
2.0240E+04 1.87140912E-06 0.00000000E+00
2.0263E+04 1.87072986E-06 0.00000000E+00
2.0287E+04 1.87014977E-06 0.00000000E+00
2.0310E+04 1.86983534E-06 0.00000000E+00
2.0334E+04 1.86943576E-06 0.00000000E+00
2.0358E+04 1.86876652E-06 0.00000000E+00
2.0381E+04 1.86816873E-06 0.00000000E+00
2.0405E+04 1.86784440E-06 0.00000000E+00
2.0428E+04 1.86746301E-06 0.00000000E+00
2.0452E+04 1.86680562E-06 0.00000000E+00
2.0475E+04 1.86619128E-06 0.00000000E+00
2.0499E+04 1.86585527E-06 0.00000000E+00
2.0522E+04 1.86549084E-06 0.00000000E+00
2.0546E+04 1.86484702E-06 0.00000000E+00
2.0570E+04 1.86421744E-06 0.00000000E+00
2.0593E+04 1.86386810E-06 0.00000000E+00
2.0617E+04 1.86351922E-06 0.00000000E+00
2.0640E+04 1.86289054E-06 0.00000000E+00
2.0664E+04 1.86224722E-06 0.00000000E+00
2.0687E+04 1.86188305E-06 0.00000000E+00
2.0711E+04 1.86154816E-06 0.00000000E+00
2.0735E+04 1.86093604E-06 0.00000000E+00
2.0758E+04 1.86028060E-06 0.00000000E+00
2.0782E+04 1.85990027E-06 0.00000000E+00
2.0805E+04 1.85957768E-06 0.00000000E+00
2.0829E+04 1.85898335E-06 0.00000000E+00
2.0852E+04 1.85831756E-06 0.00000000E+00
2.0876E+04 1.85791992E-06 0.00000000E+00
2.0899E+04 1.85760780E-06 0.00000000E+00
2.0923E+04 1.85703232E-06 0.00000000E+00
2.0947E+04 1.85635805E-06 0.00000000E+00
2.0970E+04 1.85594214E-06 0.00000000E+00
2.0994E+04 1.85563857E-06 0.00000000E+00
2.1017E+04 1.85508280E-06 0.00000000E+00
2.1041E+04 1.85440201E-06 0.00000000E+00
2.1064E+04 1.85396708E-06 0.00000000E+00
2.1088E+04 1.85367005E-06 0.00000000E+00
2.1112E+04 1.85313464E-06 0.00000000E+00
2.1135E+04 1.85244937E-06 0.00000000E+00
2.1159E+04 1.85199488E-06 0.00000000E+00
2.1182E+04 1.85170231E-06 0.00000000E+00
2.1206E+04 1.85118771E-06 0.00000000E+00
2.1229E+04 1.85050005E-06 0.00000000E+00
2.1253E+04 1.85002565E-06 0.00000000E+00
2.1276E+04 1.84973546E-06 0.00000000E+00
2.1300E+04 1.84924187E-06 0.00000000E+00
2.1324E+04 1.84855394E-06 0.00000000E+00
2.1347E+04 1.84805953E-06 0.00000000E+00
2.1371E+04 1.84776958E-06 0.00000000E+00
2.1394E+04 1.84729702E-06 0.00000000E+00
2.1418E+04 1.84661094E-06 0.00000000E+00
2.1441E+04 1.84609661E-06 0.00000000E+00
2.1465E+04 1.84580480E-06 0.00000000E+00
2.1488E+04 1.84535306E-06 0.00000000E+00
2.1512E+04 1.84467091E-06 0.00000000E+00
2.1536E+04 1.84413698E-06 0.00000000E+00
2.1559E+04 1.84384123E-06 0.00000000E+00
2.1583E+04 1.84340988E-06 0.00000000E+00
2.1606E+04 1.84273373E-06 0.00000000E+00
2.1630E+04 1.84218074E-06 0.00000000E+00
2.1653E+04 1.84187901E-06 0.00000000E+00
2.1677E+04 1.84146741E-06 0.00000000E+00
2.1701E+04 1.84079925E-06 0.00000000E+00
2.1724E+04 1.84022794E-06 0.00000000E+00
2.1748E+04 1.83991828E-06 0.00000000E+00
2.1771E+04 1.83952558E-06 0.00000000E+00
2.1795E+04 1.83886733E-06 0.00000000E+00
2.1818E+04 1.83827863E-06 0.00000000E+00
2.1842E+04 1.83795918E-06 0.00000000E+00
2.1865E+04 1.83758436E-06 0.00000000E+00
2.1889E+04 1.83693782E-06 0.00000000E+00
2.1913E+04 1.83633286E-06 0.00000000E+00
2.1936E+04 1.83600187E-06 0.00000000E+00
2.1960E+04 1.83564370E-06 0.00000000E+00
2.1983E+04 1.83501055E-06 0.00000000E+00
2.2007E+04 1.83439064E-06 0.00000000E+00
2.2030E+04 1.83404650E-06 0.00000000E+00
2.2054E+04 1.83370359E-06 0.00000000E+00
2.2078E+04 1.83308538E-06 0.00000000E+00
2.2101E+04 1.83245198E-06 0.00000000E+00
2.2125E+04 1.83209321E-06 0.00000000E+00
2.2148E+04 1.83176403E-06 0.00000000E+00
2.2172E+04 1.83116214E-06 0.00000000E+00
2.2195E+04 1.83051686E-06 0.00000000E+00
2.2219E+04 1.83014217E-06 0.00000000E+00
2.2242E+04 1.82982503E-06 0.00000000E+00
2.2266E+04 1.82924069E-06 0.00000000E+00
2.2290E+04 1.82858527E-06 0.00000000E+00
2.2313E+04 1.82819351E-06 0.00000000E+00
2.2337E+04 1.82788663E-06 0.00000000E+00
2.2360E+04 1.82732086E-06 0.00000000E+00
2.2384E+04 1.82665715E-06 0.00000000E+00
2.2407E+04 1.82624739E-06 0.00000000E+00
2.2431E+04 1.82594886E-06 0.00000000E+00
2.2455E+04 1.82540251E-06 0.00000000E+00
2.2478E+04 1.82473245E-06 0.00000000E+00
2.2502E+04 1.82430395E-06 0.00000000E+00
2.2525E+04 1.82401180E-06 0.00000000E+00
2.2549E+04 1.82348550E-06 0.00000000E+00
2.2572E+04 1.82281109E-06 0.00000000E+00
2.2596E+04 1.82236332E-06 0.00000000E+00
2.2619E+04 1.82207552E-06 0.00000000E+00
2.2643E+04 1.82156969E-06 0.00000000E+00
2.2667E+04 1.82089299E-06 0.00000000E+00
2.2690E+04 1.82042563E-06 0.00000000E+00
2.2714E+04 1.82014010E-06 0.00000000E+00
2.2737E+04 1.81965497E-06 0.00000000E+00
2.2761E+04 1.81897805E-06 0.00000000E+00
2.2784E+04 1.81849099E-06 0.00000000E+00
2.2808E+04 1.81820565E-06 0.00000000E+00
2.2832E+04 1.81774120E-06 0.00000000E+00
2.2855E+04 1.81706615E-06 0.00000000E+00
2.2879E+04 1.81655950E-06 0.00000000E+00
2.2902E+04 1.81627228E-06 0.00000000E+00
2.2926E+04 1.81582831E-06 0.00000000E+00
2.2949E+04 1.81515719E-06 0.00000000E+00
2.2973E+04 1.81463127E-06 0.00000000E+00
2.2996E+04 1.81434011E-06 0.00000000E+00
2.3020E+04 1.81391618E-06 0.00000000E+00
2.3044E+04 1.81325102E-06 0.00000000E+00
2.3067E+04 1.81270636E-06 0.00000000E+00
2.3091E+04 1.81240927E-06 0.00000000E+00
2.3114E+04 1.81200475E-06 0.00000000E+00
2.3138E+04 1.81134751E-06 0.00000000E+00
2.3161E+04 1.81078484E-06 0.00000000E+00
2.3185E+04 1.81047990E-06 0.00000000E+00
2.3209E+04 1.81009396E-06 0.00000000E+00
2.3232E+04 1.80944651E-06 0.00000000E+00
2.3256E+04 1.80886676E-06 0.00000000E+00
2.3279E+04 1.80855214E-06 0.00000000E+00
2.3303E+04 1.80818375E-06 0.00000000E+00
2.3326E+04 1.80754787E-06 0.00000000E+00
2.3350E+04 1.80695216E-06 0.00000000E+00
2.3373E+04 1.80662613E-06 0.00000000E+00
2.3397E+04 1.80627410E-06 0.00000000E+00
2.3421E+04 1.80565144E-06 0.00000000E+00
2.3444E+04 1.80504106E-06 0.00000000E+00
2.3468E+04 1.80470204E-06 0.00000000E+00
2.3491E+04 1.80436500E-06 0.00000000E+00
2.3515E+04 1.80375708E-06 0.00000000E+00
2.3538E+04 1.80313346E-06 0.00000000E+00
2.3562E+04 1.80278001E-06 0.00000000E+00
2.3586E+04 1.80245643E-06 0.00000000E+00
2.3609E+04 1.80186461E-06 0.00000000E+00
2.3633E+04 1.80122934E-06 0.00000000E+00
2.3656E+04 1.80086018E-06 0.00000000E+00
2.3680E+04 1.80054841E-06 0.00000000E+00
2.3703E+04 1.79997388E-06 0.00000000E+00
2.3727E+04 1.79932869E-06 0.00000000E+00
2.3750E+04 1.79894272E-06 0.00000000E+00
2.3774E+04 1.79864099E-06 0.00000000E+00
2.3798E+04 1.79808476E-06 0.00000000E+00
2.3821E+04 1.79743146E-06 0.00000000E+00
2.3845E+04 1.79702775E-06 0.00000000E+00
2.3868E+04 1.79673419E-06 0.00000000E+00
2.3892E+04 1.79619709E-06 0.00000000E+00
2.3915E+04 1.79553758E-06 0.00000000E+00
2.3939E+04 1.79511542E-06 0.00000000E+00
2.3962E+04 1.79482809E-06 0.00000000E+00
2.3986E+04 1.79431073E-06 0.00000000E+00
2.4010E+04 1.79364700E-06 0.00000000E+00
2.4033E+04 1.79320587E-06 0.00000000E+00
2.4057E+04 1.79292275E-06 0.00000000E+00
2.4080E+04 1.79242555E-06 0.00000000E+00
2.4104E+04 1.79175962E-06 0.00000000E+00
2.4127E+04 1.79129920E-06 0.00000000E+00
2.4151E+04 1.79101827E-06 0.00000000E+00
2.4175E+04 1.79054143E-06 0.00000000E+00
2.4198E+04 1.78987534E-06 0.00000000E+00
2.4222E+04 1.78939555E-06 0.00000000E+00
2.4245E+04 1.78911474E-06 0.00000000E+00
2.4269E+04 1.78865826E-06 0.00000000E+00
2.4292E+04 1.78799407E-06 0.00000000E+00
2.4316E+04 1.78749500E-06 0.00000000E+00
2.4339E+04 1.78721228E-06 0.00000000E+00
2.4363E+04 1.78677593E-06 0.00000000E+00
2.4387E+04 1.78611567E-06 0.00000000E+00
2.4410E+04 1.78559764E-06 0.00000000E+00
2.4434E+04 1.78531100E-06 0.00000000E+00
2.4457E+04 1.78489437E-06 0.00000000E+00
2.4481E+04 1.78424002E-06 0.00000000E+00
2.4504E+04 1.78370356E-06 0.00000000E+00
2.4528E+04 1.78341103E-06 0.00000000E+00
2.4552E+04 1.78301349E-06 0.00000000E+00
2.4575E+04 1.78236697E-06 0.00000000E+00
2.4599E+04 1.78181282E-06 0.00000000E+00
2.4622E+04 1.78151251E-06 0.00000000E+00
2.4646E+04 1.78113323E-06 0.00000000E+00
2.4669E+04 1.78049640E-06 0.00000000E+00
2.4693E+04 1.77992547E-06 0.00000000E+00
2.4716E+04 1.77961559E-06 0.00000000E+00
2.4740E+04 1.77925355E-06 0.00000000E+00
2.4764E+04 1.77862815E-06 0.00000000E+00
2.4787E+04 1.77804154E-06 0.00000000E+00
2.4811E+04 1.77772040E-06 0.00000000E+00
2.4834E+04 1.77737441E-06 0.00000000E+00
2.4858E+04 1.77676207E-06 0.00000000E+00
2.4881E+04 1.77616106E-06 0.00000000E+00
2.4905E+04 1.77582709E-06 0.00000000E+00
2.4929E+04 1.77549581E-06 0.00000000E+00
2.4952E+04 1.77489801E-06 0.00000000E+00
2.4976E+04 1.77428402E-06 0.00000000E+00
2.4999E+04 1.77393581E-06 0.00000000E+00
2.5023E+04 1.77361774E-06 0.00000000E+00
2.5046E+04 1.77303581E-06 0.00000000E+00
2.5070E+04 1.77241041E-06 0.00000000E+00
2.5093E+04 1.77204671E-06 0.00000000E+00
2.5117E+04 1.77174021E-06 0.00000000E+00
2.5141E+04 1.77117533E-06 0.00000000E+00
2.5164E+04 1.77054020E-06 0.00000000E+00
2.5188E+04 1.77015993E-06 0.00000000E+00
2.5211E+04 1.76986326E-06 0.00000000E+00
2.5235E+04 1.76931642E-06 0.00000000E+00
2.5258E+04 1.76867336E-06 0.00000000E+00
2.5282E+04 1.76827562E-06 0.00000000E+00
2.5306E+04 1.76798694E-06 0.00000000E+00
2.5329E+04 1.76745893E-06 0.00000000E+00
2.5353E+04 1.76680983E-06 0.00000000E+00
2.5376E+04 1.76639391E-06 0.00000000E+00
2.5400E+04 1.76611130E-06 0.00000000E+00
2.5423E+04 1.76560273E-06 0.00000000E+00
2.5447E+04 1.76494952E-06 0.00000000E+00
2.5470E+04 1.76451492E-06 0.00000000E+00
2.5494E+04 1.76423641E-06 0.00000000E+00
2.5518E+04 1.76374770E-06 0.00000000E+00
2.5541E+04 1.76309237E-06 0.00000000E+00
2.5565E+04 1.76263879E-06 0.00000000E+00
2.5588E+04 1.76236237E-06 0.00000000E+00
2.5612E+04 1.76189370E-06 0.00000000E+00
2.5635E+04 1.76123827E-06 0.00000000E+00
2.5659E+04 1.76076562E-06 0.00000000E+00
2.5683E+04 1.76048927E-06 0.00000000E+00
2.5706E+04 1.76004063E-06 0.00000000E+00
2.5730E+04 1.75938712E-06 0.00000000E+00
2.5753E+04 1.75889550E-06 0.00000000E+00
2.5777E+04 1.75861723E-06 0.00000000E+00
2.5800E+04 1.75818839E-06 0.00000000E+00
2.5824E+04 1.75753880E-06 0.00000000E+00
2.5847E+04 1.75702854E-06 0.00000000E+00
2.5871E+04 1.75674635E-06 0.00000000E+00
2.5895E+04 1.75633689E-06 0.00000000E+00
2.5918E+04 1.75569317E-06 0.00000000E+00
2.5942E+04 1.75516480E-06 0.00000000E+00
2.5965E+04 1.75487676E-06 0.00000000E+00
2.5989E+04 1.75448606E-06 0.00000000E+00
2.6012E+04 1.75385011E-06 0.00000000E+00
2.6036E+04 1.75330435E-06 0.00000000E+00
2.6060E+04 1.75300861E-06 0.00000000E+00
2.6083E+04 1.75263585E-06 0.00000000E+00
2.6107E+04 1.75200948E-06 0.00000000E+00
2.6130E+04 1.75144724E-06 0.00000000E+00
2.6154E+04 1.75114202E-06 0.00000000E+00
2.6177E+04 1.75078621E-06 0.00000000E+00
2.6201E+04 1.75017113E-06 0.00000000E+00
2.6224E+04 1.74959349E-06 0.00000000E+00
2.6248E+04 1.74927715E-06 0.00000000E+00
2.6272E+04 1.74893710E-06 0.00000000E+00
2.6295E+04 1.74833491E-06 0.00000000E+00
2.6319E+04 1.74774313E-06 0.00000000E+00
2.6342E+04 1.74741413E-06 0.00000000E+00
2.6366E+04 1.74708851E-06 0.00000000E+00
2.6389E+04 1.74650067E-06 0.00000000E+00
2.6413E+04 1.74589616E-06 0.00000000E+00
2.6437E+04 1.74555311E-06 0.00000000E+00
2.6460E+04 1.74524045E-06 0.00000000E+00
2.6484E+04 1.74466826E-06 0.00000000E+00
2.6507E+04 1.74405257E-06 0.00000000E+00
2.6531E+04 1.74369424E-06 0.00000000E+00
2.6554E+04 1.74339293E-06 0.00000000E+00
2.6578E+04 1.74283754E-06 0.00000000E+00
2.6601E+04 1.74221232E-06 0.00000000E+00
2.6625E+04 1.74183767E-06 0.00000000E+00
2.6649E+04 1.74154597E-06 0.00000000E+00
2.6672E+04 1.74100836E-06 0.00000000E+00
2.6696E+04 1.74037538E-06 0.00000000E+00
2.6719E+04 1.73998352E-06 0.00000000E+00
2.6743E+04 1.73969963E-06 0.00000000E+00
2.6766E+04 1.73918057E-06 0.00000000E+00
2.6790E+04 1.73854170E-06 0.00000000E+00
2.6813E+04 1.73813193E-06 0.00000000E+00
2.6837E+04 1.73785397E-06 0.00000000E+00
2.6861E+04 1.73735405E-06 0.00000000E+00
2.6884E+04 1.73671119E-06 0.00000000E+00
2.6908E+04 1.73628303E-06 0.00000000E+00
2.6931E+04 1.73600905E-06 0.00000000E+00
2.6955E+04 1.73552867E-06 0.00000000E+00
2.6978E+04 1.73488378E-06 0.00000000E+00
2.7002E+04 1.73443694E-06 0.00000000E+00
2.7026E+04 1.73416496E-06 0.00000000E+00
2.7049E+04 1.73370431E-06 0.00000000E+00
2.7073E+04 1.73305938E-06 0.00000000E+00
2.7096E+04 1.73259377E-06 0.00000000E+00
2.7120E+04 1.73232181E-06 0.00000000E+00
2.7143E+04 1.73188086E-06 0.00000000E+00
2.7167E+04 1.73123787E-06 0.00000000E+00
2.7190E+04 1.73075360E-06 0.00000000E+00
2.7214E+04 1.73047969E-06 0.00000000E+00
2.7238E+04 1.73005822E-06 0.00000000E+00
2.7261E+04 1.72941914E-06 0.00000000E+00
2.7285E+04 1.72891654E-06 0.00000000E+00
2.7308E+04 1.72863872E-06 0.00000000E+00
2.7332E+04 1.72823631E-06 0.00000000E+00
2.7355E+04 1.72760306E-06 0.00000000E+00
2.7379E+04 1.72708266E-06 0.00000000E+00
2.7403E+04 1.72679903E-06 0.00000000E+00
2.7426E+04 1.72641507E-06 0.00000000E+00
2.7450E+04 1.72578951E-06 0.00000000E+00
2.7473E+04 1.72525201E-06 0.00000000E+00
2.7497E+04 1.72496076E-06 0.00000000E+00
2.7520E+04 1.72459442E-06 0.00000000E+00
2.7544E+04 1.72397833E-06 0.00000000E+00
2.7567E+04 1.72342464E-06 0.00000000E+00
2.7591E+04 1.72312403E-06 0.00000000E+00
2.7615E+04 1.72277433E-06 0.00000000E+00
2.7638E+04 1.72216940E-06 0.00000000E+00
2.7662E+04 1.72160059E-06 0.00000000E+00
2.7685E+04 1.72128899E-06 0.00000000E+00
2.7709E+04 1.72095477E-06 0.00000000E+00
2.7732E+04 1.72036256E-06 0.00000000E+00
2.7756E+04 1.71977988E-06 0.00000000E+00
2.7780E+04 1.71945578E-06 0.00000000E+00
2.7803E+04 1.71913572E-06 0.00000000E+00
2.7827E+04 1.71855767E-06 0.00000000E+00
2.7850E+04 1.71796249E-06 0.00000000E+00
2.7874E+04 1.71762454E-06 0.00000000E+00
2.7897E+04 1.71731719E-06 0.00000000E+00
2.7921E+04 1.71675458E-06 0.00000000E+00
2.7944E+04 1.71614843E-06 0.00000000E+00
2.7968E+04 1.71579542E-06 0.00000000E+00
2.7992E+04 1.71549919E-06 0.00000000E+00
2.8015E+04 1.71495314E-06 0.00000000E+00
2.8039E+04 1.71433767E-06 0.00000000E+00
2.8062E+04 1.71396855E-06 0.00000000E+00
2.8086E+04 1.71368175E-06 0.00000000E+00
2.8109E+04 1.71315321E-06 0.00000000E+00
2.8133E+04 1.71253016E-06 0.00000000E+00
2.8157E+04 1.71214408E-06 0.00000000E+00
2.8180E+04 1.71186491E-06 0.00000000E+00
2.8204E+04 1.71135465E-06 0.00000000E+00
2.8227E+04 1.71072585E-06 0.00000000E+00
2.8251E+04 1.71032214E-06 0.00000000E+00
2.8274E+04 1.71004875E-06 0.00000000E+00
2.8298E+04 1.70955733E-06 0.00000000E+00
2.8321E+04 1.70892466E-06 0.00000000E+00
2.8345E+04 1.70850284E-06 0.00000000E+00
2.8369E+04 1.70823332E-06 0.00000000E+00
2.8392E+04 1.70776113E-06 0.00000000E+00
2.8416E+04 1.70712652E-06 0.00000000E+00
2.8439E+04 1.70668631E-06 0.00000000E+00
2.8463E+04 1.70641871E-06 0.00000000E+00
2.8486E+04 1.70596594E-06 0.00000000E+00
2.8510E+04 1.70533133E-06 0.00000000E+00
2.8534E+04 1.70487265E-06 0.00000000E+00
2.8557E+04 1.70460502E-06 0.00000000E+00
2.8581E+04 1.70417163E-06 0.00000000E+00
2.8604E+04 1.70353899E-06 0.00000000E+00
2.8628E+04 1.70306196E-06 0.00000000E+00
2.8651E+04 1.70279235E-06 0.00000000E+00
2.8675E+04 1.70237812E-06 0.00000000E+00
2.8698E+04 1.70174938E-06 0.00000000E+00
2.8722E+04 1.70125433E-06 0.00000000E+00
2.8746E+04 1.70098082E-06 0.00000000E+00
2.8769E+04 1.70058533E-06 0.00000000E+00
2.8793E+04 1.69996237E-06 0.00000000E+00
2.8816E+04 1.69944982E-06 0.00000000E+00
2.8840E+04 1.69917055E-06 0.00000000E+00
2.8863E+04 1.69879319E-06 0.00000000E+00
2.8887E+04 1.69817785E-06 0.00000000E+00
2.8911E+04 1.69764850E-06 0.00000000E+00
2.8934E+04 1.69736167E-06 0.00000000E+00
2.8958E+04 1.69700164E-06 0.00000000E+00
2.8981E+04 1.69639567E-06 0.00000000E+00
2.9005E+04 1.69585041E-06 0.00000000E+00
2.9028E+04 1.69555432E-06 0.00000000E+00
2.9052E+04 1.69521063E-06 0.00000000E+00
2.9075E+04 1.69461568E-06 0.00000000E+00
2.9099E+04 1.69405558E-06 0.00000000E+00
2.9123E+04 1.69374863E-06 0.00000000E+00
2.9146E+04 1.69342015E-06 0.00000000E+00
2.9170E+04 1.69283776E-06 0.00000000E+00
2.9193E+04 1.69226403E-06 0.00000000E+00
2.9217E+04 1.69194475E-06 0.00000000E+00
2.9240E+04 1.69163017E-06 0.00000000E+00
2.9264E+04 1.69106174E-06 0.00000000E+00
2.9287E+04 1.69047576E-06 0.00000000E+00
2.9311E+04 1.69014281E-06 0.00000000E+00
2.9335E+04 1.68984069E-06 0.00000000E+00
2.9358E+04 1.68928749E-06 0.00000000E+00
2.9382E+04 1.68869076E-06 0.00000000E+00
2.9405E+04 1.68834296E-06 0.00000000E+00
2.9429E+04 1.68805174E-06 0.00000000E+00
2.9452E+04 1.68751487E-06 0.00000000E+00
2.9476E+04 1.68690900E-06 0.00000000E+00
2.9500E+04 1.68654534E-06 0.00000000E+00
2.9523E+04 1.68626335E-06 0.00000000E+00
2.9547E+04 1.68574372E-06 0.00000000E+00
2.9570E+04 1.68513045E-06 0.00000000E+00
2.9594E+04 1.68475008E-06 0.00000000E+00
2.9617E+04 1.68447555E-06 0.00000000E+00
2.9641E+04 1.68397392E-06 0.00000000E+00
2.9664E+04 1.68335503E-06 0.00000000E+00
2.9688E+04 1.68295730E-06 0.00000000E+00
2.9712E+04 1.68268840E-06 0.00000000E+00
2.9735E+04 1.68220535E-06 0.00000000E+00
2.9759E+04 1.68158270E-06 0.00000000E+00
2.9782E+04 1.68116713E-06 0.00000000E+00
2.9806E+04 1.68090199E-06 0.00000000E+00
2.9829E+04 1.68043786E-06 0.00000000E+00
2.9853E+04 1.67981336E-06 0.00000000E+00
2.9877E+04 1.67937969E-06 0.00000000E+00
2.9900E+04 1.67911638E-06 0.00000000E+00
2.9924E+04 1.67867136E-06 0.00000000E+00
2.9947E+04 1.67804692E-06 0.00000000E+00
2.9971E+04 1.67759508E-06 0.00000000E+00
2.9994E+04 1.67733168E-06 0.00000000E+00
3.0018E+04 1.67690573E-06 0.00000000E+00
3.0041E+04 1.67628328E-06 0.00000000E+00
3.0065E+04 1.67581339E-06 0.00000000E+00
3.0089E+04 1.67554799E-06 0.00000000E+00
3.0112E+04 1.67514089E-06 0.00000000E+00
3.0136E+04 1.67452232E-06 0.00000000E+00
3.0159E+04 1.67403470E-06 0.00000000E+00
3.0183E+04 1.67376543E-06 0.00000000E+00
3.0206E+04 1.67337676E-06 0.00000000E+00
3.0230E+04 1.67276393E-06 0.00000000E+00
3.0254E+04 1.67225910E-06 0.00000000E+00
3.0277E+04 1.67198411E-06 0.00000000E+00
3.0301E+04 1.67161325E-06 0.00000000E+00
3.0324E+04 1.67100797E-06 0.00000000E+00
3.0348E+04 1.67048663E-06 0.00000000E+00
3.0371E+04 1.67020416E-06 0.00000000E+00
3.0395E+04 1.66985033E-06 0.00000000E+00
3.0418E+04 1.66925431E-06 0.00000000E+00
3.0442E+04 1.66871734E-06 0.00000000E+00
3.0466E+04 1.66842572E-06 0.00000000E+00
3.0489E+04 1.66808794E-06 0.00000000E+00
3.0513E+04 1.66750281E-06 0.00000000E+00
3.0536E+04 1.66695127E-06 0.00000000E+00
3.0560E+04 1.66664891E-06 0.00000000E+00
3.0583E+04 1.66632607E-06 0.00000000E+00
3.0607E+04 1.66575333E-06 0.00000000E+00
3.0631E+04 1.66518842E-06 0.00000000E+00
3.0654E+04 1.66487389E-06 0.00000000E+00
3.0678E+04 1.66456469E-06 0.00000000E+00
3.0701E+04 1.66400573E-06 0.00000000E+00
3.0725E+04 1.66342880E-06 0.00000000E+00
3.0748E+04 1.66310079E-06 0.00000000E+00
3.0772E+04 1.66280381E-06 0.00000000E+00
3.0795E+04 1.66225986E-06 0.00000000E+00
3.0819E+04 1.66167240E-06 0.00000000E+00
3.0843E+04 1.66132975E-06 0.00000000E+00
3.0866E+04 1.66104344E-06 0.00000000E+00
3.0890E+04 1.66051559E-06 0.00000000E+00
3.0913E+04 1.65991919E-06 0.00000000E+00
3.0937E+04 1.65956089E-06 0.00000000E+00
3.0960E+04 1.65928362E-06 0.00000000E+00
3.0984E+04 1.65877277E-06 0.00000000E+00
3.1008E+04 1.65816912E-06 0.00000000E+00
3.1031E+04 1.65779436E-06 0.00000000E+00
3.1055E+04 1.65752439E-06 0.00000000E+00
3.1078E+04 1.65703128E-06 0.00000000E+00
3.1102E+04 1.65642215E-06 0.00000000E+00
3.1125E+04 1.65603029E-06 0.00000000E+00
3.1149E+04 1.65576581E-06 0.00000000E+00
3.1172E+04 1.65529097E-06 0.00000000E+00
3.1196E+04 1.65467820E-06 0.00000000E+00
3.1220E+04 1.65426878E-06 0.00000000E+00
3.1243E+04 1.65400795E-06 0.00000000E+00
3.1267E+04 1.65355175E-06 0.00000000E+00
3.1290E+04 1.65293719E-06 0.00000000E+00
3.1314E+04 1.65250996E-06 0.00000000E+00
3.1337E+04 1.65225089E-06 0.00000000E+00
3.1361E+04 1.65181348E-06 0.00000000E+00
3.1385E+04 1.65119904E-06 0.00000000E+00
3.1408E+04 1.65075393E-06 0.00000000E+00
3.1432E+04 1.65049472E-06 0.00000000E+00
3.1455E+04 1.65007608E-06 0.00000000E+00
3.1479E+04 1.64946364E-06 0.00000000E+00
3.1502E+04 1.64900078E-06 0.00000000E+00
3.1526E+04 1.64873955E-06 0.00000000E+00
3.1549E+04 1.64833944E-06 0.00000000E+00
3.1573E+04 1.64773088E-06 0.00000000E+00
3.1597E+04 1.64725058E-06 0.00000000E+00
3.1620E+04 1.64698548E-06 0.00000000E+00
3.1644E+04 1.64660350E-06 0.00000000E+00
3.1667E+04 1.64600064E-06 0.00000000E+00
3.1691E+04 1.64550342E-06 0.00000000E+00
3.1714E+04 1.64523264E-06 0.00000000E+00
3.1738E+04 1.64486818E-06 0.00000000E+00
3.1762E+04 1.64427278E-06 0.00000000E+00
3.1785E+04 1.64375935E-06 0.00000000E+00
3.1809E+04 1.64348116E-06 0.00000000E+00
3.1832E+04 1.64313343E-06 0.00000000E+00
3.1856E+04 1.64254719E-06 0.00000000E+00
3.1879E+04 1.64201840E-06 0.00000000E+00
3.1903E+04 1.64173116E-06 0.00000000E+00
3.1926E+04 1.64139920E-06 0.00000000E+00
3.1950E+04 1.64082373E-06 0.00000000E+00
3.1974E+04 1.64028062E-06 0.00000000E+00
3.1997E+04 1.63998279E-06 0.00000000E+00
3.2021E+04 1.63966548E-06 0.00000000E+00
3.2044E+04 1.63910224E-06 0.00000000E+00
3.2068E+04 1.63854601E-06 0.00000000E+00
3.2091E+04 1.63823616E-06 0.00000000E+00
3.2115E+04 1.63793224E-06 0.00000000E+00
3.2138E+04 1.63738260E-06 0.00000000E+00
3.2162E+04 1.63681458E-06 0.00000000E+00
3.2186E+04 1.63649143E-06 0.00000000E+00
3.2209E+04 1.63619950E-06 0.00000000E+00
3.2233E+04 1.63566466E-06 0.00000000E+00
3.2256E+04 1.63508632E-06 0.00000000E+00
3.2280E+04 1.63474873E-06 0.00000000E+00
3.2303E+04 1.63446727E-06 0.00000000E+00
3.2327E+04 1.63394829E-06 0.00000000E+00
3.2351E+04 1.63336119E-06 0.00000000E+00
3.2374E+04 1.63300819E-06 0.00000000E+00
3.2398E+04 1.63273557E-06 0.00000000E+00
3.2421E+04 1.63223334E-06 0.00000000E+00
3.2445E+04 1.63163916E-06 0.00000000E+00
3.2468E+04 1.63126994E-06 0.00000000E+00
3.2492E+04 1.63100445E-06 0.00000000E+00
3.2515E+04 1.63051969E-06 0.00000000E+00
3.2539E+04 1.62992017E-06 0.00000000E+00
3.2563E+04 1.62953411E-06 0.00000000E+00
3.2586E+04 1.62927398E-06 0.00000000E+00
3.2610E+04 1.62880721E-06 0.00000000E+00
3.2633E+04 1.62820415E-06 0.00000000E+00
3.2657E+04 1.62780081E-06 0.00000000E+00
3.2680E+04 1.62754421E-06 0.00000000E+00
3.2704E+04 1.62709579E-06 0.00000000E+00
3.2728E+04 1.62649103E-06 0.00000000E+00
3.2751E+04 1.62607015E-06 0.00000000E+00
3.2775E+04 1.62581523E-06 0.00000000E+00
3.2798E+04 1.62538532E-06 0.00000000E+00
3.2822E+04 1.62478072E-06 0.00000000E+00
3.2845E+04 1.62434224E-06 0.00000000E+00
3.2869E+04 1.62408714E-06 0.00000000E+00
3.2892E+04 1.62367568E-06 0.00000000E+00
3.2916E+04 1.62307311E-06 0.00000000E+00
3.2940E+04 1.62261716E-06 0.00000000E+00
3.2963E+04 1.62236002E-06 0.00000000E+00
3.2987E+04 1.62196680E-06 0.00000000E+00
3.3010E+04 1.62136809E-06 0.00000000E+00
3.3034E+04 1.62089500E-06 0.00000000E+00
3.3057E+04 1.62063401E-06 0.00000000E+00
3.3081E+04 1.62025860E-06 0.00000000E+00
3.3105E+04 1.61966554E-06 0.00000000E+00
3.3128E+04 1.61917583E-06 0.00000000E+00
3.3152E+04 1.61890920E-06 0.00000000E+00
3.3175E+04 1.61855101E-06 0.00000000E+00
3.3199E+04 1.61796535E-06 0.00000000E+00
3.3222E+04 1.61745969E-06 0.00000000E+00
3.3246E+04 1.61718573E-06 0.00000000E+00
3.3269E+04 1.61684398E-06 0.00000000E+00
3.3293E+04 1.61626738E-06 0.00000000E+00
3.3317E+04 1.61574663E-06 0.00000000E+00
3.3340E+04 1.61546373E-06 0.00000000E+00
3.3364E+04 1.61513747E-06 0.00000000E+00
3.3387E+04 1.61457149E-06 0.00000000E+00
3.3411E+04 1.61403669E-06 0.00000000E+00
3.3434E+04 1.61374332E-06 0.00000000E+00
3.3458E+04 1.61343145E-06 0.00000000E+00
3.3482E+04 1.61287755E-06 0.00000000E+00
3.3505E+04 1.61232987E-06 0.00000000E+00
3.3529E+04 1.61202464E-06 0.00000000E+00
3.3552E+04 1.61172591E-06 0.00000000E+00
3.3576E+04 1.61118542E-06 0.00000000E+00
3.3599E+04 1.61062618E-06 0.00000000E+00
3.3623E+04 1.61030783E-06 0.00000000E+00
3.3646E+04 1.61002085E-06 0.00000000E+00
3.3670E+04 1.60949496E-06 0.00000000E+00
3.3694E+04 1.60892561E-06 0.00000000E+00
3.3717E+04 1.60859301E-06 0.00000000E+00
3.3741E+04 1.60831630E-06 0.00000000E+00
3.3764E+04 1.60780604E-06 0.00000000E+00
3.3788E+04 1.60722811E-06 0.00000000E+00
3.3811E+04 1.60688033E-06 0.00000000E+00
3.3835E+04 1.60661227E-06 0.00000000E+00
3.3859E+04 1.60611852E-06 0.00000000E+00
3.3882E+04 1.60553367E-06 0.00000000E+00
3.3906E+04 1.60516990E-06 0.00000000E+00
3.3929E+04 1.60490882E-06 0.00000000E+00
3.3953E+04 1.60443228E-06 0.00000000E+00
3.3976E+04 1.60384221E-06 0.00000000E+00
3.4000E+04 1.60346186E-06 0.00000000E+00
3.4023E+04 1.60320600E-06 0.00000000E+00
3.4047E+04 1.60274718E-06 0.00000000E+00
3.4071E+04 1.60215368E-06 0.00000000E+00
3.4094E+04 1.60175631E-06 0.00000000E+00
3.4118E+04 1.60150388E-06 0.00000000E+00
3.4141E+04 1.60106312E-06 0.00000000E+00
3.4165E+04 1.60046800E-06 0.00000000E+00
3.4188E+04 1.60005337E-06 0.00000000E+00
3.4212E+04 1.59980254E-06 0.00000000E+00
3.4236E+04 1.59937998E-06 0.00000000E+00
3.4259E+04 1.59878507E-06 0.00000000E+00
3.4283E+04 1.59835313E-06 0.00000000E+00
3.4306E+04 1.59810207E-06 0.00000000E+00
3.4330E+04 1.59769768E-06 0.00000000E+00
3.4353E+04 1.59710480E-06 0.00000000E+00
3.4377E+04 1.59665568E-06 0.00000000E+00
3.4400E+04 1.59640257E-06 0.00000000E+00
3.4424E+04 1.59601611E-06 0.00000000E+00
3.4448E+04 1.59542708E-06 0.00000000E+00
3.4471E+04 1.59496111E-06 0.00000000E+00
3.4495E+04 1.59470415E-06 0.00000000E+00
3.4518E+04 1.59433521E-06 0.00000000E+00
3.4542E+04 1.59375180E-06 0.00000000E+00
3.4565E+04 1.59326947E-06 0.00000000E+00
3.4589E+04 1.59300692E-06 0.00000000E+00
3.4612E+04 1.59265491E-06 0.00000000E+00
3.4636E+04 1.59207882E-06 0.00000000E+00
3.4660E+04 1.59158082E-06 0.00000000E+00
3.4683E+04 1.59131102E-06 0.00000000E+00
3.4707E+04 1.59097515E-06 0.00000000E+00
3.4730E+04 1.59040802E-06 0.00000000E+00
3.4754E+04 1.58989521E-06 0.00000000E+00
3.4777E+04 1.58961656E-06 0.00000000E+00
3.4801E+04 1.58929591E-06 0.00000000E+00
3.4825E+04 1.58873928E-06 0.00000000E+00
3.4848E+04 1.58821266E-06 0.00000000E+00
3.4872E+04 1.58792367E-06 0.00000000E+00
3.4895E+04 1.58761715E-06 0.00000000E+00
3.4919E+04 1.58707244E-06 0.00000000E+00
3.4942E+04 1.58653319E-06 0.00000000E+00
3.4966E+04 1.58623249E-06 0.00000000E+00
3.4989E+04 1.58593886E-06 0.00000000E+00
3.5013E+04 1.58540738E-06 0.00000000E+00
3.5037E+04 1.58485679E-06 0.00000000E+00
3.5060E+04 1.58454315E-06 0.00000000E+00
3.5084E+04 1.58426105E-06 0.00000000E+00
3.5107E+04 1.58374397E-06 0.00000000E+00
3.5131E+04 1.58318345E-06 0.00000000E+00
3.5154E+04 1.58285578E-06 0.00000000E+00
3.5178E+04 1.58258374E-06 0.00000000E+00
3.5202E+04 1.58208206E-06 0.00000000E+00
3.5225E+04 1.58151315E-06 0.00000000E+00
3.5249E+04 1.58117051E-06 0.00000000E+00
3.5272E+04 1.58090694E-06 0.00000000E+00
3.5296E+04 1.58042153E-06 0.00000000E+00
3.5319E+04 1.57984585E-06 0.00000000E+00
3.5343E+04 1.57948747E-06 0.00000000E+00
3.5366E+04 1.57923071E-06 0.00000000E+00
3.5390E+04 1.57876225E-06 0.00000000E+00
3.5414E+04 1.57818149E-06 0.00000000E+00
3.5437E+04 1.57780677E-06 0.00000000E+00
3.5461E+04 1.57755511E-06 0.00000000E+00
3.5484E+04 1.57710409E-06 0.00000000E+00
3.5508E+04 1.57652001E-06 0.00000000E+00
3.5531E+04 1.57612853E-06 0.00000000E+00
3.5555E+04 1.57588019E-06 0.00000000E+00
3.5579E+04 1.57544695E-06 0.00000000E+00
3.5602E+04 1.57486132E-06 0.00000000E+00
3.5626E+04 1.57445285E-06 0.00000000E+00
3.5649E+04 1.57420604E-06 0.00000000E+00
3.5673E+04 1.57379072E-06 0.00000000E+00
3.5696E+04 1.57320535E-06 0.00000000E+00
3.5720E+04 1.57277984E-06 0.00000000E+00
3.5743E+04 1.57253276E-06 0.00000000E+00
3.5767E+04 1.57213531E-06 0.00000000E+00
3.5791E+04 1.57155198E-06 0.00000000E+00
3.5814E+04 1.57110958E-06 0.00000000E+00
3.5838E+04 1.57086043E-06 0.00000000E+00
3.5861E+04 1.57048062E-06 0.00000000E+00
3.5885E+04 1.56990113E-06 0.00000000E+00
3.5908E+04 1.56944214E-06 0.00000000E+00
3.5932E+04 1.56918917E-06 0.00000000E+00
3.5956E+04 1.56882658E-06 0.00000000E+00
3.5979E+04 1.56825266E-06 0.00000000E+00
3.6003E+04 1.56777760E-06 0.00000000E+00
3.6026E+04 1.56751908E-06 0.00000000E+00
3.6050E+04 1.56717313E-06 0.00000000E+00
3.6073E+04 1.56660646E-06 0.00000000E+00
3.6097E+04 1.56611601E-06 0.00000000E+00
3.6120E+04 1.56585030E-06 0.00000000E+00
3.6144E+04 1.56552022E-06 0.00000000E+00
3.6168E+04 1.56496240E-06 0.00000000E+00
3.6191E+04 1.56445740E-06 0.00000000E+00
3.6215E+04 1.56418294E-06 0.00000000E+00
3.6238E+04 1.56386780E-06 0.00000000E+00
3.6262E+04 1.56332036E-06 0.00000000E+00
3.6285E+04 1.56280180E-06 0.00000000E+00
3.6309E+04 1.56251713E-06 0.00000000E+00
3.6333E+04 1.56221587E-06 0.00000000E+00
3.6356E+04 1.56168020E-06 0.00000000E+00
3.6380E+04 1.56114924E-06 0.00000000E+00
3.6403E+04 1.56085301E-06 0.00000000E+00
3.6427E+04 1.56056440E-06 0.00000000E+00
3.6450E+04 1.56004178E-06 0.00000000E+00
3.6474E+04 1.55949969E-06 0.00000000E+00
3.6497E+04 1.55919070E-06 0.00000000E+00
3.6521E+04 1.55891340E-06 0.00000000E+00
3.6545E+04 1.55840497E-06 0.00000000E+00
3.6568E+04 1.55785317E-06 0.00000000E+00
3.6592E+04 1.55753034E-06 0.00000000E+00
3.6615E+04 1.55726289E-06 0.00000000E+00
3.6639E+04 1.55676965E-06 0.00000000E+00
3.6662E+04 1.55620963E-06 0.00000000E+00
3.6686E+04 1.55587204E-06 0.00000000E+00
3.6710E+04 1.55561289E-06 0.00000000E+00
3.6733E+04 1.55513567E-06 0.00000000E+00
3.6757E+04 1.55456903E-06 0.00000000E+00
3.6780E+04 1.55421594E-06 0.00000000E+00
3.6804E+04 1.55396345E-06 0.00000000E+00
3.6827E+04 1.55350292E-06 0.00000000E+00
3.6851E+04 1.55293133E-06 0.00000000E+00
3.6874E+04 1.55256214E-06 0.00000000E+00
3.6898E+04 1.55231462E-06 0.00000000E+00
3.6922E+04 1.55187128E-06 0.00000000E+00
3.6945E+04 1.55129646E-06 0.00000000E+00
3.6969E+04 1.55091078E-06 0.00000000E+00
3.6992E+04 1.55066647E-06 0.00000000E+00
3.7016E+04 1.55024063E-06 0.00000000E+00
3.7039E+04 1.54966434E-06 0.00000000E+00
3.7063E+04 1.54926193E-06 0.00000000E+00
3.7087E+04 1.54901909E-06 0.00000000E+00
3.7110E+04 1.54861088E-06 0.00000000E+00
3.7134E+04 1.54803488E-06 0.00000000E+00
3.7157E+04 1.54761572E-06 0.00000000E+00
3.7181E+04 1.54737255E-06 0.00000000E+00
3.7204E+04 1.54698192E-06 0.00000000E+00
3.7228E+04 1.54640799E-06 0.00000000E+00
3.7251E+04 1.54597221E-06 0.00000000E+00
3.7275E+04 1.54572696E-06 0.00000000E+00
3.7299E+04 1.54535368E-06 0.00000000E+00
3.7322E+04 1.54478357E-06 0.00000000E+00
3.7346E+04 1.54433148E-06 0.00000000E+00
3.7369E+04 1.54408241E-06 0.00000000E+00
3.7393E+04 1.54372607E-06 0.00000000E+00
3.7416E+04 1.54316149E-06 0.00000000E+00
3.7440E+04 1.54269360E-06 0.00000000E+00
3.7463E+04 1.54243904E-06 0.00000000E+00
3.7487E+04 1.54209904E-06 0.00000000E+00
3.7511E+04 1.54154164E-06 0.00000000E+00
3.7534E+04 1.54105862E-06 0.00000000E+00
3.7558E+04 1.54079694E-06 0.00000000E+00
3.7581E+04 1.54047254E-06 0.00000000E+00
3.7605E+04 1.53992390E-06 0.00000000E+00
3.7628E+04 1.53942658E-06 0.00000000E+00
3.7652E+04 1.53915625E-06 0.00000000E+00
3.7676E+04 1.53884654E-06 0.00000000E+00
3.7699E+04 1.53830813E-06 0.00000000E+00
3.7723E+04 1.53779751E-06 0.00000000E+00
3.7746E+04 1.53751710E-06 0.00000000E+00
3.7770E+04 1.53722100E-06 0.00000000E+00
3.7793E+04 1.53669422E-06 0.00000000E+00
3.7817E+04 1.53617142E-06 0.00000000E+00
3.7840E+04 1.53587960E-06 0.00000000E+00
3.7864E+04 1.53559592E-06 0.00000000E+00
3.7888E+04 1.53508201E-06 0.00000000E+00
3.7911E+04 1.53454830E-06 0.00000000E+00
3.7935E+04 1.53424389E-06 0.00000000E+00
3.7958E+04 1.53397130E-06 0.00000000E+00
3.7982E+04 1.53347139E-06 0.00000000E+00
3.8005E+04 1.53292815E-06 0.00000000E+00
3.8029E+04 1.53261010E-06 0.00000000E+00
3.8053E+04 1.53234716E-06 0.00000000E+00
3.8076E+04 1.53186222E-06 0.00000000E+00
3.8100E+04 1.53131094E-06 0.00000000E+00
3.8123E+04 1.53097834E-06 0.00000000E+00
3.8147E+04 1.53072353E-06 0.00000000E+00
3.8170E+04 1.53025437E-06 0.00000000E+00
3.8194E+04 1.52969663E-06 0.00000000E+00
3.8217E+04 1.52934875E-06 0.00000000E+00
3.8241E+04 1.52910045E-06 0.00000000E+00
3.8265E+04 1.52864773E-06 0.00000000E+00
3.8288E+04 1.52808516E-06 0.00000000E+00
3.8312E+04 1.52772144E-06 0.00000000E+00
3.8335E+04 1.52747797E-06 0.00000000E+00
3.8359E+04 1.52704217E-06 0.00000000E+00
3.8382E+04 1.52647647E-06 0.00000000E+00
3.8406E+04 1.52609651E-06 0.00000000E+00
3.8430E+04 1.52585617E-06 0.00000000E+00
3.8453E+04 1.52543760E-06 0.00000000E+00
3.8477E+04 1.52487049E-06 0.00000000E+00
3.8500E+04 1.52447407E-06 0.00000000E+00
3.8524E+04 1.52423511E-06 0.00000000E+00
3.8547E+04 1.52383389E-06 0.00000000E+00
3.8571E+04 1.52326713E-06 0.00000000E+00
3.8594E+04 1.52285421E-06 0.00000000E+00
3.8618E+04 1.52261490E-06 0.00000000E+00
3.8642E+04 1.52223097E-06 0.00000000E+00
3.8665E+04 1.52166629E-06 0.00000000E+00
3.8689E+04 1.52123702E-06 0.00000000E+00
3.8712E+04 1.52099561E-06 0.00000000E+00
3.8736E+04 1.52062875E-06 0.00000000E+00
3.8759E+04 1.52006787E-06 0.00000000E+00
3.8783E+04 1.51962258E-06 0.00000000E+00
3.8807E+04 1.51937737E-06 0.00000000E+00
3.8830E+04 1.51902716E-06 0.00000000E+00
3.8854E+04 1.51847176E-06 0.00000000E+00
3.8877E+04 1.51801094E-06 0.00000000E+00
3.8901E+04 1.51776027E-06 0.00000000E+00
3.8924E+04 1.51742613E-06 0.00000000E+00
3.8948E+04 1.51687785E-06 0.00000000E+00
3.8971E+04 1.51640215E-06 0.00000000E+00
3.8995E+04 1.51614444E-06 0.00000000E+00
3.9019E+04 1.51582562E-06 0.00000000E+00
3.9042E+04 1.51528600E-06 0.00000000E+00
3.9066E+04 1.51479626E-06 0.00000000E+00
3.9089E+04 1.51452999E-06 0.00000000E+00
3.9113E+04 1.51422560E-06 0.00000000E+00
3.9136E+04 1.51369609E-06 0.00000000E+00
3.9160E+04 1.51319328E-06 0.00000000E+00
3.9184E+04 1.51291706E-06 0.00000000E+00
3.9207E+04 1.51262604E-06 0.00000000E+00
3.9231E+04 1.51210799E-06 0.00000000E+00
3.9254E+04 1.51159324E-06 0.00000000E+00
3.9278E+04 1.51130576E-06 0.00000000E+00
3.9301E+04 1.51102692E-06 0.00000000E+00
3.9325E+04 1.51052158E-06 0.00000000E+00
3.9348E+04 1.50999613E-06 0.00000000E+00
3.9372E+04 1.50969622E-06 0.00000000E+00
3.9396E+04 1.50942826E-06 0.00000000E+00
3.9419E+04 1.50893672E-06 0.00000000E+00
3.9443E+04 1.50840193E-06 0.00000000E+00
3.9466E+04 1.50808858E-06 0.00000000E+00
3.9490E+04 1.50783008E-06 0.00000000E+00
3.9513E+04 1.50735329E-06 0.00000000E+00
3.9537E+04 1.50681063E-06 0.00000000E+00
3.9561E+04 1.50648294E-06 0.00000000E+00
3.9584E+04 1.50623239E-06 0.00000000E+00
3.9608E+04 1.50577116E-06 0.00000000E+00
3.9631E+04 1.50522217E-06 0.00000000E+00
3.9655E+04 1.50487943E-06 0.00000000E+00
3.9678E+04 1.50463525E-06 0.00000000E+00
3.9702E+04 1.50419021E-06 0.00000000E+00
3.9725E+04 1.50363651E-06 0.00000000E+00
3.9749E+04 1.50327817E-06 0.00000000E+00
3.9773E+04 1.50303870E-06 0.00000000E+00
3.9796E+04 1.50261032E-06 0.00000000E+00
3.9820E+04 1.50205359E-06 0.00000000E+00
3.9843E+04 1.50167926E-06 0.00000000E+00
3.9867E+04 1.50144282E-06 0.00000000E+00
3.9890E+04 1.50103140E-06 0.00000000E+00
3.9914E+04 1.50047333E-06 0.00000000E+00
3.9937E+04 1.50008280E-06 0.00000000E+00
3.9961E+04 1.49984768E-06 0.00000000E+00
3.9985E+04 1.49945333E-06 0.00000000E+00
