0.0000E+00 0.00000000E+00 0.00000000E+00
2.3562E+01 0.00000000E+00 0.00000000E+00
4.7124E+01 0.00000000E+00 0.00000000E+00
7.0686E+01 0.00000000E+00 0.00000000E+00
9.4248E+01 0.00000000E+00 0.00000000E+00
1.1781E+02 0.00000000E+00 0.00000000E+00
1.4137E+02 0.00000000E+00 0.00000000E+00
1.6493E+02 0.00000000E+00 0.00000000E+00
1.8850E+02 0.00000000E+00 0.00000000E+00
2.1206E+02 0.00000000E+00 0.00000000E+00
2.3562E+02 0.00000000E+00 0.00000000E+00
2.5918E+02 2.22906431E-274 0.00000000E+00
2.8274E+02 2.40400225E-221 0.00000000E+00
3.0631E+02 1.07889018E-178 0.00000000E+00
3.2987E+02 2.13205454E-143 0.00000000E+00
3.5343E+02 6.78878956E-114 0.00000000E+00
3.7699E+02 2.60962721E-89 0.00000000E+00
4.0055E+02 2.11633866E-69 0.00000000E+00
4.2412E+02 2.46952193E-52 0.00000000E+00
4.4768E+02 6.65798001E-38 0.00000000E+00
4.7124E+02 1.45646356E-27 0.00000000E+00
4.9480E+02 3.26972392E-21 0.00000000E+00
5.1836E+02 2.95838107E-19 0.00000000E+00
5.4192E+02 6.12634815E-19 0.00000000E+00
5.6549E+02 8.34078860E-19 0.00000000E+00
5.8905E+02 1.26452474E-18 0.00000000E+00
6.1261E+02 2.14262669E-18 0.00000000E+00
6.3617E+02 2.88499813E-18 0.00000000E+00
6.5973E+02 4.33658335E-18 0.00000000E+00
6.8330E+02 8.07585640E-18 0.00000000E+00
7.0686E+02 1.19624499E-17 0.00000000E+00
7.3042E+02 1.54948820E-17 0.00000000E+00
7.5398E+02 2.53041961E-17 0.00000000E+00
7.7754E+02 3.97315126E-17 0.00000000E+00
8.0111E+02 4.94407981E-17 0.00000000E+00
8.2467E+02 6.84731777E-17 0.00000000E+00
8.4823E+02 1.11484557E-16 0.00000000E+00
8.7179E+02 1.47212570E-16 0.00000000E+00
8.9535E+02 1.81648894E-16 0.00000000E+00
9.1892E+02 2.82094598E-16 0.00000000E+00
9.4248E+02 4.16167306E-16 0.00000000E+00
9.6604E+02 5.00103180E-16 0.00000000E+00
9.8960E+02 6.95062302E-16 0.00000000E+00
1.0132E+03 1.09761529E-15 0.00000000E+00
1.0367E+03 1.40019633E-15 0.00000000E+00
1.0603E+03 1.73122254E-15 0.00000000E+00
1.0838E+03 2.69272178E-15 0.00000000E+00
1.1074E+03 3.78867473E-15 0.00000000E+00
1.1310E+03 4.46562546E-15 0.00000000E+00
1.1545E+03 6.29115594E-15 0.00000000E+00
1.1781E+03 9.57530671E-15 0.00000000E+00
1.2017E+03 1.17504010E-14 0.00000000E+00
1.2252E+03 1.46532439E-14 0.00000000E+00
1.2488E+03 2.24956039E-14 0.00000000E+00
1.2723E+03 3.02330729E-14 0.00000000E+00
1.2959E+03 3.52174342E-14 0.00000000E+00
1.3195E+03 5.00049862E-14 0.00000000E+00
1.3430E+03 7.31345564E-14 0.00000000E+00
1.3666E+03 8.67159189E-14 0.00000000E+00
1.3902E+03 1.09223869E-13 0.00000000E+00
1.4137E+03 1.64277010E-13 0.00000000E+00
1.4373E+03 2.10825945E-13 0.00000000E+00
1.4608E+03 2.43930445E-13 0.00000000E+00
1.4844E+03 3.47051352E-13 0.00000000E+00
1.5080E+03 4.86500236E-13 0.00000000E+00
1.5315E+03 5.60565260E-13 0.00000000E+00
1.5551E+03 7.13205903E-13 0.00000000E+00
1.5787E+03 1.04529195E-12 0.00000000E+00
1.6022E+03 1.28508495E-12 0.00000000E+00
1.6258E+03 1.48393237E-12 0.00000000E+00
1.6493E+03 2.10320824E-12 0.00000000E+00
1.6729E+03 2.82219799E-12 0.00000000E+00
1.6965E+03 3.17722506E-12 0.00000000E+00
1.7200E+03 4.07682026E-12 0.00000000E+00
1.7436E+03 5.79444906E-12 0.00000000E+00
1.7671E+03 6.84750599E-12 0.00000000E+00
1.7907E+03 7.91963446E-12 0.00000000E+00
1.8143E+03 1.11170686E-11 0.00000000E+00
1.8378E+03 1.42793343E-11 0.00000000E+00
1.8614E+03 1.57920598E-11 0.00000000E+00
1.8850E+03 2.03830592E-11 0.00000000E+00
1.9085E+03 2.79931313E-11 0.00000000E+00
1.9321E+03 3.19234767E-11 0.00000000E+00
1.9556E+03 3.70697545E-11 0.00000000E+00
1.9792E+03 5.12557939E-11 0.00000000E+00
2.0028E+03 6.30743799E-11 0.00000000E+00
2.0263E+03 6.88742739E-11 0.00000000E+00
2.0499E+03 8.91146515E-11 0.00000000E+00
2.0735E+03 1.17946896E-10 0.00000000E+00
2.0970E+03 1.30365669E-10 0.00000000E+00
2.1206E+03 1.52172583E-10 0.00000000E+00
2.1441E+03 2.06217891E-10 0.00000000E+00
2.1677E+03 2.43520527E-10 0.00000000E+00
2.1913E+03 2.63734537E-10 0.00000000E+00
2.2148E+03 3.40692076E-10 0.00000000E+00
2.2384E+03 4.33819289E-10 0.00000000E+00
2.2619E+03 4.66827056E-10 0.00000000E+00
2.2855E+03 5.47789913E-10 0.00000000E+00
2.3091E+03 7.24366954E-10 0.00000000E+00
2.3326E+03 8.22705436E-10 0.00000000E+00
2.3562E+03 8.87043883E-10 0.00000000E+00
2.3798E+03 1.13907645E-09 0.00000000E+00
2.4033E+03 1.39422600E-09 0.00000000E+00
2.4269E+03 1.46727685E-09 0.00000000E+00
2.4504E+03 1.72916904E-09 0.00000000E+00
2.4740E+03 2.22295226E-09 0.00000000E+00
2.4976E+03 2.43493139E-09 0.00000000E+00
2.5211E+03 2.62150344E-09 0.00000000E+00
2.5447E+03 3.33169575E-09 0.00000000E+00
2.5683E+03 3.91951531E-09 0.00000000E+00
2.5918E+03 4.05185435E-09 0.00000000E+00
2.6154E+03 4.78713896E-09 0.00000000E+00
2.6389E+03 5.96524732E-09 0.00000000E+00
2.6625E+03 6.32148044E-09 0.00000000E+00
2.6861E+03 6.81056241E-09 0.00000000E+00
2.7096E+03 8.53049722E-09 0.00000000E+00
2.7332E+03 9.65087647E-09 0.00000000E+00
2.7567E+03 9.84107542E-09 0.00000000E+00
2.7803E+03 1.16286789E-08 0.00000000E+00
2.8039E+03 1.40140199E-08 0.00000000E+00
2.8274E+03 1.44170063E-08 0.00000000E+00
2.8510E+03 1.55646168E-08 0.00000000E+00
2.8746E+03 1.91387609E-08 0.00000000E+00
2.8981E+03 2.08456571E-08 0.00000000E+00
2.9217E+03 2.10488369E-08 0.00000000E+00
2.9452E+03 2.48073450E-08 0.00000000E+00
2.9688E+03 2.88668762E-08 0.00000000E+00
2.9924E+03 2.89345721E-08 0.00000000E+00
3.0159E+03 3.13239839E-08 0.00000000E+00
3.0395E+03 3.76807650E-08 0.00000000E+00
3.0631E+03 3.95757344E-08 0.00000000E+00
3.0866E+03 3.97119194E-08 0.00000000E+00
3.1102E+03 4.65420175E-08 0.00000000E+00
3.1337E+03 5.22420721E-08 0.00000000E+00
3.1573E+03 5.12161034E-08 0.00000000E+00
3.1809E+03 5.56043573E-08 0.00000000E+00
3.2044E+03 6.52370369E-08 0.00000000E+00
3.2280E+03 6.62076093E-08 0.00000000E+00
3.2515E+03 6.62356012E-08 0.00000000E+00
3.2751E+03 7.69601609E-08 0.00000000E+00
3.2987E+03 8.32924757E-08 0.00000000E+00
3.3222E+03 8.01887581E-08 0.00000000E+00
3.3458E+03 8.72777613E-08 0.00000000E+00
3.3694E+03 9.96095349E-08 0.00000000E+00
3.3929E+03 9.79316324E-08 0.00000000E+00
3.4165E+03 9.79724033E-08 0.00000000E+00
3.4400E+03 1.12516631E-07 0.00000000E+00
3.4636E+03 1.17426320E-07 0.00000000E+00
3.4872E+03 1.11497898E-07 0.00000000E+00
3.5107E+03 1.21571053E-07 0.00000000E+00
3.5343E+03 1.34679107E-07 0.00000000E+00
3.5579E+03 1.28671221E-07 0.00000000E+00
3.5814E+03 1.29087109E-07 0.00000000E+00
3.6050E+03 1.46100602E-07 0.00000000E+00
3.6285E+03 1.47133913E-07 0.00000000E+00
3.6521E+03 1.38434724E-07 0.00000000E+00
3.6757E+03 1.51050809E-07 0.00000000E+00
3.6992E+03 1.62153215E-07 0.00000000E+00
3.7228E+03 1.51125312E-07 0.00000000E+00
3.7463E+03 1.52441345E-07 0.00000000E+00
3.7699E+03 1.69542666E-07 0.00000000E+00
3.7935E+03 1.64997516E-07 0.00000000E+00
3.8170E+03 1.54625747E-07 0.00000000E+00
3.8406E+03 1.68596749E-07 0.00000000E+00
3.8642E+03 1.75176770E-07 0.00000000E+00
3.8877E+03 1.60031443E-07 0.00000000E+00
3.9113E+03 1.62683069E-07 0.00000000E+00
3.9348E+03 1.77301567E-07 0.00000000E+00
3.9584E+03 1.67148265E-07 0.00000000E+00
3.9820E+03 1.56892344E-07 0.00000000E+00
4.0055E+03 1.70610713E-07 0.00000000E+00
4.0291E+03 1.71497397E-07 0.00000000E+00
4.0527E+03 1.54480444E-07 0.00000000E+00
4.0762E+03 1.58527592E-07 0.00000000E+00
4.0998E+03 1.68856133E-07 0.00000000E+00
4.1233E+03 1.54773453E-07 0.00000000E+00
4.1469E+03 1.46333057E-07 0.00000000E+00
4.1705E+03 1.58281498E-07 0.00000000E+00
4.1940E+03 1.54000136E-07 0.00000000E+00
4.2176E+03 1.37729347E-07 0.00000000E+00
4.2412E+03 1.42742400E-07 0.00000000E+00
4.2647E+03 1.48247423E-07 0.00000000E+00
4.2883E+03 1.32787398E-07 0.00000000E+00
4.3118E+03 1.27083720E-07 0.00000000E+00
4.3354E+03 1.36263526E-07 0.00000000E+00
4.3590E+03 1.28541689E-07 0.00000000E+00
4.3825E+03 1.14975555E-07 0.00000000E+00
4.4061E+03 1.20191322E-07 0.00000000E+00
4.4296E+03 1.21496443E-07 0.00000000E+00
4.4532E+03 1.07005870E-07 0.00000000E+00
4.4768E+03 1.03995963E-07 0.00000000E+00
4.5003E+03 1.10103640E-07 0.00000000E+00
4.5239E+03 1.00995616E-07 0.00000000E+00
4.5475E+03 9.09459585E-08 0.00000000E+00
4.5710E+03 9.55950738E-08 0.00000000E+00
4.5946E+03 9.39716606E-08 0.00000000E+00
4.6181E+03 8.19156568E-08 0.00000000E+00
4.6417E+03 8.09078814E-08 0.00000000E+00
4.6653E+03 8.42528898E-08 0.00000000E+00
4.6888E+03 7.54373001E-08 0.00000000E+00
4.7124E+03 6.87244622E-08 0.00000000E+00
4.7360E+03 7.23191109E-08 0.00000000E+00
4.7595E+03 6.91423344E-08 0.00000000E+00
4.7831E+03 6.00202991E-08 0.00000000E+00
4.8066E+03 6.01634328E-08 0.00000000E+00
4.8302E+03 6.14264832E-08 0.00000000E+00
4.8538E+03 5.39175339E-08 0.00000000E+00
4.8773E+03 4.98427985E-08 0.00000000E+00
4.9009E+03 5.22724378E-08 0.00000000E+00
4.9244E+03 4.86607616E-08 0.00000000E+00
4.9480E+03 4.22912703E-08 0.00000000E+00
4.9716E+03 4.29163951E-08 0.00000000E+00
4.9951E+03 4.28733129E-08 0.00000000E+00
5.0187E+03 3.70629482E-08 0.00000000E+00
5.0423E+03 3.48313168E-08 0.00000000E+00
5.0658E+03 3.62689550E-08 0.00000000E+00
5.0894E+03 3.29419126E-08 0.00000000E+00
5.1129E+03 2.88106748E-08 0.00000000E+00
5.1365E+03 2.95260956E-08 0.00000000E+00
5.1601E+03 2.88367466E-08 0.00000000E+00
5.1836E+03 2.46807506E-08 0.00000000E+00
5.2072E+03 2.36193697E-08 0.00000000E+00
5.2308E+03 2.43511546E-08 0.00000000E+00
5.2543E+03 2.16470553E-08 0.00000000E+00
5.2779E+03 1.91564228E-08 0.00000000E+00
5.3014E+03 1.97835484E-08 0.00000000E+00
5.3250E+03 1.88938101E-08 0.00000000E+00
5.3486E+03 1.61112317E-08 0.00000000E+00
5.3721E+03 1.57229958E-08 0.00000000E+00
5.3957E+03 1.60139324E-08 0.00000000E+00
5.4192E+03 1.39932265E-08 0.00000000E+00
5.4428E+03 1.25987538E-08 0.00000000E+00
5.4664E+03 1.30755487E-08 0.00000000E+00
5.4899E+03 1.22233960E-08 0.00000000E+00
5.5135E+03 1.04561176E-08 0.00000000E+00
5.5371E+03 1.04029937E-08 0.00000000E+00
5.5606E+03 1.04425731E-08 0.00000000E+00
5.5842E+03 9.01396424E-09 0.00000000E+00
5.6077E+03 8.28638072E-09 0.00000000E+00
5.6313E+03 8.60499922E-09 0.00000000E+00
5.6549E+03 7.88409178E-09 0.00000000E+00
5.6784E+03 6.80232457E-09 0.00000000E+00
5.7020E+03 6.87593780E-09 0.00000000E+00
5.7256E+03 6.78382961E-09 0.00000000E+00
5.7491E+03 5.80825266E-09 0.00000000E+00
5.7727E+03 5.45034049E-09 0.00000000E+00
5.7962E+03 5.63102144E-09 0.00000000E+00
5.8198E+03 5.06068472E-09 0.00000000E+00
5.8434E+03 4.41383285E-09 0.00000000E+00
5.8669E+03 4.50621676E-09 0.00000000E+00
5.8905E+03 4.35753033E-09 0.00000000E+00
5.9140E+03 3.70842524E-09 0.00000000E+00
5.9376E+03 3.54093344E-09 0.00000000E+00
5.9612E+03 3.62008153E-09 0.00000000E+00
5.9847E+03 3.19162277E-09 0.00000000E+00
6.0083E+03 2.81398551E-09 0.00000000E+00
6.0319E+03 2.88574524E-09 0.00000000E+00
6.0554E+03 2.72918686E-09 0.00000000E+00
6.0790E+03 2.31138520E-09 0.00000000E+00
6.1025E+03 2.24006636E-09 0.00000000E+00
6.1261E+03 2.25828797E-09 0.00000000E+00
6.1497E+03 1.95407097E-09 0.00000000E+00
6.1732E+03 1.74417226E-09 0.00000000E+00
6.1968E+03 1.79206077E-09 0.00000000E+00
6.2204E+03 1.65638749E-09 0.00000000E+00
6.2439E+03 1.40104089E-09 0.00000000E+00
6.2675E+03 1.38008618E-09 0.00000000E+00
6.2910E+03 1.37036057E-09 0.00000000E+00
6.3146E+03 1.16766604E-09 0.00000000E+00
6.3382E+03 1.06208087E-09 0.00000000E+00
6.3617E+03 1.09365744E-09 0.00000000E+00
6.3853E+03 9.89860763E-10 0.00000000E+00
6.4088E+03 8.44217515E-10 0.00000000E+00
6.4324E+03 8.49156904E-10 0.00000000E+00
6.4560E+03 8.30810495E-10 0.00000000E+00
6.4795E+03 7.03288791E-10 0.00000000E+00
6.5031E+03 6.58620657E-10 0.00000000E+00
6.5267E+03 6.79418295E-10 0.00000000E+00
6.5502E+03 6.05322661E-10 0.00000000E+00
6.5738E+03 5.27549306E-10 0.00000000E+00
6.5973E+03 5.42232386E-10 0.00000000E+00
6.6209E+03 5.22696457E-10 0.00000000E+00
6.6445E+03 4.44578925E-10 0.00000000E+00
6.6680E+03 4.30212718E-10 0.00000000E+00
6.6916E+03 4.41939588E-10 0.00000000E+00
6.7152E+03 3.89591949E-10 0.00000000E+00
6.7387E+03 3.48859943E-10 0.00000000E+00
6.7623E+03 3.62657618E-10 0.00000000E+00
6.7858E+03 3.43478174E-10 0.00000000E+00
6.8094E+03 2.94642057E-10 0.00000000E+00
6.8330E+03 2.91391539E-10 0.00000000E+00
6.8565E+03 2.94980187E-10 0.00000000E+00
6.8801E+03 2.57130680E-10 0.00000000E+00
6.9036E+03 2.34429330E-10 0.00000000E+00
6.9272E+03 2.42671321E-10 0.00000000E+00
6.9508E+03 2.24595464E-10 0.00000000E+00
6.9743E+03 1.92900112E-10 0.00000000E+00
6.9979E+03 1.91820085E-10 0.00000000E+00
7.0215E+03 1.89670154E-10 0.00000000E+00
7.0450E+03 1.62392943E-10 0.00000000E+00
7.0686E+03 1.48738241E-10 0.00000000E+00
7.0921E+03 1.51790714E-10 0.00000000E+00
7.1157E+03 1.36436497E-10 0.00000000E+00
7.1393E+03 1.16178409E-10 0.00000000E+00
7.1628E+03 1.15229157E-10 0.00000000E+00
7.1864E+03 1.10787372E-10 0.00000000E+00
7.2100E+03 9.25013866E-11 0.00000000E+00
7.2335E+03 8.47989421E-11 0.00000000E+00
7.2571E+03 8.52857804E-11 0.00000000E+00
7.2806E+03 7.41346890E-11 0.00000000E+00
7.3042E+03 6.26352678E-11 0.00000000E+00
7.3278E+03 6.24570561E-11 0.00000000E+00
7.3513E+03 5.84562336E-11 0.00000000E+00
7.3749E+03 4.78131017E-11 0.00000000E+00
7.3985E+03 4.47696218E-11 0.00000000E+00
7.4220E+03 4.48716113E-11 0.00000000E+00
7.4456E+03 3.80518132E-11 0.00000000E+00
7.4691E+03 3.29707371E-11 0.00000000E+00
7.4927E+03 3.39614836E-11 0.00000000E+00
7.5163E+03 3.13658355E-11 0.00000000E+00
7.5398E+03 2.61772962E-11 0.00000000E+00
7.5634E+03 2.62022307E-11 0.00000000E+00
7.5869E+03 2.65693465E-11 0.00000000E+00
7.6105E+03 2.28251462E-11 0.00000000E+00
7.6341E+03 2.14379582E-11 0.00000000E+00
7.6576E+03 2.29925423E-11 0.00000000E+00
7.6812E+03 2.13592248E-11 0.00000000E+00
7.7048E+03 1.90394488E-11 0.00000000E+00
7.7283E+03 2.02109228E-11 0.00000000E+00
7.7519E+03 2.04642621E-11 0.00000000E+00
7.7754E+03 1.81509399E-11 0.00000000E+00
7.7990E+03 1.80232909E-11 0.00000000E+00
7.8226E+03 1.92139513E-11 0.00000000E+00
7.8461E+03 1.77854424E-11 0.00000000E+00
7.8697E+03 1.63682942E-11 0.00000000E+00
7.8933E+03 1.72634346E-11 0.00000000E+00
7.9168E+03 1.69953656E-11 0.00000000E+00
7.9404E+03 1.50744131E-11 0.00000000E+00
7.9639E+03 1.48434605E-11 0.00000000E+00
7.9875E+03 1.52295064E-11 0.00000000E+00
8.0111E+03 1.37255818E-11 0.00000000E+00
8.0346E+03 1.24016214E-11 0.00000000E+00
8.0582E+03 1.25793064E-11 0.00000000E+00
8.0817E+03 1.18733012E-11 0.00000000E+00
8.1053E+03 1.01704768E-11 0.00000000E+00
8.1289E+03 9.61407611E-12 0.00000000E+00
8.1524E+03 9.40804605E-12 0.00000000E+00
8.1760E+03 8.06658505E-12 0.00000000E+00
8.1996E+03 6.91582113E-12 0.00000000E+00
8.2231E+03 6.67618537E-12 0.00000000E+00
8.2467E+03 5.94890173E-12 0.00000000E+00
8.2702E+03 4.73802841E-12 0.00000000E+00
8.2938E+03 4.21353191E-12 0.00000000E+00
8.3174E+03 3.89231426E-12 0.00000000E+00
8.3409E+03 3.04317504E-12 0.00000000E+00
8.3645E+03 2.37657850E-12 0.00000000E+00
8.3881E+03 2.17208350E-12 0.00000000E+00
8.4116E+03 1.75320568E-12 0.00000000E+00
8.4352E+03 1.21133541E-12 0.00000000E+00
8.4587E+03 1.02479910E-12 0.00000000E+00
8.4823E+03 8.90328890E-13 0.00000000E+00
8.5059E+03 5.94014436E-13 0.00000000E+00
8.5294E+03 4.76402627E-13 0.00000000E+00
8.5530E+03 4.99974025E-13 0.00000000E+00
8.5765E+03 4.07029537E-13 0.00000000E+00
8.6001E+03 3.86165654E-13 0.00000000E+00
8.6237E+03 5.22165121E-13 0.00000000E+00
8.6472E+03 5.65881112E-13 0.00000000E+00
8.6708E+03 5.92556624E-13 0.00000000E+00
8.6944E+03 7.90859114E-13 0.00000000E+00
8.7179E+03 9.47624802E-13 0.00000000E+00
8.7415E+03 9.78641138E-13 0.00000000E+00
8.7650E+03 1.14175519E-12 0.00000000E+00
8.7886E+03 1.37448725E-12 0.00000000E+00
8.8122E+03 1.43096815E-12 0.00000000E+00
8.8357E+03 1.48418034E-12 0.00000000E+00
8.8593E+03 1.69323302E-12 0.00000000E+00
8.8829E+03 1.80650105E-12 0.00000000E+00
8.9064E+03 1.77056025E-12 0.00000000E+00
8.9300E+03 1.84897244E-12 0.00000000E+00
8.9535E+03 1.98140072E-12 0.00000000E+00
8.9771E+03 1.93831830E-12 0.00000000E+00
9.0007E+03 1.86669554E-12 0.00000000E+00
9.0242E+03 1.92497935E-12 0.00000000E+00
9.0478E+03 1.91813805E-12 0.00000000E+00
9.0713E+03 1.77571549E-12 0.00000000E+00
9.0949E+03 1.70398606E-12 0.00000000E+00
9.1185E+03 1.69594354E-12 0.00000000E+00
9.1420E+03 1.57416209E-12 0.00000000E+00
9.1656E+03 1.41117259E-12 0.00000000E+00
9.1892E+03 1.34229322E-12 0.00000000E+00
9.2127E+03 1.26438512E-12 0.00000000E+00
9.2363E+03 1.10017111E-12 0.00000000E+00
9.2598E+03 9.66760873E-13 0.00000000E+00
9.2834E+03 8.96845789E-13 0.00000000E+00
9.3070E+03 7.87889668E-13 0.00000000E+00
9.3305E+03 6.47166458E-13 0.00000000E+00
9.3541E+03 5.58825399E-13 0.00000000E+00
9.3777E+03 4.97367210E-13 0.00000000E+00
9.4012E+03 4.05960127E-13 0.00000000E+00
9.4248E+03 3.19491060E-13 0.00000000E+00
9.4483E+03 2.75048634E-13 0.00000000E+00
9.4719E+03 2.40794490E-13 0.00000000E+00
9.4955E+03 1.94544241E-13 0.00000000E+00
9.5190E+03 1.61827561E-13 0.00000000E+00
9.5426E+03 1.57540756E-13 0.00000000E+00
9.5661E+03 1.61535732E-13 0.00000000E+00
9.5897E+03 1.59166641E-13 0.00000000E+00
9.6133E+03 1.66004155E-13 0.00000000E+00
9.6368E+03 1.96273781E-13 0.00000000E+00
9.6604E+03 2.31633571E-13 0.00000000E+00
9.6840E+03 2.54807938E-13 0.00000000E+00
9.7075E+03 2.85921223E-13 0.00000000E+00
9.7311E+03 3.38553375E-13 0.00000000E+00
9.7546E+03 3.84970005E-13 0.00000000E+00
9.7782E+03 4.14132620E-13 0.00000000E+00
9.8018E+03 4.56151657E-13 0.00000000E+00
9.8253E+03 5.12356496E-13 0.00000000E+00
9.8489E+03 5.48794340E-13 0.00000000E+00
9.8725E+03 5.71717533E-13 0.00000000E+00
9.8960E+03 6.12114917E-13 0.00000000E+00
9.9196E+03 6.53227975E-13 0.00000000E+00
9.9431E+03 6.68029555E-13 0.00000000E+00
9.9667E+03 6.79972450E-13 0.00000000E+00
9.9903E+03 7.07875477E-13 0.00000000E+00
1.0014E+04 7.23221042E-13 0.00000000E+00
1.0037E+04 7.16239589E-13 0.00000000E+00
1.0061E+04 7.16863565E-13 0.00000000E+00
1.0085E+04 7.26123006E-13 0.00000000E+00
1.0108E+04 7.16224202E-13 0.00000000E+00
1.0132E+04 6.94754849E-13 0.00000000E+00
1.0155E+04 6.86050810E-13 0.00000000E+00
1.0179E+04 6.77511377E-13 0.00000000E+00
1.0202E+04 6.51322463E-13 0.00000000E+00
1.0226E+04 6.24740594E-13 0.00000000E+00
1.0249E+04 6.10464235E-13 0.00000000E+00
1.0273E+04 5.90922082E-13 0.00000000E+00
1.0297E+04 5.60149042E-13 0.00000000E+00
1.0320E+04 5.36371572E-13 0.00000000E+00
1.0344E+04 5.21571079E-13 0.00000000E+00
1.0367E+04 5.00010580E-13 0.00000000E+00
1.0391E+04 4.74250936E-13 0.00000000E+00
1.0414E+04 4.58449894E-13 0.00000000E+00
1.0438E+04 4.47961995E-13 0.00000000E+00
1.0462E+04 4.31596694E-13 0.00000000E+00
1.0485E+04 4.16118776E-13 0.00000000E+00
1.0509E+04 4.10541252E-13 0.00000000E+00
1.0532E+04 4.07183581E-13 0.00000000E+00
1.0556E+04 3.99312466E-13 0.00000000E+00
1.0579E+04 3.95164423E-13 0.00000000E+00
1.0603E+04 3.99242345E-13 0.00000000E+00
1.0626E+04 4.02838486E-13 0.00000000E+00
1.0650E+04 4.03017340E-13 0.00000000E+00
1.0674E+04 4.08173481E-13 0.00000000E+00
1.0697E+04 4.18976189E-13 0.00000000E+00
1.0721E+04 4.26849225E-13 0.00000000E+00
1.0744E+04 4.32352116E-13 0.00000000E+00
1.0768E+04 4.43073878E-13 0.00000000E+00
1.0791E+04 4.56281310E-13 0.00000000E+00
1.0815E+04 4.64790965E-13 0.00000000E+00
1.0838E+04 4.72260602E-13 0.00000000E+00
1.0862E+04 4.84320359E-13 0.00000000E+00
1.0886E+04 4.95664237E-13 0.00000000E+00
1.0909E+04 5.01763427E-13 0.00000000E+00
1.0933E+04 5.08363389E-13 0.00000000E+00
1.0956E+04 5.18150689E-13 0.00000000E+00
1.0980E+04 5.24720284E-13 0.00000000E+00
1.1003E+04 5.26895110E-13 0.00000000E+00
1.1027E+04 5.30864574E-13 0.00000000E+00
1.1051E+04 5.36205545E-13 0.00000000E+00
1.1074E+04 5.37117372E-13 0.00000000E+00
1.1098E+04 5.35454931E-13 0.00000000E+00
1.1121E+04 5.36273334E-13 0.00000000E+00
1.1145E+04 5.36755368E-13 0.00000000E+00
1.1168E+04 5.32993246E-13 0.00000000E+00
1.1192E+04 5.28727831E-13 0.00000000E+00
1.1215E+04 5.26930074E-13 0.00000000E+00
1.1239E+04 5.23658260E-13 0.00000000E+00
1.1263E+04 5.17318793E-13 0.00000000E+00
1.1286E+04 5.12174195E-13 0.00000000E+00
1.1310E+04 5.08984548E-13 0.00000000E+00
1.1333E+04 5.03874928E-13 0.00000000E+00
1.1357E+04 4.97276182E-13 0.00000000E+00
1.1380E+04 4.92862394E-13 0.00000000E+00
1.1404E+04 4.89665357E-13 0.00000000E+00
1.1428E+04 4.84667056E-13 0.00000000E+00
1.1451E+04 4.79622738E-13 0.00000000E+00
1.1475E+04 4.77037622E-13 0.00000000E+00
1.1498E+04 4.74896468E-13 0.00000000E+00
1.1522E+04 4.71382248E-13 0.00000000E+00
1.1545E+04 4.68846856E-13 0.00000000E+00
1.1569E+04 4.68458848E-13 0.00000000E+00
1.1592E+04 4.67839037E-13 0.00000000E+00
1.1616E+04 4.66366584E-13 0.00000000E+00
1.1640E+04 4.66393197E-13 0.00000000E+00
1.1663E+04 4.67883224E-13 0.00000000E+00
1.1687E+04 4.68617939E-13 0.00000000E+00
1.1710E+04 4.69004885E-13 0.00000000E+00
1.1734E+04 4.70954082E-13 0.00000000E+00
1.1757E+04 4.73518763E-13 0.00000000E+00
1.1781E+04 4.75031604E-13 0.00000000E+00
1.1805E+04 4.76616425E-13 0.00000000E+00
1.1828E+04 4.79487708E-13 0.00000000E+00
1.1852E+04 4.82165107E-13 0.00000000E+00
1.1875E+04 4.83749507E-13 0.00000000E+00
1.1899E+04 4.85725264E-13 0.00000000E+00
1.1922E+04 4.88502579E-13 0.00000000E+00
1.1946E+04 4.90489046E-13 0.00000000E+00
1.1969E+04 4.91581821E-13 0.00000000E+00
1.1993E+04 4.93250813E-13 0.00000000E+00
1.2017E+04 4.95188699E-13 0.00000000E+00
1.2040E+04 4.96039165E-13 0.00000000E+00
1.2064E+04 4.96364256E-13 0.00000000E+00
1.2087E+04 4.97316334E-13 0.00000000E+00
1.2111E+04 4.98076484E-13 0.00000000E+00
1.2134E+04 4.97769481E-13 0.00000000E+00
1.2158E+04 4.97352928E-13 0.00000000E+00
1.2182E+04 4.97499205E-13 0.00000000E+00
1.2205E+04 4.97156933E-13 0.00000000E+00
1.2229E+04 4.96000219E-13 0.00000000E+00
1.2252E+04 4.95101546E-13 0.00000000E+00
1.2276E+04 4.94618636E-13 0.00000000E+00
1.2299E+04 4.93535621E-13 0.00000000E+00
1.2323E+04 4.92011726E-13 0.00000000E+00
1.2346E+04 4.90981977E-13 0.00000000E+00
1.2370E+04 4.90193009E-13 0.00000000E+00
1.2394E+04 4.88846585E-13 0.00000000E+00
1.2417E+04 4.87432756E-13 0.00000000E+00
1.2441E+04 4.86599221E-13 0.00000000E+00
1.2464E+04 4.85829287E-13 0.00000000E+00
1.2488E+04 4.84648133E-13 0.00000000E+00
1.2511E+04 4.83685448E-13 0.00000000E+00
1.2535E+04 4.83248953E-13 0.00000000E+00
1.2559E+04 4.82733162E-13 0.00000000E+00
1.2582E+04 4.81985934E-13 0.00000000E+00
1.2606E+04 4.81617675E-13 0.00000000E+00
1.2629E+04 4.81620382E-13 0.00000000E+00
1.2653E+04 4.81444032E-13 0.00000000E+00
1.2676E+04 4.81211572E-13 0.00000000E+00
1.2700E+04 4.81384152E-13 0.00000000E+00
1.2723E+04 4.81728265E-13 0.00000000E+00
1.2747E+04 4.81846864E-13 0.00000000E+00
1.2771E+04 4.82042635E-13 0.00000000E+00
1.2794E+04 4.82569633E-13 0.00000000E+00
1.2818E+04 4.83069647E-13 0.00000000E+00
1.2841E+04 4.83353539E-13 0.00000000E+00
1.2865E+04 4.83798664E-13 0.00000000E+00
1.2888E+04 4.84436763E-13 0.00000000E+00
1.2912E+04 4.84899431E-13 0.00000000E+00
1.2936E+04 4.85196841E-13 0.00000000E+00
1.2959E+04 4.85689559E-13 0.00000000E+00
1.2983E+04 4.86223164E-13 0.00000000E+00
1.3006E+04 4.86499640E-13 0.00000000E+00
1.3030E+04 4.86695128E-13 0.00000000E+00
1.3053E+04 4.87075873E-13 0.00000000E+00
1.3077E+04 4.87367316E-13 0.00000000E+00
1.3100E+04 4.87394751E-13 0.00000000E+00
1.3124E+04 4.87430366E-13 0.00000000E+00
1.3148E+04 4.87616122E-13 0.00000000E+00
1.3171E+04 4.87627284E-13 0.00000000E+00
1.3195E+04 4.87425704E-13 0.00000000E+00
1.3218E+04 4.87313047E-13 0.00000000E+00
1.3242E+04 4.87297387E-13 0.00000000E+00
1.3265E+04 4.87077475E-13 0.00000000E+00
1.3289E+04 4.86728281E-13 0.00000000E+00
1.3312E+04 4.86521809E-13 0.00000000E+00
1.3336E+04 4.86361090E-13 0.00000000E+00
1.3360E+04 4.86010403E-13 0.00000000E+00
1.3383E+04 4.85621564E-13 0.00000000E+00
1.3407E+04 4.85395495E-13 0.00000000E+00
1.3430E+04 4.85169594E-13 0.00000000E+00
1.3454E+04 4.84802402E-13 0.00000000E+00
1.3477E+04 4.84468930E-13 0.00000000E+00
1.3501E+04 4.84287996E-13 0.00000000E+00
1.3525E+04 4.84075484E-13 0.00000000E+00
1.3548E+04 4.83781423E-13 0.00000000E+00
1.3572E+04 4.83565176E-13 0.00000000E+00
1.3595E+04 4.83463899E-13 0.00000000E+00
1.3619E+04 4.83315894E-13 0.00000000E+00
1.3642E+04 4.83144744E-13 0.00000000E+00
1.3666E+04 4.83059922E-13 0.00000000E+00
1.3689E+04 4.83041925E-13 0.00000000E+00
1.3713E+04 4.82975301E-13 0.00000000E+00
1.3737E+04 4.82930553E-13 0.00000000E+00
1.3760E+04 4.82953292E-13 0.00000000E+00
1.3784E+04 4.82991213E-13 0.00000000E+00
1.3807E+04 4.82994531E-13 0.00000000E+00
1.3831E+04 4.83045128E-13 0.00000000E+00
1.3854E+04 4.83126419E-13 0.00000000E+00
1.3878E+04 4.83181899E-13 0.00000000E+00
1.3902E+04 4.83223347E-13 0.00000000E+00
1.3925E+04 4.83320924E-13 0.00000000E+00
1.3949E+04 4.83406083E-13 0.00000000E+00
1.3972E+04 4.83440137E-13 0.00000000E+00
1.3996E+04 4.83487589E-13 0.00000000E+00
1.4019E+04 4.83582696E-13 0.00000000E+00
1.4043E+04 4.83628957E-13 0.00000000E+00
1.4066E+04 4.83615882E-13 0.00000000E+00
1.4090E+04 4.83642279E-13 0.00000000E+00
1.4114E+04 4.83700979E-13 0.00000000E+00
1.4137E+04 4.83685108E-13 0.00000000E+00
1.4161E+04 4.83618414E-13 0.00000000E+00
1.4184E+04 4.83612140E-13 0.00000000E+00
1.4208E+04 4.83617941E-13 0.00000000E+00
1.4231E+04 4.83540812E-13 0.00000000E+00
1.4255E+04 4.83429409E-13 0.00000000E+00
1.4279E+04 4.83392089E-13 0.00000000E+00
1.4302E+04 4.83349081E-13 0.00000000E+00
1.4326E+04 4.83227394E-13 0.00000000E+00
1.4349E+04 4.83093136E-13 0.00000000E+00
1.4373E+04 4.83035106E-13 0.00000000E+00
1.4396E+04 4.82959291E-13 0.00000000E+00
1.4420E+04 4.82819739E-13 0.00000000E+00
1.4443E+04 4.82684922E-13 0.00000000E+00
1.4467E+04 4.82621318E-13 0.00000000E+00
1.4491E+04 4.82534130E-13 0.00000000E+00
1.4514E+04 4.82402468E-13 0.00000000E+00
1.4538E+04 4.82286432E-13 0.00000000E+00
1.4561E+04 4.82227612E-13 0.00000000E+00
1.4585E+04 4.82148593E-13 0.00000000E+00
1.4608E+04 4.82043197E-13 0.00000000E+00
1.4632E+04 4.81955409E-13 0.00000000E+00
1.4656E+04 4.81908251E-13 0.00000000E+00
1.4679E+04 4.81848664E-13 0.00000000E+00
1.4703E+04 4.81777185E-13 0.00000000E+00
1.4726E+04 4.81716813E-13 0.00000000E+00
1.4750E+04 4.81680145E-13 0.00000000E+00
1.4773E+04 4.81644684E-13 0.00000000E+00
1.4797E+04 4.81603734E-13 0.00000000E+00
1.4820E+04 4.81562623E-13 0.00000000E+00
1.4844E+04 4.81531199E-13 0.00000000E+00
1.4868E+04 4.81515660E-13 0.00000000E+00
1.4891E+04 4.81495831E-13 0.00000000E+00
1.4915E+04 4.81461106E-13 0.00000000E+00
1.4938E+04 4.81428045E-13 0.00000000E+00
1.4962E+04 4.81425041E-13 0.00000000E+00
1.4985E+04 4.81412946E-13 0.00000000E+00
1.5009E+04 4.81373530E-13 0.00000000E+00
1.5033E+04 4.81332297E-13 0.00000000E+00
1.5056E+04 4.81332756E-13 0.00000000E+00
1.5080E+04 4.81317111E-13 0.00000000E+00
1.5103E+04 4.81264424E-13 0.00000000E+00
1.5127E+04 4.81212935E-13 0.00000000E+00
1.5150E+04 4.81209426E-13 0.00000000E+00
1.5174E+04 4.81182785E-13 0.00000000E+00
1.5197E+04 4.81114360E-13 0.00000000E+00
1.5221E+04 4.81052326E-13 0.00000000E+00
1.5245E+04 4.81041119E-13 0.00000000E+00
1.5268E+04 4.81001658E-13 0.00000000E+00
1.5292E+04 4.80920081E-13 0.00000000E+00
1.5315E+04 4.80851354E-13 0.00000000E+00
1.5339E+04 4.80830372E-13 0.00000000E+00
1.5362E+04 4.80780970E-13 0.00000000E+00
1.5386E+04 4.80692120E-13 0.00000000E+00
1.5410E+04 4.80621116E-13 0.00000000E+00
1.5433E+04 4.80592196E-13 0.00000000E+00
1.5457E+04 4.80537793E-13 0.00000000E+00
1.5480E+04 4.80448864E-13 0.00000000E+00
1.5504E+04 4.80379538E-13 0.00000000E+00
1.5527E+04 4.80344609E-13 0.00000000E+00
1.5551E+04 4.80292006E-13 0.00000000E+00
1.5574E+04 4.80208502E-13 0.00000000E+00
1.5598E+04 4.80143365E-13 0.00000000E+00
1.5622E+04 4.80105184E-13 0.00000000E+00
1.5645E+04 4.80059152E-13 0.00000000E+00
1.5669E+04 4.79985108E-13 0.00000000E+00
1.5692E+04 4.79923758E-13 0.00000000E+00
1.5716E+04 4.79884210E-13 0.00000000E+00
1.5739E+04 4.79847873E-13 0.00000000E+00
1.5763E+04 4.79783642E-13 0.00000000E+00
1.5787E+04 4.79724938E-13 0.00000000E+00
1.5810E+04 4.79684808E-13 0.00000000E+00
1.5834E+04 4.79658085E-13 0.00000000E+00
1.5857E+04 4.79601936E-13 0.00000000E+00
1.5881E+04 4.79542636E-13 0.00000000E+00
1.5904E+04 4.79502863E-13 0.00000000E+00
1.5928E+04 4.79483780E-13 0.00000000E+00
1.5951E+04 4.79432388E-13 0.00000000E+00
1.5975E+04 4.79369945E-13 0.00000000E+00
1.5999E+04 4.79329860E-13 0.00000000E+00
1.6022E+04 4.79315402E-13 0.00000000E+00
1.6046E+04 4.79265553E-13 0.00000000E+00
1.6069E+04 4.79198166E-13 0.00000000E+00
1.6093E+04 4.79157889E-13 0.00000000E+00
1.6116E+04 4.79143991E-13 0.00000000E+00
1.6140E+04 4.79093429E-13 0.00000000E+00
1.6163E+04 4.79020746E-13 0.00000000E+00
1.6187E+04 4.78979746E-13 0.00000000E+00
1.6211E+04 4.78963675E-13 0.00000000E+00
1.6234E+04 4.78911180E-13 0.00000000E+00
1.6258E+04 4.78834437E-13 0.00000000E+00
1.6281E+04 4.78792496E-13 0.00000000E+00
1.6305E+04 4.78772005E-13 0.00000000E+00
1.6328E+04 4.78718375E-13 0.00000000E+00
1.6352E+04 4.78639262E-13 0.00000000E+00
1.6376E+04 4.78596109E-13 0.00000000E+00
1.6399E+04 4.78570823E-13 0.00000000E+00
1.6423E+04 4.78517561E-13 0.00000000E+00
1.6446E+04 4.78438664E-13 0.00000000E+00
1.6470E+04 4.78393435E-13 0.00000000E+00
1.6493E+04 4.78363869E-13 0.00000000E+00
1.6517E+04 4.78313205E-13 0.00000000E+00
1.6540E+04 4.78236288E-13 0.00000000E+00
1.6564E+04 4.78188634E-13 0.00000000E+00
1.6588E+04 4.78156084E-13 0.00000000E+00
1.6611E+04 4.78109727E-13 0.00000000E+00
1.6635E+04 4.78036018E-13 0.00000000E+00
1.6658E+04 4.77984830E-13 0.00000000E+00
1.6682E+04 4.77951360E-13 0.00000000E+00
1.6705E+04 4.77910293E-13 0.00000000E+00
1.6729E+04 4.77840003E-13 0.00000000E+00
1.6753E+04 4.77784852E-13 0.00000000E+00
1.6776E+04 4.77751830E-13 0.00000000E+00
1.6800E+04 4.77716127E-13 0.00000000E+00
1.6823E+04 4.77648608E-13 0.00000000E+00
1.6847E+04 4.77589087E-13 0.00000000E+00
1.6870E+04 4.77558043E-13 0.00000000E+00
1.6894E+04 4.77526512E-13 0.00000000E+00
1.6917E+04 4.77460904E-13 0.00000000E+00
1.6941E+04 4.77397092E-13 0.00000000E+00
1.6965E+04 4.77368286E-13 0.00000000E+00
1.6988E+04 4.77339578E-13 0.00000000E+00
1.7012E+04 4.77274791E-13 0.00000000E+00
1.7035E+04 4.77207493E-13 0.00000000E+00
1.7059E+04 4.77180690E-13 0.00000000E+00
1.7082E+04 4.77152824E-13 0.00000000E+00
1.7106E+04 4.77088520E-13 0.00000000E+00
1.7130E+04 4.77018622E-13 0.00000000E+00
1.7153E+04 4.76992821E-13 0.00000000E+00
1.7177E+04 4.76964446E-13 0.00000000E+00
1.7200E+04 4.76900436E-13 0.00000000E+00
1.7224E+04 4.76829415E-13 0.00000000E+00
1.7247E+04 4.76803007E-13 0.00000000E+00
1.7271E+04 4.76773251E-13 0.00000000E+00
1.7294E+04 4.76710125E-13 0.00000000E+00
1.7318E+04 4.76638847E-13 0.00000000E+00
1.7342E+04 4.76610340E-13 0.00000000E+00
1.7365E+04 4.76579263E-13 0.00000000E+00
1.7389E+04 4.76517921E-13 0.00000000E+00
1.7412E+04 4.76447287E-13 0.00000000E+00
1.7436E+04 4.76414819E-13 0.00000000E+00
1.7459E+04 4.76383216E-13 0.00000000E+00
1.7483E+04 4.76324649E-13 0.00000000E+00
1.7507E+04 4.76255008E-13 0.00000000E+00
1.7530E+04 4.76217644E-13 0.00000000E+00
1.7554E+04 4.76186467E-13 0.00000000E+00
1.7577E+04 4.76131316E-13 0.00000000E+00
1.7601E+04 4.76062461E-13 0.00000000E+00
1.7624E+04 4.76019629E-13 0.00000000E+00
1.7648E+04 4.75990344E-13 0.00000000E+00
1.7671E+04 4.75938696E-13 0.00000000E+00
1.7695E+04 4.75870093E-13 0.00000000E+00
1.7719E+04 4.75821971E-13 0.00000000E+00
1.7742E+04 4.75795489E-13 0.00000000E+00
1.7766E+04 4.75747265E-13 0.00000000E+00
1.7789E+04 4.75678163E-13 0.00000000E+00
1.7813E+04 4.75625546E-13 0.00000000E+00
1.7836E+04 4.75602313E-13 0.00000000E+00
1.7860E+04 4.75556844E-13 0.00000000E+00
1.7884E+04 4.75486943E-13 0.00000000E+00
1.7907E+04 4.75430962E-13 0.00000000E+00
1.7931E+04 4.75410536E-13 0.00000000E+00
1.7954E+04 4.75366990E-13 0.00000000E+00
1.7978E+04 4.75296021E-13 0.00000000E+00
1.8001E+04 4.75238262E-13 0.00000000E+00
1.8025E+04 4.75219565E-13 0.00000000E+00
1.8048E+04 4.75177151E-13 0.00000000E+00
1.8072E+04 4.75105282E-13 0.00000000E+00
1.8096E+04 4.75046779E-13 0.00000000E+00
1.8119E+04 4.75028426E-13 0.00000000E+00
1.8143E+04 4.74986841E-13 0.00000000E+00
1.8166E+04 4.74914698E-13 0.00000000E+00
1.8190E+04 4.74856277E-13 0.00000000E+00
1.8213E+04 4.74836330E-13 0.00000000E+00
1.8237E+04 4.74795773E-13 0.00000000E+00
1.8261E+04 4.74724281E-13 0.00000000E+00
1.8284E+04 4.74666193E-13 0.00000000E+00
1.8308E+04 4.74643137E-13 0.00000000E+00
1.8331E+04 4.74603954E-13 0.00000000E+00
1.8355E+04 4.74534068E-13 0.00000000E+00
1.8378E+04 4.74476044E-13 0.00000000E+00
1.8402E+04 4.74448712E-13 0.00000000E+00
1.8425E+04 4.74411741E-13 0.00000000E+00
1.8449E+04 4.74343993E-13 0.00000000E+00
1.8473E+04 4.74285314E-13 0.00000000E+00
1.8496E+04 4.74253389E-13 0.00000000E+00
1.8520E+04 4.74219436E-13 0.00000000E+00
1.8543E+04 4.74154293E-13 0.00000000E+00
1.8567E+04 4.74093833E-13 0.00000000E+00
1.8590E+04 4.74057593E-13 0.00000000E+00
1.8614E+04 4.74027385E-13 0.00000000E+00
1.8637E+04 4.73964912E-13 0.00000000E+00
1.8661E+04 4.73901923E-13 0.00000000E+00
1.8685E+04 4.73862160E-13 0.00000000E+00
1.8708E+04 4.73835724E-13 0.00000000E+00
1.8732E+04 4.73775717E-13 0.00000000E+00
1.8755E+04 4.73709615E-13 0.00000000E+00
1.8779E+04 4.73667716E-13 0.00000000E+00
1.8802E+04 4.73644554E-13 0.00000000E+00
1.8826E+04 4.73586462E-13 0.00000000E+00
1.8850E+04 4.73517165E-13 0.00000000E+00
1.8873E+04 4.73474361E-13 0.00000000E+00
1.8897E+04 4.73453596E-13 0.00000000E+00
1.8920E+04 4.73397029E-13 0.00000000E+00
1.8944E+04 4.73324841E-13 0.00000000E+00
1.8967E+04 4.73282151E-13 0.00000000E+00
1.8991E+04 4.73262440E-13 0.00000000E+00
1.9014E+04 4.73207352E-13 0.00000000E+00
1.9038E+04 4.73133149E-13 0.00000000E+00
1.9062E+04 4.73090910E-13 0.00000000E+00
1.9085E+04 4.73070811E-13 0.00000000E+00
1.9109E+04 4.73017342E-13 0.00000000E+00
1.9132E+04 4.72942334E-13 0.00000000E+00
1.9156E+04 4.72900417E-13 0.00000000E+00
1.9179E+04 4.72878563E-13 0.00000000E+00
1.9203E+04 4.72827074E-13 0.00000000E+00
1.9227E+04 4.72752279E-13 0.00000000E+00
1.9250E+04 4.72709978E-13 0.00000000E+00
1.9274E+04 4.72685671E-13 0.00000000E+00
1.9297E+04 4.72636746E-13 0.00000000E+00
1.9321E+04 4.72563005E-13 0.00000000E+00
1.9344E+04 4.72519039E-13 0.00000000E+00
1.9368E+04 4.72492123E-13 0.00000000E+00
1.9391E+04 4.72446547E-13 0.00000000E+00
1.9415E+04 4.72374440E-13 0.00000000E+00
1.9439E+04 4.72327537E-13 0.00000000E+00
1.9462E+04 4.72298317E-13 0.00000000E+00
1.9486E+04 4.72256560E-13 0.00000000E+00
1.9509E+04 4.72186353E-13 0.00000000E+00
1.9533E+04 4.72135441E-13 0.00000000E+00
1.9556E+04 4.72104783E-13 0.00000000E+00
1.9580E+04 4.72066830E-13 0.00000000E+00
1.9604E+04 4.71998277E-13 0.00000000E+00
1.9627E+04 4.71942782E-13 0.00000000E+00
1.9651E+04 4.71911771E-13 0.00000000E+00
1.9674E+04 4.71877333E-13 0.00000000E+00
1.9698E+04 4.71809951E-13 0.00000000E+00
1.9721E+04 4.71749708E-13 0.00000000E+00
1.9745E+04 4.71719394E-13 0.00000000E+00
1.9768E+04 4.71687833E-13 0.00000000E+00
1.9792E+04 4.71621375E-13 0.00000000E+00
1.9816E+04 4.71556881E-13 0.00000000E+00
1.9839E+04 4.71527730E-13 0.00000000E+00
1.9863E+04 4.71498100E-13 0.00000000E+00
1.9886E+04 4.71432413E-13 0.00000000E+00
1.9910E+04 4.71364788E-13 0.00000000E+00
1.9933E+04 4.71336848E-13 0.00000000E+00
1.9957E+04 4.71307969E-13 0.00000000E+00
1.9981E+04 4.71243068E-13 0.00000000E+00
2.0004E+04 4.71173500E-13 0.00000000E+00
2.0028E+04 4.71146264E-13 0.00000000E+00
2.0051E+04 4.71117372E-13 0.00000000E+00
2.0075E+04 4.71053525E-13 0.00000000E+00
2.0098E+04 4.70983160E-13 0.00000000E+00
2.0122E+04 4.70955483E-13 0.00000000E+00
2.0145E+04 4.70926183E-13 0.00000000E+00
2.0169E+04 4.70864133E-13 0.00000000E+00
2.0193E+04 4.70793897E-13 0.00000000E+00
2.0216E+04 4.70764336E-13 0.00000000E+00
2.0240E+04 4.70734576E-13 0.00000000E+00
2.0263E+04 4.70675011E-13 0.00000000E+00
2.0287E+04 4.70605571E-13 0.00000000E+00
2.0310E+04 4.70572723E-13 0.00000000E+00
2.0334E+04 4.70542867E-13 0.00000000E+00
2.0358E+04 4.70486232E-13 0.00000000E+00
2.0381E+04 4.70417597E-13 0.00000000E+00
2.0405E+04 4.70380448E-13 0.00000000E+00
2.0428E+04 4.70351294E-13 0.00000000E+00
2.0452E+04 4.70297882E-13 0.00000000E+00
2.0475E+04 4.70229648E-13 0.00000000E+00
2.0499E+04 4.70187509E-13 0.00000000E+00
2.0522E+04 4.70159966E-13 0.00000000E+00
2.0546E+04 4.70109893E-13 0.00000000E+00
2.0570E+04 4.70041620E-13 0.00000000E+00
2.0593E+04 4.69994474E-13 0.00000000E+00
2.0617E+04 4.69969076E-13 0.00000000E+00
2.0640E+04 4.69922011E-13 0.00000000E+00
2.0664E+04 4.69853256E-13 0.00000000E+00
2.0687E+04 4.69801789E-13 0.00000000E+00
2.0711E+04 4.69778755E-13 0.00000000E+00
2.0735E+04 4.69734008E-13 0.00000000E+00
2.0758E+04 4.69664355E-13 0.00000000E+00
2.0782E+04 4.69609600E-13 0.00000000E+00
2.0805E+04 4.69588735E-13 0.00000000E+00
2.0829E+04 4.69545730E-13 0.00000000E+00
2.0852E+04 4.69475079E-13 0.00000000E+00
2.0876E+04 4.69418169E-13 0.00000000E+00
2.0899E+04 4.69398667E-13 0.00000000E+00
2.0923E+04 4.69357026E-13 0.00000000E+00
2.0947E+04 4.69285822E-13 0.00000000E+00
2.0970E+04 4.69227822E-13 0.00000000E+00
2.0994E+04 4.69208400E-13 0.00000000E+00
2.1017E+04 4.69167836E-13 0.00000000E+00
2.1041E+04 4.69096763E-13 0.00000000E+00
2.1064E+04 4.69038536E-13 0.00000000E+00
2.1088E+04 4.69017774E-13 0.00000000E+00
2.1112E+04 4.68978310E-13 0.00000000E+00
2.1135E+04 4.68908026E-13 0.00000000E+00
2.1159E+04 4.68849837E-13 0.00000000E+00
2.1182E+04 4.68826527E-13 0.00000000E+00
2.1206E+04 4.68788619E-13 0.00000000E+00
2.1229E+04 4.68719879E-13 0.00000000E+00
2.1253E+04 4.68661449E-13 0.00000000E+00
2.1276E+04 4.68634574E-13 0.00000000E+00
2.1300E+04 4.68598928E-13 0.00000000E+00
2.1324E+04 4.68532409E-13 0.00000000E+00
2.1347E+04 4.68473210E-13 0.00000000E+00
2.1371E+04 4.68442275E-13 0.00000000E+00
2.1394E+04 4.68409413E-13 0.00000000E+00
2.1418E+04 4.68345454E-13 0.00000000E+00
2.1441E+04 4.68284768E-13 0.00000000E+00
2.1465E+04 4.68249929E-13 0.00000000E+00
2.1488E+04 4.68220244E-13 0.00000000E+00
2.1512E+04 4.68158747E-13 0.00000000E+00
2.1536E+04 4.68095837E-13 0.00000000E+00
2.1559E+04 4.68057746E-13 0.00000000E+00
2.1583E+04 4.68031350E-13 0.00000000E+00
2.1606E+04 4.67972129E-13 0.00000000E+00
2.1630E+04 4.67906459E-13 0.00000000E+00
2.1653E+04 4.67866029E-13 0.00000000E+00
2.1677E+04 4.67842580E-13 0.00000000E+00
2.1701E+04 4.67785363E-13 0.00000000E+00
2.1724E+04 4.67716922E-13 0.00000000E+00
2.1748E+04 4.67675113E-13 0.00000000E+00
2.1771E+04 4.67653761E-13 0.00000000E+00
2.1795E+04 4.67598250E-13 0.00000000E+00
2.1818E+04 4.67527394E-13 0.00000000E+00
2.1842E+04 4.67485057E-13 0.00000000E+00
2.1865E+04 4.67464705E-13 0.00000000E+00
2.1889E+04 4.67410733E-13 0.00000000E+00
2.1913E+04 4.67338132E-13 0.00000000E+00
2.1936E+04 4.67295663E-13 0.00000000E+00
2.1960E+04 4.67275171E-13 0.00000000E+00
2.1983E+04 4.67222898E-13 0.00000000E+00
2.2007E+04 4.67149462E-13 0.00000000E+00
2.2030E+04 4.67106765E-13 0.00000000E+00
2.2054E+04 4.67085068E-13 0.00000000E+00
2.2078E+04 4.67034868E-13 0.00000000E+00
2.2101E+04 4.66961555E-13 0.00000000E+00
2.2125E+04 4.66918095E-13 0.00000000E+00
2.2148E+04 4.66894472E-13 0.00000000E+00
2.2172E+04 4.66846821E-13 0.00000000E+00
2.2195E+04 4.66774393E-13 0.00000000E+00
2.2219E+04 4.66729293E-13 0.00000000E+00
2.2242E+04 4.66703504E-13 0.00000000E+00
2.2266E+04 4.66658928E-13 0.00000000E+00
2.2290E+04 4.66587882E-13 0.00000000E+00
2.2313E+04 4.66540149E-13 0.00000000E+00
2.2337E+04 4.66512393E-13 0.00000000E+00
2.2360E+04 4.66471279E-13 0.00000000E+00
2.2384E+04 4.66401841E-13 0.00000000E+00
2.2407E+04 4.66350628E-13 0.00000000E+00
2.2431E+04 4.66321473E-13 0.00000000E+00
2.2455E+04 4.66283865E-13 0.00000000E+00
2.2478E+04 4.66215947E-13 0.00000000E+00
2.2502E+04 4.66160754E-13 0.00000000E+00
2.2525E+04 4.66130973E-13 0.00000000E+00
2.2549E+04 4.66096618E-13 0.00000000E+00
2.2572E+04 4.66029933E-13 0.00000000E+00
2.2596E+04 4.65970642E-13 0.00000000E+00
2.2619E+04 4.65940971E-13 0.00000000E+00
2.2643E+04 4.65909343E-13 0.00000000E+00
2.2667E+04 4.65843702E-13 0.00000000E+00
2.2690E+04 4.65780683E-13 0.00000000E+00
2.2714E+04 4.65751511E-13 0.00000000E+00
2.2737E+04 4.65721836E-13 0.00000000E+00
2.2761E+04 4.65657163E-13 0.00000000E+00
2.2784E+04 4.65591246E-13 0.00000000E+00
2.2808E+04 4.65562600E-13 0.00000000E+00
2.2832E+04 4.65533965E-13 0.00000000E+00
2.2855E+04 4.65470303E-13 0.00000000E+00
2.2879E+04 4.65402450E-13 0.00000000E+00
2.2902E+04 4.65373940E-13 0.00000000E+00
2.2926E+04 4.65345671E-13 0.00000000E+00
2.2949E+04 4.65283268E-13 0.00000000E+00
2.2973E+04 4.65214388E-13 0.00000000E+00
2.2996E+04 4.65185164E-13 0.00000000E+00
2.3020E+04 4.65156895E-13 0.00000000E+00
2.3044E+04 4.65096321E-13 0.00000000E+00
2.3067E+04 4.65027193E-13 0.00000000E+00
2.3091E+04 4.64996128E-13 0.00000000E+00
2.3114E+04 4.64967758E-13 0.00000000E+00
2.3138E+04 4.64909588E-13 0.00000000E+00
2.3161E+04 4.64840789E-13 0.00000000E+00
2.3185E+04 4.64806805E-13 0.00000000E+00
2.3209E+04 4.64778519E-13 0.00000000E+00
2.3232E+04 4.64723127E-13 0.00000000E+00
2.3256E+04 4.64654773E-13 0.00000000E+00
2.3279E+04 4.64617058E-13 0.00000000E+00
2.3303E+04 4.64589394E-13 0.00000000E+00
2.3326E+04 4.64536989E-13 0.00000000E+00
2.3350E+04 4.64468844E-13 0.00000000E+00
2.3373E+04 4.64426863E-13 0.00000000E+00
2.3397E+04 4.64400453E-13 0.00000000E+00
2.3421E+04 4.64351142E-13 0.00000000E+00
2.3444E+04 4.64282905E-13 0.00000000E+00
2.3468E+04 4.64236578E-13 0.00000000E+00
2.3491E+04 4.64211811E-13 0.00000000E+00
2.3515E+04 4.64165388E-13 0.00000000E+00
2.3538E+04 4.64096825E-13 0.00000000E+00
2.3562E+04 4.64046617E-13 0.00000000E+00
2.3586E+04 4.64023574E-13 0.00000000E+00
2.3609E+04 4.63979528E-13 0.00000000E+00
2.3633E+04 4.63910416E-13 0.00000000E+00
2.3656E+04 4.63857137E-13 0.00000000E+00
2.3680E+04 4.63835614E-13 0.00000000E+00
2.3703E+04 4.63793432E-13 0.00000000E+00
2.3727E+04 4.63723720E-13 0.00000000E+00
2.3750E+04 4.63668227E-13 0.00000000E+00
2.3774E+04 4.63647620E-13 0.00000000E+00
2.3798E+04 4.63607006E-13 0.00000000E+00
2.3821E+04 4.63537023E-13 0.00000000E+00
2.3845E+04 4.63480098E-13 0.00000000E+00
2.3868E+04 4.63459402E-13 0.00000000E+00
2.3892E+04 4.63420188E-13 0.00000000E+00
2.3915E+04 4.63350552E-13 0.00000000E+00
2.3939E+04 4.63292846E-13 0.00000000E+00
2.3962E+04 4.63270906E-13 0.00000000E+00
2.3986E+04 4.63233066E-13 0.00000000E+00
2.4010E+04 4.63164381E-13 0.00000000E+00
2.4033E+04 4.63106201E-13 0.00000000E+00
2.4057E+04 4.63082032E-13 0.00000000E+00
2.4080E+04 4.63045805E-13 0.00000000E+00
2.4104E+04 4.62978610E-13 0.00000000E+00
2.4127E+04 4.62919802E-13 0.00000000E+00
2.4151E+04 4.62892660E-13 0.00000000E+00
2.4175E+04 4.62858551E-13 0.00000000E+00
2.4198E+04 4.62793342E-13 0.00000000E+00
2.4222E+04 4.62733477E-13 0.00000000E+00
2.4245E+04 4.62702932E-13 0.00000000E+00
2.4269E+04 4.62671388E-13 0.00000000E+00
2.4292E+04 4.62608536E-13 0.00000000E+00
2.4316E+04 4.62547138E-13 0.00000000E+00
2.4339E+04 4.62513198E-13 0.00000000E+00
2.4363E+04 4.62484427E-13 0.00000000E+00
2.4387E+04 4.62423954E-13 0.00000000E+00
2.4410E+04 4.62360602E-13 0.00000000E+00
2.4434E+04 4.62323739E-13 0.00000000E+00
2.4457E+04 4.62297695E-13 0.00000000E+00
2.4481E+04 4.62239390E-13 0.00000000E+00
2.4504E+04 4.62173734E-13 0.00000000E+00
2.4528E+04 4.62134651E-13 0.00000000E+00
2.4552E+04 4.62111065E-13 0.00000000E+00
2.4575E+04 4.62054715E-13 0.00000000E+00
2.4599E+04 4.61986708E-13 0.00000000E+00
2.4622E+04 4.61946073E-13 0.00000000E+00
2.4646E+04 4.61924315E-13 0.00000000E+00
2.4669E+04 4.61869831E-13 0.00000000E+00
2.4693E+04 4.61799842E-13 0.00000000E+00
2.4716E+04 4.61758201E-13 0.00000000E+00
2.4740E+04 4.61737329E-13 0.00000000E+00
2.4764E+04 4.61684634E-13 0.00000000E+00
2.4787E+04 4.61613317E-13 0.00000000E+00
2.4811E+04 4.61571002E-13 0.00000000E+00
2.4834E+04 4.61550035E-13 0.00000000E+00
2.4858E+04 4.61499160E-13 0.00000000E+00
2.4881E+04 4.61427195E-13 0.00000000E+00
2.4905E+04 4.61384155E-13 0.00000000E+00
2.4929E+04 4.61362316E-13 0.00000000E+00
2.4952E+04 4.61313554E-13 0.00000000E+00
2.4976E+04 4.61241640E-13 0.00000000E+00
2.4999E+04 4.61197392E-13 0.00000000E+00
2.5023E+04 4.61174120E-13 0.00000000E+00
2.5046E+04 4.61127950E-13 0.00000000E+00
2.5070E+04 4.61056783E-13 0.00000000E+00
2.5093E+04 4.61010653E-13 0.00000000E+00
2.5117E+04 4.60985647E-13 0.00000000E+00
2.5141E+04 4.60942425E-13 0.00000000E+00
2.5164E+04 4.60872492E-13 0.00000000E+00
2.5188E+04 4.60823812E-13 0.00000000E+00
2.5211E+04 4.60797172E-13 0.00000000E+00
2.5235E+04 4.60757070E-13 0.00000000E+00
2.5258E+04 4.60688482E-13 0.00000000E+00
2.5282E+04 4.60636646E-13 0.00000000E+00
2.5306E+04 4.60608829E-13 0.00000000E+00
2.5329E+04 4.60571897E-13 0.00000000E+00
2.5353E+04 4.60504600E-13 0.00000000E+00
2.5376E+04 4.60449182E-13 0.00000000E+00
2.5400E+04 4.60420712E-13 0.00000000E+00
2.5423E+04 4.60386801E-13 0.00000000E+00
2.5447E+04 4.60320744E-13 0.00000000E+00
2.5470E+04 4.60261738E-13 0.00000000E+00
2.5494E+04 4.60233040E-13 0.00000000E+00
2.5518E+04 4.60201629E-13 0.00000000E+00
2.5541E+04 4.60136729E-13 0.00000000E+00
2.5565E+04 4.60074548E-13 0.00000000E+00
2.5588E+04 4.60045897E-13 0.00000000E+00
2.5612E+04 4.60016287E-13 0.00000000E+00
2.5635E+04 4.59952425E-13 0.00000000E+00
2.5659E+04 4.59887685E-13 0.00000000E+00
2.5683E+04 4.59859088E-13 0.00000000E+00
2.5706E+04 4.59830642E-13 0.00000000E+00
2.5730E+04 4.59767933E-13 0.00000000E+00
2.5753E+04 4.59701349E-13 0.00000000E+00
2.5777E+04 4.59672379E-13 0.00000000E+00
2.5800E+04 4.59644589E-13 0.00000000E+00
2.5824E+04 4.59583398E-13 0.00000000E+00
2.5847E+04 4.59515783E-13 0.00000000E+00
2.5871E+04 4.59485706E-13 0.00000000E+00
2.5895E+04 4.59458160E-13 0.00000000E+00
2.5918E+04 4.59398905E-13 0.00000000E+00
2.5942E+04 4.59330939E-13 0.00000000E+00
2.5965E+04 4.59298929E-13 0.00000000E+00
2.5989E+04 4.59271511E-13 0.00000000E+00
2.6012E+04 4.59214547E-13 0.00000000E+00
2.6036E+04 4.59146587E-13 0.00000000E+00
2.6060E+04 4.59111813E-13 0.00000000E+00
2.6083E+04 4.59084745E-13 0.00000000E+00
2.6107E+04 4.59030452E-13 0.00000000E+00
2.6130E+04 4.58962592E-13 0.00000000E+00
2.6154E+04 4.58924340E-13 0.00000000E+00
2.6177E+04 4.58897984E-13 0.00000000E+00
2.6201E+04 4.58846622E-13 0.00000000E+00
2.6224E+04 4.58778842E-13 0.00000000E+00
2.6248E+04 4.58736735E-13 0.00000000E+00
2.6272E+04 4.58711418E-13 0.00000000E+00
2.6295E+04 4.58662955E-13 0.00000000E+00
2.6319E+04 4.58595074E-13 0.00000000E+00
2.6342E+04 4.58549160E-13 0.00000000E+00
2.6366E+04 4.58525157E-13 0.00000000E+00
2.6389E+04 4.58479333E-13 0.00000000E+00
2.6413E+04 4.58411103E-13 0.00000000E+00
2.6437E+04 4.58361728E-13 0.00000000E+00
2.6460E+04 4.58339112E-13 0.00000000E+00
2.6484E+04 4.58295639E-13 0.00000000E+00
2.6507E+04 4.58226976E-13 0.00000000E+00
2.6531E+04 4.58174712E-13 0.00000000E+00
2.6554E+04 4.58153186E-13 0.00000000E+00
2.6578E+04 4.58111718E-13 0.00000000E+00
2.6601E+04 4.58042788E-13 0.00000000E+00
2.6625E+04 4.57988372E-13 0.00000000E+00
2.6649E+04 4.57967311E-13 0.00000000E+00
2.6672E+04 4.57927494E-13 0.00000000E+00
2.6696E+04 4.57858582E-13 0.00000000E+00
2.6719E+04 4.57802697E-13 0.00000000E+00
2.6743E+04 4.57781312E-13 0.00000000E+00
2.6766E+04 4.57742977E-13 0.00000000E+00
2.6790E+04 4.57674510E-13 0.00000000E+00
2.6813E+04 4.57617585E-13 0.00000000E+00
2.6837E+04 4.57594974E-13 0.00000000E+00
2.6861E+04 4.57558219E-13 0.00000000E+00
2.6884E+04 4.57490775E-13 0.00000000E+00
2.6908E+04 4.57432997E-13 0.00000000E+00
2.6931E+04 4.57408279E-13 0.00000000E+00
2.6955E+04 4.57373305E-13 0.00000000E+00
2.6978E+04 4.57307448E-13 0.00000000E+00
2.7002E+04 4.57248779E-13 0.00000000E+00
2.7026E+04 4.57221320E-13 0.00000000E+00
2.7049E+04 4.57188395E-13 0.00000000E+00
2.7073E+04 4.57124478E-13 0.00000000E+00
2.7096E+04 4.57064629E-13 0.00000000E+00
2.7120E+04 4.57034150E-13 0.00000000E+00
2.7143E+04 4.57003588E-13 0.00000000E+00
2.7167E+04 4.56941831E-13 0.00000000E+00
2.7190E+04 4.56880381E-13 0.00000000E+00
2.7214E+04 4.56846904E-13 0.00000000E+00
2.7238E+04 4.56818905E-13 0.00000000E+00
2.7261E+04 4.56759403E-13 0.00000000E+00
2.7285E+04 4.56696044E-13 0.00000000E+00
2.7308E+04 4.56659881E-13 0.00000000E+00
2.7332E+04 4.56634340E-13 0.00000000E+00
2.7355E+04 4.56577007E-13 0.00000000E+00
2.7379E+04 4.56511595E-13 0.00000000E+00
2.7403E+04 4.56473289E-13 0.00000000E+00
2.7426E+04 4.56449851E-13 0.00000000E+00
2.7450E+04 4.56394478E-13 0.00000000E+00
2.7473E+04 4.56327054E-13 0.00000000E+00
2.7497E+04 4.56287165E-13 0.00000000E+00
2.7520E+04 4.56265271E-13 0.00000000E+00
2.7544E+04 4.56211761E-13 0.00000000E+00
2.7567E+04 4.56142628E-13 0.00000000E+00
2.7591E+04 4.56101556E-13 0.00000000E+00
2.7615E+04 4.56080445E-13 0.00000000E+00
2.7638E+04 4.56028813E-13 0.00000000E+00
2.7662E+04 4.55958554E-13 0.00000000E+00
2.7685E+04 4.55916496E-13 0.00000000E+00
2.7709E+04 4.55895318E-13 0.00000000E+00
2.7732E+04 4.55845649E-13 0.00000000E+00
2.7756E+04 4.55774907E-13 0.00000000E+00
2.7780E+04 4.55731796E-13 0.00000000E+00
2.7803E+04 4.55709857E-13 0.00000000E+00
2.7827E+04 4.55662365E-13 0.00000000E+00
2.7850E+04 4.55591745E-13 0.00000000E+00
2.7874E+04 4.55547195E-13 0.00000000E+00
2.7897E+04 4.55524027E-13 0.00000000E+00
2.7921E+04 4.55479084E-13 0.00000000E+00
2.7944E+04 4.55409148E-13 0.00000000E+00
2.7968E+04 4.55362599E-13 0.00000000E+00
2.7992E+04 4.55337960E-13 0.00000000E+00
2.8015E+04 4.55295869E-13 0.00000000E+00
2.8039E+04 4.55227039E-13 0.00000000E+00
2.8062E+04 4.55177947E-13 0.00000000E+00
2.8086E+04 4.55151889E-13 0.00000000E+00
2.8109E+04 4.55112779E-13 0.00000000E+00
2.8133E+04 4.55045187E-13 0.00000000E+00
2.8157E+04 4.54993088E-13 0.00000000E+00
2.8180E+04 4.54965948E-13 0.00000000E+00
2.8204E+04 4.54929817E-13 0.00000000E+00
2.8227E+04 4.54863448E-13 0.00000000E+00
2.8251E+04 4.54808036E-13 0.00000000E+00
2.8274E+04 4.54780209E-13 0.00000000E+00
2.8298E+04 4.54746893E-13 0.00000000E+00
2.8321E+04 4.54681737E-13 0.00000000E+00
2.8345E+04 4.54623054E-13 0.00000000E+00
2.8369E+04 4.54594844E-13 0.00000000E+00
2.8392E+04 4.54563880E-13 0.00000000E+00
2.8416E+04 4.54499909E-13 0.00000000E+00
2.8439E+04 4.54438338E-13 0.00000000E+00
2.8463E+04 4.54409928E-13 0.00000000E+00
2.8486E+04 4.54380702E-13 0.00000000E+00
2.8510E+04 4.54317855E-13 0.00000000E+00
2.8534E+04 4.54253936E-13 0.00000000E+00
2.8557E+04 4.54225284E-13 0.00000000E+00
2.8581E+04 4.54197254E-13 0.00000000E+00
2.8604E+04 4.54135663E-13 0.00000000E+00
2.8628E+04 4.54070007E-13 0.00000000E+00
2.8651E+04 4.54040715E-13 0.00000000E+00
2.8675E+04 4.54013441E-13 0.00000000E+00
2.8698E+04 4.53953463E-13 0.00000000E+00
2.8722E+04 4.53886775E-13 0.00000000E+00
2.8746E+04 4.53856191E-13 0.00000000E+00
2.8769E+04 4.53829300E-13 0.00000000E+00
2.8793E+04 4.53771310E-13 0.00000000E+00
2.8816E+04 4.53704194E-13 0.00000000E+00
2.8840E+04 4.53671624E-13 0.00000000E+00
2.8863E+04 4.53644982E-13 0.00000000E+00
2.8887E+04 4.53589263E-13 0.00000000E+00
2.8911E+04 4.53522029E-13 0.00000000E+00
2.8934E+04 4.53486789E-13 0.00000000E+00
2.8958E+04 4.53460569E-13 0.00000000E+00
2.8981E+04 4.53407437E-13 0.00000000E+00
2.9005E+04 4.53340163E-13 0.00000000E+00
2.9028E+04 4.53301644E-13 0.00000000E+00
2.9052E+04 4.53276133E-13 0.00000000E+00
2.9075E+04 4.53225838E-13 0.00000000E+00
2.9099E+04 4.53158553E-13 0.00000000E+00
2.9123E+04 4.53116427E-13 0.00000000E+00
2.9146E+04 4.53091838E-13 0.00000000E+00
2.9170E+04 4.53044362E-13 0.00000000E+00
2.9193E+04 4.52976995E-13 0.00000000E+00
2.9217E+04 4.52931328E-13 0.00000000E+00
2.9240E+04 4.52907820E-13 0.00000000E+00
2.9264E+04 4.52862898E-13 0.00000000E+00
2.9287E+04 4.52795274E-13 0.00000000E+00
2.9311E+04 4.52746389E-13 0.00000000E+00
2.9335E+04 4.52724003E-13 0.00000000E+00
2.9358E+04 4.52681363E-13 0.00000000E+00
2.9382E+04 4.52613407E-13 0.00000000E+00
2.9405E+04 4.52561763E-13 0.00000000E+00
2.9429E+04 4.52540238E-13 0.00000000E+00
2.9452E+04 4.52499637E-13 0.00000000E+00
2.9476E+04 4.52431546E-13 0.00000000E+00
2.9500E+04 4.52377728E-13 0.00000000E+00
2.9523E+04 4.52356472E-13 0.00000000E+00
2.9547E+04 4.52317632E-13 0.00000000E+00
2.9570E+04 4.52249752E-13 0.00000000E+00
2.9594E+04 4.52194376E-13 0.00000000E+00
2.9617E+04 4.52172656E-13 0.00000000E+00
2.9641E+04 4.52135358E-13 0.00000000E+00
2.9664E+04 4.52068065E-13 0.00000000E+00
2.9688E+04 4.52011543E-13 0.00000000E+00
2.9712E+04 4.51988611E-13 0.00000000E+00
2.9735E+04 4.51952893E-13 0.00000000E+00
2.9759E+04 4.51886619E-13 0.00000000E+00
2.9782E+04 4.51829080E-13 0.00000000E+00
2.9806E+04 4.51804205E-13 0.00000000E+00
2.9829E+04 4.51770290E-13 0.00000000E+00
2.9853E+04 4.51705561E-13 0.00000000E+00
2.9877E+04 4.51646950E-13 0.00000000E+00
2.9900E+04 4.51619524E-13 0.00000000E+00
2.9924E+04 4.51587641E-13 0.00000000E+00
2.9947E+04 4.51524868E-13 0.00000000E+00
2.9971E+04 4.51465036E-13 0.00000000E+00
2.9994E+04 4.51434764E-13 0.00000000E+00
3.0018E+04 4.51405066E-13 0.00000000E+00
3.0041E+04 4.51344416E-13 0.00000000E+00
3.0065E+04 4.51283094E-13 0.00000000E+00
3.0089E+04 4.51250026E-13 0.00000000E+00
3.0112E+04 4.51222630E-13 0.00000000E+00
3.0136E+04 4.51164105E-13 0.00000000E+00
3.0159E+04 4.51100990E-13 0.00000000E+00
3.0183E+04 4.51065386E-13 0.00000000E+00
3.0206E+04 4.51040267E-13 0.00000000E+00
3.0230E+04 4.50983860E-13 0.00000000E+00
3.0254E+04 4.50918827E-13 0.00000000E+00
3.0277E+04 4.50881052E-13 0.00000000E+00
3.0301E+04 4.50857891E-13 0.00000000E+00
3.0324E+04 4.50803546E-13 0.00000000E+00
3.0348E+04 4.50736752E-13 0.00000000E+00
3.0371E+04 4.50697250E-13 0.00000000E+00
3.0395E+04 4.50675453E-13 0.00000000E+00
3.0418E+04 4.50623035E-13 0.00000000E+00
3.0442E+04 4.50554801E-13 0.00000000E+00
3.0466E+04 4.50513973E-13 0.00000000E+00
3.0489E+04 4.50492874E-13 0.00000000E+00
3.0513E+04 4.50442307E-13 0.00000000E+00
3.0536E+04 4.50373047E-13 0.00000000E+00
3.0560E+04 4.50331052E-13 0.00000000E+00
3.0583E+04 4.50309993E-13 0.00000000E+00
3.0607E+04 4.50261427E-13 0.00000000E+00
3.0631E+04 4.50191694E-13 0.00000000E+00
3.0654E+04 4.50148412E-13 0.00000000E+00
3.0678E+04 4.50126746E-13 0.00000000E+00
3.0701E+04 4.50080445E-13 0.00000000E+00
3.0725E+04 4.50010887E-13 0.00000000E+00
3.0748E+04 4.49966034E-13 0.00000000E+00
3.0772E+04 4.49943243E-13 0.00000000E+00
3.0795E+04 4.49899422E-13 0.00000000E+00
3.0819E+04 4.49830544E-13 0.00000000E+00
3.0843E+04 4.49783739E-13 0.00000000E+00
3.0866E+04 4.49759610E-13 0.00000000E+00
3.0890E+04 4.49718452E-13 0.00000000E+00
3.0913E+04 4.49650536E-13 0.00000000E+00
3.0937E+04 4.49601295E-13 0.00000000E+00
3.0960E+04 4.49575889E-13 0.00000000E+00
3.0984E+04 4.49537592E-13 0.00000000E+00
3.1008E+04 4.49470813E-13 0.00000000E+00
3.1031E+04 4.49418704E-13 0.00000000E+00
3.1055E+04 4.49392206E-13 0.00000000E+00
3.1078E+04 4.49356797E-13 0.00000000E+00
3.1102E+04 4.49291288E-13 0.00000000E+00
3.1125E+04 4.49236129E-13 0.00000000E+00
3.1149E+04 4.49208783E-13 0.00000000E+00
3.1172E+04 4.49176015E-13 0.00000000E+00
3.1196E+04 4.49111757E-13 0.00000000E+00
3.1220E+04 4.49053633E-13 0.00000000E+00
3.1243E+04 4.49025725E-13 0.00000000E+00
3.1267E+04 4.48995180E-13 0.00000000E+00
3.1290E+04 4.48932093E-13 0.00000000E+00
3.1314E+04 4.48871259E-13 0.00000000E+00
3.1337E+04 4.48842944E-13 0.00000000E+00
3.1361E+04 4.48814184E-13 0.00000000E+00
3.1385E+04 4.48752314E-13 0.00000000E+00
3.1408E+04 4.48689213E-13 0.00000000E+00
3.1432E+04 4.48660382E-13 0.00000000E+00
3.1455E+04 4.48632912E-13 0.00000000E+00
3.1479E+04 4.48572461E-13 0.00000000E+00
3.1502E+04 4.48507704E-13 0.00000000E+00
3.1526E+04 4.48478020E-13 0.00000000E+00
3.1549E+04 4.48451350E-13 0.00000000E+00
3.1573E+04 4.48392549E-13 0.00000000E+00
3.1597E+04 4.48326745E-13 0.00000000E+00
3.1620E+04 4.48295725E-13 0.00000000E+00
3.1644E+04 4.48269534E-13 0.00000000E+00
3.1667E+04 4.48212663E-13 0.00000000E+00
3.1691E+04 4.48146272E-13 0.00000000E+00
3.1714E+04 4.48113307E-13 0.00000000E+00
3.1738E+04 4.48087504E-13 0.00000000E+00
3.1762E+04 4.48032907E-13 0.00000000E+00
3.1785E+04 4.47966260E-13 0.00000000E+00
3.1809E+04 4.47930724E-13 0.00000000E+00
3.1832E+04 4.47905350E-13 0.00000000E+00
3.1856E+04 4.47853320E-13 0.00000000E+00
3.1879E+04 4.47786611E-13 0.00000000E+00
3.1903E+04 4.47748025E-13 0.00000000E+00
3.1926E+04 4.47723222E-13 0.00000000E+00
3.1950E+04 4.47673881E-13 0.00000000E+00
3.1974E+04 4.47607132E-13 0.00000000E+00
3.1997E+04 4.47565240E-13 0.00000000E+00
3.2021E+04 4.47541206E-13 0.00000000E+00
3.2044E+04 4.47494553E-13 0.00000000E+00
3.2068E+04 4.47427692E-13 0.00000000E+00
3.2091E+04 4.47382473E-13 0.00000000E+00
3.2115E+04 4.47359333E-13 0.00000000E+00
3.2138E+04 4.47315247E-13 0.00000000E+00
3.2162E+04 4.47248245E-13 0.00000000E+00
3.2186E+04 4.47199932E-13 0.00000000E+00
3.2209E+04 4.47177627E-13 0.00000000E+00
3.2233E+04 4.47135854E-13 0.00000000E+00
3.2256E+04 4.47068735E-13 0.00000000E+00
3.2280E+04 4.47017760E-13 0.00000000E+00
3.2303E+04 4.46996046E-13 0.00000000E+00
3.2327E+04 4.46956292E-13 0.00000000E+00
3.2351E+04 4.46889172E-13 0.00000000E+00
3.2374E+04 4.46836018E-13 0.00000000E+00
3.2398E+04 4.46814449E-13 0.00000000E+00
3.2421E+04 4.46776510E-13 0.00000000E+00
3.2445E+04 4.46709676E-13 0.00000000E+00
3.2468E+04 4.46654803E-13 0.00000000E+00
3.2492E+04 4.46632740E-13 0.00000000E+00
3.2515E+04 4.46596481E-13 0.00000000E+00
3.2539E+04 4.46530353E-13 0.00000000E+00
3.2563E+04 4.46474147E-13 0.00000000E+00
3.2586E+04 4.46450894E-13 0.00000000E+00
3.2610E+04 4.46416258E-13 0.00000000E+00
3.2633E+04 4.46351232E-13 0.00000000E+00
3.2657E+04 4.46293892E-13 0.00000000E+00
3.2680E+04 4.46268835E-13 0.00000000E+00
3.2704E+04 4.46235925E-13 0.00000000E+00
3.2728E+04 4.46172381E-13 0.00000000E+00
3.2751E+04 4.46113874E-13 0.00000000E+00
3.2775E+04 4.46086512E-13 0.00000000E+00
3.2798E+04 4.46055540E-13 0.00000000E+00
3.2822E+04 4.45993851E-13 0.00000000E+00
3.2845E+04 4.45934057E-13 0.00000000E+00
3.2869E+04 4.45904072E-13 0.00000000E+00
3.2892E+04 4.45875164E-13 0.00000000E+00
3.2916E+04 4.45815569E-13 0.00000000E+00
3.2940E+04 4.45754348E-13 0.00000000E+00
3.2963E+04 4.45721710E-13 0.00000000E+00
3.2987E+04 4.45694882E-13 0.00000000E+00
3.3010E+04 4.45637395E-13 0.00000000E+00
3.3034E+04 4.45574571E-13 0.00000000E+00
3.3057E+04 4.45539484E-13 0.00000000E+00
3.3081E+04 4.45514676E-13 0.00000000E+00
3.3105E+04 4.45459259E-13 0.00000000E+00
3.3128E+04 4.45394724E-13 0.00000000E+00
3.3152E+04 4.45357470E-13 0.00000000E+00
3.3175E+04 4.45334438E-13 0.00000000E+00
3.3199E+04 4.45281090E-13 0.00000000E+00
3.3222E+04 4.45214985E-13 0.00000000E+00
3.3246E+04 4.45175878E-13 0.00000000E+00
3.3269E+04 4.45154116E-13 0.00000000E+00
3.3293E+04 4.45102774E-13 0.00000000E+00
3.3317E+04 4.45035426E-13 0.00000000E+00
3.3340E+04 4.44994788E-13 0.00000000E+00
3.3364E+04 4.44973685E-13 0.00000000E+00
3.3387E+04 4.44924266E-13 0.00000000E+00
3.3411E+04 4.44856047E-13 0.00000000E+00
3.3434E+04 4.44814035E-13 0.00000000E+00
3.3458E+04 4.44793020E-13 0.00000000E+00
3.3482E+04 4.44745627E-13 0.00000000E+00
3.3505E+04 4.44676992E-13 0.00000000E+00
3.3529E+04 4.44633517E-13 0.00000000E+00
3.3552E+04 4.44612034E-13 0.00000000E+00
3.3576E+04 4.44566898E-13 0.00000000E+00
3.3599E+04 4.44498421E-13 0.00000000E+00
3.3623E+04 4.44453262E-13 0.00000000E+00
3.3646E+04 4.44430825E-13 0.00000000E+00
3.3670E+04 4.44388118E-13 0.00000000E+00
3.3694E+04 4.44320268E-13 0.00000000E+00
3.3717E+04 4.44273147E-13 0.00000000E+00
3.3741E+04 4.44249520E-13 0.00000000E+00
3.3764E+04 4.44209363E-13 0.00000000E+00
3.3788E+04 4.44142398E-13 0.00000000E+00
3.3811E+04 4.44092942E-13 0.00000000E+00
3.3835E+04 4.44068130E-13 0.00000000E+00
3.3859E+04 4.44030683E-13 0.00000000E+00
3.3882E+04 4.43964792E-13 0.00000000E+00
3.3906E+04 4.43912654E-13 0.00000000E+00
3.3929E+04 4.43886746E-13 0.00000000E+00
3.3953E+04 4.43852034E-13 0.00000000E+00
3.3976E+04 4.43787392E-13 0.00000000E+00
3.4000E+04 4.43732450E-13 0.00000000E+00
3.4023E+04 4.43705592E-13 0.00000000E+00
3.4047E+04 4.43673377E-13 0.00000000E+00
3.4071E+04 4.43610004E-13 0.00000000E+00
3.4094E+04 4.43552351E-13 0.00000000E+00
3.4118E+04 4.43524754E-13 0.00000000E+00
3.4141E+04 4.43494675E-13 0.00000000E+00
3.4165E+04 4.43432515E-13 0.00000000E+00
3.4188E+04 4.43372348E-13 0.00000000E+00
3.4212E+04 4.43344120E-13 0.00000000E+00
3.4236E+04 4.43315823E-13 0.00000000E+00
3.4259E+04 4.43254966E-13 0.00000000E+00
3.4283E+04 4.43192653E-13 0.00000000E+00
3.4306E+04 4.43163666E-13 0.00000000E+00
3.4330E+04 4.43136717E-13 0.00000000E+00
3.4353E+04 4.43077382E-13 0.00000000E+00
3.4377E+04 4.43013473E-13 0.00000000E+00
3.4400E+04 4.42983442E-13 0.00000000E+00
3.4424E+04 4.42957369E-13 0.00000000E+00
3.4448E+04 4.42899737E-13 0.00000000E+00
3.4471E+04 4.42834769E-13 0.00000000E+00
3.4495E+04 4.42803318E-13 0.00000000E+00
3.4518E+04 4.42777819E-13 0.00000000E+00
3.4542E+04 4.42722100E-13 0.00000000E+00
3.4565E+04 4.42656446E-13 0.00000000E+00
3.4589E+04 4.42623076E-13 0.00000000E+00
3.4612E+04 4.42598063E-13 0.00000000E+00
3.4636E+04 4.42544584E-13 0.00000000E+00
3.4660E+04 4.42478549E-13 0.00000000E+00
3.4683E+04 4.42442709E-13 0.00000000E+00
3.4707E+04 4.42418159E-13 0.00000000E+00
3.4730E+04 4.42367208E-13 0.00000000E+00
3.4754E+04 4.42301047E-13 0.00000000E+00
3.4777E+04 4.42262340E-13 0.00000000E+00
3.4801E+04 4.42238276E-13 0.00000000E+00
3.4825E+04 4.42189927E-13 0.00000000E+00
3.4848E+04 4.42123724E-13 0.00000000E+00
3.4872E+04 4.42081964E-13 0.00000000E+00
3.4895E+04 4.42058509E-13 0.00000000E+00
3.4919E+04 4.42012722E-13 0.00000000E+00
3.4942E+04 4.41946415E-13 0.00000000E+00
3.4966E+04 4.41901567E-13 0.00000000E+00
3.4989E+04 4.41878826E-13 0.00000000E+00
3.5013E+04 4.41835542E-13 0.00000000E+00
3.5037E+04 4.41769141E-13 0.00000000E+00
3.5060E+04 4.41721339E-13 0.00000000E+00
3.5084E+04 4.41699220E-13 0.00000000E+00
3.5107E+04 4.41658285E-13 0.00000000E+00
3.5131E+04 4.41591915E-13 0.00000000E+00
3.5154E+04 4.41541511E-13 0.00000000E+00
3.5178E+04 4.41519736E-13 0.00000000E+00
3.5202E+04 4.41480861E-13 0.00000000E+00
3.5225E+04 4.41414680E-13 0.00000000E+00
3.5249E+04 4.41362124E-13 0.00000000E+00
3.5272E+04 4.41340311E-13 0.00000000E+00
3.5296E+04 4.41303253E-13 0.00000000E+00
3.5319E+04 4.41237456E-13 0.00000000E+00
3.5343E+04 4.41183124E-13 0.00000000E+00
3.5366E+04 4.41160781E-13 0.00000000E+00
3.5390E+04 4.41125449E-13 0.00000000E+00
3.5414E+04 4.41060381E-13 0.00000000E+00
3.5437E+04 4.41004547E-13 0.00000000E+00
3.5461E+04 4.40981063E-13 0.00000000E+00
3.5484E+04 4.40947452E-13 0.00000000E+00
3.5508E+04 4.40883553E-13 0.00000000E+00
3.5531E+04 4.40826426E-13 0.00000000E+00
3.5555E+04 4.40801210E-13 0.00000000E+00
3.5579E+04 4.40769324E-13 0.00000000E+00
3.5602E+04 4.40706962E-13 0.00000000E+00
3.5626E+04 4.40648629E-13 0.00000000E+00
3.5649E+04 4.40621259E-13 0.00000000E+00
3.5673E+04 4.40591163E-13 0.00000000E+00
3.5696E+04 4.40530574E-13 0.00000000E+00
3.5720E+04 4.40470956E-13 0.00000000E+00
3.5743E+04 4.40441196E-13 0.00000000E+00
3.5767E+04 4.40413015E-13 0.00000000E+00
3.5791E+04 4.40354391E-13 0.00000000E+00
3.5814E+04 4.40293332E-13 0.00000000E+00
3.5838E+04 4.40261089E-13 0.00000000E+00
3.5861E+04 4.40234878E-13 0.00000000E+00
3.5885E+04 4.40178364E-13 0.00000000E+00
3.5908E+04 4.40115797E-13 0.00000000E+00
3.5932E+04 4.40081141E-13 0.00000000E+00
3.5956E+04 4.40056756E-13 0.00000000E+00
3.5979E+04 4.40002373E-13 0.00000000E+00
3.6003E+04 4.39938341E-13 0.00000000E+00
3.6026E+04 4.39901516E-13 0.00000000E+00
3.6050E+04 4.39878659E-13 0.00000000E+00
3.6073E+04 4.39826304E-13 0.00000000E+00
3.6097E+04 4.39760912E-13 0.00000000E+00
3.6120E+04 4.39722213E-13 0.00000000E+00
3.6144E+04 4.39700510E-13 0.00000000E+00
3.6168E+04 4.39650127E-13 0.00000000E+00
3.6191E+04 4.39583580E-13 0.00000000E+00
3.6215E+04 4.39543203E-13 0.00000000E+00
3.6238E+04 4.39522183E-13 0.00000000E+00
3.6262E+04 4.39473834E-13 0.00000000E+00
3.6285E+04 4.39406527E-13 0.00000000E+00
3.6309E+04 4.39364552E-13 0.00000000E+00
3.6333E+04 4.39343634E-13 0.00000000E+00
3.6356E+04 4.39297408E-13 0.00000000E+00
3.6380E+04 4.39229840E-13 0.00000000E+00
3.6403E+04 4.39186271E-13 0.00000000E+00
3.6427E+04 4.39164913E-13 0.00000000E+00
3.6450E+04 4.39120872E-13 0.00000000E+00
3.6474E+04 4.39053474E-13 0.00000000E+00
3.6497E+04 4.39008183E-13 0.00000000E+00
3.6521E+04 4.38986019E-13 0.00000000E+00
3.6545E+04 4.38944305E-13 0.00000000E+00
3.6568E+04 4.38877417E-13 0.00000000E+00
3.6592E+04 4.38830122E-13 0.00000000E+00
3.6615E+04 4.38806938E-13 0.00000000E+00
3.6639E+04 4.38767752E-13 0.00000000E+00
3.6662E+04 4.38701710E-13 0.00000000E+00
3.6686E+04 4.38652107E-13 0.00000000E+00
3.6710E+04 4.38627779E-13 0.00000000E+00
3.6733E+04 4.38591214E-13 0.00000000E+00
3.6757E+04 4.38526281E-13 0.00000000E+00
3.6780E+04 4.38474184E-13 0.00000000E+00
3.6804E+04 4.38448729E-13 0.00000000E+00
3.6827E+04 4.38414692E-13 0.00000000E+00
3.6851E+04 4.38350962E-13 0.00000000E+00
3.6874E+04 4.38296292E-13 0.00000000E+00
3.6898E+04 4.38269853E-13 0.00000000E+00
3.6922E+04 4.38238174E-13 0.00000000E+00
3.6945E+04 4.38175659E-13 0.00000000E+00
3.6969E+04 4.38118433E-13 0.00000000E+00
3.6992E+04 4.38091138E-13 0.00000000E+00
3.7016E+04 4.38061578E-13 0.00000000E+00
3.7039E+04 4.38000362E-13 0.00000000E+00
3.7063E+04 4.37940779E-13 0.00000000E+00
3.7087E+04 4.37912632E-13 0.00000000E+00
3.7110E+04 4.37884827E-13 0.00000000E+00
3.7134E+04 4.37825030E-13 0.00000000E+00
3.7157E+04 4.37763472E-13 0.00000000E+00
3.7181E+04 4.37734376E-13 0.00000000E+00
3.7204E+04 4.37707887E-13 0.00000000E+00
3.7228E+04 4.37649629E-13 0.00000000E+00
3.7251E+04 4.37586533E-13 0.00000000E+00
3.7275E+04 4.37556279E-13 0.00000000E+00
3.7299E+04 4.37530742E-13 0.00000000E+00
3.7322E+04 4.37474199E-13 0.00000000E+00
3.7346E+04 4.37409988E-13 0.00000000E+00
3.7369E+04 4.37378223E-13 0.00000000E+00
3.7393E+04 4.37353375E-13 0.00000000E+00
3.7416E+04 4.37298808E-13 0.00000000E+00
3.7440E+04 4.37233875E-13 0.00000000E+00
3.7463E+04 4.37200168E-13 0.00000000E+00
3.7487E+04 4.37175833E-13 0.00000000E+00
3.7511E+04 4.37123488E-13 0.00000000E+00
3.7534E+04 4.37058150E-13 0.00000000E+00
3.7558E+04 4.37022084E-13 0.00000000E+00
3.7581E+04 4.36998195E-13 0.00000000E+00
3.7605E+04 4.36948263E-13 0.00000000E+00
3.7628E+04 4.36882713E-13 0.00000000E+00
3.7652E+04 4.36843948E-13 0.00000000E+00
3.7676E+04 4.36820527E-13 0.00000000E+00
3.7699E+04 4.36773131E-13 0.00000000E+00
3.7723E+04 4.36707490E-13 0.00000000E+00
3.7746E+04 4.36665826E-13 0.00000000E+00
3.7770E+04 4.36642906E-13 0.00000000E+00
3.7793E+04 4.36598050E-13 0.00000000E+00
3.7817E+04 4.36532381E-13 0.00000000E+00
3.7840E+04 4.36487806E-13 0.00000000E+00
3.7864E+04 4.36465393E-13 0.00000000E+00
3.7888E+04 4.36422964E-13 0.00000000E+00
3.7911E+04 4.36357291E-13 0.00000000E+00
3.7935E+04 4.36309935E-13 0.00000000E+00
3.7958E+04 4.36287960E-13 0.00000000E+00
3.7982E+04 4.36247818E-13 0.00000000E+00
3.8005E+04 4.36182226E-13 0.00000000E+00
3.8029E+04 4.36132331E-13 0.00000000E+00
3.8053E+04 4.36110559E-13 0.00000000E+00
3.8076E+04 4.36072532E-13 0.00000000E+00
3.8100E+04 4.36007241E-13 0.00000000E+00
3.8123E+04 4.35955162E-13 0.00000000E+00
3.8147E+04 4.35933202E-13 0.00000000E+00
3.8170E+04 4.35897063E-13 0.00000000E+00
3.8194E+04 4.35832315E-13 0.00000000E+00
3.8217E+04 4.35778433E-13 0.00000000E+00
3.8241E+04 4.35755849E-13 0.00000000E+00
3.8265E+04 4.35721425E-13 0.00000000E+00
3.8288E+04 4.35657465E-13 0.00000000E+00
3.8312E+04 4.35602024E-13 0.00000000E+00
3.8335E+04 4.35578343E-13 0.00000000E+00
3.8359E+04 4.35545635E-13 0.00000000E+00
3.8382E+04 4.35482815E-13 0.00000000E+00
3.8406E+04 4.35425954E-13 0.00000000E+00
3.8430E+04 4.35400648E-13 0.00000000E+00
3.8453E+04 4.35369696E-13 0.00000000E+00
3.8477E+04 4.35308429E-13 0.00000000E+00
3.8500E+04 4.35250276E-13 0.00000000E+00
3.8524E+04 4.35222916E-13 0.00000000E+00
3.8547E+04 4.35193691E-13 0.00000000E+00
3.8571E+04 4.35134218E-13 0.00000000E+00
3.8594E+04 4.35074813E-13 0.00000000E+00
3.8618E+04 4.35045195E-13 0.00000000E+00
3.8642E+04 4.35017713E-13 0.00000000E+00
3.8665E+04 4.34960129E-13 0.00000000E+00
3.8689E+04 4.34899351E-13 0.00000000E+00
3.8712E+04 4.34867405E-13 0.00000000E+00
3.8736E+04 4.34841736E-13 0.00000000E+00
3.8759E+04 4.34786185E-13 0.00000000E+00
3.8783E+04 4.34723962E-13 0.00000000E+00
3.8807E+04 4.34689675E-13 0.00000000E+00
3.8830E+04 4.34665711E-13 0.00000000E+00
3.8854E+04 4.34612315E-13 0.00000000E+00
3.8877E+04 4.34548767E-13 0.00000000E+00
3.8901E+04 4.34512282E-13 0.00000000E+00
3.8924E+04 4.34489691E-13 0.00000000E+00
3.8948E+04 4.34438369E-13 0.00000000E+00
3.8971E+04 4.34373661E-13 0.00000000E+00
3.8995E+04 4.34335247E-13 0.00000000E+00
3.9019E+04 4.34313670E-13 0.00000000E+00
3.9042E+04 4.34264311E-13 0.00000000E+00
3.9066E+04 4.34198587E-13 0.00000000E+00
3.9089E+04 4.34158412E-13 0.00000000E+00
3.9113E+04 4.34137487E-13 0.00000000E+00
3.9136E+04 4.34090172E-13 0.00000000E+00
3.9160E+04 4.34023759E-13 0.00000000E+00
3.9184E+04 4.33981845E-13 0.00000000E+00
3.9207E+04 4.33961066E-13 0.00000000E+00
3.9231E+04 4.33915928E-13 0.00000000E+00
3.9254E+04 4.33849324E-13 0.00000000E+00
3.9278E+04 4.33805686E-13 0.00000000E+00
3.9301E+04 4.33784518E-13 0.00000000E+00
3.9325E+04 4.33741566E-13 0.00000000E+00
3.9348E+04 4.33675176E-13 0.00000000E+00
3.9372E+04 4.33629768E-13 0.00000000E+00
3.9396E+04 4.33607873E-13 0.00000000E+00
3.9419E+04 4.33567166E-13 0.00000000E+00
3.9443E+04 4.33501249E-13 0.00000000E+00
3.9466E+04 4.33453848E-13 0.00000000E+00
3.9490E+04 4.33431037E-13 0.00000000E+00
3.9513E+04 4.33392772E-13 0.00000000E+00
3.9537E+04 4.33327646E-13 0.00000000E+00
3.9561E+04 4.33277991E-13 0.00000000E+00
3.9584E+04 4.33254094E-13 0.00000000E+00
3.9608E+04 4.33218363E-13 0.00000000E+00
3.9631E+04 4.33154339E-13 0.00000000E+00
3.9655E+04 4.33102321E-13 0.00000000E+00
3.9678E+04 4.33077276E-13 0.00000000E+00
3.9702E+04 4.33043945E-13 0.00000000E+00
3.9725E+04 4.32981126E-13 0.00000000E+00
3.9749E+04 4.32926721E-13 0.00000000E+00
3.9773E+04 4.32900630E-13 0.00000000E+00
3.9796E+04 4.32869530E-13 0.00000000E+00
3.9820E+04 4.32807919E-13 0.00000000E+00
3.9843E+04 4.32751125E-13 0.00000000E+00
3.9867E+04 4.32724072E-13 0.00000000E+00
3.9890E+04 4.32695035E-13 0.00000000E+00
3.9914E+04 4.32634761E-13 0.00000000E+00
3.9937E+04 4.32575741E-13 0.00000000E+00
3.9961E+04 4.32547674E-13 0.00000000E+00
3.9985E+04 4.32520379E-13 0.00000000E+00
