0.0000E+00 0.00000000E+00 0.00000000E+00
2.3562E+01 0.00000000E+00 0.00000000E+00
4.7124E+01 0.00000000E+00 0.00000000E+00
7.0686E+01 0.00000000E+00 0.00000000E+00
9.4248E+01 0.00000000E+00 0.00000000E+00
1.1781E+02 0.00000000E+00 0.00000000E+00
1.4137E+02 0.00000000E+00 0.00000000E+00
1.6493E+02 0.00000000E+00 0.00000000E+00
1.8850E+02 0.00000000E+00 0.00000000E+00
2.1206E+02 0.00000000E+00 0.00000000E+00
2.3562E+02 0.00000000E+00 0.00000000E+00
2.5918E+02 3.40257861E-272 0.00000000E+00
2.8274E+02 4.42249077E-219 0.00000000E+00
3.0631E+02 2.51401702E-176 0.00000000E+00
3.2987E+02 6.81434530E-141 0.00000000E+00
3.5343E+02 3.43288090E-111 0.00000000E+00
3.7699E+02 2.85332200E-86 0.00000000E+00
4.0055E+02 1.53951073E-65 0.00000000E+00
4.2412E+02 1.24635091E-48 0.00000000E+00
4.4768E+02 2.27743893E-35 0.00000000E+00
4.7124E+02 8.69770942E-26 0.00000000E+00
4.9480E+02 2.61054842E-20 0.00000000E+00
5.1836E+02 2.20386714E-19 0.00000000E+00
5.4192E+02 6.35268386E-19 0.00000000E+00
5.6549E+02 9.03618206E-19 0.00000000E+00
5.8905E+02 1.15699931E-18 0.00000000E+00
6.1261E+02 1.88629222E-18 0.00000000E+00
6.3617E+02 3.32370429E-18 0.00000000E+00
6.5973E+02 4.69437846E-18 0.00000000E+00
6.8330E+02 6.48583463E-18 0.00000000E+00
7.0686E+02 1.14244649E-17 0.00000000E+00
7.3042E+02 1.72855994E-17 0.00000000E+00
7.5398E+02 2.13665067E-17 0.00000000E+00
7.7754E+02 3.23959498E-17 0.00000000E+00
8.0111E+02 5.14583322E-17 0.00000000E+00
8.2467E+02 6.42045345E-17 0.00000000E+00
8.4823E+02 8.46074058E-17 0.00000000E+00
8.7179E+02 1.37521190E-16 0.00000000E+00
8.9535E+02 1.86330074E-16 0.00000000E+00
9.1892E+02 2.25056484E-16 0.00000000E+00
9.4248E+02 3.44092435E-16 0.00000000E+00
9.6604E+02 5.15290248E-16 0.00000000E+00
9.8960E+02 6.17236760E-16 0.00000000E+00
1.0132E+03 8.44021310E-16 0.00000000E+00
1.0367E+03 1.34163714E-15 0.00000000E+00
1.0603E+03 1.71739791E-15 0.00000000E+00
1.0838E+03 2.10000215E-15 0.00000000E+00
1.1074E+03 3.26375872E-15 0.00000000E+00
1.1310E+03 4.58855928E-15 0.00000000E+00
1.1545E+03 5.36429543E-15 0.00000000E+00
1.1781E+03 7.57730017E-15 0.00000000E+00
1.2017E+03 1.15013827E-14 0.00000000E+00
1.2252E+03 1.39321702E-14 0.00000000E+00
1.2488E+03 1.74635735E-14 0.00000000E+00
1.2723E+03 2.69196574E-14 0.00000000E+00
1.2959E+03 3.54610253E-14 0.00000000E+00
1.3195E+03 4.11523205E-14 0.00000000E+00
1.3430E+03 5.95208566E-14 0.00000000E+00
1.3666E+03 8.55040891E-14 0.00000000E+00
1.3902E+03 9.92841093E-14 0.00000000E+00
1.4137E+03 1.28261377E-13 0.00000000E+00
1.4373E+03 1.92670649E-13 0.00000000E+00
1.4608E+03 2.38572664E-13 0.00000000E+00
1.4844E+03 2.78992850E-13 0.00000000E+00
1.5080E+03 4.07515858E-13 0.00000000E+00
1.5315E+03 5.50900639E-13 0.00000000E+00
1.5551E+03 6.22504461E-13 0.00000000E+00
1.5787E+03 8.27811710E-13 0.00000000E+00
1.6022E+03 1.19504490E-12 0.00000000E+00
1.6258E+03 1.40213954E-12 0.00000000E+00
1.6493E+03 1.67078660E-12 0.00000000E+00
1.6729E+03 2.42551319E-12 0.00000000E+00
1.6965E+03 3.08118624E-12 0.00000000E+00
1.7200E+03 3.44013983E-12 0.00000000E+00
1.7436E+03 4.67502960E-12 0.00000000E+00
1.7671E+03 6.41907405E-12 0.00000000E+00
1.7907E+03 7.21553767E-12 0.00000000E+00
1.8143E+03 8.81491884E-12 0.00000000E+00
1.8378E+03 1.25254548E-11 0.00000000E+00
1.8614E+03 1.49956895E-11 0.00000000E+00
1.8850E+03 1.67789920E-11 0.00000000E+00
1.9085E+03 2.30398644E-11 0.00000000E+00
1.9321E+03 2.99043007E-11 0.00000000E+00
1.9556E+03 3.26301844E-11 0.00000000E+00
1.9792E+03 4.08874090E-11 0.00000000E+00
2.0028E+03 5.61148008E-11 0.00000000E+00
2.0263E+03 6.37250996E-11 0.00000000E+00
2.0499E+03 7.22655342E-11 0.00000000E+00
2.0735E+03 9.89058993E-11 0.00000000E+00
2.0970E+03 1.21088220E-10 0.00000000E+00
2.1206E+03 1.30057221E-10 0.00000000E+00
2.1441E+03 1.66328219E-10 0.00000000E+00
2.1677E+03 2.18219677E-10 0.00000000E+00
2.1913E+03 2.37282947E-10 0.00000000E+00
2.2148E+03 2.74608078E-10 0.00000000E+00
2.2384E+03 3.69403133E-10 0.00000000E+00
2.2619E+03 4.27260662E-10 0.00000000E+00
2.2855E+03 4.57759705E-10 0.00000000E+00
2.3091E+03 5.92008159E-10 0.00000000E+00
2.3326E+03 7.37485925E-10 0.00000000E+00
2.3562E+03 7.76747736E-10 0.00000000E+00
2.3798E+03 9.19156304E-10 0.00000000E+00
2.4033E+03 1.19993090E-09 0.00000000E+00
2.4269E+03 1.31770999E-09 0.00000000E+00
2.4504E+03 1.42397568E-09 0.00000000E+00
2.4740E+03 1.84044341E-09 0.00000000E+00
2.4976E+03 2.17008890E-09 0.00000000E+00
2.5211E+03 2.24212327E-09 0.00000000E+00
2.5447E+03 2.70480999E-09 0.00000000E+00
2.5683E+03 3.39158661E-09 0.00000000E+00
2.5918E+03 3.56414409E-09 0.00000000E+00
2.6154E+03 3.91483177E-09 0.00000000E+00
2.6389E+03 4.99290828E-09 0.00000000E+00
2.6625E+03 5.57420205E-09 0.00000000E+00
2.6861E+03 5.72117156E-09 0.00000000E+00
2.7096E+03 6.98627632E-09 0.00000000E+00
2.7332E+03 8.35265391E-09 0.00000000E+00
2.7567E+03 8.48544067E-09 0.00000000E+00
2.7803E+03 9.50629116E-09 0.00000000E+00
2.8039E+03 1.18202958E-08 0.00000000E+00
2.8274E+03 1.25395352E-08 0.00000000E+00
2.8510E+03 1.29292742E-08 0.00000000E+00
2.8746E+03 1.58229350E-08 0.00000000E+00
2.8981E+03 1.79632432E-08 0.00000000E+00
2.9217E+03 1.78483048E-08 0.00000000E+00
2.9452E+03 2.03749592E-08 0.00000000E+00
2.9688E+03 2.44449196E-08 0.00000000E+00
2.9924E+03 2.48018879E-08 0.00000000E+00
3.0159E+03 2.59136227E-08 0.00000000E+00
3.0395E+03 3.14218389E-08 0.00000000E+00
3.0631E+03 3.38421713E-08 0.00000000E+00
3.0866E+03 3.32923638E-08 0.00000000E+00
3.1102E+03 3.85334331E-08 0.00000000E+00
3.1337E+03 4.42536564E-08 0.00000000E+00
3.1573E+03 4.33323558E-08 0.00000000E+00
3.1809E+03 4.61167378E-08 0.00000000E+00
3.2044E+03 5.47700752E-08 0.00000000E+00
3.2280E+03 5.60904801E-08 0.00000000E+00
3.2515E+03 5.52764108E-08 0.00000000E+00
3.2751E+03 6.43375661E-08 0.00000000E+00
3.2987E+03 7.03666012E-08 0.00000000E+00
3.3222E+03 6.72378366E-08 0.00000000E+00
3.3458E+03 7.29758970E-08 0.00000000E+00
3.3694E+03 8.39986920E-08 0.00000000E+00
3.3929E+03 8.22396290E-08 0.00000000E+00
3.4165E+03 8.20094323E-08 0.00000000E+00
3.4400E+03 9.50047753E-08 0.00000000E+00
3.4636E+03 9.87528416E-08 0.00000000E+00
3.4872E+03 9.32393321E-08 0.00000000E+00
3.5107E+03 1.02903260E-07 0.00000000E+00
3.5343E+03 1.13807165E-07 0.00000000E+00
3.5579E+03 1.07424892E-07 0.00000000E+00
3.5814E+03 1.09187127E-07 0.00000000E+00
3.6050E+03 1.24492315E-07 0.00000000E+00
3.6285E+03 1.23142293E-07 0.00000000E+00
3.6521E+03 1.16376828E-07 0.00000000E+00
3.6757E+03 1.29743563E-07 0.00000000E+00
3.6992E+03 1.37033021E-07 0.00000000E+00
3.7228E+03 1.26121085E-07 0.00000000E+00
3.7463E+03 1.31109694E-07 0.00000000E+00
3.7699E+03 1.45530498E-07 0.00000000E+00
3.7935E+03 1.37658364E-07 0.00000000E+00
3.8170E+03 1.31793964E-07 0.00000000E+00
3.8406E+03 1.47007283E-07 0.00000000E+00
3.8642E+03 1.47847636E-07 0.00000000E+00
3.8877E+03 1.34495876E-07 0.00000000E+00
3.9113E+03 1.42843799E-07 0.00000000E+00
3.9348E+03 1.52903793E-07 0.00000000E+00
3.9584E+03 1.39517439E-07 0.00000000E+00
3.9820E+03 1.36603138E-07 0.00000000E+00
4.0055E+03 1.50720809E-07 0.00000000E+00
4.0291E+03 1.44469175E-07 0.00000000E+00
4.0527E+03 1.31824680E-07 0.00000000E+00
4.0762E+03 1.42206897E-07 0.00000000E+00
4.0998E+03 1.45790036E-07 0.00000000E+00
4.1233E+03 1.29915521E-07 0.00000000E+00
4.1469E+03 1.30744381E-07 0.00000000E+00
4.1705E+03 1.41032066E-07 0.00000000E+00
4.1940E+03 1.29509298E-07 0.00000000E+00
4.2176E+03 1.20185038E-07 0.00000000E+00
4.2412E+03 1.30386006E-07 0.00000000E+00
4.2647E+03 1.27606823E-07 0.00000000E+00
4.2883E+03 1.12733176E-07 0.00000000E+00
4.3118E+03 1.16525338E-07 0.00000000E+00
4.3354E+03 1.21626356E-07 0.00000000E+00
4.3590E+03 1.08025051E-07 0.00000000E+00
4.3825E+03 1.03009420E-07 0.00000000E+00
4.4061E+03 1.11000524E-07 0.00000000E+00
4.4296E+03 1.03818974E-07 0.00000000E+00
4.4532E+03 9.23628175E-08 0.00000000E+00
4.4768E+03 9.74051981E-08 0.00000000E+00
4.5003E+03 9.76660591E-08 0.00000000E+00
4.5239E+03 8.50002914E-08 0.00000000E+00
4.5475E+03 8.36680351E-08 0.00000000E+00
4.5710E+03 8.84328748E-08 0.00000000E+00
4.5946E+03 7.94866771E-08 0.00000000E+00
4.6181E+03 7.21880844E-08 0.00000000E+00
4.6417E+03 7.68190266E-08 0.00000000E+00
4.6653E+03 7.37558279E-08 0.00000000E+00
4.6888E+03 6.38463196E-08 0.00000000E+00
4.7124E+03 6.47509549E-08 0.00000000E+00
4.7360E+03 6.64259438E-08 0.00000000E+00
4.7595E+03 5.79265541E-08 0.00000000E+00
4.7831E+03 5.42035700E-08 0.00000000E+00
4.8066E+03 5.74602485E-08 0.00000000E+00
4.8302E+03 5.28908186E-08 0.00000000E+00
4.8538E+03 4.62177227E-08 0.00000000E+00
4.8773E+03 4.79458905E-08 0.00000000E+00
4.9009E+03 4.74053731E-08 0.00000000E+00
4.9244E+03 4.06106572E-08 0.00000000E+00
4.9480E+03 3.93067627E-08 0.00000000E+00
4.9716E+03 4.10064105E-08 0.00000000E+00
4.9951E+03 3.63814393E-08 0.00000000E+00
5.0187E+03 3.25084371E-08 0.00000000E+00
5.0423E+03 3.41345603E-08 0.00000000E+00
5.0658E+03 3.24305349E-08 0.00000000E+00
5.0894E+03 2.76848845E-08 0.00000000E+00
5.1129E+03 2.76782650E-08 0.00000000E+00
5.1365E+03 2.81353821E-08 0.00000000E+00
5.1601E+03 2.42799045E-08 0.00000000E+00
5.1836E+03 2.23963127E-08 0.00000000E+00
5.2072E+03 2.35198702E-08 0.00000000E+00
5.2308E+03 2.14951681E-08 0.00000000E+00
5.2543E+03 1.85557224E-08 0.00000000E+00
5.2779E+03 1.90427613E-08 0.00000000E+00
5.3014E+03 1.87310153E-08 0.00000000E+00
5.3250E+03 1.59138669E-08 0.00000000E+00
5.3486E+03 1.52231905E-08 0.00000000E+00
5.3721E+03 1.57990814E-08 0.00000000E+00
5.3957E+03 1.39572684E-08 0.00000000E+00
5.4192E+03 1.23419998E-08 0.00000000E+00
5.4428E+03 1.28679231E-08 0.00000000E+00
5.4664E+03 1.22037224E-08 0.00000000E+00
5.4899E+03 1.03475130E-08 0.00000000E+00
5.5135E+03 1.02493442E-08 0.00000000E+00
5.5371E+03 1.04005430E-08 0.00000000E+00
5.5606E+03 8.95267175E-09 0.00000000E+00
5.5842E+03 8.17937333E-09 0.00000000E+00
5.6077E+03 8.55376060E-09 0.00000000E+00
5.6313E+03 7.81966385E-09 0.00000000E+00
5.6549E+03 6.70325827E-09 0.00000000E+00
5.6784E+03 6.82524821E-09 0.00000000E+00
5.7020E+03 6.71663605E-09 0.00000000E+00
5.7256E+03 5.68986331E-09 0.00000000E+00
5.7491E+03 5.38744230E-09 0.00000000E+00
5.7727E+03 5.57882911E-09 0.00000000E+00
5.7962E+03 4.93024344E-09 0.00000000E+00
5.8198E+03 4.31907133E-09 0.00000000E+00
5.8434E+03 4.47257130E-09 0.00000000E+00
5.8669E+03 4.24720796E-09 0.00000000E+00
5.8905E+03 3.58070455E-09 0.00000000E+00
5.9140E+03 3.50842371E-09 0.00000000E+00
5.9376E+03 3.55836577E-09 0.00000000E+00
5.9612E+03 3.05810763E-09 0.00000000E+00
5.9847E+03 2.76141538E-09 0.00000000E+00
6.0083E+03 2.87500085E-09 0.00000000E+00
6.0319E+03 2.63088236E-09 0.00000000E+00
6.0554E+03 2.23564090E-09 0.00000000E+00
6.0790E+03 2.25675174E-09 0.00000000E+00
6.1025E+03 2.22378215E-09 0.00000000E+00
6.1261E+03 1.87666022E-09 0.00000000E+00
6.1497E+03 1.75853052E-09 0.00000000E+00
6.1732E+03 1.82023871E-09 0.00000000E+00
6.1968E+03 1.60963905E-09 0.00000000E+00
6.2204E+03 1.39851565E-09 0.00000000E+00
6.2439E+03 1.44371287E-09 0.00000000E+00
6.2675E+03 1.37537545E-09 0.00000000E+00
6.2910E+03 1.15569644E-09 0.00000000E+00
6.3146E+03 1.12702175E-09 0.00000000E+00
6.3382E+03 1.14717070E-09 0.00000000E+00
6.3617E+03 9.87652525E-10 0.00000000E+00
6.3853E+03 8.88662543E-10 0.00000000E+00
6.4088E+03 9.27255592E-10 0.00000000E+00
6.4324E+03 8.52788065E-10 0.00000000E+00
6.4560E+03 7.24708275E-10 0.00000000E+00
6.4795E+03 7.31825496E-10 0.00000000E+00
6.5031E+03 7.25135940E-10 0.00000000E+00
6.5267E+03 6.14324849E-10 0.00000000E+00
6.5502E+03 5.75516787E-10 0.00000000E+00
6.5738E+03 5.97753327E-10 0.00000000E+00
6.5973E+03 5.31639368E-10 0.00000000E+00
6.6209E+03 4.62307354E-10 0.00000000E+00
6.6445E+03 4.77096941E-10 0.00000000E+00
6.6680E+03 4.56642931E-10 0.00000000E+00
6.6916E+03 3.84639492E-10 0.00000000E+00
6.7152E+03 3.73649112E-10 0.00000000E+00
6.7387E+03 3.80630549E-10 0.00000000E+00
6.7623E+03 3.28598047E-10 0.00000000E+00
6.7858E+03 2.93983776E-10 0.00000000E+00
6.8094E+03 3.05237041E-10 0.00000000E+00
6.8330E+03 2.81008350E-10 0.00000000E+00
6.8565E+03 2.37424674E-10 0.00000000E+00
6.8801E+03 2.37228950E-10 0.00000000E+00
6.9036E+03 2.34497381E-10 0.00000000E+00
6.9272E+03 1.97638222E-10 0.00000000E+00
6.9508E+03 1.82554827E-10 0.00000000E+00
6.9743E+03 1.88366095E-10 0.00000000E+00
6.9979E+03 1.66778122E-10 0.00000000E+00
7.0215E+03 1.42958506E-10 0.00000000E+00
7.0450E+03 1.46047052E-10 0.00000000E+00
7.0686E+03 1.39280881E-10 0.00000000E+00
7.0921E+03 1.15962337E-10 0.00000000E+00
7.1157E+03 1.11369514E-10 0.00000000E+00
7.1393E+03 1.13234064E-10 0.00000000E+00
7.1628E+03 9.70852500E-11 0.00000000E+00
7.1864E+03 8.60420821E-11 0.00000000E+00
7.2100E+03 8.94384454E-11 0.00000000E+00
7.2335E+03 8.22716085E-11 0.00000000E+00
7.2571E+03 6.92042295E-11 0.00000000E+00
7.2806E+03 6.95379129E-11 0.00000000E+00
7.3042E+03 6.91496689E-11 0.00000000E+00
7.3278E+03 5.83993264E-11 0.00000000E+00
7.3513E+03 5.45428294E-11 0.00000000E+00
7.3749E+03 5.70026421E-11 0.00000000E+00
7.3985E+03 5.08746810E-11 0.00000000E+00
7.4220E+03 4.43109154E-11 0.00000000E+00
7.4456E+03 4.61134203E-11 0.00000000E+00
7.4691E+03 4.44932681E-11 0.00000000E+00
7.4927E+03 3.77310241E-11 0.00000000E+00
7.5163E+03 3.70409389E-11 0.00000000E+00
7.5398E+03 3.81142080E-11 0.00000000E+00
7.5634E+03 3.32304172E-11 0.00000000E+00
7.5869E+03 3.01037461E-11 0.00000000E+00
7.6105E+03 3.15650230E-11 0.00000000E+00
7.6341E+03 2.93429756E-11 0.00000000E+00
7.6576E+03 2.51194337E-11 0.00000000E+00
7.6812E+03 2.53031245E-11 0.00000000E+00
7.7048E+03 2.51638850E-11 0.00000000E+00
7.7283E+03 2.14440748E-11 0.00000000E+00
7.7519E+03 1.99199783E-11 0.00000000E+00
7.7754E+03 2.05452354E-11 0.00000000E+00
7.7990E+03 1.82946054E-11 0.00000000E+00
7.8226E+03 1.57167300E-11 0.00000000E+00
7.8461E+03 1.59167003E-11 0.00000000E+00
7.8697E+03 1.51395415E-11 0.00000000E+00
7.8933E+03 1.25691412E-11 0.00000000E+00
7.9168E+03 1.18625551E-11 0.00000000E+00
7.9404E+03 1.19061824E-11 0.00000000E+00
7.9639E+03 1.01139673E-11 0.00000000E+00
7.9875E+03 8.74055898E-12 0.00000000E+00
8.0111E+03 8.87416084E-12 0.00000000E+00
8.0346E+03 8.03926905E-12 0.00000000E+00
8.0582E+03 6.56031691E-12 0.00000000E+00
8.0817E+03 6.38604938E-12 0.00000000E+00
8.1053E+03 6.23988667E-12 0.00000000E+00
8.1289E+03 5.11308337E-12 0.00000000E+00
8.1524E+03 4.61633193E-12 0.00000000E+00
8.1760E+03 4.76446724E-12 0.00000000E+00
8.1996E+03 4.16063292E-12 0.00000000E+00
8.2231E+03 3.52631222E-12 0.00000000E+00
8.2467E+03 3.67360267E-12 0.00000000E+00
8.2702E+03 3.52909215E-12 0.00000000E+00
8.2938E+03 2.95498081E-12 0.00000000E+00
8.3174E+03 2.95734449E-12 0.00000000E+00
8.3409E+03 3.09875499E-12 0.00000000E+00
8.3645E+03 2.71390750E-12 0.00000000E+00
8.3881E+03 2.54438561E-12 0.00000000E+00
8.4116E+03 2.77408493E-12 0.00000000E+00
8.4352E+03 2.62613795E-12 0.00000000E+00
8.4587E+03 2.34173267E-12 0.00000000E+00
8.4823E+03 2.48803544E-12 0.00000000E+00
8.5059E+03 2.53976580E-12 0.00000000E+00
8.5294E+03 2.24946828E-12 0.00000000E+00
8.5530E+03 2.21630810E-12 0.00000000E+00
8.5765E+03 2.35431141E-12 0.00000000E+00
8.6001E+03 2.16102374E-12 0.00000000E+00
8.6237E+03 1.96268214E-12 0.00000000E+00
8.6472E+03 2.04889519E-12 0.00000000E+00
8.6708E+03 1.98492848E-12 0.00000000E+00
8.6944E+03 1.72299855E-12 0.00000000E+00
8.7179E+03 1.67332654E-12 0.00000000E+00
8.7415E+03 1.68455585E-12 0.00000000E+00
8.7650E+03 1.46979957E-12 0.00000000E+00
8.7886E+03 1.29829587E-12 0.00000000E+00
8.8122E+03 1.29637515E-12 0.00000000E+00
8.8357E+03 1.17650668E-12 0.00000000E+00
8.8593E+03 9.66563212E-13 0.00000000E+00
8.8829E+03 9.00939345E-13 0.00000000E+00
8.9064E+03 8.51310044E-13 0.00000000E+00
8.9300E+03 6.83948001E-13 0.00000000E+00
8.9535E+03 5.69417358E-13 0.00000000E+00
8.9771E+03 5.40596614E-13 0.00000000E+00
9.0007E+03 4.45526543E-13 0.00000000E+00
9.0242E+03 3.31229883E-13 0.00000000E+00
9.0478E+03 2.97513843E-13 0.00000000E+00
9.0713E+03 2.59171012E-13 0.00000000E+00
9.0949E+03 1.81122641E-13 0.00000000E+00
9.1185E+03 1.48070859E-13 0.00000000E+00
9.1420E+03 1.41329803E-13 0.00000000E+00
9.1656E+03 1.04397918E-13 0.00000000E+00
9.1892E+03 8.45294116E-14 0.00000000E+00
9.2127E+03 9.66633927E-14 0.00000000E+00
9.2363E+03 8.96243906E-14 0.00000000E+00
9.2598E+03 8.31792186E-14 0.00000000E+00
9.2834E+03 1.08446558E-13 0.00000000E+00
9.3070E+03 1.22688443E-13 0.00000000E+00
9.3305E+03 1.21769478E-13 0.00000000E+00
9.3541E+03 1.49175034E-13 0.00000000E+00
9.3777E+03 1.79634903E-13 0.00000000E+00
9.4012E+03 1.81551056E-13 0.00000000E+00
9.4248E+03 1.96684328E-13 0.00000000E+00
9.4483E+03 2.32517765E-13 0.00000000E+00
9.4719E+03 2.41526782E-13 0.00000000E+00
9.4955E+03 2.38871311E-13 0.00000000E+00
9.5190E+03 2.62833162E-13 0.00000000E+00
9.5426E+03 2.79615815E-13 0.00000000E+00
9.5661E+03 2.67251087E-13 0.00000000E+00
9.5897E+03 2.67471402E-13 0.00000000E+00
9.6133E+03 2.82439628E-13 0.00000000E+00
9.6368E+03 2.72285679E-13 0.00000000E+00
9.6604E+03 2.52110194E-13 0.00000000E+00
9.6840E+03 2.52471817E-13 0.00000000E+00
9.7075E+03 2.47758007E-13 0.00000000E+00
9.7311E+03 2.21563176E-13 0.00000000E+00
9.7546E+03 2.03779175E-13 0.00000000E+00
9.7782E+03 1.97955725E-13 0.00000000E+00
9.8018E+03 1.77742543E-13 0.00000000E+00
9.8253E+03 1.50844158E-13 0.00000000E+00
9.8489E+03 1.37508418E-13 0.00000000E+00
9.8725E+03 1.24847426E-13 0.00000000E+00
9.8960E+03 1.01608196E-13 0.00000000E+00
9.9196E+03 8.27361092E-14 0.00000000E+00
9.9431E+03 7.27938547E-14 0.00000000E+00
9.9667E+03 5.92890787E-14 0.00000000E+00
9.9903E+03 4.30484434E-14 0.00000000E+00
1.0014E+04 3.33634252E-14 0.00000000E+00
1.0037E+04 2.74471784E-14 0.00000000E+00
1.0061E+04 1.97369476E-14 0.00000000E+00
1.0085E+04 1.31560707E-14 0.00000000E+00
1.0108E+04 1.07888427E-14 0.00000000E+00
1.0132E+04 1.07587100E-14 0.00000000E+00
1.0155E+04 1.07977851E-14 0.00000000E+00
1.0179E+04 1.13059835E-14 0.00000000E+00
1.0202E+04 1.45536832E-14 0.00000000E+00
1.0226E+04 2.04112059E-14 0.00000000E+00
1.0249E+04 2.52951017E-14 0.00000000E+00
1.0273E+04 2.93261810E-14 0.00000000E+00
1.0297E+04 3.65593873E-14 0.00000000E+00
1.0320E+04 4.52274824E-14 0.00000000E+00
1.0344E+04 5.06044852E-14 0.00000000E+00
1.0367E+04 5.57382037E-14 0.00000000E+00
1.0391E+04 6.43599074E-14 0.00000000E+00
1.0414E+04 7.15192916E-14 0.00000000E+00
1.0438E+04 7.46255671E-14 0.00000000E+00
1.0462E+04 7.93628117E-14 0.00000000E+00
1.0485E+04 8.61414948E-14 0.00000000E+00
1.0509E+04 8.89373466E-14 0.00000000E+00
1.0532E+04 8.92532078E-14 0.00000000E+00
1.0556E+04 9.23502892E-14 0.00000000E+00
1.0579E+04 9.49798320E-14 0.00000000E+00
1.0603E+04 9.32177825E-14 0.00000000E+00
1.0626E+04 9.14789906E-14 0.00000000E+00
1.0650E+04 9.20843692E-14 0.00000000E+00
1.0674E+04 9.03450572E-14 0.00000000E+00
1.0697E+04 8.57652168E-14 0.00000000E+00
1.0721E+04 8.29540591E-14 0.00000000E+00
1.0744E+04 8.11553304E-14 0.00000000E+00
1.0768E+04 7.66815970E-14 0.00000000E+00
1.0791E+04 7.14876657E-14 0.00000000E+00
1.0815E+04 6.85037836E-14 0.00000000E+00
1.0838E+04 6.54075842E-14 0.00000000E+00
1.0862E+04 6.04595382E-14 0.00000000E+00
1.0886E+04 5.63093522E-14 0.00000000E+00
1.0909E+04 5.39836659E-14 0.00000000E+00
1.0933E+04 5.10817440E-14 0.00000000E+00
1.0956E+04 4.73830883E-14 0.00000000E+00
1.0980E+04 4.51206493E-14 0.00000000E+00
1.1003E+04 4.41039755E-14 0.00000000E+00
1.1027E+04 4.24555127E-14 0.00000000E+00
1.1051E+04 4.07286176E-14 0.00000000E+00
1.1074E+04 4.05079128E-14 0.00000000E+00
1.1098E+04 4.09924911E-14 0.00000000E+00
1.1121E+04 4.08291508E-14 0.00000000E+00
1.1145E+04 4.09516621E-14 0.00000000E+00
1.1168E+04 4.23950513E-14 0.00000000E+00
1.1192E+04 4.39859510E-14 0.00000000E+00
1.1215E+04 4.48657159E-14 0.00000000E+00
1.1239E+04 4.62446888E-14 0.00000000E+00
1.1263E+04 4.85895801E-14 0.00000000E+00
1.1286E+04 5.04998611E-14 0.00000000E+00
1.1310E+04 5.17372456E-14 0.00000000E+00
1.1333E+04 5.36187134E-14 0.00000000E+00
1.1357E+04 5.59509179E-14 0.00000000E+00
1.1380E+04 5.74002673E-14 0.00000000E+00
1.1404E+04 5.84209895E-14 0.00000000E+00
1.1428E+04 6.01057083E-14 0.00000000E+00
1.1451E+04 6.16676893E-14 0.00000000E+00
1.1475E+04 6.22146819E-14 0.00000000E+00
1.1498E+04 6.27092896E-14 0.00000000E+00
1.1522E+04 6.37124612E-14 0.00000000E+00
1.1545E+04 6.41531667E-14 0.00000000E+00
1.1569E+04 6.37881745E-14 0.00000000E+00
1.1592E+04 6.37103172E-14 0.00000000E+00
1.1616E+04 6.38696722E-14 0.00000000E+00
1.1640E+04 6.32968548E-14 0.00000000E+00
1.1663E+04 6.23300971E-14 0.00000000E+00
1.1687E+04 6.18291380E-14 0.00000000E+00
1.1710E+04 6.13028048E-14 0.00000000E+00
1.1734E+04 6.01411624E-14 0.00000000E+00
1.1757E+04 5.90038016E-14 0.00000000E+00
1.1781E+04 5.83413265E-14 0.00000000E+00
1.1805E+04 5.74869945E-14 0.00000000E+00
1.1828E+04 5.62462480E-14 0.00000000E+00
1.1852E+04 5.53224632E-14 0.00000000E+00
1.1875E+04 5.47687972E-14 0.00000000E+00
1.1899E+04 5.39666921E-14 0.00000000E+00
1.1922E+04 5.30460821E-14 0.00000000E+00
1.1946E+04 5.25719933E-14 0.00000000E+00
1.1969E+04 5.23123497E-14 0.00000000E+00
1.1993E+04 5.18171179E-14 0.00000000E+00
1.2017E+04 5.14107093E-14 0.00000000E+00
1.2040E+04 5.14386435E-14 0.00000000E+00
1.2064E+04 5.15146906E-14 0.00000000E+00
1.2087E+04 5.14009302E-14 0.00000000E+00
1.2111E+04 5.14960353E-14 0.00000000E+00
1.2134E+04 5.19154074E-14 0.00000000E+00
1.2158E+04 5.22327768E-14 0.00000000E+00
1.2182E+04 5.24220404E-14 0.00000000E+00
1.2205E+04 5.28600447E-14 0.00000000E+00
1.2229E+04 5.34580006E-14 0.00000000E+00
1.2252E+04 5.38496121E-14 0.00000000E+00
1.2276E+04 5.41853751E-14 0.00000000E+00
1.2299E+04 5.47437010E-14 0.00000000E+00
1.2323E+04 5.52918966E-14 0.00000000E+00
1.2346E+04 5.55960780E-14 0.00000000E+00
1.2370E+04 5.59192753E-14 0.00000000E+00
1.2394E+04 5.63933258E-14 0.00000000E+00
1.2417E+04 5.67248791E-14 0.00000000E+00
1.2441E+04 5.68465125E-14 0.00000000E+00
1.2464E+04 5.70470342E-14 0.00000000E+00
1.2488E+04 5.73082773E-14 0.00000000E+00
1.2511E+04 5.73617930E-14 0.00000000E+00
1.2535E+04 5.72900111E-14 0.00000000E+00
1.2559E+04 5.73301380E-14 0.00000000E+00
1.2582E+04 5.73490885E-14 0.00000000E+00
1.2606E+04 5.71665922E-14 0.00000000E+00
1.2629E+04 5.69601258E-14 0.00000000E+00
1.2653E+04 5.68666953E-14 0.00000000E+00
1.2676E+04 5.66996689E-14 0.00000000E+00
1.2700E+04 5.63889235E-14 0.00000000E+00
1.2723E+04 5.61402371E-14 0.00000000E+00
1.2747E+04 5.59811344E-14 0.00000000E+00
1.2771E+04 5.57296258E-14 0.00000000E+00
1.2794E+04 5.54143936E-14 0.00000000E+00
1.2818E+04 5.52114758E-14 0.00000000E+00
1.2841E+04 5.50610768E-14 0.00000000E+00
1.2865E+04 5.48276662E-14 0.00000000E+00
1.2888E+04 5.46037466E-14 0.00000000E+00
1.2912E+04 5.45030549E-14 0.00000000E+00
1.2936E+04 5.44142278E-14 0.00000000E+00
1.2959E+04 5.42675015E-14 0.00000000E+00
1.2983E+04 5.41803035E-14 0.00000000E+00
1.3006E+04 5.41933088E-14 0.00000000E+00
1.3030E+04 5.41834579E-14 0.00000000E+00
1.3053E+04 5.41454062E-14 0.00000000E+00
1.3077E+04 5.41872866E-14 0.00000000E+00
1.3100E+04 5.42862825E-14 0.00000000E+00
1.3124E+04 5.43385763E-14 0.00000000E+00
1.3148E+04 5.43900655E-14 0.00000000E+00
1.3171E+04 5.45155513E-14 0.00000000E+00
1.3195E+04 5.46493620E-14 0.00000000E+00
1.3218E+04 5.47283050E-14 0.00000000E+00
1.3242E+04 5.48263354E-14 0.00000000E+00
1.3265E+04 5.49748709E-14 0.00000000E+00
1.3289E+04 5.50908527E-14 0.00000000E+00
1.3312E+04 5.51587083E-14 0.00000000E+00
1.3336E+04 5.52574055E-14 0.00000000E+00
1.3360E+04 5.53755757E-14 0.00000000E+00
1.3383E+04 5.54374089E-14 0.00000000E+00
1.3407E+04 5.54693551E-14 0.00000000E+00
1.3430E+04 5.55347367E-14 0.00000000E+00
1.3454E+04 5.55917117E-14 0.00000000E+00
1.3477E+04 5.55878317E-14 0.00000000E+00
1.3501E+04 5.55774663E-14 0.00000000E+00
1.3525E+04 5.55962677E-14 0.00000000E+00
1.3548E+04 5.55877037E-14 0.00000000E+00
1.3572E+04 5.55304743E-14 0.00000000E+00
1.3595E+04 5.54878911E-14 0.00000000E+00
1.3619E+04 5.54657859E-14 0.00000000E+00
1.3642E+04 5.54094259E-14 0.00000000E+00
1.3666E+04 5.53254099E-14 0.00000000E+00
1.3689E+04 5.52704406E-14 0.00000000E+00
1.3713E+04 5.52255085E-14 0.00000000E+00
1.3737E+04 5.51496233E-14 0.00000000E+00
1.3760E+04 5.50685667E-14 0.00000000E+00
1.3784E+04 5.50210080E-14 0.00000000E+00
1.3807E+04 5.49743213E-14 0.00000000E+00
1.3831E+04 5.49063872E-14 0.00000000E+00
1.3854E+04 5.48505772E-14 0.00000000E+00
1.3878E+04 5.48240614E-14 0.00000000E+00
1.3902E+04 5.47912967E-14 0.00000000E+00
1.3925E+04 5.47493049E-14 0.00000000E+00
1.3949E+04 5.47283008E-14 0.00000000E+00
1.3972E+04 5.47260209E-14 0.00000000E+00
1.3996E+04 5.47141049E-14 0.00000000E+00
1.4019E+04 5.47031754E-14 0.00000000E+00
1.4043E+04 5.47136125E-14 0.00000000E+00
1.4066E+04 5.47297130E-14 0.00000000E+00
1.4090E+04 5.47359716E-14 0.00000000E+00
1.4114E+04 5.47503336E-14 0.00000000E+00
1.4137E+04 5.47796611E-14 0.00000000E+00
1.4161E+04 5.48029702E-14 0.00000000E+00
1.4184E+04 5.48192366E-14 0.00000000E+00
1.4208E+04 5.48463550E-14 0.00000000E+00
1.4231E+04 5.48791359E-14 0.00000000E+00
1.4255E+04 5.48979089E-14 0.00000000E+00
1.4279E+04 5.49144236E-14 0.00000000E+00
1.4302E+04 5.49412542E-14 0.00000000E+00
1.4326E+04 5.49642853E-14 0.00000000E+00
1.4349E+04 5.49707457E-14 0.00000000E+00
1.4373E+04 5.49801225E-14 0.00000000E+00
1.4396E+04 5.49970090E-14 0.00000000E+00
1.4420E+04 5.50034103E-14 0.00000000E+00
1.4443E+04 5.49951007E-14 0.00000000E+00
1.4467E+04 5.49944663E-14 0.00000000E+00
1.4491E+04 5.49976530E-14 0.00000000E+00
1.4514E+04 5.49873347E-14 0.00000000E+00
1.4538E+04 5.49674415E-14 0.00000000E+00
1.4561E+04 5.49579084E-14 0.00000000E+00
1.4585E+04 5.49491090E-14 0.00000000E+00
1.4608E+04 5.49273704E-14 0.00000000E+00
1.4632E+04 5.49021320E-14 0.00000000E+00
1.4656E+04 5.48879726E-14 0.00000000E+00
1.4679E+04 5.48722831E-14 0.00000000E+00
1.4703E+04 5.48468057E-14 0.00000000E+00
1.4726E+04 5.48229897E-14 0.00000000E+00
1.4750E+04 5.48087952E-14 0.00000000E+00
1.4773E+04 5.47924833E-14 0.00000000E+00
1.4797E+04 5.47703140E-14 0.00000000E+00
1.4820E+04 5.47528956E-14 0.00000000E+00
1.4844E+04 5.47422159E-14 0.00000000E+00
1.4868E+04 5.47299130E-14 0.00000000E+00
1.4891E+04 5.47155655E-14 0.00000000E+00
1.4915E+04 5.47063524E-14 0.00000000E+00
1.4938E+04 5.47004977E-14 0.00000000E+00
1.4962E+04 5.46944753E-14 0.00000000E+00
1.4985E+04 5.46888143E-14 0.00000000E+00
1.5009E+04 5.46867438E-14 0.00000000E+00
1.5033E+04 5.46848129E-14 0.00000000E+00
1.5056E+04 5.46845581E-14 0.00000000E+00
1.5080E+04 5.46856640E-14 0.00000000E+00
1.5103E+04 5.46874142E-14 0.00000000E+00
1.5127E+04 5.46873207E-14 0.00000000E+00
1.5150E+04 5.46905923E-14 0.00000000E+00
1.5174E+04 5.46948755E-14 0.00000000E+00
1.5197E+04 5.46967206E-14 0.00000000E+00
1.5221E+04 5.46958577E-14 0.00000000E+00
1.5245E+04 5.46998591E-14 0.00000000E+00
1.5268E+04 5.47037517E-14 0.00000000E+00
1.5292E+04 5.47027062E-14 0.00000000E+00
1.5315E+04 5.46994162E-14 0.00000000E+00
1.5339E+04 5.47016468E-14 0.00000000E+00
1.5362E+04 5.47026476E-14 0.00000000E+00
1.5386E+04 5.46973188E-14 0.00000000E+00
1.5410E+04 5.46909839E-14 0.00000000E+00
1.5433E+04 5.46903217E-14 0.00000000E+00
1.5457E+04 5.46874904E-14 0.00000000E+00
1.5480E+04 5.46781886E-14 0.00000000E+00
1.5504E+04 5.46693869E-14 0.00000000E+00
1.5527E+04 5.46657443E-14 0.00000000E+00
1.5551E+04 5.46598283E-14 0.00000000E+00
1.5574E+04 5.46480410E-14 0.00000000E+00
1.5598E+04 5.46380610E-14 0.00000000E+00
1.5622E+04 5.46323986E-14 0.00000000E+00
1.5645E+04 5.46249318E-14 0.00000000E+00
1.5669E+04 5.46127729E-14 0.00000000E+00
1.5692E+04 5.46029401E-14 0.00000000E+00
1.5716E+04 5.45964911E-14 0.00000000E+00
1.5739E+04 5.45893102E-14 0.00000000E+00
1.5763E+04 5.45784854E-14 0.00000000E+00
1.5787E+04 5.45698807E-14 0.00000000E+00
1.5810E+04 5.45637332E-14 0.00000000E+00
1.5834E+04 5.45581198E-14 0.00000000E+00
1.5857E+04 5.45496414E-14 0.00000000E+00
1.5881E+04 5.45424969E-14 0.00000000E+00
1.5904E+04 5.45373593E-14 0.00000000E+00
1.5928E+04 5.45338961E-14 0.00000000E+00
1.5951E+04 5.45278232E-14 0.00000000E+00
1.5975E+04 5.45218582E-14 0.00000000E+00
1.5999E+04 5.45177149E-14 0.00000000E+00
1.6022E+04 5.45161966E-14 0.00000000E+00
1.6046E+04 5.45119177E-14 0.00000000E+00
1.6069E+04 5.45063956E-14 0.00000000E+00
1.6093E+04 5.45029728E-14 0.00000000E+00
1.6116E+04 5.45025586E-14 0.00000000E+00
1.6140E+04 5.44990994E-14 0.00000000E+00
1.6163E+04 5.44932474E-14 0.00000000E+00
1.6187E+04 5.44899609E-14 0.00000000E+00
1.6211E+04 5.44897454E-14 0.00000000E+00
1.6234E+04 5.44861432E-14 0.00000000E+00
1.6258E+04 5.44794292E-14 0.00000000E+00
1.6281E+04 5.44758175E-14 0.00000000E+00
1.6305E+04 5.44749384E-14 0.00000000E+00
1.6328E+04 5.44706571E-14 0.00000000E+00
1.6352E+04 5.44628778E-14 0.00000000E+00
1.6376E+04 5.44586470E-14 0.00000000E+00
1.6399E+04 5.44567069E-14 0.00000000E+00
1.6423E+04 5.44516039E-14 0.00000000E+00
1.6446E+04 5.44430227E-14 0.00000000E+00
1.6470E+04 5.44380673E-14 0.00000000E+00
1.6493E+04 5.44350148E-14 0.00000000E+00
1.6517E+04 5.44294022E-14 0.00000000E+00
1.6540E+04 5.44204411E-14 0.00000000E+00
1.6564E+04 5.44149150E-14 0.00000000E+00
1.6588E+04 5.44110474E-14 0.00000000E+00
1.6611E+04 5.44054034E-14 0.00000000E+00
1.6635E+04 5.43965955E-14 0.00000000E+00
1.6658E+04 5.43906150E-14 0.00000000E+00
1.6682E+04 5.43864279E-14 0.00000000E+00
1.6705E+04 5.43812523E-14 0.00000000E+00
1.6729E+04 5.43729816E-14 0.00000000E+00
1.6753E+04 5.43667445E-14 0.00000000E+00
1.6776E+04 5.43626427E-14 0.00000000E+00
1.6800E+04 5.43582563E-14 0.00000000E+00
1.6823E+04 5.43506820E-14 0.00000000E+00
1.6847E+04 5.43442423E-14 0.00000000E+00
1.6870E+04 5.43405923E-14 0.00000000E+00
1.6894E+04 5.43370294E-14 0.00000000E+00
1.6917E+04 5.43301042E-14 0.00000000E+00
1.6941E+04 5.43234585E-14 0.00000000E+00
1.6965E+04 5.43203256E-14 0.00000000E+00
1.6988E+04 5.43174523E-14 0.00000000E+00
1.7012E+04 5.43109515E-14 0.00000000E+00
1.7035E+04 5.43040773E-14 0.00000000E+00
1.7059E+04 5.43013940E-14 0.00000000E+00
1.7082E+04 5.42988516E-14 0.00000000E+00
1.7106E+04 5.42925589E-14 0.00000000E+00
1.7130E+04 5.42854096E-14 0.00000000E+00
1.7153E+04 5.42829488E-14 0.00000000E+00
1.7177E+04 5.42804147E-14 0.00000000E+00
1.7200E+04 5.42740985E-14 0.00000000E+00
1.7224E+04 5.42667272E-14 0.00000000E+00
1.7247E+04 5.42642057E-14 0.00000000E+00
1.7271E+04 5.42614160E-14 0.00000000E+00
1.7294E+04 5.42550127E-14 0.00000000E+00
1.7318E+04 5.42474417E-14 0.00000000E+00
1.7342E+04 5.42446219E-14 0.00000000E+00
1.7365E+04 5.42415014E-14 0.00000000E+00
1.7389E+04 5.42350699E-14 0.00000000E+00
1.7412E+04 5.42274292E-14 0.00000000E+00
1.7436E+04 5.42240643E-14 0.00000000E+00
1.7459E+04 5.42206825E-14 0.00000000E+00
1.7483E+04 5.42143797E-14 0.00000000E+00
1.7507E+04 5.42067776E-14 0.00000000E+00
1.7530E+04 5.42027973E-14 0.00000000E+00
1.7554E+04 5.41993039E-14 0.00000000E+00
1.7577E+04 5.41932819E-14 0.00000000E+00
1.7601E+04 5.41857824E-14 0.00000000E+00
1.7624E+04 5.41811559E-14 0.00000000E+00
1.7648E+04 5.41778146E-14 0.00000000E+00
1.7671E+04 5.41721788E-14 0.00000000E+00
1.7695E+04 5.41647848E-14 0.00000000E+00
1.7719E+04 5.41595743E-14 0.00000000E+00
1.7742E+04 5.41565694E-14 0.00000000E+00
1.7766E+04 5.41513959E-14 0.00000000E+00
1.7789E+04 5.41440554E-14 0.00000000E+00
1.7813E+04 5.41383644E-14 0.00000000E+00
1.7836E+04 5.41358105E-14 0.00000000E+00
1.7860E+04 5.41310476E-14 0.00000000E+00
1.7884E+04 5.41237277E-14 0.00000000E+00
1.7907E+04 5.41176887E-14 0.00000000E+00
1.7931E+04 5.41155495E-14 0.00000000E+00
1.7954E+04 5.41110817E-14 0.00000000E+00
1.7978E+04 5.41036987E-14 0.00000000E+00
1.8001E+04 5.40974881E-14 0.00000000E+00
1.8025E+04 5.40956398E-14 0.00000000E+00
1.8048E+04 5.40913230E-14 0.00000000E+00
1.8072E+04 5.40838374E-14 0.00000000E+00
1.8096E+04 5.40775458E-14 0.00000000E+00
1.8119E+04 5.40758043E-14 0.00000000E+00
1.8143E+04 5.40715587E-14 0.00000000E+00
1.8166E+04 5.40639945E-14 0.00000000E+00
1.8190E+04 5.40577124E-14 0.00000000E+00
1.8213E+04 5.40558086E-14 0.00000000E+00
1.8237E+04 5.40516133E-14 0.00000000E+00
1.8261E+04 5.40440594E-14 0.00000000E+00
1.8284E+04 5.40378198E-14 0.00000000E+00
1.8308E+04 5.40355494E-14 0.00000000E+00
1.8331E+04 5.40314149E-14 0.00000000E+00
1.8355E+04 5.40239788E-14 0.00000000E+00
1.8378E+04 5.40177731E-14 0.00000000E+00
1.8402E+04 5.40149767E-14 0.00000000E+00
1.8425E+04 5.40110078E-14 0.00000000E+00
1.8449E+04 5.40037621E-14 0.00000000E+00
1.8473E+04 5.39975207E-14 0.00000000E+00
1.8496E+04 5.39941601E-14 0.00000000E+00
1.8520E+04 5.39904805E-14 0.00000000E+00
1.8543E+04 5.39835159E-14 0.00000000E+00
1.8567E+04 5.39771161E-14 0.00000000E+00
1.8590E+04 5.39732152E-14 0.00000000E+00
1.8614E+04 5.39699545E-14 0.00000000E+00
1.8637E+04 5.39633108E-14 0.00000000E+00
1.8661E+04 5.39566777E-14 0.00000000E+00
1.8685E+04 5.39523339E-14 0.00000000E+00
1.8708E+04 5.39495213E-14 0.00000000E+00
1.8732E+04 5.39431902E-14 0.00000000E+00
1.8755E+04 5.39362443E-14 0.00000000E+00
1.8779E+04 5.39316383E-14 0.00000000E+00
1.8802E+04 5.39292428E-14 0.00000000E+00
1.8826E+04 5.39231475E-14 0.00000000E+00
1.8850E+04 5.39158550E-14 0.00000000E+00
1.8873E+04 5.39111445E-14 0.00000000E+00
1.8897E+04 5.39090807E-14 0.00000000E+00
1.8920E+04 5.39031648E-14 0.00000000E+00
1.8944E+04 5.38955277E-14 0.00000000E+00
1.8967E+04 5.38908487E-14 0.00000000E+00
1.8991E+04 5.38889547E-14 0.00000000E+00
1.9014E+04 5.38831972E-14 0.00000000E+00
1.9038E+04 5.38753046E-14 0.00000000E+00
1.9062E+04 5.38707099E-14 0.00000000E+00
1.9085E+04 5.38687936E-14 0.00000000E+00
1.9109E+04 5.38631841E-14 0.00000000E+00
1.9132E+04 5.38551697E-14 0.00000000E+00
1.9156E+04 5.38506715E-14 0.00000000E+00
1.9179E+04 5.38485426E-14 0.00000000E+00
1.9203E+04 5.38431011E-14 0.00000000E+00
1.9227E+04 5.38350756E-14 0.00000000E+00
1.9250E+04 5.38306045E-14 0.00000000E+00
1.9274E+04 5.38281646E-14 0.00000000E+00
1.9297E+04 5.38229598E-14 0.00000000E+00
1.9321E+04 5.38150317E-14 0.00000000E+00
1.9344E+04 5.38104364E-14 0.00000000E+00
1.9368E+04 5.38076430E-14 0.00000000E+00
1.9391E+04 5.38027877E-14 0.00000000E+00
1.9415E+04 5.37950497E-14 0.00000000E+00
1.9439E+04 5.37901797E-14 0.00000000E+00
1.9462E+04 5.37870512E-14 0.00000000E+00
1.9486E+04 5.37826131E-14 0.00000000E+00
1.9509E+04 5.37751178E-14 0.00000000E+00
1.9533E+04 5.37698368E-14 0.00000000E+00
1.9556E+04 5.37664782E-14 0.00000000E+00
1.9580E+04 5.37624722E-14 0.00000000E+00
1.9604E+04 5.37551907E-14 0.00000000E+00
1.9627E+04 5.37494091E-14 0.00000000E+00
1.9651E+04 5.37459659E-14 0.00000000E+00
1.9674E+04 5.37423843E-14 0.00000000E+00
1.9698E+04 5.37352603E-14 0.00000000E+00
1.9721E+04 5.37289238E-14 0.00000000E+00
1.9745E+04 5.37255440E-14 0.00000000E+00
1.9768E+04 5.37223280E-14 0.00000000E+00
1.9792E+04 5.37153331E-14 0.00000000E+00
1.9816E+04 5.37084819E-14 0.00000000E+00
1.9839E+04 5.37052438E-14 0.00000000E+00
1.9863E+04 5.37022747E-14 0.00000000E+00
1.9886E+04 5.36953724E-14 0.00000000E+00
1.9910E+04 5.36881285E-14 0.00000000E+00
1.9933E+04 5.36850771E-14 0.00000000E+00
1.9957E+04 5.36821969E-14 0.00000000E+00
1.9981E+04 5.36753608E-14 0.00000000E+00
2.0004E+04 5.36678538E-14 0.00000000E+00
2.0028E+04 5.36649589E-14 0.00000000E+00
2.0051E+04 5.36620656E-14 0.00000000E+00
2.0075E+04 5.36553135E-14 0.00000000E+00
2.0098E+04 5.36476841E-14 0.00000000E+00
2.0122E+04 5.36448225E-14 0.00000000E+00
2.0145E+04 5.36418443E-14 0.00000000E+00
2.0169E+04 5.36352656E-14 0.00000000E+00
2.0193E+04 5.36276471E-14 0.00000000E+00
2.0216E+04 5.36246508E-14 0.00000000E+00
2.0240E+04 5.36215516E-14 0.00000000E+00
2.0263E+04 5.36152222E-14 0.00000000E+00
2.0287E+04 5.36077211E-14 0.00000000E+00
2.0310E+04 5.36044168E-14 0.00000000E+00
2.0334E+04 5.36012258E-14 0.00000000E+00
2.0358E+04 5.35952011E-14 0.00000000E+00
2.0381E+04 5.35878306E-14 0.00000000E+00
2.0405E+04 5.35840751E-14 0.00000000E+00
2.0428E+04 5.35808939E-14 0.00000000E+00
2.0452E+04 5.35752302E-14 0.00000000E+00
2.0475E+04 5.35679569E-14 0.00000000E+00
2.0499E+04 5.35636292E-14 0.00000000E+00
2.0522E+04 5.35605781E-14 0.00000000E+00
2.0546E+04 5.35553102E-14 0.00000000E+00
2.0570E+04 5.35480938E-14 0.00000000E+00
2.0593E+04 5.35431631E-14 0.00000000E+00
2.0617E+04 5.35403249E-14 0.00000000E+00
2.0640E+04 5.35354160E-14 0.00000000E+00
2.0664E+04 5.35281925E-14 0.00000000E+00
2.0687E+04 5.35227189E-14 0.00000000E+00
2.0711E+04 5.35201606E-14 0.00000000E+00
2.0735E+04 5.35155261E-14 0.00000000E+00
2.0758E+04 5.35082195E-14 0.00000000E+00
2.0782E+04 5.35023087E-14 0.00000000E+00
2.0805E+04 5.35000475E-14 0.00000000E+00
2.0829E+04 5.34956193E-14 0.00000000E+00
2.0852E+04 5.34881970E-14 0.00000000E+00
2.0876E+04 5.34819831E-14 0.00000000E+00
2.0899E+04 5.34799492E-14 0.00000000E+00
2.0923E+04 5.34756657E-14 0.00000000E+00
2.0947E+04 5.34681651E-14 0.00000000E+00
2.0970E+04 5.34617975E-14 0.00000000E+00
2.0994E+04 5.34598529E-14 0.00000000E+00
2.1017E+04 5.34556498E-14 0.00000000E+00
2.1041E+04 5.34481292E-14 0.00000000E+00
2.1064E+04 5.34417432E-14 0.00000000E+00
2.1088E+04 5.34397244E-14 0.00000000E+00
2.1112E+04 5.34355838E-14 0.00000000E+00
2.1135E+04 5.34281087E-14 0.00000000E+00
2.1159E+04 5.34217631E-14 0.00000000E+00
2.1182E+04 5.34195116E-14 0.00000000E+00
2.1206E+04 5.34154808E-14 0.00000000E+00
2.1229E+04 5.34081505E-14 0.00000000E+00
2.1253E+04 5.34018427E-14 0.00000000E+00
2.1276E+04 5.33992014E-14 0.00000000E+00
2.1300E+04 5.33953607E-14 0.00000000E+00
2.1324E+04 5.33882696E-14 0.00000000E+00
2.1347E+04 5.33819619E-14 0.00000000E+00
2.1371E+04 5.33788367E-14 0.00000000E+00
2.1394E+04 5.33752539E-14 0.00000000E+00
2.1418E+04 5.33684516E-14 0.00000000E+00
2.1441E+04 5.33620615E-14 0.00000000E+00
2.1465E+04 5.33584387E-14 0.00000000E+00
2.1488E+04 5.33551895E-14 0.00000000E+00
2.1512E+04 5.33486753E-14 0.00000000E+00
2.1536E+04 5.33420999E-14 0.00000000E+00
2.1559E+04 5.33380307E-14 0.00000000E+00
2.1583E+04 5.33351637E-14 0.00000000E+00
2.1606E+04 5.33289284E-14 0.00000000E+00
2.1630E+04 5.33220814E-14 0.00000000E+00
2.1653E+04 5.33176642E-14 0.00000000E+00
2.1677E+04 5.33151689E-14 0.00000000E+00
2.1701E+04 5.33091762E-14 0.00000000E+00
2.1724E+04 5.33020274E-14 0.00000000E+00
2.1748E+04 5.32973892E-14 0.00000000E+00
2.1771E+04 5.32951903E-14 0.00000000E+00
2.1795E+04 5.32893884E-14 0.00000000E+00
2.1818E+04 5.32819439E-14 0.00000000E+00
2.1842E+04 5.32772157E-14 0.00000000E+00
2.1865E+04 5.32751997E-14 0.00000000E+00
2.1889E+04 5.32695530E-14 0.00000000E+00
2.1913E+04 5.32618673E-14 0.00000000E+00
2.1936E+04 5.32571328E-14 0.00000000E+00
2.1960E+04 5.32551608E-14 0.00000000E+00
2.1983E+04 5.32496711E-14 0.00000000E+00
2.2007E+04 5.32418432E-14 0.00000000E+00
2.2030E+04 5.32371360E-14 0.00000000E+00
2.2054E+04 5.32350583E-14 0.00000000E+00
2.2078E+04 5.32297505E-14 0.00000000E+00
2.2101E+04 5.32218931E-14 0.00000000E+00
2.2125E+04 5.32171878E-14 0.00000000E+00
2.2148E+04 5.32148896E-14 0.00000000E+00
2.2172E+04 5.32098136E-14 0.00000000E+00
2.2195E+04 5.32020260E-14 0.00000000E+00
2.2219E+04 5.31972376E-14 0.00000000E+00
2.2242E+04 5.31946545E-14 0.00000000E+00
2.2266E+04 5.31898837E-14 0.00000000E+00
2.2290E+04 5.31822482E-14 0.00000000E+00
2.2313E+04 5.31772613E-14 0.00000000E+00
2.2337E+04 5.31743805E-14 0.00000000E+00
2.2360E+04 5.31699764E-14 0.00000000E+00
2.2384E+04 5.31625430E-14 0.00000000E+00
2.2407E+04 5.31572445E-14 0.00000000E+00
2.2431E+04 5.31541136E-14 0.00000000E+00
2.2455E+04 5.31501006E-14 0.00000000E+00
2.2478E+04 5.31428679E-14 0.00000000E+00
2.2502E+04 5.31371665E-14 0.00000000E+00
2.2525E+04 5.31338792E-14 0.00000000E+00
2.2549E+04 5.31302570E-14 0.00000000E+00
2.2572E+04 5.31231937E-14 0.00000000E+00
2.2596E+04 5.31170307E-14 0.00000000E+00
2.2619E+04 5.31136916E-14 0.00000000E+00
2.2643E+04 5.31104234E-14 0.00000000E+00
2.2667E+04 5.31035082E-14 0.00000000E+00
2.2690E+04 5.30968916E-14 0.00000000E+00
2.2714E+04 5.30935774E-14 0.00000000E+00
2.2737E+04 5.30905764E-14 0.00000000E+00
2.2761E+04 5.30837851E-14 0.00000000E+00
2.2784E+04 5.30767899E-14 0.00000000E+00
2.2808E+04 5.30735527E-14 0.00000000E+00
2.2832E+04 5.30707003E-14 0.00000000E+00
2.2855E+04 5.30640095E-14 0.00000000E+00
2.2879E+04 5.30567323E-14 0.00000000E+00
2.2902E+04 5.30535755E-14 0.00000000E+00
2.2926E+04 5.30507789E-14 0.00000000E+00
2.2949E+04 5.30441981E-14 0.00000000E+00
2.2973E+04 5.30367453E-14 0.00000000E+00
2.2996E+04 5.30336010E-14 0.00000000E+00
2.3020E+04 5.30307905E-14 0.00000000E+00
2.3044E+04 5.30243831E-14 0.00000000E+00
2.3067E+04 5.30168702E-14 0.00000000E+00
2.3091E+04 5.30136209E-14 0.00000000E+00
2.3114E+04 5.30107461E-14 0.00000000E+00
2.3138E+04 5.30045750E-14 0.00000000E+00
2.3161E+04 5.29971040E-14 0.00000000E+00
2.3185E+04 5.29936249E-14 0.00000000E+00
2.3209E+04 5.29906773E-14 0.00000000E+00
2.3232E+04 5.29847856E-14 0.00000000E+00
2.3256E+04 5.29773938E-14 0.00000000E+00
2.3279E+04 5.29735693E-14 0.00000000E+00
2.3303E+04 5.29706050E-14 0.00000000E+00
2.3326E+04 5.29650342E-14 0.00000000E+00
2.3350E+04 5.29577121E-14 0.00000000E+00
2.3373E+04 5.29534363E-14 0.00000000E+00
2.3397E+04 5.29505359E-14 0.00000000E+00
2.3421E+04 5.29453260E-14 0.00000000E+00
2.3444E+04 5.29380551E-14 0.00000000E+00
2.3468E+04 5.29332735E-14 0.00000000E+00
2.3491E+04 5.29304985E-14 0.00000000E+00
2.3515E+04 5.29256392E-14 0.00000000E+00
2.3538E+04 5.29183941E-14 0.00000000E+00
2.3562E+04 5.29131271E-14 0.00000000E+00
2.3586E+04 5.29105224E-14 0.00000000E+00
2.3609E+04 5.29059531E-14 0.00000000E+00
2.3633E+04 5.28986852E-14 0.00000000E+00
2.3656E+04 5.28930037E-14 0.00000000E+00
2.3680E+04 5.28905949E-14 0.00000000E+00
2.3703E+04 5.28862530E-14 0.00000000E+00
2.3727E+04 5.28789271E-14 0.00000000E+00
2.3750E+04 5.28729186E-14 0.00000000E+00
2.3774E+04 5.28706777E-14 0.00000000E+00
2.3798E+04 5.28665206E-14 0.00000000E+00
2.3821E+04 5.28591547E-14 0.00000000E+00
2.3845E+04 5.28529219E-14 0.00000000E+00
2.3868E+04 5.28507556E-14 0.00000000E+00
2.3892E+04 5.28467383E-14 0.00000000E+00
2.3915E+04 5.28393883E-14 0.00000000E+00
2.3939E+04 5.28330419E-14 0.00000000E+00
2.3962E+04 5.28308251E-14 0.00000000E+00
2.3986E+04 5.28269116E-14 0.00000000E+00
2.4010E+04 5.28196306E-14 0.00000000E+00
2.4033E+04 5.28132453E-14 0.00000000E+00
2.4057E+04 5.28108589E-14 0.00000000E+00
2.4080E+04 5.28070573E-14 0.00000000E+00
2.4104E+04 5.27999024E-14 0.00000000E+00
2.4127E+04 5.27934919E-14 0.00000000E+00
2.4151E+04 5.27908215E-14 0.00000000E+00
2.4175E+04 5.27871882E-14 0.00000000E+00
2.4198E+04 5.27802322E-14 0.00000000E+00
2.4222E+04 5.27737736E-14 0.00000000E+00
2.4245E+04 5.27707243E-14 0.00000000E+00
2.4269E+04 5.27673159E-14 0.00000000E+00
2.4292E+04 5.27606235E-14 0.00000000E+00
2.4316E+04 5.27540804E-14 0.00000000E+00
2.4339E+04 5.27506102E-14 0.00000000E+00
2.4363E+04 5.27474651E-14 0.00000000E+00
2.4387E+04 5.27410493E-14 0.00000000E+00
2.4410E+04 5.27343697E-14 0.00000000E+00
2.4434E+04 5.27305042E-14 0.00000000E+00
2.4457E+04 5.27276494E-14 0.00000000E+00
2.4481E+04 5.27214901E-14 0.00000000E+00
2.4504E+04 5.27146064E-14 0.00000000E+00
2.4528E+04 5.27104093E-14 0.00000000E+00
2.4552E+04 5.27078565E-14 0.00000000E+00
2.4575E+04 5.27019352E-14 0.00000000E+00
2.4599E+04 5.26948101E-14 0.00000000E+00
2.4622E+04 5.26903557E-14 0.00000000E+00
2.4646E+04 5.26880628E-14 0.00000000E+00
2.4669E+04 5.26823662E-14 0.00000000E+00
2.4693E+04 5.26750159E-14 0.00000000E+00
2.4716E+04 5.26703908E-14 0.00000000E+00
2.4740E+04 5.26682625E-14 0.00000000E+00
2.4764E+04 5.26627590E-14 0.00000000E+00
2.4787E+04 5.26552327E-14 0.00000000E+00
2.4811E+04 5.26505173E-14 0.00000000E+00
2.4834E+04 5.26484445E-14 0.00000000E+00
2.4858E+04 5.26431119E-14 0.00000000E+00
2.4881E+04 5.26354641E-14 0.00000000E+00
2.4905E+04 5.26306957E-14 0.00000000E+00
2.4929E+04 5.26285789E-14 0.00000000E+00
2.4952E+04 5.26234391E-14 0.00000000E+00
2.4976E+04 5.26157472E-14 0.00000000E+00
2.4999E+04 5.26109054E-14 0.00000000E+00
2.5023E+04 5.26086477E-14 0.00000000E+00
2.5046E+04 5.26037519E-14 0.00000000E+00
2.5070E+04 5.25961134E-14 0.00000000E+00
2.5093E+04 5.25911500E-14 0.00000000E+00
2.5117E+04 5.25886740E-14 0.00000000E+00
2.5141E+04 5.25840597E-14 0.00000000E+00
2.5164E+04 5.25765489E-14 0.00000000E+00
2.5188E+04 5.25714010E-14 0.00000000E+00
2.5211E+04 5.25686843E-14 0.00000000E+00
2.5235E+04 5.25643818E-14 0.00000000E+00
2.5258E+04 5.25570252E-14 0.00000000E+00
2.5282E+04 5.25516094E-14 0.00000000E+00
2.5306E+04 5.25486831E-14 0.00000000E+00
2.5329E+04 5.25447272E-14 0.00000000E+00
2.5353E+04 5.25375367E-14 0.00000000E+00
2.5376E+04 5.25317735E-14 0.00000000E+00
2.5400E+04 5.25286859E-14 0.00000000E+00
2.5423E+04 5.25250881E-14 0.00000000E+00
2.5447E+04 5.25180719E-14 0.00000000E+00
2.5470E+04 5.25119277E-14 0.00000000E+00
2.5494E+04 5.25087369E-14 0.00000000E+00
2.5518E+04 5.25054534E-14 0.00000000E+00
2.5541E+04 5.24985966E-14 0.00000000E+00
2.5565E+04 5.24920833E-14 0.00000000E+00
2.5588E+04 5.24888543E-14 0.00000000E+00
2.5612E+04 5.24858157E-14 0.00000000E+00
2.5635E+04 5.24790867E-14 0.00000000E+00
2.5659E+04 5.24722412E-14 0.00000000E+00
2.5683E+04 5.24690173E-14 0.00000000E+00
2.5706E+04 5.24661535E-14 0.00000000E+00
2.5730E+04 5.24595507E-14 0.00000000E+00
2.5753E+04 5.24524380E-14 0.00000000E+00
2.5777E+04 5.24492115E-14 0.00000000E+00
2.5800E+04 5.24464467E-14 0.00000000E+00
2.5824E+04 5.24399971E-14 0.00000000E+00
2.5847E+04 5.24327155E-14 0.00000000E+00
2.5871E+04 5.24294395E-14 0.00000000E+00
2.5895E+04 5.24266946E-14 0.00000000E+00
2.5918E+04 5.24204287E-14 0.00000000E+00
2.5942E+04 5.24130712E-14 0.00000000E+00
2.5965E+04 5.24096754E-14 0.00000000E+00
2.5989E+04 5.24069076E-14 0.00000000E+00
2.6012E+04 5.24008595E-14 0.00000000E+00
2.6036E+04 5.23934892E-14 0.00000000E+00
2.6060E+04 5.23898784E-14 0.00000000E+00
2.6083E+04 5.23870877E-14 0.00000000E+00
2.6107E+04 5.23813123E-14 0.00000000E+00
2.6130E+04 5.23739702E-14 0.00000000E+00
2.6154E+04 5.23700429E-14 0.00000000E+00
2.6177E+04 5.23672511E-14 0.00000000E+00
2.6201E+04 5.23617918E-14 0.00000000E+00
2.6224E+04 5.23545023E-14 0.00000000E+00
2.6248E+04 5.23501846E-14 0.00000000E+00
2.6272E+04 5.23474275E-14 0.00000000E+00
2.6295E+04 5.23422938E-14 0.00000000E+00
2.6319E+04 5.23350454E-14 0.00000000E+00
2.6342E+04 5.23303030E-14 0.00000000E+00
2.6366E+04 5.23276329E-14 0.00000000E+00
2.6389E+04 5.23228129E-14 0.00000000E+00
2.6413E+04 5.23155755E-14 0.00000000E+00
2.6437E+04 5.23104069E-14 0.00000000E+00
2.6460E+04 5.23078640E-14 0.00000000E+00
2.6484E+04 5.23033369E-14 0.00000000E+00
2.6507E+04 5.22960927E-14 0.00000000E+00
2.6531E+04 5.22905379E-14 0.00000000E+00
2.6554E+04 5.22881248E-14 0.00000000E+00
2.6578E+04 5.22838447E-14 0.00000000E+00
2.6601E+04 5.22765916E-14 0.00000000E+00
2.6625E+04 5.22707282E-14 0.00000000E+00
2.6649E+04 5.22684144E-14 0.00000000E+00
2.6672E+04 5.22643245E-14 0.00000000E+00
2.6696E+04 5.22570665E-14 0.00000000E+00
2.6719E+04 5.22509790E-14 0.00000000E+00
2.6743E+04 5.22487060E-14 0.00000000E+00
2.6766E+04 5.22447701E-14 0.00000000E+00
2.6790E+04 5.22375380E-14 0.00000000E+00
2.6813E+04 5.22312981E-14 0.00000000E+00
2.6837E+04 5.22289725E-14 0.00000000E+00
2.6861E+04 5.22251782E-14 0.00000000E+00
2.6884E+04 5.22180316E-14 0.00000000E+00
2.6908E+04 5.22116988E-14 0.00000000E+00
2.6931E+04 5.22092117E-14 0.00000000E+00
2.6955E+04 5.22055560E-14 0.00000000E+00
2.6978E+04 5.21985548E-14 0.00000000E+00
2.7002E+04 5.21921608E-14 0.00000000E+00
2.7026E+04 5.21894186E-14 0.00000000E+00
2.7049E+04 5.21859225E-14 0.00000000E+00
2.7073E+04 5.21791115E-14 0.00000000E+00
2.7096E+04 5.21726465E-14 0.00000000E+00
2.7120E+04 5.21695808E-14 0.00000000E+00
2.7143E+04 5.21662885E-14 0.00000000E+00
2.7167E+04 5.21597124E-14 0.00000000E+00
2.7190E+04 5.21531426E-14 0.00000000E+00
2.7214E+04 5.21497126E-14 0.00000000E+00
2.7238E+04 5.21466627E-14 0.00000000E+00
2.7261E+04 5.21403497E-14 0.00000000E+00
2.7285E+04 5.21336426E-14 0.00000000E+00
2.7308E+04 5.21298520E-14 0.00000000E+00
2.7332E+04 5.21270568E-14 0.00000000E+00
2.7355E+04 5.21210014E-14 0.00000000E+00
2.7379E+04 5.21141212E-14 0.00000000E+00
2.7403E+04 5.21100161E-14 0.00000000E+00
2.7426E+04 5.21074724E-14 0.00000000E+00
2.7450E+04 5.21016514E-14 0.00000000E+00
2.7473E+04 5.20945710E-14 0.00000000E+00
2.7497E+04 5.20902127E-14 0.00000000E+00
2.7520E+04 5.20878896E-14 0.00000000E+00
2.7544E+04 5.20822905E-14 0.00000000E+00
2.7567E+04 5.20750181E-14 0.00000000E+00
2.7591E+04 5.20704694E-14 0.00000000E+00
2.7615E+04 5.20682955E-14 0.00000000E+00
2.7638E+04 5.20629030E-14 0.00000000E+00
2.7662E+04 5.20554827E-14 0.00000000E+00
2.7685E+04 5.20508036E-14 0.00000000E+00
2.7709E+04 5.20486844E-14 0.00000000E+00
2.7732E+04 5.20434830E-14 0.00000000E+00
2.7756E+04 5.20359669E-14 0.00000000E+00
2.7780E+04 5.20311910E-14 0.00000000E+00
2.7803E+04 5.20290389E-14 0.00000000E+00
2.7827E+04 5.20240395E-14 0.00000000E+00
2.7850E+04 5.20164912E-14 0.00000000E+00
2.7874E+04 5.20116083E-14 0.00000000E+00
2.7897E+04 5.20093414E-14 0.00000000E+00
2.7921E+04 5.20045830E-14 0.00000000E+00
2.7944E+04 5.19970816E-14 0.00000000E+00
2.7968E+04 5.19920561E-14 0.00000000E+00
2.7992E+04 5.19896067E-14 0.00000000E+00
2.8015E+04 5.19851205E-14 0.00000000E+00
2.8039E+04 5.19777319E-14 0.00000000E+00
2.8062E+04 5.19725161E-14 0.00000000E+00
2.8086E+04 5.19698574E-14 0.00000000E+00
2.8109E+04 5.19656671E-14 0.00000000E+00
2.8133E+04 5.19584186E-14 0.00000000E+00
2.8157E+04 5.19529485E-14 0.00000000E+00
2.8180E+04 5.19500972E-14 0.00000000E+00
2.8204E+04 5.19462302E-14 0.00000000E+00
2.8227E+04 5.19391374E-14 0.00000000E+00
2.8251E+04 5.19333497E-14 0.00000000E+00
2.8274E+04 5.19303380E-14 0.00000000E+00
2.8298E+04 5.19268035E-14 0.00000000E+00
2.8321E+04 5.19198802E-14 0.00000000E+00
2.8345E+04 5.19137498E-14 0.00000000E+00
2.8369E+04 5.19106190E-14 0.00000000E+00
2.8392E+04 5.19073789E-14 0.00000000E+00
2.8416E+04 5.19006167E-14 0.00000000E+00
2.8439E+04 5.18941549E-14 0.00000000E+00
2.8463E+04 5.18909576E-14 0.00000000E+00
2.8486E+04 5.18879522E-14 0.00000000E+00
2.8510E+04 5.18813253E-14 0.00000000E+00
2.8534E+04 5.18745594E-14 0.00000000E+00
2.8557E+04 5.18713318E-14 0.00000000E+00
2.8581E+04 5.18685047E-14 0.00000000E+00
2.8604E+04 5.18620151E-14 0.00000000E+00
2.8628E+04 5.18549965E-14 0.00000000E+00
2.8651E+04 5.18517305E-14 0.00000000E+00
2.8675E+04 5.18490163E-14 0.00000000E+00
2.8698E+04 5.18426937E-14 0.00000000E+00
2.8722E+04 5.18355089E-14 0.00000000E+00
2.8746E+04 5.18321659E-14 0.00000000E+00
2.8769E+04 5.18294888E-14 0.00000000E+00
2.8793E+04 5.18233581E-14 0.00000000E+00
2.8816E+04 5.18160921E-14 0.00000000E+00
2.8840E+04 5.18126197E-14 0.00000000E+00
2.8863E+04 5.18099342E-14 0.00000000E+00
2.8887E+04 5.18040175E-14 0.00000000E+00
2.8911E+04 5.17967231E-14 0.00000000E+00
2.8934E+04 5.17930460E-14 0.00000000E+00
2.8958E+04 5.17903503E-14 0.00000000E+00
2.8981E+04 5.17846949E-14 0.00000000E+00
2.9005E+04 5.17774072E-14 0.00000000E+00
2.9028E+04 5.17734346E-14 0.00000000E+00
2.9052E+04 5.17707428E-14 0.00000000E+00
2.9075E+04 5.17653963E-14 0.00000000E+00
2.9099E+04 5.17581484E-14 0.00000000E+00
2.9123E+04 5.17538125E-14 0.00000000E+00
2.9146E+04 5.17511417E-14 0.00000000E+00
2.9170E+04 5.17461140E-14 0.00000000E+00
2.9193E+04 5.17389116E-14 0.00000000E+00
2.9217E+04 5.17341858E-14 0.00000000E+00
2.9240E+04 5.17315717E-14 0.00000000E+00
2.9264E+04 5.17268431E-14 0.00000000E+00
2.9287E+04 5.17196599E-14 0.00000000E+00
2.9311E+04 5.17145424E-14 0.00000000E+00
2.9335E+04 5.17120251E-14 0.00000000E+00
2.9358E+04 5.17075786E-14 0.00000000E+00
2.9382E+04 5.17003937E-14 0.00000000E+00
2.9405E+04 5.16949052E-14 0.00000000E+00
2.9429E+04 5.16924922E-14 0.00000000E+00
2.9452E+04 5.16883027E-14 0.00000000E+00
2.9476E+04 5.16811253E-14 0.00000000E+00
2.9500E+04 5.16753236E-14 0.00000000E+00
2.9523E+04 5.16729815E-14 0.00000000E+00
2.9547E+04 5.16689994E-14 0.00000000E+00
2.9570E+04 5.16618470E-14 0.00000000E+00
2.9594E+04 5.16558144E-14 0.00000000E+00
2.9617E+04 5.16534910E-14 0.00000000E+00
2.9641E+04 5.16496656E-14 0.00000000E+00
2.9664E+04 5.16425548E-14 0.00000000E+00
2.9688E+04 5.16363600E-14 0.00000000E+00
2.9712E+04 5.16339883E-14 0.00000000E+00
2.9735E+04 5.16303034E-14 0.00000000E+00
2.9759E+04 5.16232711E-14 0.00000000E+00
2.9782E+04 5.16169569E-14 0.00000000E+00
2.9806E+04 5.16144465E-14 0.00000000E+00
2.9829E+04 5.16109111E-14 0.00000000E+00
2.9853E+04 5.16040225E-14 0.00000000E+00
2.9877E+04 5.15976189E-14 0.00000000E+00
2.9900E+04 5.15948734E-14 0.00000000E+00
2.9924E+04 5.15914983E-14 0.00000000E+00
2.9947E+04 5.15848098E-14 0.00000000E+00
2.9971E+04 5.15783330E-14 0.00000000E+00
2.9994E+04 5.15752852E-14 0.00000000E+00
3.0018E+04 5.15720852E-14 0.00000000E+00
3.0041E+04 5.15656237E-14 0.00000000E+00
3.0065E+04 5.15590563E-14 0.00000000E+00
3.0089E+04 5.15556763E-14 0.00000000E+00
3.0112E+04 5.15526850E-14 0.00000000E+00
3.0136E+04 5.15464635E-14 0.00000000E+00
3.0159E+04 5.15397650E-14 0.00000000E+00
3.0183E+04 5.15360463E-14 0.00000000E+00
3.0206E+04 5.15332932E-14 0.00000000E+00
3.0230E+04 5.15273281E-14 0.00000000E+00
3.0254E+04 5.15204702E-14 0.00000000E+00
3.0277E+04 5.15164300E-14 0.00000000E+00
3.0301E+04 5.15139088E-14 0.00000000E+00
3.0324E+04 5.15081977E-14 0.00000000E+00
3.0348E+04 5.15011782E-14 0.00000000E+00
3.0371E+04 5.14968671E-14 0.00000000E+00
3.0395E+04 5.14945370E-14 0.00000000E+00
3.0418E+04 5.14890507E-14 0.00000000E+00
3.0442E+04 5.14818743E-14 0.00000000E+00
3.0466E+04 5.14773585E-14 0.00000000E+00
3.0489E+04 5.14751681E-14 0.00000000E+00
3.0513E+04 5.14698808E-14 0.00000000E+00
3.0536E+04 5.14625628E-14 0.00000000E+00
3.0560E+04 5.14578897E-14 0.00000000E+00
3.0583E+04 5.14557738E-14 0.00000000E+00
3.0607E+04 5.14506901E-14 0.00000000E+00
3.0631E+04 5.14432791E-14 0.00000000E+00
3.0654E+04 5.14384716E-14 0.00000000E+00
3.0678E+04 5.14363416E-14 0.00000000E+00
3.0701E+04 5.14314756E-14 0.00000000E+00
3.0725E+04 5.14240466E-14 0.00000000E+00
3.0748E+04 5.14191140E-14 0.00000000E+00
3.0772E+04 5.14168817E-14 0.00000000E+00
3.0795E+04 5.14122418E-14 0.00000000E+00
3.0819E+04 5.14048567E-14 0.00000000E+00
3.0843E+04 5.13997869E-14 0.00000000E+00
3.0866E+04 5.13973964E-14 0.00000000E+00
3.0890E+04 5.13930032E-14 0.00000000E+00
3.0913E+04 5.13857053E-14 0.00000000E+00
3.0937E+04 5.13804524E-14 0.00000000E+00
3.0960E+04 5.13778772E-14 0.00000000E+00
3.0984E+04 5.13737705E-14 0.00000000E+00
3.1008E+04 5.13666022E-14 0.00000000E+00
3.1031E+04 5.13611096E-14 0.00000000E+00
3.1055E+04 5.13583399E-14 0.00000000E+00
3.1078E+04 5.13545440E-14 0.00000000E+00
3.1102E+04 5.13475404E-14 0.00000000E+00
3.1125E+04 5.13417686E-14 0.00000000E+00
3.1149E+04 5.13388191E-14 0.00000000E+00
3.1172E+04 5.13353263E-14 0.00000000E+00
3.1196E+04 5.13284906E-14 0.00000000E+00
3.1220E+04 5.13224175E-14 0.00000000E+00
3.1243E+04 5.13193299E-14 0.00000000E+00
3.1267E+04 5.13161160E-14 0.00000000E+00
3.1290E+04 5.13094356E-14 0.00000000E+00
3.1314E+04 5.13030519E-14 0.00000000E+00
3.1337E+04 5.12998684E-14 0.00000000E+00
3.1361E+04 5.12969002E-14 0.00000000E+00
3.1385E+04 5.12903728E-14 0.00000000E+00
3.1408E+04 5.12836998E-14 0.00000000E+00
3.1432E+04 5.12804430E-14 0.00000000E+00
3.1455E+04 5.12776634E-14 0.00000000E+00
3.1479E+04 5.12712963E-14 0.00000000E+00
3.1502E+04 5.12643876E-14 0.00000000E+00
3.1526E+04 5.12610619E-14 0.00000000E+00
3.1549E+04 5.12584004E-14 0.00000000E+00
3.1573E+04 5.12521996E-14 0.00000000E+00
3.1597E+04 5.12451206E-14 0.00000000E+00
3.1620E+04 5.12417089E-14 0.00000000E+00
3.1644E+04 5.12391059E-14 0.00000000E+00
3.1667E+04 5.12330910E-14 0.00000000E+00
3.1691E+04 5.12259053E-14 0.00000000E+00
3.1714E+04 5.12223617E-14 0.00000000E+00
3.1738E+04 5.12197760E-14 0.00000000E+00
3.1762E+04 5.12139824E-14 0.00000000E+00
3.1785E+04 5.12067520E-14 0.00000000E+00
3.1809E+04 5.12030125E-14 0.00000000E+00
3.1832E+04 5.12004181E-14 0.00000000E+00
3.1856E+04 5.11948813E-14 0.00000000E+00
3.1879E+04 5.11876531E-14 0.00000000E+00
3.1903E+04 5.11836516E-14 0.00000000E+00
3.1926E+04 5.11810471E-14 0.00000000E+00
3.1950E+04 5.11757935E-14 0.00000000E+00
3.1974E+04 5.11685912E-14 0.00000000E+00
3.1997E+04 5.11642681E-14 0.00000000E+00
3.2021E+04 5.11616723E-14 0.00000000E+00
3.2044E+04 5.11567227E-14 0.00000000E+00
3.2068E+04 5.11495558E-14 0.00000000E+00
3.2091E+04 5.11448713E-14 0.00000000E+00
3.2115E+04 5.11423075E-14 0.00000000E+00
3.2138E+04 5.11376625E-14 0.00000000E+00
3.2162E+04 5.11305324E-14 0.00000000E+00
3.2186E+04 5.11254792E-14 0.00000000E+00
3.2209E+04 5.11229680E-14 0.00000000E+00
3.2233E+04 5.11186045E-14 0.00000000E+00
3.2256E+04 5.11114992E-14 0.00000000E+00
3.2280E+04 5.11060972E-14 0.00000000E+00
3.2303E+04 5.11036519E-14 0.00000000E+00
3.2327E+04 5.10995397E-14 0.00000000E+00
3.2351E+04 5.10924534E-14 0.00000000E+00
3.2374E+04 5.10867395E-14 0.00000000E+00
3.2398E+04 5.10843461E-14 0.00000000E+00
3.2421E+04 5.10804557E-14 0.00000000E+00
3.2445E+04 5.10734061E-14 0.00000000E+00
3.2468E+04 5.10674385E-14 0.00000000E+00
3.2492E+04 5.10650516E-14 0.00000000E+00
3.2515E+04 5.10613423E-14 0.00000000E+00
3.2539E+04 5.10543577E-14 0.00000000E+00
3.2563E+04 5.10482045E-14 0.00000000E+00
3.2586E+04 5.10457647E-14 0.00000000E+00
3.2610E+04 5.10422023E-14 0.00000000E+00
3.2633E+04 5.10353077E-14 0.00000000E+00
3.2657E+04 5.10290177E-14 0.00000000E+00
3.2680E+04 5.10264579E-14 0.00000000E+00
3.2704E+04 5.10230388E-14 0.00000000E+00
3.2728E+04 5.10162764E-14 0.00000000E+00
3.2751E+04 5.10098746E-14 0.00000000E+00
3.2775E+04 5.10071150E-14 0.00000000E+00
3.2798E+04 5.10038525E-14 0.00000000E+00
3.2822E+04 5.09972797E-14 0.00000000E+00
3.2845E+04 5.09907861E-14 0.00000000E+00
3.2869E+04 5.09877558E-14 0.00000000E+00
3.2892E+04 5.09846562E-14 0.00000000E+00
3.2916E+04 5.09783094E-14 0.00000000E+00
3.2940E+04 5.09717291E-14 0.00000000E+00
3.2963E+04 5.09683920E-14 0.00000000E+00
3.2987E+04 5.09654692E-14 0.00000000E+00
3.3010E+04 5.09593561E-14 0.00000000E+00
3.3034E+04 5.09526647E-14 0.00000000E+00
3.3057E+04 5.09490111E-14 0.00000000E+00
3.3081E+04 5.09462905E-14 0.00000000E+00
3.3105E+04 5.09404233E-14 0.00000000E+00
3.3128E+04 5.09335938E-14 0.00000000E+00
3.3152E+04 5.09296272E-14 0.00000000E+00
3.3175E+04 5.09271127E-14 0.00000000E+00
3.3199E+04 5.09215013E-14 0.00000000E+00
3.3222E+04 5.09145352E-14 0.00000000E+00
3.3246E+04 5.09102853E-14 0.00000000E+00
3.3269E+04 5.09079428E-14 0.00000000E+00
3.3293E+04 5.09025683E-14 0.00000000E+00
3.3317E+04 5.08954758E-14 0.00000000E+00
3.3340E+04 5.08909969E-14 0.00000000E+00
3.3364E+04 5.08887818E-14 0.00000000E+00
3.3387E+04 5.08836154E-14 0.00000000E+00
3.3411E+04 5.08764054E-14 0.00000000E+00
3.3434E+04 5.08717407E-14 0.00000000E+00
3.3458E+04 5.08696033E-14 0.00000000E+00
3.3482E+04 5.08646462E-14 0.00000000E+00
3.3505E+04 5.08573538E-14 0.00000000E+00
3.3529E+04 5.08525244E-14 0.00000000E+00
3.3552E+04 5.08503911E-14 0.00000000E+00
3.3576E+04 5.08456564E-14 0.00000000E+00
3.3599E+04 5.08383484E-14 0.00000000E+00
3.3623E+04 5.08333697E-14 0.00000000E+00
3.3646E+04 5.08311582E-14 0.00000000E+00
3.3670E+04 5.08266465E-14 0.00000000E+00
3.3694E+04 5.08193780E-14 0.00000000E+00
3.3717E+04 5.08142518E-14 0.00000000E+00
3.3741E+04 5.08119078E-14 0.00000000E+00
3.3764E+04 5.08076292E-14 0.00000000E+00
3.3788E+04 5.08004362E-14 0.00000000E+00
3.3811E+04 5.07951305E-14 0.00000000E+00
3.3835E+04 5.07926237E-14 0.00000000E+00
3.3859E+04 5.07886137E-14 0.00000000E+00
3.3882E+04 5.07815392E-14 0.00000000E+00
3.3906E+04 5.07760104E-14 0.00000000E+00
3.3929E+04 5.07733183E-14 0.00000000E+00
3.3953E+04 5.07695985E-14 0.00000000E+00
3.3976E+04 5.07626841E-14 0.00000000E+00
3.4000E+04 5.07569063E-14 0.00000000E+00
3.4023E+04 5.07540289E-14 0.00000000E+00
3.4047E+04 5.07505886E-14 0.00000000E+00
3.4071E+04 5.07438401E-14 0.00000000E+00
3.4094E+04 5.07377966E-14 0.00000000E+00
3.4118E+04 5.07347649E-14 0.00000000E+00
3.4141E+04 5.07315865E-14 0.00000000E+00
3.4165E+04 5.07249934E-14 0.00000000E+00
3.4188E+04 5.07186684E-14 0.00000000E+00
3.4212E+04 5.07155140E-14 0.00000000E+00
3.4236E+04 5.07125785E-14 0.00000000E+00
3.4259E+04 5.07061486E-14 0.00000000E+00
3.4283E+04 5.06995555E-14 0.00000000E+00
3.4306E+04 5.06962918E-14 0.00000000E+00
3.4330E+04 5.06935506E-14 0.00000000E+00
3.4353E+04 5.06872975E-14 0.00000000E+00
3.4377E+04 5.06804855E-14 0.00000000E+00
3.4400E+04 5.06771196E-14 0.00000000E+00
3.4424E+04 5.06745041E-14 0.00000000E+00
3.4448E+04 5.06684255E-14 0.00000000E+00
3.4471E+04 5.06614487E-14 0.00000000E+00
3.4495E+04 5.06579780E-14 0.00000000E+00
3.4518E+04 5.06554357E-14 0.00000000E+00
3.4542E+04 5.06495404E-14 0.00000000E+00
3.4565E+04 5.06424441E-14 0.00000000E+00
3.4589E+04 5.06388351E-14 0.00000000E+00
3.4612E+04 5.06363324E-14 0.00000000E+00
3.4636E+04 5.06306576E-14 0.00000000E+00
3.4660E+04 5.06234977E-14 0.00000000E+00
3.4683E+04 5.06196943E-14 0.00000000E+00
3.4707E+04 5.06171972E-14 0.00000000E+00
3.4730E+04 5.06117798E-14 0.00000000E+00
3.4754E+04 5.06046131E-14 0.00000000E+00
3.4777E+04 5.06005649E-14 0.00000000E+00
3.4801E+04 5.05980527E-14 0.00000000E+00
3.4825E+04 5.05929059E-14 0.00000000E+00
3.4848E+04 5.05857612E-14 0.00000000E+00
3.4872E+04 5.05814264E-14 0.00000000E+00
3.4895E+04 5.05789091E-14 0.00000000E+00
3.4919E+04 5.05740436E-14 0.00000000E+00
3.4942E+04 5.05669243E-14 0.00000000E+00
3.4966E+04 5.05622632E-14 0.00000000E+00
3.4989E+04 5.05597633E-14 0.00000000E+00
3.5013E+04 5.05551932E-14 0.00000000E+00
3.5037E+04 5.05481073E-14 0.00000000E+00
3.5060E+04 5.05430988E-14 0.00000000E+00
3.5084E+04 5.05406254E-14 0.00000000E+00
3.5107E+04 5.05363437E-14 0.00000000E+00
3.5131E+04 5.05293027E-14 0.00000000E+00
3.5154E+04 5.05239619E-14 0.00000000E+00
3.5178E+04 5.05215143E-14 0.00000000E+00
3.5202E+04 5.05174852E-14 0.00000000E+00
3.5225E+04 5.05104891E-14 0.00000000E+00
3.5249E+04 5.05048532E-14 0.00000000E+00
3.5272E+04 5.05024266E-14 0.00000000E+00
3.5296E+04 5.04986136E-14 0.00000000E+00
3.5319E+04 5.04916615E-14 0.00000000E+00
3.5343E+04 5.04857708E-14 0.00000000E+00
3.5366E+04 5.04833413E-14 0.00000000E+00
3.5390E+04 5.04797209E-14 0.00000000E+00
3.5414E+04 5.04728364E-14 0.00000000E+00
3.5437E+04 5.04667351E-14 0.00000000E+00
3.5461E+04 5.04642492E-14 0.00000000E+00
3.5484E+04 5.04607997E-14 0.00000000E+00
3.5508E+04 5.04540243E-14 0.00000000E+00
3.5531E+04 5.04477648E-14 0.00000000E+00
3.5555E+04 5.04451563E-14 0.00000000E+00
3.5579E+04 5.04418533E-14 0.00000000E+00
3.5602E+04 5.04352234E-14 0.00000000E+00
3.5626E+04 5.04288473E-14 0.00000000E+00
3.5649E+04 5.04260568E-14 0.00000000E+00
3.5673E+04 5.04228926E-14 0.00000000E+00
3.5696E+04 5.04164356E-14 0.00000000E+00
3.5720E+04 5.04099578E-14 0.00000000E+00
3.5743E+04 5.04069327E-14 0.00000000E+00
3.5767E+04 5.04039224E-14 0.00000000E+00
3.5791E+04 5.03976725E-14 0.00000000E+00
3.5814E+04 5.03910904E-14 0.00000000E+00
3.5838E+04 5.03877837E-14 0.00000000E+00
3.5861E+04 5.03849448E-14 0.00000000E+00
3.5885E+04 5.03789359E-14 0.00000000E+00
3.5908E+04 5.03722495E-14 0.00000000E+00
3.5932E+04 5.03686355E-14 0.00000000E+00
3.5956E+04 5.03659693E-14 0.00000000E+00
3.5979E+04 5.03602131E-14 0.00000000E+00
3.6003E+04 5.03534209E-14 0.00000000E+00
3.6026E+04 5.03495071E-14 0.00000000E+00
3.6050E+04 5.03470070E-14 0.00000000E+00
3.6073E+04 5.03414911E-14 0.00000000E+00
3.6097E+04 5.03345828E-14 0.00000000E+00
3.6120E+04 5.03303953E-14 0.00000000E+00
3.6144E+04 5.03280513E-14 0.00000000E+00
3.6168E+04 5.03227663E-14 0.00000000E+00
3.6191E+04 5.03157382E-14 0.00000000E+00
3.6215E+04 5.03113045E-14 0.00000000E+00
3.6238E+04 5.03090868E-14 0.00000000E+00
3.6262E+04 5.03040328E-14 0.00000000E+00
3.6285E+04 5.02969100E-14 0.00000000E+00
3.6309E+04 5.02922606E-14 0.00000000E+00
3.6333E+04 5.02901106E-14 0.00000000E+00
3.6356E+04 5.02852800E-14 0.00000000E+00
3.6380E+04 5.02781045E-14 0.00000000E+00
3.6403E+04 5.02732747E-14 0.00000000E+00
3.6427E+04 5.02711264E-14 0.00000000E+00
3.6450E+04 5.02665059E-14 0.00000000E+00
3.6474E+04 5.02593154E-14 0.00000000E+00
3.6497E+04 5.02543252E-14 0.00000000E+00
3.6521E+04 5.02521222E-14 0.00000000E+00
3.6545E+04 5.02477181E-14 0.00000000E+00
3.6568E+04 5.02405520E-14 0.00000000E+00
3.6592E+04 5.02353944E-14 0.00000000E+00
3.6615E+04 5.02330848E-14 0.00000000E+00
3.6639E+04 5.02289209E-14 0.00000000E+00
3.6662E+04 5.02218322E-14 0.00000000E+00
3.6686E+04 5.02164887E-14 0.00000000E+00
3.6710E+04 5.02140247E-14 0.00000000E+00
3.6733E+04 5.02101171E-14 0.00000000E+00
3.6757E+04 5.02031520E-14 0.00000000E+00
3.6780E+04 5.01976053E-14 0.00000000E+00
3.6804E+04 5.01949622E-14 0.00000000E+00
3.6827E+04 5.01913139E-14 0.00000000E+00
3.6851E+04 5.01844942E-14 0.00000000E+00
3.6874E+04 5.01787211E-14 0.00000000E+00
3.6898E+04 5.01759014E-14 0.00000000E+00
3.6922E+04 5.01725160E-14 0.00000000E+00
3.6945E+04 5.01658518E-14 0.00000000E+00
3.6969E+04 5.01598285E-14 0.00000000E+00
3.6992E+04 5.01568452E-14 0.00000000E+00
3.7016E+04 5.01537180E-14 0.00000000E+00
3.7039E+04 5.01472219E-14 0.00000000E+00
3.7063E+04 5.01409428E-14 0.00000000E+00
3.7087E+04 5.01378106E-14 0.00000000E+00
3.7110E+04 5.01349138E-14 0.00000000E+00
3.7134E+04 5.01285920E-14 0.00000000E+00
3.7157E+04 5.01220742E-14 0.00000000E+00
3.7181E+04 5.01188105E-14 0.00000000E+00
3.7204E+04 5.01160994E-14 0.00000000E+00
3.7228E+04 5.01099518E-14 0.00000000E+00
3.7251E+04 5.01032254E-14 0.00000000E+00
3.7275E+04 5.00998406E-14 0.00000000E+00
3.7299E+04 5.00972674E-14 0.00000000E+00
3.7322E+04 5.00913006E-14 0.00000000E+00
3.7346E+04 5.00844076E-14 0.00000000E+00
3.7369E+04 5.00808952E-14 0.00000000E+00
3.7393E+04 5.00784106E-14 0.00000000E+00
3.7416E+04 5.00726408E-14 0.00000000E+00
3.7440E+04 5.00656320E-14 0.00000000E+00
3.7463E+04 5.00619694E-14 0.00000000E+00
3.7487E+04 5.00595288E-14 0.00000000E+00
3.7511E+04 5.00539756E-14 0.00000000E+00
3.7534E+04 5.00468995E-14 0.00000000E+00
3.7558E+04 5.00430503E-14 0.00000000E+00
3.7581E+04 5.00406227E-14 0.00000000E+00
3.7605E+04 5.00353123E-14 0.00000000E+00
3.7628E+04 5.00282118E-14 0.00000000E+00
3.7652E+04 5.00241305E-14 0.00000000E+00
3.7676E+04 5.00216969E-14 0.00000000E+00
3.7699E+04 5.00166546E-14 0.00000000E+00
3.7723E+04 5.00095675E-14 0.00000000E+00
3.7746E+04 5.00052145E-14 0.00000000E+00
3.7770E+04 5.00027667E-14 0.00000000E+00
3.7793E+04 4.99980023E-14 0.00000000E+00
3.7817E+04 4.99909483E-14 0.00000000E+00
3.7840E+04 4.99862964E-14 0.00000000E+00
3.7864E+04 4.99838434E-14 0.00000000E+00
3.7888E+04 4.99793566E-14 0.00000000E+00
3.7911E+04 4.99723379E-14 0.00000000E+00
3.7935E+04 4.99673674E-14 0.00000000E+00
3.7958E+04 4.99649229E-14 0.00000000E+00
3.7982E+04 4.99607148E-14 0.00000000E+00
3.8005E+04 4.99537395E-14 0.00000000E+00
3.8029E+04 4.99484482E-14 0.00000000E+00
3.8053E+04 4.99460102E-14 0.00000000E+00
3.8076E+04 4.99420652E-14 0.00000000E+00
3.8100E+04 4.99351518E-14 0.00000000E+00
3.8123E+04 4.99295690E-14 0.00000000E+00
3.8147E+04 4.99271234E-14 0.00000000E+00
3.8170E+04 4.99234010E-14 0.00000000E+00
3.8194E+04 4.99165549E-14 0.00000000E+00
3.8217E+04 4.99107240E-14 0.00000000E+00
3.8241E+04 4.99082558E-14 0.00000000E+00
3.8265E+04 4.99047218E-14 0.00000000E+00
3.8288E+04 4.98979474E-14 0.00000000E+00
3.8312E+04 4.98919010E-14 0.00000000E+00
3.8335E+04 4.98893770E-14 0.00000000E+00
3.8359E+04 4.98860204E-14 0.00000000E+00
3.8382E+04 4.98793526E-14 0.00000000E+00
3.8406E+04 4.98731268E-14 0.00000000E+00
3.8430E+04 4.98704862E-14 0.00000000E+00
3.8453E+04 4.98672897E-14 0.00000000E+00
3.8477E+04 4.98607778E-14 0.00000000E+00
3.8500E+04 4.98544216E-14 0.00000000E+00
3.8524E+04 4.98516051E-14 0.00000000E+00
3.8547E+04 4.98485429E-14 0.00000000E+00
3.8571E+04 4.98422089E-14 0.00000000E+00
3.8594E+04 4.98357517E-14 0.00000000E+00
3.8618E+04 4.98327199E-14 0.00000000E+00
3.8642E+04 4.98297922E-14 0.00000000E+00
3.8665E+04 4.98236510E-14 0.00000000E+00
3.8689E+04 4.98170875E-14 0.00000000E+00
3.8712E+04 4.98138008E-14 0.00000000E+00
3.8736E+04 4.98110312E-14 0.00000000E+00
3.8759E+04 4.98051201E-14 0.00000000E+00
3.8783E+04 4.97984498E-14 0.00000000E+00
3.8807E+04 4.97948706E-14 0.00000000E+00
3.8830E+04 4.97922603E-14 0.00000000E+00
3.8854E+04 4.97866075E-14 0.00000000E+00
3.8877E+04 4.97798467E-14 0.00000000E+00
3.8901E+04 4.97759717E-14 0.00000000E+00
3.8924E+04 4.97735016E-14 0.00000000E+00
3.8948E+04 4.97680919E-14 0.00000000E+00
3.8971E+04 4.97612405E-14 0.00000000E+00
3.8995E+04 4.97570951E-14 0.00000000E+00
3.9019E+04 4.97547569E-14 0.00000000E+00
3.9042E+04 4.97495724E-14 0.00000000E+00
3.9066E+04 4.97426169E-14 0.00000000E+00
3.9089E+04 4.97382202E-14 0.00000000E+00
3.9113E+04 4.97360005E-14 0.00000000E+00
3.9136E+04 4.97310505E-14 0.00000000E+00
3.9160E+04 4.97240111E-14 0.00000000E+00
3.9184E+04 4.97193800E-14 0.00000000E+00
3.9207E+04 4.97172275E-14 0.00000000E+00
3.9231E+04 4.97125131E-14 0.00000000E+00
3.9254E+04 4.97054373E-14 0.00000000E+00
3.9278E+04 4.97006063E-14 0.00000000E+00
3.9301E+04 4.96984560E-14 0.00000000E+00
3.9325E+04 4.96939536E-14 0.00000000E+00
3.9348E+04 4.96868731E-14 0.00000000E+00
3.9372E+04 4.96818704E-14 0.00000000E+00
3.9396E+04 4.96796757E-14 0.00000000E+00
3.9419E+04 4.96753818E-14 0.00000000E+00
3.9443E+04 4.96683213E-14 0.00000000E+00
3.9466E+04 4.96631425E-14 0.00000000E+00
3.9490E+04 4.96608598E-14 0.00000000E+00
3.9513E+04 4.96568008E-14 0.00000000E+00
3.9537E+04 4.96498118E-14 0.00000000E+00
3.9561E+04 4.96444430E-14 0.00000000E+00
3.9584E+04 4.96420193E-14 0.00000000E+00
3.9608E+04 4.96382087E-14 0.00000000E+00
3.9631E+04 4.96313435E-14 0.00000000E+00
3.9655E+04 4.96257818E-14 0.00000000E+00
3.9678E+04 4.96231845E-14 0.00000000E+00
3.9702E+04 4.96196141E-14 0.00000000E+00
3.9725E+04 4.96128908E-14 0.00000000E+00
3.9749E+04 4.96071231E-14 0.00000000E+00
3.9773E+04 4.96043517E-14 0.00000000E+00
3.9796E+04 4.96010248E-14 0.00000000E+00
3.9820E+04 4.95944500E-14 0.00000000E+00
3.9843E+04 4.95884509E-14 0.00000000E+00
3.9867E+04 4.95855101E-14 0.00000000E+00
3.9890E+04 4.95824323E-14 0.00000000E+00
3.9914E+04 4.95760292E-14 0.00000000E+00
3.9937E+04 4.95697932E-14 0.00000000E+00
3.9961E+04 4.95666846E-14 0.00000000E+00
3.9985E+04 4.95638309E-14 0.00000000E+00
