0.0000E+00 0.00000000E+00 0.00000000E+00
2.3562E+01 0.00000000E+00 0.00000000E+00
4.7124E+01 0.00000000E+00 0.00000000E+00
7.0686E+01 0.00000000E+00 0.00000000E+00
9.4248E+01 0.00000000E+00 0.00000000E+00
1.1781E+02 0.00000000E+00 0.00000000E+00
1.4137E+02 0.00000000E+00 0.00000000E+00
1.6493E+02 0.00000000E+00 0.00000000E+00
1.8850E+02 0.00000000E+00 0.00000000E+00
2.1206E+02 0.00000000E+00 0.00000000E+00
2.3562E+02 0.00000000E+00 0.00000000E+00
2.5918E+02 2.99550525E-272 0.00000000E+00
2.8274E+02 3.83834822E-219 0.00000000E+00
3.0631E+02 2.14656769E-176 0.00000000E+00
3.2987E+02 5.70760049E-141 0.00000000E+00
3.5343E+02 2.80918257E-111 0.00000000E+00
3.7699E+02 2.26751067E-86 0.00000000E+00
4.0055E+02 1.17682039E-65 0.00000000E+00
4.2412E+02 9.01247462E-49 0.00000000E+00
4.4768E+02 1.50569650E-35 0.00000000E+00
4.7124E+02 4.79575495E-26 0.00000000E+00
4.9480E+02 7.38787529E-21 0.00000000E+00
5.1836E+02 2.53119116E-19 0.00000000E+00
5.4192E+02 4.99889513E-19 0.00000000E+00
5.6549E+02 9.93577660E-19 0.00000000E+00
5.8905E+02 1.58259211E-18 0.00000000E+00
6.1261E+02 2.35091033E-18 0.00000000E+00
6.3617E+02 3.40715446E-18 0.00000000E+00
6.5973E+02 6.35744467E-18 0.00000000E+00
6.8330E+02 1.12249753E-17 0.00000000E+00
7.0686E+02 1.56157625E-17 0.00000000E+00
7.3042E+02 2.33011856E-17 0.00000000E+00
7.5398E+02 4.11064773E-17 0.00000000E+00
7.7754E+02 6.17491242E-17 0.00000000E+00
8.0111E+02 7.97341233E-17 0.00000000E+00
8.2467E+02 1.19755680E-16 0.00000000E+00
8.4823E+02 1.94042448E-16 0.00000000E+00
8.7179E+02 2.61529064E-16 0.00000000E+00
8.9535E+02 3.36416267E-16 0.00000000E+00
9.1892E+02 5.20456155E-16 0.00000000E+00
9.4248E+02 7.94514214E-16 0.00000000E+00
9.6604E+02 1.01145651E-15 0.00000000E+00
9.8960E+02 1.34207954E-15 0.00000000E+00
1.0132E+03 2.09420267E-15 0.00000000E+00
1.0367E+03 2.94393029E-15 0.00000000E+00
1.0603E+03 3.61480099E-15 0.00000000E+00
1.0838E+03 5.05851180E-15 0.00000000E+00
1.1074E+03 7.73672279E-15 0.00000000E+00
1.1310E+03 1.01179406E-14 0.00000000E+00
1.1545E+03 1.24993769E-14 0.00000000E+00
1.1781E+03 1.83303835E-14 0.00000000E+00
1.2017E+03 2.66989258E-14 0.00000000E+00
1.2252E+03 3.29658491E-14 0.00000000E+00
1.2488E+03 4.23159209E-14 0.00000000E+00
1.2723E+03 6.33293228E-14 0.00000000E+00
1.2959E+03 8.63063436E-14 0.00000000E+00
1.3195E+03 1.03582755E-13 0.00000000E+00
1.3430E+03 1.40287699E-13 0.00000000E+00
1.3666E+03 2.06712569E-13 0.00000000E+00
1.3902E+03 2.63238576E-13 0.00000000E+00
1.4137E+03 3.17955988E-13 0.00000000E+00
1.4373E+03 4.50463204E-13 0.00000000E+00
1.4608E+03 6.34262530E-13 0.00000000E+00
1.4844E+03 7.65737144E-13 0.00000000E+00
1.5080E+03 9.58657272E-13 0.00000000E+00
1.5315E+03 1.38284881E-12 0.00000000E+00
1.5551E+03 1.82912434E-12 0.00000000E+00
1.5787E+03 2.15034907E-12 0.00000000E+00
1.6022E+03 2.82590757E-12 0.00000000E+00
1.6258E+03 4.01496605E-12 0.00000000E+00
1.6493E+03 4.98375513E-12 0.00000000E+00
1.6729E+03 5.89007433E-12 0.00000000E+00
1.6965E+03 8.05789301E-12 0.00000000E+00
1.7200E+03 1.09687615E-11 0.00000000E+00
1.7436E+03 1.29525459E-11 0.00000000E+00
1.7671E+03 1.58012663E-11 0.00000000E+00
1.7907E+03 2.19573002E-11 0.00000000E+00
1.8143E+03 2.82004701E-11 0.00000000E+00
1.8378E+03 3.24699528E-11 0.00000000E+00
1.8614E+03 4.13559801E-11 0.00000000E+00
1.8850E+03 5.66509405E-11 0.00000000E+00
1.9085E+03 6.85845334E-11 0.00000000E+00
1.9321E+03 7.92514368E-11 0.00000000E+00
1.9556E+03 1.04611515E-10 0.00000000E+00
1.9792E+03 1.37757347E-10 0.00000000E+00
2.0028E+03 1.59170749E-10 0.00000000E+00
2.0263E+03 1.89036704E-10 0.00000000E+00
2.0499E+03 2.53033298E-10 0.00000000E+00
2.0735E+03 3.15825509E-10 0.00000000E+00
2.0970E+03 3.56112147E-10 0.00000000E+00
2.1206E+03 4.39246984E-10 0.00000000E+00
2.1441E+03 5.80414075E-10 0.00000000E+00
2.1677E+03 6.85881383E-10 0.00000000E+00
2.1913E+03 7.74512243E-10 0.00000000E+00
2.2148E+03 9.86141754E-10 0.00000000E+00
2.2384E+03 1.25732431E-09 0.00000000E+00
2.2619E+03 1.42214056E-09 0.00000000E+00
2.2855E+03 1.64318839E-09 0.00000000E+00
2.3091E+03 2.11907309E-09 0.00000000E+00
2.3326E+03 2.57281756E-09 0.00000000E+00
2.3562E+03 2.84093696E-09 0.00000000E+00
2.3798E+03 3.39187855E-09 0.00000000E+00
2.4033E+03 4.32599486E-09 0.00000000E+00
2.4269E+03 4.99366763E-09 0.00000000E+00
2.4504E+03 5.50866519E-09 0.00000000E+00
2.4740E+03 6.76463710E-09 0.00000000E+00
2.4976E+03 8.35743634E-09 0.00000000E+00
2.5211E+03 9.25753780E-09 0.00000000E+00
2.5447E+03 1.04018595E-08 0.00000000E+00
2.5683E+03 1.29273500E-08 0.00000000E+00
2.5918E+03 1.52798761E-08 0.00000000E+00
2.6154E+03 1.65234579E-08 0.00000000E+00
2.6389E+03 1.90903885E-08 0.00000000E+00
2.6625E+03 2.35132386E-08 0.00000000E+00
2.6861E+03 2.65306021E-08 0.00000000E+00
2.7096E+03 2.85841544E-08 0.00000000E+00
2.7332E+03 3.38543098E-08 0.00000000E+00
2.7567E+03 4.05562095E-08 0.00000000E+00
2.7803E+03 4.40106021E-08 0.00000000E+00
2.8039E+03 4.80764167E-08 0.00000000E+00
2.8274E+03 5.75961620E-08 0.00000000E+00
2.8510E+03 6.63186224E-08 0.00000000E+00
2.8746E+03 7.02371023E-08 0.00000000E+00
2.8981E+03 7.85182092E-08 0.00000000E+00
2.9217E+03 9.34376280E-08 0.00000000E+00
2.9452E+03 1.03102703E-07 0.00000000E+00
2.9688E+03 1.08479516E-07 0.00000000E+00
2.9924E+03 1.23930127E-07 0.00000000E+00
3.0159E+03 1.44033603E-07 0.00000000E+00
3.0395E+03 1.53160500E-07 0.00000000E+00
3.0631E+03 1.62642698E-07 0.00000000E+00
3.0866E+03 1.87881875E-07 0.00000000E+00
3.1102E+03 2.10843806E-07 0.00000000E+00
3.1337E+03 2.18700689E-07 0.00000000E+00
3.1573E+03 2.36569171E-07 0.00000000E+00
3.1809E+03 2.72097838E-07 0.00000000E+00
3.2044E+03 2.93708885E-07 0.00000000E+00
3.2280E+03 3.01756933E-07 0.00000000E+00
3.2515E+03 3.32588269E-07 0.00000000E+00
3.2751E+03 3.75139347E-07 0.00000000E+00
3.2987E+03 3.90925123E-07 0.00000000E+00
3.3222E+03 4.03527993E-07 0.00000000E+00
3.3458E+03 4.49601444E-07 0.00000000E+00
3.3694E+03 4.91864389E-07 0.00000000E+00
3.3929E+03 4.99626844E-07 0.00000000E+00
3.4165E+03 5.22979157E-07 0.00000000E+00
3.4400E+03 5.81536592E-07 0.00000000E+00
3.4636E+03 6.14096588E-07 0.00000000E+00
3.4872E+03 6.15958899E-07 0.00000000E+00
3.5107E+03 6.55062168E-07 0.00000000E+00
3.5343E+03 7.17194406E-07 0.00000000E+00
3.5579E+03 7.32275476E-07 0.00000000E+00
3.5814E+03 7.34614308E-07 0.00000000E+00
3.6050E+03 7.89540997E-07 0.00000000E+00
3.6285E+03 8.42030588E-07 0.00000000E+00
3.6521E+03 8.37247402E-07 0.00000000E+00
3.6757E+03 8.47901834E-07 0.00000000E+00
3.6992E+03 9.11552868E-07 0.00000000E+00
3.7228E+03 9.41425205E-07 0.00000000E+00
3.7463E+03 9.21301415E-07 0.00000000E+00
3.7699E+03 9.45198353E-07 0.00000000E+00
3.7935E+03 1.00436565E-06 0.00000000E+00
3.8170E+03 1.00411175E-06 0.00000000E+00
3.8406E+03 9.78176161E-07 0.00000000E+00
3.8642E+03 1.01380941E-06 0.00000000E+00
3.8877E+03 1.05359567E-06 0.00000000E+00
3.9113E+03 1.02432277E-06 0.00000000E+00
3.9348E+03 1.00260790E-06 0.00000000E+00
3.9584E+03 1.04159974E-06 0.00000000E+00
3.9820E+03 1.05119907E-06 0.00000000E+00
4.0055E+03 1.00197701E-06 0.00000000E+00
4.0291E+03 9.90365014E-07 0.00000000E+00
4.0527E+03 1.02061689E-06 0.00000000E+00
4.0762E+03 9.97535340E-07 0.00000000E+00
4.0998E+03 9.41340555E-07 0.00000000E+00
4.1233E+03 9.39286202E-07 0.00000000E+00
4.1469E+03 9.50113502E-07 0.00000000E+00
4.1705E+03 9.00765672E-07 0.00000000E+00
4.1940E+03 8.49264303E-07 0.00000000E+00
4.2176E+03 8.50934454E-07 0.00000000E+00
4.2412E+03 8.37491662E-07 0.00000000E+00
4.2647E+03 7.74147566E-07 0.00000000E+00
4.2883E+03 7.33944161E-07 0.00000000E+00
4.3118E+03 7.31811865E-07 0.00000000E+00
4.3354E+03 6.96687968E-07 0.00000000E+00
4.3590E+03 6.32604321E-07 0.00000000E+00
4.3825E+03 6.04429288E-07 0.00000000E+00
4.4061E+03 5.93158667E-07 0.00000000E+00
4.4296E+03 5.44731978E-07 0.00000000E+00
4.4532E+03 4.89895656E-07 0.00000000E+00
4.4768E+03 4.70438844E-07 0.00000000E+00
4.5003E+03 4.49104590E-07 0.00000000E+00
4.5239E+03 3.97909865E-07 0.00000000E+00
4.5475E+03 3.57030435E-07 0.00000000E+00
4.5710E+03 3.41893443E-07 0.00000000E+00
4.5946E+03 3.13809920E-07 0.00000000E+00
4.6181E+03 2.68853807E-07 0.00000000E+00
4.6417E+03 2.41807526E-07 0.00000000E+00
4.6653E+03 2.27914641E-07 0.00000000E+00
4.6888E+03 1.98680612E-07 0.00000000E+00
4.7124E+03 1.65198257E-07 0.00000000E+00
4.7360E+03 1.48982126E-07 0.00000000E+00
4.7595E+03 1.35536660E-07 0.00000000E+00
4.7831E+03 1.10583183E-07 0.00000000E+00
4.8066E+03 8.96931048E-08 0.00000000E+00
4.8302E+03 8.06012568E-08 0.00000000E+00
4.8538E+03 6.86426965E-08 0.00000000E+00
4.8773E+03 5.14339434E-08 0.00000000E+00
4.9009E+03 4.12199026E-08 0.00000000E+00
4.9244E+03 3.63188809E-08 0.00000000E+00
4.9480E+03 2.75574223E-08 0.00000000E+00
4.9716E+03 1.89649435E-08 0.00000000E+00
4.9951E+03 1.61055438E-08 0.00000000E+00
5.0187E+03 1.37303421E-08 0.00000000E+00
5.0423E+03 9.42211189E-09 0.00000000E+00
5.0658E+03 8.14360992E-09 0.00000000E+00
5.0894E+03 9.32431139E-09 0.00000000E+00
5.1129E+03 8.83210555E-09 0.00000000E+00
5.1365E+03 9.16739452E-09 0.00000000E+00
5.1601E+03 1.26985334E-08 0.00000000E+00
5.1836E+03 1.54235435E-08 0.00000000E+00
5.2072E+03 1.66441379E-08 0.00000000E+00
5.2308E+03 2.07337379E-08 0.00000000E+00
5.2543E+03 2.63752635E-08 0.00000000E+00
5.2779E+03 2.91731689E-08 0.00000000E+00
5.3014E+03 3.19267836E-08 0.00000000E+00
5.3250E+03 3.81992741E-08 0.00000000E+00
5.3486E+03 4.37664757E-08 0.00000000E+00
5.3721E+03 4.59999534E-08 0.00000000E+00
5.3957E+03 4.98617721E-08 0.00000000E+00
5.4192E+03 5.65956608E-08 0.00000000E+00
5.4428E+03 6.07294675E-08 0.00000000E+00
5.4664E+03 6.22606620E-08 0.00000000E+00
5.4899E+03 6.65723604E-08 0.00000000E+00
5.5135E+03 7.23396981E-08 0.00000000E+00
5.5371E+03 7.44883405E-08 0.00000000E+00
5.5606E+03 7.53822264E-08 0.00000000E+00
5.5842E+03 7.94105547E-08 0.00000000E+00
5.6077E+03 8.33214123E-08 0.00000000E+00
5.6313E+03 8.35341926E-08 0.00000000E+00
5.6549E+03 8.38804914E-08 0.00000000E+00
5.6784E+03 8.70050312E-08 0.00000000E+00
5.7020E+03 8.87472773E-08 0.00000000E+00
5.7256E+03 8.74163112E-08 0.00000000E+00
5.7491E+03 8.72689619E-08 0.00000000E+00
5.7727E+03 8.91149404E-08 0.00000000E+00
5.7962E+03 8.88477016E-08 0.00000000E+00
5.8198E+03 8.64877004E-08 0.00000000E+00
5.8434E+03 8.58788836E-08 0.00000000E+00
5.8669E+03 8.63610560E-08 0.00000000E+00
5.8905E+03 8.45398524E-08 0.00000000E+00
5.9140E+03 8.16437784E-08 0.00000000E+00
5.9376E+03 8.06228291E-08 0.00000000E+00
5.9612E+03 7.99083024E-08 0.00000000E+00
5.9847E+03 7.71083332E-08 0.00000000E+00
6.0083E+03 7.40776331E-08 0.00000000E+00
6.0319E+03 7.27394060E-08 0.00000000E+00
6.0554E+03 7.11604509E-08 0.00000000E+00
6.0790E+03 6.79389142E-08 0.00000000E+00
6.1025E+03 6.50669304E-08 0.00000000E+00
6.1261E+03 6.35547336E-08 0.00000000E+00
6.1497E+03 6.15074322E-08 0.00000000E+00
6.1732E+03 5.83197032E-08 0.00000000E+00
6.1968E+03 5.58028933E-08 0.00000000E+00
6.2204E+03 5.42881243E-08 0.00000000E+00
6.2439E+03 5.21451118E-08 0.00000000E+00
6.2675E+03 4.93106302E-08 0.00000000E+00
6.2910E+03 4.72679298E-08 0.00000000E+00
6.3146E+03 4.59177943E-08 0.00000000E+00
6.3382E+03 4.39705152E-08 0.00000000E+00
6.3617E+03 4.16745121E-08 0.00000000E+00
6.3853E+03 4.01641335E-08 0.00000000E+00
6.4088E+03 3.91104458E-08 0.00000000E+00
6.4324E+03 3.75439944E-08 0.00000000E+00
6.4560E+03 3.58592809E-08 0.00000000E+00
6.4795E+03 3.48900532E-08 0.00000000E+00
6.5031E+03 3.42085936E-08 0.00000000E+00
6.5267E+03 3.31035808E-08 0.00000000E+00
6.5502E+03 3.20195375E-08 0.00000000E+00
6.5738E+03 3.15585316E-08 0.00000000E+00
6.5973E+03 3.12628975E-08 0.00000000E+00
6.6209E+03 3.06147489E-08 0.00000000E+00
6.6445E+03 3.00653910E-08 0.00000000E+00
6.6680E+03 3.00449654E-08 0.00000000E+00
6.6916E+03 3.00937761E-08 0.00000000E+00
6.7152E+03 2.98396803E-08 0.00000000E+00
6.7387E+03 2.97270701E-08 0.00000000E+00
6.7623E+03 3.00536417E-08 0.00000000E+00
6.7858E+03 3.03666714E-08 0.00000000E+00
6.8094E+03 3.04125275E-08 0.00000000E+00
6.8330E+03 3.06247866E-08 0.00000000E+00
6.8565E+03 3.11899073E-08 0.00000000E+00
6.8801E+03 3.16681028E-08 0.00000000E+00
6.9036E+03 3.19110531E-08 0.00000000E+00
6.9272E+03 3.23357746E-08 0.00000000E+00
6.9508E+03 3.30284063E-08 0.00000000E+00
6.9743E+03 3.35721134E-08 0.00000000E+00
6.9979E+03 3.39162455E-08 0.00000000E+00
7.0215E+03 3.44501497E-08 0.00000000E+00
7.0450E+03 3.51686165E-08 0.00000000E+00
7.0686E+03 3.56920885E-08 0.00000000E+00
7.0921E+03 3.60582908E-08 0.00000000E+00
7.1157E+03 3.66141080E-08 0.00000000E+00
7.1393E+03 3.72753498E-08 0.00000000E+00
7.1628E+03 3.77152093E-08 0.00000000E+00
7.1864E+03 3.80452712E-08 0.00000000E+00
7.2100E+03 3.85558537E-08 0.00000000E+00
7.2335E+03 3.91010865E-08 0.00000000E+00
7.2571E+03 3.94193445E-08 0.00000000E+00
7.2806E+03 3.96766151E-08 0.00000000E+00
7.3042E+03 4.00968838E-08 0.00000000E+00
7.3278E+03 4.04935308E-08 0.00000000E+00
7.3513E+03 4.06763021E-08 0.00000000E+00
7.3749E+03 4.08435595E-08 0.00000000E+00
7.3985E+03 4.11498013E-08 0.00000000E+00
7.4220E+03 4.13892778E-08 0.00000000E+00
7.4456E+03 4.14424162E-08 0.00000000E+00
7.4691E+03 4.15185000E-08 0.00000000E+00
7.4927E+03 4.17059696E-08 0.00000000E+00
7.5163E+03 4.17994177E-08 0.00000000E+00
7.5398E+03 4.17429379E-08 0.00000000E+00
7.5634E+03 4.17385579E-08 0.00000000E+00
7.5869E+03 4.18173944E-08 0.00000000E+00
7.6105E+03 4.17895486E-08 0.00000000E+00
7.6341E+03 4.16515949E-08 0.00000000E+00
7.6576E+03 4.15850140E-08 0.00000000E+00
7.6812E+03 4.15754184E-08 0.00000000E+00
7.7048E+03 4.14585218E-08 0.00000000E+00
7.7283E+03 4.12701910E-08 0.00000000E+00
7.7519E+03 4.11632538E-08 0.00000000E+00
7.7754E+03 4.10906414E-08 0.00000000E+00
7.7990E+03 4.09187810E-08 0.00000000E+00
7.8226E+03 4.07097466E-08 0.00000000E+00
7.8461E+03 4.05843309E-08 0.00000000E+00
7.8697E+03 4.04748974E-08 0.00000000E+00
7.8933E+03 4.02796639E-08 0.00000000E+00
7.9168E+03 4.00752646E-08 0.00000000E+00
7.9404E+03 3.99506792E-08 0.00000000E+00
7.9639E+03 3.98280540E-08 0.00000000E+00
7.9875E+03 3.96355945E-08 0.00000000E+00
8.0111E+03 3.94550111E-08 0.00000000E+00
8.0346E+03 3.93461484E-08 0.00000000E+00
8.0582E+03 3.92291196E-08 0.00000000E+00
8.0817E+03 3.90585546E-08 0.00000000E+00
8.1053E+03 3.89141596E-08 0.00000000E+00
8.1289E+03 3.88306786E-08 0.00000000E+00
8.1524E+03 3.87321763E-08 0.00000000E+00
8.1760E+03 3.85953368E-08 0.00000000E+00
8.1996E+03 3.84929104E-08 0.00000000E+00
8.2231E+03 3.84391720E-08 0.00000000E+00
8.2467E+03 3.83661986E-08 0.00000000E+00
8.2702E+03 3.82681479E-08 0.00000000E+00
8.2938E+03 3.82077445E-08 0.00000000E+00
8.3174E+03 3.81834386E-08 0.00000000E+00
8.3409E+03 3.81377989E-08 0.00000000E+00
8.3645E+03 3.80780821E-08 0.00000000E+00
8.3881E+03 3.80553317E-08 0.00000000E+00
8.4116E+03 3.80565530E-08 0.00000000E+00
8.4352E+03 3.80360226E-08 0.00000000E+00
8.4587E+03 3.80101177E-08 0.00000000E+00
8.4823E+03 3.80176781E-08 0.00000000E+00
8.5059E+03 3.80381798E-08 0.00000000E+00
8.5294E+03 3.80378761E-08 0.00000000E+00
8.5530E+03 3.80387761E-08 0.00000000E+00
8.5765E+03 3.80678155E-08 0.00000000E+00
8.6001E+03 3.81003183E-08 0.00000000E+00
8.6237E+03 3.81140284E-08 0.00000000E+00
8.6472E+03 3.81336525E-08 0.00000000E+00
8.6708E+03 3.81751263E-08 0.00000000E+00
8.6944E+03 3.82124185E-08 0.00000000E+00
8.7179E+03 3.82337440E-08 0.00000000E+00
8.7415E+03 3.82641142E-08 0.00000000E+00
8.7650E+03 3.83098054E-08 0.00000000E+00
8.7886E+03 3.83456199E-08 0.00000000E+00
8.8122E+03 3.83688342E-08 0.00000000E+00
8.8357E+03 3.84029447E-08 0.00000000E+00
8.8593E+03 3.84461564E-08 0.00000000E+00
8.8829E+03 3.84757103E-08 0.00000000E+00
8.9064E+03 3.84963081E-08 0.00000000E+00
8.9300E+03 3.85286437E-08 0.00000000E+00
8.9535E+03 3.85645773E-08 0.00000000E+00
8.9771E+03 3.85848187E-08 0.00000000E+00
9.0007E+03 3.85997702E-08 0.00000000E+00
9.0242E+03 3.86265492E-08 0.00000000E+00
9.0478E+03 3.86523773E-08 0.00000000E+00
9.0713E+03 3.86619648E-08 0.00000000E+00
9.0949E+03 3.86697190E-08 0.00000000E+00
9.1185E+03 3.86888529E-08 0.00000000E+00
9.1420E+03 3.87035583E-08 0.00000000E+00
9.1656E+03 3.87026361E-08 0.00000000E+00
9.1892E+03 3.87029449E-08 0.00000000E+00
9.2127E+03 3.87138359E-08 0.00000000E+00
9.2363E+03 3.87178867E-08 0.00000000E+00
9.2598E+03 3.87077443E-08 0.00000000E+00
9.2834E+03 3.87013636E-08 0.00000000E+00
9.3070E+03 3.87045684E-08 0.00000000E+00
9.3305E+03 3.86995031E-08 0.00000000E+00
9.3541E+03 3.86821694E-08 0.00000000E+00
9.3777E+03 3.86705198E-08 0.00000000E+00
9.4012E+03 3.86673732E-08 0.00000000E+00
9.4248E+03 3.86553684E-08 0.00000000E+00
9.4483E+03 3.86332217E-08 0.00000000E+00
9.4719E+03 3.86180420E-08 0.00000000E+00
9.4955E+03 3.86102866E-08 0.00000000E+00
9.5190E+03 3.85937561E-08 0.00000000E+00
9.5426E+03 3.85691781E-08 0.00000000E+00
9.5661E+03 3.85522331E-08 0.00000000E+00
9.5897E+03 3.85416923E-08 0.00000000E+00
9.6133E+03 3.85229616E-08 0.00000000E+00
9.6368E+03 3.84980730E-08 0.00000000E+00
9.6604E+03 3.84809224E-08 0.00000000E+00
9.6840E+03 3.84692580E-08 0.00000000E+00
9.7075E+03 3.84503245E-08 0.00000000E+00
9.7311E+03 3.84268127E-08 0.00000000E+00
9.7546E+03 3.84106651E-08 0.00000000E+00
9.7782E+03 3.83992073E-08 0.00000000E+00
9.8018E+03 3.83816034E-08 0.00000000E+00
9.8253E+03 3.83606343E-08 0.00000000E+00
9.8489E+03 3.83462792E-08 0.00000000E+00
9.8725E+03 3.83359514E-08 0.00000000E+00
9.8960E+03 3.83206871E-08 0.00000000E+00
9.9196E+03 3.83029028E-08 0.00000000E+00
9.9431E+03 3.82907067E-08 0.00000000E+00
9.9667E+03 3.82820130E-08 0.00000000E+00
9.9903E+03 3.82695986E-08 0.00000000E+00
1.0014E+04 3.82551673E-08 0.00000000E+00
1.0037E+04 3.82451295E-08 0.00000000E+00
1.0061E+04 3.82381993E-08 0.00000000E+00
1.0085E+04 3.82287130E-08 0.00000000E+00
1.0108E+04 3.82174258E-08 0.00000000E+00
1.0132E+04 3.82092591E-08 0.00000000E+00
1.0155E+04 3.82039293E-08 0.00000000E+00
1.0179E+04 3.81971196E-08 0.00000000E+00
1.0202E+04 3.81885028E-08 0.00000000E+00
1.0226E+04 3.81817374E-08 0.00000000E+00
1.0249E+04 3.81776430E-08 0.00000000E+00
1.0273E+04 3.81730419E-08 0.00000000E+00
1.0297E+04 3.81664739E-08 0.00000000E+00
1.0320E+04 3.81605546E-08 0.00000000E+00
1.0344E+04 3.81572304E-08 0.00000000E+00
1.0367E+04 3.81542590E-08 0.00000000E+00
1.0391E+04 3.81490762E-08 0.00000000E+00
1.0414E+04 3.81434510E-08 0.00000000E+00
1.0438E+04 3.81404104E-08 0.00000000E+00
1.0462E+04 3.81384754E-08 0.00000000E+00
1.0485E+04 3.81340550E-08 0.00000000E+00
1.0509E+04 3.81282429E-08 0.00000000E+00
1.0532E+04 3.81250477E-08 0.00000000E+00
1.0556E+04 3.81236071E-08 0.00000000E+00
1.0579E+04 3.81194289E-08 0.00000000E+00
1.0603E+04 3.81130618E-08 0.00000000E+00
1.0626E+04 3.81093639E-08 0.00000000E+00
1.0650E+04 3.81079768E-08 0.00000000E+00
1.0674E+04 3.81036540E-08 0.00000000E+00
1.0697E+04 3.80965001E-08 0.00000000E+00
1.0721E+04 3.80920620E-08 0.00000000E+00
1.0744E+04 3.80904078E-08 0.00000000E+00
1.0768E+04 3.80856996E-08 0.00000000E+00
1.0791E+04 3.80776606E-08 0.00000000E+00
1.0815E+04 3.80723614E-08 0.00000000E+00
1.0838E+04 3.80702427E-08 0.00000000E+00
1.0862E+04 3.80650431E-08 0.00000000E+00
1.0886E+04 3.80561413E-08 0.00000000E+00
1.0909E+04 3.80499601E-08 0.00000000E+00
1.0933E+04 3.80472906E-08 0.00000000E+00
1.0956E+04 3.80416074E-08 0.00000000E+00
1.0980E+04 3.80319584E-08 0.00000000E+00
1.1003E+04 3.80249572E-08 0.00000000E+00
1.1027E+04 3.80217360E-08 0.00000000E+00
1.1051E+04 3.80156610E-08 0.00000000E+00
1.1074E+04 3.80054433E-08 0.00000000E+00
1.1098E+04 3.79977377E-08 0.00000000E+00
1.1121E+04 3.79940258E-08 0.00000000E+00
1.1145E+04 3.79877015E-08 0.00000000E+00
1.1168E+04 3.79771264E-08 0.00000000E+00
1.1192E+04 3.79688607E-08 0.00000000E+00
1.1215E+04 3.79647502E-08 0.00000000E+00
1.1239E+04 3.79583416E-08 0.00000000E+00
1.1263E+04 3.79476239E-08 0.00000000E+00
1.1286E+04 3.79389483E-08 0.00000000E+00
1.1310E+04 3.79345414E-08 0.00000000E+00
1.1333E+04 3.79282079E-08 0.00000000E+00
1.1357E+04 3.79175461E-08 0.00000000E+00
1.1380E+04 3.79085967E-08 0.00000000E+00
1.1404E+04 3.79039856E-08 0.00000000E+00
1.1428E+04 3.78978650E-08 0.00000000E+00
1.1451E+04 3.78874243E-08 0.00000000E+00
1.1475E+04 3.78783139E-08 0.00000000E+00
1.1498E+04 3.78735683E-08 0.00000000E+00
1.1522E+04 3.78677630E-08 0.00000000E+00
1.1545E+04 3.78576687E-08 0.00000000E+00
1.1569E+04 3.78484779E-08 0.00000000E+00
1.1592E+04 3.78436410E-08 0.00000000E+00
1.1616E+04 3.78382137E-08 0.00000000E+00
1.1640E+04 3.78285481E-08 0.00000000E+00
1.1663E+04 3.78193278E-08 0.00000000E+00
1.1687E+04 3.78144123E-08 0.00000000E+00
1.1710E+04 3.78093871E-08 0.00000000E+00
1.1734E+04 3.78001931E-08 0.00000000E+00
1.1757E+04 3.77909659E-08 0.00000000E+00
1.1781E+04 3.77859608E-08 0.00000000E+00
1.1805E+04 3.77813263E-08 0.00000000E+00
1.1828E+04 3.77726141E-08 0.00000000E+00
1.1852E+04 3.77633815E-08 0.00000000E+00
1.1875E+04 3.77582555E-08 0.00000000E+00
1.1899E+04 3.77539739E-08 0.00000000E+00
1.1922E+04 3.77457283E-08 0.00000000E+00
1.1946E+04 3.77364791E-08 0.00000000E+00
1.1969E+04 3.77311892E-08 0.00000000E+00
1.1993E+04 3.77272026E-08 0.00000000E+00
1.2017E+04 3.77193933E-08 0.00000000E+00
1.2040E+04 3.77101094E-08 0.00000000E+00
1.2064E+04 3.77046081E-08 0.00000000E+00
1.2087E+04 3.77008487E-08 0.00000000E+00
1.2111E+04 3.76934367E-08 0.00000000E+00
1.2134E+04 3.76841024E-08 0.00000000E+00
1.2158E+04 3.76783428E-08 0.00000000E+00
1.2182E+04 3.76747390E-08 0.00000000E+00
1.2205E+04 3.76676848E-08 0.00000000E+00
1.2229E+04 3.76582894E-08 0.00000000E+00
1.2252E+04 3.76522324E-08 0.00000000E+00
1.2276E+04 3.76487149E-08 0.00000000E+00
1.2299E+04 3.76419825E-08 0.00000000E+00
1.2323E+04 3.76325252E-08 0.00000000E+00
1.2346E+04 3.76261406E-08 0.00000000E+00
1.2370E+04 3.76226468E-08 0.00000000E+00
1.2394E+04 3.76162069E-08 0.00000000E+00
1.2417E+04 3.76066977E-08 0.00000000E+00
1.2441E+04 3.75999677E-08 0.00000000E+00
1.2464E+04 3.75964429E-08 0.00000000E+00
1.2488E+04 3.75902741E-08 0.00000000E+00
1.2511E+04 3.75807334E-08 0.00000000E+00
1.2535E+04 3.75736513E-08 0.00000000E+00
1.2559E+04 3.75700511E-08 0.00000000E+00
1.2582E+04 3.75641389E-08 0.00000000E+00
1.2606E+04 3.75545967E-08 0.00000000E+00
1.2629E+04 3.75471670E-08 0.00000000E+00
1.2653E+04 3.75434548E-08 0.00000000E+00
1.2676E+04 3.75377911E-08 0.00000000E+00
1.2700E+04 3.75282838E-08 0.00000000E+00
1.2723E+04 3.75205205E-08 0.00000000E+00
1.2747E+04 3.75166679E-08 0.00000000E+00
1.2771E+04 3.75112476E-08 0.00000000E+00
1.2794E+04 3.75018164E-08 0.00000000E+00
1.2818E+04 3.74937399E-08 0.00000000E+00
1.2841E+04 3.74897242E-08 0.00000000E+00
1.2865E+04 3.74845440E-08 0.00000000E+00
1.2888E+04 3.74752311E-08 0.00000000E+00
1.2912E+04 3.74668678E-08 0.00000000E+00
1.2936E+04 3.74626701E-08 0.00000000E+00
1.2959E+04 3.74577257E-08 0.00000000E+00
1.2983E+04 3.74485727E-08 0.00000000E+00
1.3006E+04 3.74399513E-08 0.00000000E+00
1.3030E+04 3.74355556E-08 0.00000000E+00
1.3053E+04 3.74308401E-08 0.00000000E+00
1.3077E+04 3.74218855E-08 0.00000000E+00
1.3100E+04 3.74130370E-08 0.00000000E+00
1.3124E+04 3.74084278E-08 0.00000000E+00
1.3148E+04 3.74039307E-08 0.00000000E+00
1.3171E+04 3.73952086E-08 0.00000000E+00
1.3195E+04 3.73861640E-08 0.00000000E+00
1.3218E+04 3.73813269E-08 0.00000000E+00
1.3242E+04 3.73770326E-08 0.00000000E+00
1.3265E+04 3.73685721E-08 0.00000000E+00
1.3289E+04 3.73593619E-08 0.00000000E+00
1.3312E+04 3.73542822E-08 0.00000000E+00
1.3336E+04 3.73501711E-08 0.00000000E+00
1.3360E+04 3.73419954E-08 0.00000000E+00
1.3383E+04 3.73326495E-08 0.00000000E+00
1.3407E+04 3.73273129E-08 0.00000000E+00
1.3430E+04 3.73233607E-08 0.00000000E+00
1.3454E+04 3.73154873E-08 0.00000000E+00
1.3477E+04 3.73060345E-08 0.00000000E+00
1.3501E+04 3.73004278E-08 0.00000000E+00
1.3525E+04 3.72966064E-08 0.00000000E+00
1.3548E+04 3.72890473E-08 0.00000000E+00
1.3572E+04 3.72795161E-08 0.00000000E+00
1.3595E+04 3.72736270E-08 0.00000000E+00
1.3619E+04 3.72699055E-08 0.00000000E+00
1.3642E+04 3.72626678E-08 0.00000000E+00
1.3666E+04 3.72530860E-08 0.00000000E+00
1.3689E+04 3.72469048E-08 0.00000000E+00
1.3713E+04 3.72432500E-08 0.00000000E+00
1.3737E+04 3.72363364E-08 0.00000000E+00
1.3760E+04 3.72267319E-08 0.00000000E+00
1.3784E+04 3.72202512E-08 0.00000000E+00
1.3807E+04 3.72166290E-08 0.00000000E+00
1.3831E+04 3.72100383E-08 0.00000000E+00
1.3854E+04 3.72004392E-08 0.00000000E+00
1.3878E+04 3.71936555E-08 0.00000000E+00
1.3902E+04 3.71900307E-08 0.00000000E+00
1.3925E+04 3.71837585E-08 0.00000000E+00
1.3949E+04 3.71741932E-08 0.00000000E+00
1.3972E+04 3.71671063E-08 0.00000000E+00
1.3996E+04 3.71634449E-08 0.00000000E+00
1.4019E+04 3.71574836E-08 0.00000000E+00
1.4043E+04 3.71479809E-08 0.00000000E+00
1.4066E+04 3.71405947E-08 0.00000000E+00
1.4090E+04 3.71368628E-08 0.00000000E+00
1.4114E+04 3.71312028E-08 0.00000000E+00
1.4137E+04 3.71217916E-08 0.00000000E+00
1.4161E+04 3.71141139E-08 0.00000000E+00
1.4184E+04 3.71102793E-08 0.00000000E+00
1.4208E+04 3.71049082E-08 0.00000000E+00
1.4231E+04 3.70956176E-08 0.00000000E+00
1.4255E+04 3.70876597E-08 0.00000000E+00
1.4279E+04 3.70836918E-08 0.00000000E+00
1.4302E+04 3.70785955E-08 0.00000000E+00
1.4326E+04 3.70694537E-08 0.00000000E+00
1.4349E+04 3.70612308E-08 0.00000000E+00
1.4373E+04 3.70571012E-08 0.00000000E+00
1.4396E+04 3.70522630E-08 0.00000000E+00
1.4420E+04 3.70432976E-08 0.00000000E+00
1.4443E+04 3.70348275E-08 0.00000000E+00
1.4467E+04 3.70305103E-08 0.00000000E+00
1.4491E+04 3.70259116E-08 0.00000000E+00
1.4514E+04 3.70171484E-08 0.00000000E+00
1.4538E+04 3.70084524E-08 0.00000000E+00
1.4561E+04 3.70039237E-08 0.00000000E+00
1.4585E+04 3.69995440E-08 0.00000000E+00
1.4608E+04 3.69910069E-08 0.00000000E+00
1.4632E+04 3.69821083E-08 0.00000000E+00
1.4656E+04 3.69773474E-08 0.00000000E+00
1.4679E+04 3.69731636E-08 0.00000000E+00
1.4703E+04 3.69648741E-08 0.00000000E+00
1.4726E+04 3.69557986E-08 0.00000000E+00
1.4750E+04 3.69507871E-08 0.00000000E+00
1.4773E+04 3.69467745E-08 0.00000000E+00
1.4797E+04 3.69387513E-08 0.00000000E+00
1.4820E+04 3.69295264E-08 0.00000000E+00
1.4844E+04 3.69242488E-08 0.00000000E+00
1.4868E+04 3.69203805E-08 0.00000000E+00
1.4891E+04 3.69126395E-08 0.00000000E+00
1.4915E+04 3.69032940E-08 0.00000000E+00
1.4938E+04 3.68977377E-08 0.00000000E+00
1.4962E+04 3.68939851E-08 0.00000000E+00
1.4985E+04 3.68865388E-08 0.00000000E+00
1.5009E+04 3.68771031E-08 0.00000000E+00
1.5033E+04 3.68712581E-08 0.00000000E+00
1.5056E+04 3.68675913E-08 0.00000000E+00
1.5080E+04 3.68604489E-08 0.00000000E+00
1.5103E+04 3.68509539E-08 0.00000000E+00
1.5127E+04 3.68448134E-08 0.00000000E+00
1.5150E+04 3.68412013E-08 0.00000000E+00
1.5174E+04 3.68343688E-08 0.00000000E+00
1.5197E+04 3.68248461E-08 0.00000000E+00
1.5221E+04 3.68184059E-08 0.00000000E+00
1.5245E+04 3.68148170E-08 0.00000000E+00
1.5268E+04 3.68082969E-08 0.00000000E+00
1.5292E+04 3.67987781E-08 0.00000000E+00
1.5315E+04 3.67920372E-08 0.00000000E+00
1.5339E+04 3.67884395E-08 0.00000000E+00
1.5362E+04 3.67822311E-08 0.00000000E+00
1.5386E+04 3.67727477E-08 0.00000000E+00
1.5410E+04 3.67657083E-08 0.00000000E+00
1.5433E+04 3.67620703E-08 0.00000000E+00
1.5457E+04 3.67561692E-08 0.00000000E+00
1.5480E+04 3.67467523E-08 0.00000000E+00
1.5504E+04 3.67394195E-08 0.00000000E+00
1.5527E+04 3.67357101E-08 0.00000000E+00
1.5551E+04 3.67301089E-08 0.00000000E+00
1.5574E+04 3.67207887E-08 0.00000000E+00
1.5598E+04 3.67131710E-08 0.00000000E+00
1.5622E+04 3.67093601E-08 0.00000000E+00
1.5645E+04 3.67040482E-08 0.00000000E+00
1.5669E+04 3.66948538E-08 0.00000000E+00
1.5692E+04 3.66869628E-08 0.00000000E+00
1.5716E+04 3.66830215E-08 0.00000000E+00
1.5739E+04 3.66779851E-08 0.00000000E+00
1.5763E+04 3.66689446E-08 0.00000000E+00
1.5787E+04 3.66607950E-08 0.00000000E+00
1.5810E+04 3.66566958E-08 0.00000000E+00
1.5834E+04 3.66519183E-08 0.00000000E+00
1.5857E+04 3.66430578E-08 0.00000000E+00
1.5881E+04 3.66346673E-08 0.00000000E+00
1.5904E+04 3.66303847E-08 0.00000000E+00
1.5928E+04 3.66258467E-08 0.00000000E+00
1.5951E+04 3.66171909E-08 0.00000000E+00
1.5975E+04 3.66085798E-08 0.00000000E+00
1.5999E+04 3.66040901E-08 0.00000000E+00
1.6022E+04 3.65997699E-08 0.00000000E+00
1.6046E+04 3.65913412E-08 0.00000000E+00
1.6069E+04 3.65825324E-08 0.00000000E+00
1.6093E+04 3.65778140E-08 0.00000000E+00
1.6116E+04 3.65736879E-08 0.00000000E+00
1.6140E+04 3.65655065E-08 0.00000000E+00
1.6163E+04 3.65565247E-08 0.00000000E+00
1.6187E+04 3.65515589E-08 0.00000000E+00
1.6211E+04 3.65476009E-08 0.00000000E+00
1.6234E+04 3.65396844E-08 0.00000000E+00
1.6258E+04 3.65305567E-08 0.00000000E+00
1.6281E+04 3.65253270E-08 0.00000000E+00
1.6305E+04 3.65215099E-08 0.00000000E+00
1.6328E+04 3.65138731E-08 0.00000000E+00
1.6352E+04 3.65046276E-08 0.00000000E+00
1.6376E+04 3.64991207E-08 0.00000000E+00
1.6399E+04 3.64954160E-08 0.00000000E+00
1.6423E+04 3.64880707E-08 0.00000000E+00
1.6446E+04 3.64787369E-08 0.00000000E+00
1.6470E+04 3.64729425E-08 0.00000000E+00
1.6493E+04 3.64693203E-08 0.00000000E+00
1.6517E+04 3.64622753E-08 0.00000000E+00
1.6540E+04 3.64528835E-08 0.00000000E+00
1.6564E+04 3.64467947E-08 0.00000000E+00
1.6588E+04 3.64432245E-08 0.00000000E+00
1.6611E+04 3.64364853E-08 0.00000000E+00
1.6635E+04 3.64270665E-08 0.00000000E+00
1.6658E+04 3.64206794E-08 0.00000000E+00
1.6682E+04 3.64171302E-08 0.00000000E+00
1.6705E+04 3.64106989E-08 0.00000000E+00
1.6729E+04 3.64012844E-08 0.00000000E+00
1.6753E+04 3.63945985E-08 0.00000000E+00
1.6776E+04 3.63910391E-08 0.00000000E+00
1.6800E+04 3.63849147E-08 0.00000000E+00
1.6823E+04 3.63755356E-08 0.00000000E+00
1.6847E+04 3.63685538E-08 0.00000000E+00
1.6870E+04 3.63649529E-08 0.00000000E+00
1.6894E+04 3.63591312E-08 0.00000000E+00
1.6917E+04 3.63498185E-08 0.00000000E+00
1.6941E+04 3.63425467E-08 0.00000000E+00
1.6965E+04 3.63388736E-08 0.00000000E+00
1.6988E+04 3.63333471E-08 0.00000000E+00
1.7012E+04 3.63241310E-08 0.00000000E+00
1.7035E+04 3.63165783E-08 0.00000000E+00
1.7059E+04 3.63128032E-08 0.00000000E+00
1.7082E+04 3.63075613E-08 0.00000000E+00
1.7106E+04 3.62984711E-08 0.00000000E+00
1.7130E+04 3.62906495E-08 0.00000000E+00
1.7153E+04 3.62867436E-08 0.00000000E+00
1.7177E+04 3.62817730E-08 0.00000000E+00
1.7200E+04 3.62728365E-08 0.00000000E+00
1.7224E+04 3.62647610E-08 0.00000000E+00
1.7247E+04 3.62606969E-08 0.00000000E+00
1.7271E+04 3.62559815E-08 0.00000000E+00
1.7294E+04 3.62472250E-08 0.00000000E+00
1.7318E+04 3.62389130E-08 0.00000000E+00
1.7342E+04 3.62346655E-08 0.00000000E+00
1.7365E+04 3.62301864E-08 0.00000000E+00
1.7389E+04 3.62216342E-08 0.00000000E+00
1.7412E+04 3.62131057E-08 0.00000000E+00
1.7436E+04 3.62086514E-08 0.00000000E+00
1.7459E+04 3.62043874E-08 0.00000000E+00
1.7483E+04 3.61960616E-08 0.00000000E+00
1.7507E+04 3.61873389E-08 0.00000000E+00
1.7530E+04 3.61826571E-08 0.00000000E+00
1.7554E+04 3.61785846E-08 0.00000000E+00
1.7577E+04 3.61705049E-08 0.00000000E+00
1.7601E+04 3.61616125E-08 0.00000000E+00
1.7624E+04 3.61566848E-08 0.00000000E+00
1.7648E+04 3.61527782E-08 0.00000000E+00
1.7671E+04 3.61449616E-08 0.00000000E+00
1.7695E+04 3.61359259E-08 0.00000000E+00
1.7719E+04 3.61307367E-08 0.00000000E+00
1.7742E+04 3.61269687E-08 0.00000000E+00
1.7766E+04 3.61194296E-08 0.00000000E+00
1.7789E+04 3.61102784E-08 0.00000000E+00
1.7813E+04 3.61048151E-08 0.00000000E+00
1.7836E+04 3.61011569E-08 0.00000000E+00
1.7860E+04 3.60939066E-08 0.00000000E+00
1.7884E+04 3.60846692E-08 0.00000000E+00
1.7907E+04 3.60789219E-08 0.00000000E+00
1.7931E+04 3.60753437E-08 0.00000000E+00
1.7954E+04 3.60683905E-08 0.00000000E+00
1.7978E+04 3.60590973E-08 0.00000000E+00
1.8001E+04 3.60530592E-08 0.00000000E+00
1.8025E+04 3.60495303E-08 0.00000000E+00
1.8048E+04 3.60428796E-08 0.00000000E+00
1.8072E+04 3.60335613E-08 0.00000000E+00
1.8096E+04 3.60272286E-08 0.00000000E+00
1.8119E+04 3.60237182E-08 0.00000000E+00
1.8143E+04 3.60173721E-08 0.00000000E+00
1.8166E+04 3.60080598E-08 0.00000000E+00
1.8190E+04 3.60014319E-08 0.00000000E+00
1.8213E+04 3.59979089E-08 0.00000000E+00
1.8237E+04 3.59918664E-08 0.00000000E+00
1.8261E+04 3.59825911E-08 0.00000000E+00
1.8284E+04 3.59756706E-08 0.00000000E+00
1.8308E+04 3.59721043E-08 0.00000000E+00
1.8331E+04 3.59663611E-08 0.00000000E+00
1.8355E+04 3.59571534E-08 0.00000000E+00
1.8378E+04 3.59499459E-08 0.00000000E+00
1.8402E+04 3.59463063E-08 0.00000000E+00
1.8425E+04 3.59408550E-08 0.00000000E+00
1.8449E+04 3.59317445E-08 0.00000000E+00
1.8473E+04 3.59242591E-08 0.00000000E+00
1.8496E+04 3.59205170E-08 0.00000000E+00
1.8520E+04 3.59153470E-08 0.00000000E+00
1.8543E+04 3.59063625E-08 0.00000000E+00
1.8567E+04 3.58986111E-08 0.00000000E+00
1.8590E+04 3.58947384E-08 0.00000000E+00
1.8614E+04 3.58898362E-08 0.00000000E+00
1.8637E+04 3.58810051E-08 0.00000000E+00
1.8661E+04 3.58730026E-08 0.00000000E+00
1.8685E+04 3.58689729E-08 0.00000000E+00
1.8708E+04 3.58643220E-08 0.00000000E+00
1.8732E+04 3.58556700E-08 0.00000000E+00
1.8755E+04 3.58474343E-08 0.00000000E+00
1.8779E+04 3.58432225E-08 0.00000000E+00
1.8802E+04 3.58388041E-08 0.00000000E+00
1.8826E+04 3.58303551E-08 0.00000000E+00
1.8850E+04 3.58219063E-08 0.00000000E+00
1.8873E+04 3.58174895E-08 0.00000000E+00
1.8897E+04 3.58132821E-08 0.00000000E+00
1.8920E+04 3.58050581E-08 0.00000000E+00
1.8944E+04 3.57964186E-08 0.00000000E+00
1.8967E+04 3.57917762E-08 0.00000000E+00
1.8991E+04 3.57877563E-08 0.00000000E+00
1.9014E+04 3.57797766E-08 0.00000000E+00
1.9038E+04 3.57709711E-08 0.00000000E+00
1.9062E+04 3.57660846E-08 0.00000000E+00
1.9085E+04 3.57622270E-08 0.00000000E+00
1.9109E+04 3.57545085E-08 0.00000000E+00
1.9132E+04 3.57455632E-08 0.00000000E+00
1.9156E+04 3.57404170E-08 0.00000000E+00
1.9179E+04 3.57366947E-08 0.00000000E+00
1.9203E+04 3.57292516E-08 0.00000000E+00
1.9227E+04 3.57201941E-08 0.00000000E+00
1.9250E+04 3.57147755E-08 0.00000000E+00
1.9274E+04 3.57111604E-08 0.00000000E+00
1.9297E+04 3.57040038E-08 0.00000000E+00
1.9321E+04 3.56948629E-08 0.00000000E+00
1.9344E+04 3.56891622E-08 0.00000000E+00
1.9368E+04 3.56856249E-08 0.00000000E+00
1.9391E+04 3.56787629E-08 0.00000000E+00
1.9415E+04 3.56695685E-08 0.00000000E+00
1.9439E+04 3.56635790E-08 0.00000000E+00
1.9462E+04 3.56600896E-08 0.00000000E+00
1.9486E+04 3.56535271E-08 0.00000000E+00
1.9509E+04 3.56443094E-08 0.00000000E+00
1.9533E+04 3.56380280E-08 0.00000000E+00
1.9556E+04 3.56345558E-08 0.00000000E+00
1.9580E+04 3.56282946E-08 0.00000000E+00
1.9604E+04 3.56190842E-08 0.00000000E+00
1.9627E+04 3.56125106E-08 0.00000000E+00
1.9651E+04 3.56090250E-08 0.00000000E+00
1.9674E+04 3.56030637E-08 0.00000000E+00
1.9698E+04 3.55938911E-08 0.00000000E+00
1.9721E+04 3.55870285E-08 0.00000000E+00
1.9745E+04 3.55834989E-08 0.00000000E+00
1.9768E+04 3.55778331E-08 0.00000000E+00
1.9792E+04 3.55687285E-08 0.00000000E+00
1.9816E+04 3.55615830E-08 0.00000000E+00
1.9839E+04 3.55579794E-08 0.00000000E+00
1.9863E+04 3.55526014E-08 0.00000000E+00
1.9886E+04 3.55435945E-08 0.00000000E+00
1.9910E+04 3.55361752E-08 0.00000000E+00
1.9933E+04 3.55324684E-08 0.00000000E+00
1.9957E+04 3.55273678E-08 0.00000000E+00
1.9981E+04 3.55184869E-08 0.00000000E+00
2.0004E+04 3.55108059E-08 0.00000000E+00
2.0028E+04 3.55069680E-08 0.00000000E+00
2.0051E+04 3.55021313E-08 0.00000000E+00
2.0075E+04 3.54934037E-08 0.00000000E+00
2.0098E+04 3.54854756E-08 0.00000000E+00
2.0122E+04 3.54814803E-08 0.00000000E+00
2.0145E+04 3.54768915E-08 0.00000000E+00
2.0169E+04 3.54683427E-08 0.00000000E+00
2.0193E+04 3.54601850E-08 0.00000000E+00
2.0216E+04 3.54560076E-08 0.00000000E+00
2.0240E+04 3.54516480E-08 0.00000000E+00
2.0263E+04 3.54433015E-08 0.00000000E+00
2.0287E+04 3.54349341E-08 0.00000000E+00
2.0310E+04 3.54305522E-08 0.00000000E+00
2.0334E+04 3.54264007E-08 0.00000000E+00
2.0358E+04 3.54182779E-08 0.00000000E+00
2.0381E+04 3.54097228E-08 0.00000000E+00
2.0405E+04 3.54051164E-08 0.00000000E+00
2.0428E+04 3.54011497E-08 0.00000000E+00
2.0452E+04 3.53932695E-08 0.00000000E+00
2.0475E+04 3.53845510E-08 0.00000000E+00
2.0499E+04 3.53797025E-08 0.00000000E+00
2.0522E+04 3.53758952E-08 0.00000000E+00
2.0546E+04 3.53682742E-08 0.00000000E+00
2.0570E+04 3.53594183E-08 0.00000000E+00
2.0593E+04 3.53543125E-08 0.00000000E+00
2.0617E+04 3.53506379E-08 0.00000000E+00
2.0640E+04 3.53432897E-08 0.00000000E+00
2.0664E+04 3.53343240E-08 0.00000000E+00
2.0687E+04 3.53289488E-08 0.00000000E+00
2.0711E+04 3.53253785E-08 0.00000000E+00
2.0735E+04 3.53183139E-08 0.00000000E+00
2.0758E+04 3.53092671E-08 0.00000000E+00
2.0782E+04 3.53036131E-08 0.00000000E+00
2.0805E+04 3.53001179E-08 0.00000000E+00
2.0829E+04 3.52933449E-08 0.00000000E+00
2.0852E+04 3.52842467E-08 0.00000000E+00
2.0876E+04 3.52783074E-08 0.00000000E+00
2.0899E+04 3.52748573E-08 0.00000000E+00
2.0923E+04 3.52683808E-08 0.00000000E+00
2.0947E+04 3.52592614E-08 0.00000000E+00
2.0970E+04 3.52530335E-08 0.00000000E+00
2.0994E+04 3.52495982E-08 0.00000000E+00
2.1017E+04 3.52434199E-08 0.00000000E+00
2.1041E+04 3.52343096E-08 0.00000000E+00
2.1064E+04 3.52277928E-08 0.00000000E+00
2.1088E+04 3.52243421E-08 0.00000000E+00
2.1112E+04 3.52184607E-08 0.00000000E+00
2.1135E+04 3.52093897E-08 0.00000000E+00
2.1159E+04 3.52025870E-08 0.00000000E+00
2.1182E+04 3.51990909E-08 0.00000000E+00
2.1206E+04 3.51935017E-08 0.00000000E+00
2.1229E+04 3.51844999E-08 0.00000000E+00
2.1253E+04 3.51774171E-08 0.00000000E+00
2.1276E+04 3.51738463E-08 0.00000000E+00
2.1300E+04 3.51685417E-08 0.00000000E+00
2.1324E+04 3.51596381E-08 0.00000000E+00
2.1347E+04 3.51522845E-08 0.00000000E+00
2.1371E+04 3.51486105E-08 0.00000000E+00
2.1394E+04 3.51435798E-08 0.00000000E+00
2.1418E+04 3.51348023E-08 0.00000000E+00
2.1441E+04 3.51271899E-08 0.00000000E+00
2.1465E+04 3.51233853E-08 0.00000000E+00
2.1488E+04 3.51186150E-08 0.00000000E+00
2.1512E+04 3.51099904E-08 0.00000000E+00
2.1536E+04 3.51021341E-08 0.00000000E+00
2.1559E+04 3.50981731E-08 0.00000000E+00
2.1583E+04 3.50936468E-08 0.00000000E+00
2.1606E+04 3.50852001E-08 0.00000000E+00
2.1630E+04 3.50771176E-08 0.00000000E+00
2.1653E+04 3.50729758E-08 0.00000000E+00
2.1677E+04 3.50686748E-08 0.00000000E+00
2.1701E+04 3.50604292E-08 0.00000000E+00
2.1724E+04 3.50521405E-08 0.00000000E+00
2.1748E+04 3.50477958E-08 0.00000000E+00
2.1771E+04 3.50436990E-08 0.00000000E+00
2.1795E+04 3.50356757E-08 0.00000000E+00
2.1818E+04 3.50272029E-08 0.00000000E+00
2.1842E+04 3.50226351E-08 0.00000000E+00
2.1865E+04 3.50187194E-08 0.00000000E+00
2.1889E+04 3.50109371E-08 0.00000000E+00
2.1913E+04 3.50023045E-08 0.00000000E+00
2.1936E+04 3.49974960E-08 0.00000000E+00
2.1960E+04 3.49937364E-08 0.00000000E+00
2.1983E+04 3.49862114E-08 0.00000000E+00
2.2007E+04 3.49774447E-08 0.00000000E+00
2.2030E+04 3.49723806E-08 0.00000000E+00
2.2054E+04 3.49687507E-08 0.00000000E+00
2.2078E+04 3.49614964E-08 0.00000000E+00
2.2101E+04 3.49526228E-08 0.00000000E+00
2.2125E+04 3.49472910E-08 0.00000000E+00
2.2148E+04 3.49437630E-08 0.00000000E+00
2.2172E+04 3.49367900E-08 0.00000000E+00
2.2195E+04 3.49278379E-08 0.00000000E+00
2.2219E+04 3.49222293E-08 0.00000000E+00
2.2242E+04 3.49187744E-08 0.00000000E+00
2.2266E+04 3.49120903E-08 0.00000000E+00
2.2290E+04 3.49030887E-08 0.00000000E+00
2.2313E+04 3.48971973E-08 0.00000000E+00
2.2337E+04 3.48937860E-08 0.00000000E+00
2.2360E+04 3.48873953E-08 0.00000000E+00
2.2384E+04 3.48783741E-08 0.00000000E+00
2.2407E+04 3.48721969E-08 0.00000000E+00
2.2431E+04 3.48687992E-08 0.00000000E+00
2.2455E+04 3.48627033E-08 0.00000000E+00
2.2478E+04 3.48536925E-08 0.00000000E+00
2.2502E+04 3.48472297E-08 0.00000000E+00
2.2525E+04 3.48438155E-08 0.00000000E+00
2.2549E+04 3.48380128E-08 0.00000000E+00
2.2572E+04 3.48290422E-08 0.00000000E+00
2.2596E+04 3.48222971E-08 0.00000000E+00
2.2619E+04 3.48188366E-08 0.00000000E+00
2.2643E+04 3.48133224E-08 0.00000000E+00
2.2667E+04 3.48044216E-08 0.00000000E+00
2.2690E+04 3.47974004E-08 0.00000000E+00
2.2714E+04 3.47938643E-08 0.00000000E+00
2.2737E+04 3.47886309E-08 0.00000000E+00
2.2761E+04 3.47798287E-08 0.00000000E+00
2.2784E+04 3.47725406E-08 0.00000000E+00
2.2808E+04 3.47689005E-08 0.00000000E+00
2.2832E+04 3.47639374E-08 0.00000000E+00
2.2855E+04 3.47552615E-08 0.00000000E+00
2.2879E+04 3.47477185E-08 0.00000000E+00
2.2902E+04 3.47439474E-08 0.00000000E+00
2.2926E+04 3.47392411E-08 0.00000000E+00
2.2949E+04 3.47307179E-08 0.00000000E+00
2.2973E+04 3.47229348E-08 0.00000000E+00
2.2996E+04 3.47190070E-08 0.00000000E+00
2.3020E+04 3.47145414E-08 0.00000000E+00
2.3044E+04 3.47061957E-08 0.00000000E+00
2.3067E+04 3.46981898E-08 0.00000000E+00
2.3091E+04 3.46940815E-08 0.00000000E+00
2.3114E+04 3.46898381E-08 0.00000000E+00
2.3138E+04 3.46816927E-08 0.00000000E+00
2.3161E+04 3.46734836E-08 0.00000000E+00
2.3185E+04 3.46691733E-08 0.00000000E+00
2.3209E+04 3.46651311E-08 0.00000000E+00
2.3232E+04 3.46572066E-08 0.00000000E+00
2.3256E+04 3.46488164E-08 0.00000000E+00
2.3279E+04 3.46442844E-08 0.00000000E+00
2.3303E+04 3.46404204E-08 0.00000000E+00
2.3326E+04 3.46327353E-08 0.00000000E+00
2.3350E+04 3.46241878E-08 0.00000000E+00
2.3373E+04 3.46194172E-08 0.00000000E+00
2.3397E+04 3.46157064E-08 0.00000000E+00
2.3421E+04 3.46082764E-08 0.00000000E+00
2.3444E+04 3.45995973E-08 0.00000000E+00
2.3468E+04 3.45945736E-08 0.00000000E+00
2.3491E+04 3.45909897E-08 0.00000000E+00
2.3515E+04 3.45838279E-08 0.00000000E+00
2.3538E+04 3.45750444E-08 0.00000000E+00
2.3562E+04 3.45697558E-08 0.00000000E+00
2.3586E+04 3.45662709E-08 0.00000000E+00
2.3609E+04 3.45593877E-08 0.00000000E+00
2.3633E+04 3.45505281E-08 0.00000000E+00
2.3656E+04 3.45449657E-08 0.00000000E+00
2.3680E+04 3.45415512E-08 0.00000000E+00
2.3703E+04 3.45349540E-08 0.00000000E+00
2.3727E+04 3.45260472E-08 0.00000000E+00
2.3750E+04 3.45202051E-08 0.00000000E+00
2.3774E+04 3.45168316E-08 0.00000000E+00
2.3798E+04 3.45105250E-08 0.00000000E+00
2.3821E+04 3.45016005E-08 0.00000000E+00
2.3845E+04 3.44954756E-08 0.00000000E+00
2.3868E+04 3.44921137E-08 0.00000000E+00
2.3892E+04 3.44860989E-08 0.00000000E+00
2.3915E+04 3.44771865E-08 0.00000000E+00
2.3939E+04 3.44707790E-08 0.00000000E+00
2.3962E+04 3.44673989E-08 0.00000000E+00
2.3986E+04 3.44616742E-08 0.00000000E+00
2.4010E+04 3.44528034E-08 0.00000000E+00
2.4033E+04 3.44461166E-08 0.00000000E+00
2.4057E+04 3.44426891E-08 0.00000000E+00
2.4080E+04 3.44372497E-08 0.00000000E+00
2.4104E+04 3.44284495E-08 0.00000000E+00
2.4127E+04 3.44214896E-08 0.00000000E+00
2.4151E+04 3.44179860E-08 0.00000000E+00
2.4175E+04 3.44128240E-08 0.00000000E+00
2.4198E+04 3.44041229E-08 0.00000000E+00
2.4222E+04 3.43968991E-08 0.00000000E+00
2.4245E+04 3.43932916E-08 0.00000000E+00
2.4269E+04 3.43883963E-08 0.00000000E+00
2.4292E+04 3.43798215E-08 0.00000000E+00
2.4316E+04 3.43723460E-08 0.00000000E+00
2.4339E+04 3.43686079E-08 0.00000000E+00
2.4363E+04 3.43639658E-08 0.00000000E+00
2.4387E+04 3.43555432E-08 0.00000000E+00
2.4410E+04 3.43478309E-08 0.00000000E+00
2.4434E+04 3.43439370E-08 0.00000000E+00
2.4457E+04 3.43395319E-08 0.00000000E+00
2.4481E+04 3.43312859E-08 0.00000000E+00
2.4504E+04 3.43233543E-08 0.00000000E+00
2.4528E+04 3.43192810E-08 0.00000000E+00
2.4552E+04 3.43150943E-08 0.00000000E+00
2.4575E+04 3.43070475E-08 0.00000000E+00
2.4599E+04 3.42989162E-08 0.00000000E+00
2.4622E+04 3.42946420E-08 0.00000000E+00
2.4646E+04 3.42906529E-08 0.00000000E+00
2.4669E+04 3.42828257E-08 0.00000000E+00
2.4693E+04 3.42745168E-08 0.00000000E+00
2.4716E+04 3.42700222E-08 0.00000000E+00
2.4740E+04 3.42662078E-08 0.00000000E+00
2.4764E+04 3.42586184E-08 0.00000000E+00
2.4787E+04 3.42501556E-08 0.00000000E+00
2.4811E+04 3.42454238E-08 0.00000000E+00
2.4834E+04 3.42417596E-08 0.00000000E+00
2.4858E+04 3.42344234E-08 0.00000000E+00
2.4881E+04 3.42258321E-08 0.00000000E+00
2.4905E+04 3.42208488E-08 0.00000000E+00
2.4929E+04 3.42173088E-08 0.00000000E+00
2.4952E+04 3.42102387E-08 0.00000000E+00
2.4976E+04 3.42015455E-08 0.00000000E+00
2.4999E+04 3.41962993E-08 0.00000000E+00
2.5023E+04 3.41928561E-08 0.00000000E+00
2.5046E+04 3.41860622E-08 0.00000000E+00
2.5070E+04 3.41772951E-08 0.00000000E+00
2.5093E+04 3.41717773E-08 0.00000000E+00
2.5117E+04 3.41684025E-08 0.00000000E+00
2.5141E+04 3.41618919E-08 0.00000000E+00
2.5164E+04 3.41530796E-08 0.00000000E+00
2.5188E+04 3.41472846E-08 0.00000000E+00
2.5211E+04 3.41439493E-08 0.00000000E+00
2.5235E+04 3.41377261E-08 0.00000000E+00
2.5258E+04 3.41288976E-08 0.00000000E+00
2.5282E+04 3.41228231E-08 0.00000000E+00
2.5306E+04 3.41194978E-08 0.00000000E+00
2.5329E+04 3.41135631E-08 0.00000000E+00
2.5353E+04 3.41047479E-08 0.00000000E+00
2.5376E+04 3.40983941E-08 0.00000000E+00
2.5400E+04 3.40950495E-08 0.00000000E+00
2.5423E+04 3.40894013E-08 0.00000000E+00
2.5447E+04 3.40806287E-08 0.00000000E+00
2.5470E+04 3.40739992E-08 0.00000000E+00
2.5494E+04 3.40706060E-08 0.00000000E+00
2.5518E+04 3.40652396E-08 0.00000000E+00
2.5541E+04 3.40565384E-08 0.00000000E+00
2.5565E+04 3.40496394E-08 0.00000000E+00
2.5588E+04 3.40461693E-08 0.00000000E+00
2.5612E+04 3.40410767E-08 0.00000000E+00
2.5635E+04 3.40324750E-08 0.00000000E+00
2.5659E+04 3.40253159E-08 0.00000000E+00
2.5683E+04 3.40217411E-08 0.00000000E+00
2.5706E+04 3.40169118E-08 0.00000000E+00
2.5730E+04 3.40084365E-08 0.00000000E+00
2.5753E+04 3.40010292E-08 0.00000000E+00
2.5777E+04 3.39973235E-08 0.00000000E+00
2.5800E+04 3.39927440E-08 0.00000000E+00
2.5824E+04 3.39844208E-08 0.00000000E+00
2.5847E+04 3.39767802E-08 0.00000000E+00
2.5871E+04 3.39729187E-08 0.00000000E+00
2.5895E+04 3.39685730E-08 0.00000000E+00
2.5918E+04 3.39604259E-08 0.00000000E+00
2.5942E+04 3.39525691E-08 0.00000000E+00
2.5965E+04 3.39485288E-08 0.00000000E+00
2.5989E+04 3.39443983E-08 0.00000000E+00
2.6012E+04 3.39364494E-08 0.00000000E+00
2.6036E+04 3.39283960E-08 0.00000000E+00
2.6060E+04 3.39241559E-08 0.00000000E+00
2.6083E+04 3.39202200E-08 0.00000000E+00
2.6107E+04 3.39124893E-08 0.00000000E+00
2.6130E+04 3.39042610E-08 0.00000000E+00
2.6154E+04 3.38998023E-08 0.00000000E+00
2.6177E+04 3.38960381E-08 0.00000000E+00
2.6201E+04 3.38885433E-08 0.00000000E+00
2.6224E+04 3.38801638E-08 0.00000000E+00
2.6248E+04 3.38754699E-08 0.00000000E+00
2.6272E+04 3.38718530E-08 0.00000000E+00
2.6295E+04 3.38646094E-08 0.00000000E+00
2.6319E+04 3.38561040E-08 0.00000000E+00
2.6342E+04 3.38511610E-08 0.00000000E+00
2.6366E+04 3.38476652E-08 0.00000000E+00
2.6389E+04 3.38406854E-08 0.00000000E+00
2.6413E+04 3.38320808E-08 0.00000000E+00
2.6437E+04 3.38268774E-08 0.00000000E+00
2.6460E+04 3.38234756E-08 0.00000000E+00
2.6484E+04 3.38167694E-08 0.00000000E+00
2.6507E+04 3.38080932E-08 0.00000000E+00
2.6531E+04 3.38026211E-08 0.00000000E+00
2.6554E+04 3.37992852E-08 0.00000000E+00
2.6578E+04 3.37928595E-08 0.00000000E+00
2.6601E+04 3.37841403E-08 0.00000000E+00
2.6625E+04 3.37783938E-08 0.00000000E+00
2.6649E+04 3.37750951E-08 0.00000000E+00
2.6672E+04 3.37689540E-08 0.00000000E+00
2.6696E+04 3.37602206E-08 0.00000000E+00
2.6719E+04 3.37541973E-08 0.00000000E+00
2.6743E+04 3.37509068E-08 0.00000000E+00
2.6766E+04 3.37450512E-08 0.00000000E+00
2.6790E+04 3.37363327E-08 0.00000000E+00
2.6813E+04 3.37300329E-08 0.00000000E+00
2.6837E+04 3.37267218E-08 0.00000000E+00
2.6861E+04 3.37211497E-08 0.00000000E+00
2.6884E+04 3.37124749E-08 0.00000000E+00
2.6908E+04 3.37059022E-08 0.00000000E+00
2.6931E+04 3.37025418E-08 0.00000000E+00
2.6955E+04 3.36972481E-08 0.00000000E+00
2.6978E+04 3.36886454E-08 0.00000000E+00
2.7002E+04 3.36818064E-08 0.00000000E+00
2.7026E+04 3.36783686E-08 0.00000000E+00
2.7049E+04 3.36733454E-08 0.00000000E+00
2.7073E+04 3.36648424E-08 0.00000000E+00
2.7096E+04 3.36577464E-08 0.00000000E+00
2.7120E+04 3.36542040E-08 0.00000000E+00
2.7143E+04 3.36494405E-08 0.00000000E+00
2.7167E+04 3.36410638E-08 0.00000000E+00
2.7190E+04 3.36337231E-08 0.00000000E+00
2.7214E+04 3.36300501E-08 0.00000000E+00
2.7238E+04 3.36255327E-08 0.00000000E+00
2.7261E+04 3.36173077E-08 0.00000000E+00
2.7285E+04 3.36097370E-08 0.00000000E+00
2.7308E+04 3.36059090E-08 0.00000000E+00
2.7332E+04 3.36016216E-08 0.00000000E+00
2.7355E+04 3.35935720E-08 0.00000000E+00
2.7379E+04 3.35857886E-08 0.00000000E+00
2.7403E+04 3.35817826E-08 0.00000000E+00
2.7426E+04 3.35777069E-08 0.00000000E+00
2.7450E+04 3.35698545E-08 0.00000000E+00
2.7473E+04 3.35618780E-08 0.00000000E+00
2.7497E+04 3.35576730E-08 0.00000000E+00
2.7520E+04 3.35537886E-08 0.00000000E+00
2.7544E+04 3.35461530E-08 0.00000000E+00
2.7567E+04 3.35380050E-08 0.00000000E+00
2.7591E+04 3.35335825E-08 0.00000000E+00
2.7615E+04 3.35298667E-08 0.00000000E+00
2.7638E+04 3.35224655E-08 0.00000000E+00
2.7662E+04 3.35141694E-08 0.00000000E+00
2.7685E+04 3.35095132E-08 0.00000000E+00
2.7709E+04 3.35059418E-08 0.00000000E+00
2.7732E+04 3.34987899E-08 0.00000000E+00
2.7756E+04 3.34903706E-08 0.00000000E+00
2.7780E+04 3.34854670E-08 0.00000000E+00
2.7803E+04 3.34820143E-08 0.00000000E+00
2.7827E+04 3.34751240E-08 0.00000000E+00
2.7850E+04 3.34666079E-08 0.00000000E+00
2.7874E+04 3.34614460E-08 0.00000000E+00
2.7897E+04 3.34580851E-08 0.00000000E+00
2.7921E+04 3.34514659E-08 0.00000000E+00
2.7944E+04 3.34428804E-08 0.00000000E+00
2.7968E+04 3.34374522E-08 0.00000000E+00
2.7992E+04 3.34341553E-08 0.00000000E+00
2.8015E+04 3.34278138E-08 0.00000000E+00
2.8039E+04 3.34191870E-08 0.00000000E+00
2.8062E+04 3.34134872E-08 0.00000000E+00
2.8086E+04 3.34102258E-08 0.00000000E+00
2.8109E+04 3.34041658E-08 0.00000000E+00
2.8133E+04 3.33955264E-08 0.00000000E+00
2.8157E+04 3.33895529E-08 0.00000000E+00
2.8180E+04 3.33862981E-08 0.00000000E+00
2.8204E+04 3.33805204E-08 0.00000000E+00
2.8227E+04 3.33718971E-08 0.00000000E+00
2.8251E+04 3.33656506E-08 0.00000000E+00
2.8274E+04 3.33623737E-08 0.00000000E+00
2.8298E+04 3.33568761E-08 0.00000000E+00
2.8321E+04 3.33482975E-08 0.00000000E+00
2.8345E+04 3.33417817E-08 0.00000000E+00
2.8369E+04 3.33384543E-08 0.00000000E+00
2.8392E+04 3.33332317E-08 0.00000000E+00
2.8416E+04 3.33247260E-08 0.00000000E+00
2.8439E+04 3.33179473E-08 0.00000000E+00
2.8463E+04 3.33145416E-08 0.00000000E+00
2.8486E+04 3.33095861E-08 0.00000000E+00
2.8510E+04 3.33011806E-08 0.00000000E+00
2.8534E+04 3.32941484E-08 0.00000000E+00
2.8557E+04 3.32906375E-08 0.00000000E+00
2.8581E+04 3.32859384E-08 0.00000000E+00
2.8604E+04 3.32776594E-08 0.00000000E+00
2.8628E+04 3.32703857E-08 0.00000000E+00
2.8651E+04 3.32667441E-08 0.00000000E+00
2.8675E+04 3.32622879E-08 0.00000000E+00
2.8698E+04 3.32541603E-08 0.00000000E+00
2.8722E+04 3.32466598E-08 0.00000000E+00
2.8746E+04 3.32428634E-08 0.00000000E+00
2.8769E+04 3.32386342E-08 0.00000000E+00
2.8793E+04 3.32306812E-08 0.00000000E+00
2.8816E+04 3.32229710E-08 0.00000000E+00
2.8840E+04 3.32189975E-08 0.00000000E+00
2.8863E+04 3.32149768E-08 0.00000000E+00
2.8887E+04 3.32072199E-08 0.00000000E+00
2.8911E+04 3.31993196E-08 0.00000000E+00
2.8934E+04 3.31951485E-08 0.00000000E+00
2.8958E+04 3.31913158E-08 0.00000000E+00
2.8981E+04 3.31837744E-08 0.00000000E+00
2.9005E+04 3.31757054E-08 0.00000000E+00
2.9028E+04 3.31713185E-08 0.00000000E+00
2.9052E+04 3.31676514E-08 0.00000000E+00
2.9075E+04 3.31603426E-08 0.00000000E+00
2.9099E+04 3.31521282E-08 0.00000000E+00
2.9123E+04 3.31475096E-08 0.00000000E+00
2.9146E+04 3.31439839E-08 0.00000000E+00
2.9170E+04 3.31369223E-08 0.00000000E+00
2.9193E+04 3.31285875E-08 0.00000000E+00
2.9217E+04 3.31237238E-08 0.00000000E+00
2.9240E+04 3.31203138E-08 0.00000000E+00
2.9264E+04 3.31135115E-08 0.00000000E+00
2.9287E+04 3.31050825E-08 0.00000000E+00
2.9311E+04 3.30999630E-08 0.00000000E+00
2.9335E+04 3.30966421E-08 0.00000000E+00
2.9358E+04 3.30901084E-08 0.00000000E+00
2.9382E+04 3.30816123E-08 0.00000000E+00
2.9405E+04 3.30762290E-08 0.00000000E+00
2.9429E+04 3.30729696E-08 0.00000000E+00
2.9452E+04 3.30667111E-08 0.00000000E+00
2.9476E+04 3.30581759E-08 0.00000000E+00
2.9500E+04 3.30525236E-08 0.00000000E+00
2.9523E+04 3.30492977E-08 0.00000000E+00
2.9547E+04 3.30433179E-08 0.00000000E+00
2.9570E+04 3.30347718E-08 0.00000000E+00
2.9594E+04 3.30288484E-08 0.00000000E+00
2.9617E+04 3.30256277E-08 0.00000000E+00
2.9641E+04 3.30199272E-08 0.00000000E+00
2.9664E+04 3.30113986E-08 0.00000000E+00
2.9688E+04 3.30052050E-08 0.00000000E+00
2.9712E+04 3.30019611E-08 0.00000000E+00
2.9735E+04 3.29965376E-08 0.00000000E+00
2.9759E+04 3.29880547E-08 0.00000000E+00
2.9782E+04 3.29815946E-08 0.00000000E+00
2.9806E+04 3.29782995E-08 0.00000000E+00
2.9829E+04 3.29731478E-08 0.00000000E+00
2.9853E+04 3.29647384E-08 0.00000000E+00
2.9877E+04 3.29580185E-08 0.00000000E+00
2.9900E+04 3.29546448E-08 0.00000000E+00
2.9924E+04 3.29497567E-08 0.00000000E+00
2.9947E+04 3.29414477E-08 0.00000000E+00
2.9971E+04 3.29344775E-08 0.00000000E+00
2.9994E+04 3.29309987E-08 0.00000000E+00
3.0018E+04 3.29263634E-08 0.00000000E+00
3.0041E+04 3.29181808E-08 0.00000000E+00
3.0065E+04 3.29109726E-08 0.00000000E+00
3.0089E+04 3.29073633E-08 0.00000000E+00
3.0112E+04 3.29029673E-08 0.00000000E+00
3.0136E+04 3.28949356E-08 0.00000000E+00
3.0159E+04 3.28875041E-08 0.00000000E+00
3.0183E+04 3.28837405E-08 0.00000000E+00
3.0206E+04 3.28795679E-08 0.00000000E+00
3.0230E+04 3.28717102E-08 0.00000000E+00
3.0254E+04 3.28640725E-08 0.00000000E+00
3.0277E+04 3.28601324E-08 0.00000000E+00
3.0301E+04 3.28561649E-08 0.00000000E+00
3.0324E+04 3.28485024E-08 0.00000000E+00
3.0348E+04 3.28406778E-08 0.00000000E+00
3.0371E+04 3.28365410E-08 0.00000000E+00
3.0395E+04 3.28327584E-08 0.00000000E+00
3.0418E+04 3.28253100E-08 0.00000000E+00
3.0442E+04 3.28173200E-08 0.00000000E+00
3.0466E+04 3.28129685E-08 0.00000000E+00
3.0489E+04 3.28093485E-08 0.00000000E+00
3.0513E+04 3.28021311E-08 0.00000000E+00
3.0536E+04 3.27939987E-08 0.00000000E+00
3.0560E+04 3.27894169E-08 0.00000000E+00
3.0583E+04 3.27859356E-08 0.00000000E+00
3.0607E+04 3.27789636E-08 0.00000000E+00
3.0631E+04 3.27707133E-08 0.00000000E+00
3.0654E+04 3.27658882E-08 0.00000000E+00
3.0678E+04 3.27625204E-08 0.00000000E+00
3.0701E+04 3.27558054E-08 0.00000000E+00
3.0725E+04 3.27474631E-08 0.00000000E+00
3.0748E+04 3.27423844E-08 0.00000000E+00
3.0772E+04 3.27391035E-08 0.00000000E+00
3.0795E+04 3.27326547E-08 0.00000000E+00
3.0819E+04 3.27242473E-08 0.00000000E+00
3.0843E+04 3.27189073E-08 0.00000000E+00
3.0866E+04 3.27156861E-08 0.00000000E+00
3.0890E+04 3.27095095E-08 0.00000000E+00
3.0913E+04 3.27010648E-08 0.00000000E+00
3.0937E+04 3.26954587E-08 0.00000000E+00
3.0960E+04 3.26922691E-08 0.00000000E+00
3.0984E+04 3.26863683E-08 0.00000000E+00
3.1008E+04 3.26779141E-08 0.00000000E+00
3.1031E+04 3.26720402E-08 0.00000000E+00
3.1055E+04 3.26688541E-08 0.00000000E+00
3.1078E+04 3.26632294E-08 0.00000000E+00
3.1102E+04 3.26547941E-08 0.00000000E+00
3.1125E+04 3.26486532E-08 0.00000000E+00
3.1149E+04 3.26454424E-08 0.00000000E+00
3.1172E+04 3.26400915E-08 0.00000000E+00
3.1196E+04 3.26317029E-08 0.00000000E+00
3.1220E+04 3.26252989E-08 0.00000000E+00
3.1243E+04 3.26220358E-08 0.00000000E+00
3.1267E+04 3.26169534E-08 0.00000000E+00
3.1290E+04 3.26086390E-08 0.00000000E+00
3.1314E+04 3.26019786E-08 0.00000000E+00
3.1337E+04 3.25986360E-08 0.00000000E+00
3.1361E+04 3.25938140E-08 0.00000000E+00
3.1385E+04 3.25856005E-08 0.00000000E+00
3.1408E+04 3.25786930E-08 0.00000000E+00
3.1432E+04 3.25752449E-08 0.00000000E+00
3.1455E+04 3.25706724E-08 0.00000000E+00
3.1479E+04 3.25625853E-08 0.00000000E+00
3.1502E+04 3.25554429E-08 0.00000000E+00
3.1526E+04 3.25518644E-08 0.00000000E+00
3.1549E+04 3.25475281E-08 0.00000000E+00
3.1573E+04 3.25395916E-08 0.00000000E+00
3.1597E+04 3.25322290E-08 0.00000000E+00
3.1620E+04 3.25284965E-08 0.00000000E+00
3.1644E+04 3.25243805E-08 0.00000000E+00
3.1667E+04 3.25166172E-08 0.00000000E+00
3.1691E+04 3.25090514E-08 0.00000000E+00
3.1714E+04 3.25051434E-08 0.00000000E+00
3.1738E+04 3.25012294E-08 0.00000000E+00
3.1762E+04 3.24936601E-08 0.00000000E+00
3.1785E+04 3.24859103E-08 0.00000000E+00
3.1809E+04 3.24818070E-08 0.00000000E+00
3.1832E+04 3.24780747E-08 0.00000000E+00
3.1856E+04 3.24707182E-08 0.00000000E+00
3.1879E+04 3.24628057E-08 0.00000000E+00
3.1903E+04 3.24584895E-08 0.00000000E+00
3.1926E+04 3.24549166E-08 0.00000000E+00
3.1950E+04 3.24477894E-08 0.00000000E+00
3.1974E+04 3.24397373E-08 0.00000000E+00
3.1997E+04 3.24351927E-08 0.00000000E+00
3.2021E+04 3.24317556E-08 0.00000000E+00
3.2044E+04 3.24248718E-08 0.00000000E+00
3.2068E+04 3.24167045E-08 0.00000000E+00
3.2091E+04 3.24119187E-08 0.00000000E+00
3.2115E+04 3.24085922E-08 0.00000000E+00
3.2138E+04 3.24019632E-08 0.00000000E+00
3.2162E+04 3.23937065E-08 0.00000000E+00
3.2186E+04 3.23886694E-08 0.00000000E+00
3.2209E+04 3.23854273E-08 0.00000000E+00
3.2233E+04 3.23790620E-08 0.00000000E+00
3.2256E+04 3.23707426E-08 0.00000000E+00
3.2280E+04 3.23654465E-08 0.00000000E+00
3.2303E+04 3.23622618E-08 0.00000000E+00
3.2327E+04 3.23561663E-08 0.00000000E+00
3.2351E+04 3.23478114E-08 0.00000000E+00
3.2374E+04 3.23422518E-08 0.00000000E+00
3.2398E+04 3.23390970E-08 0.00000000E+00
3.2421E+04 3.23332744E-08 0.00000000E+00
3.2445E+04 3.23249118E-08 0.00000000E+00
3.2468E+04 3.23190869E-08 0.00000000E+00
3.2492E+04 3.23159341E-08 0.00000000E+00
3.2515E+04 3.23103847E-08 0.00000000E+00
3.2539E+04 3.23020422E-08 0.00000000E+00
3.2563E+04 3.22959532E-08 0.00000000E+00
3.2586E+04 3.22927748E-08 0.00000000E+00
3.2610E+04 3.22874960E-08 0.00000000E+00
3.2633E+04 3.22792011E-08 0.00000000E+00
3.2657E+04 3.22728520E-08 0.00000000E+00
3.2680E+04 3.22696206E-08 0.00000000E+00
3.2704E+04 3.22646070E-08 0.00000000E+00
3.2728E+04 3.22563868E-08 0.00000000E+00
3.2751E+04 3.22497843E-08 0.00000000E+00
3.2775E+04 3.22464732E-08 0.00000000E+00
3.2798E+04 3.22417166E-08 0.00000000E+00
3.2822E+04 3.22335975E-08 0.00000000E+00
3.2845E+04 3.22267513E-08 0.00000000E+00
3.2869E+04 3.22233345E-08 0.00000000E+00
3.2892E+04 3.22188240E-08 0.00000000E+00
3.2916E+04 3.22108312E-08 0.00000000E+00
3.2940E+04 3.22037535E-08 0.00000000E+00
3.2963E+04 3.22002064E-08 0.00000000E+00
3.2987E+04 3.21959286E-08 0.00000000E+00
3.3010E+04 3.21880860E-08 0.00000000E+00
3.3034E+04 3.21807914E-08 0.00000000E+00
3.3057E+04 3.21770909E-08 0.00000000E+00
3.3081E+04 3.21730299E-08 0.00000000E+00
3.3105E+04 3.21653599E-08 0.00000000E+00
3.3128E+04 3.21578654E-08 0.00000000E+00
3.3152E+04 3.21539899E-08 0.00000000E+00
3.3175E+04 3.21501278E-08 0.00000000E+00
3.3199E+04 3.21426507E-08 0.00000000E+00
3.3222E+04 3.21349756E-08 0.00000000E+00
3.3246E+04 3.21309056E-08 0.00000000E+00
3.3269E+04 3.21272221E-08 0.00000000E+00
3.3293E+04 3.21199566E-08 0.00000000E+00
3.3317E+04 3.21121217E-08 0.00000000E+00
3.3340E+04 3.21078400E-08 0.00000000E+00
3.3364E+04 3.21043132E-08 0.00000000E+00
3.3387E+04 3.20972753E-08 0.00000000E+00
3.3411E+04 3.20893035E-08 0.00000000E+00
3.3434E+04 3.20847950E-08 0.00000000E+00
3.3458E+04 3.20814015E-08 0.00000000E+00
3.3482E+04 3.20746050E-08 0.00000000E+00
3.3505E+04 3.20665205E-08 0.00000000E+00
3.3529E+04 3.20617727E-08 0.00000000E+00
3.3552E+04 3.20584874E-08 0.00000000E+00
3.3576E+04 3.20519436E-08 0.00000000E+00
3.3599E+04 3.20437718E-08 0.00000000E+00
3.3623E+04 3.20387750E-08 0.00000000E+00
3.3646E+04 3.20355719E-08 0.00000000E+00
3.3670E+04 3.20292892E-08 0.00000000E+00
3.3694E+04 3.20210567E-08 0.00000000E+00
3.3717E+04 3.20158036E-08 0.00000000E+00
3.3741E+04 3.20126559E-08 0.00000000E+00
3.3764E+04 3.20066402E-08 0.00000000E+00
3.3788E+04 3.19983740E-08 0.00000000E+00
3.3811E+04 3.19928602E-08 0.00000000E+00
3.3835E+04 3.19897405E-08 0.00000000E+00
3.3859E+04 3.19839948E-08 0.00000000E+00
3.3882E+04 3.19757224E-08 0.00000000E+00
3.3906E+04 3.19699464E-08 0.00000000E+00
3.3929E+04 3.19668272E-08 0.00000000E+00
3.3953E+04 3.19613516E-08 0.00000000E+00
3.3976E+04 3.19531005E-08 0.00000000E+00
3.4000E+04 3.19470636E-08 0.00000000E+00
3.4023E+04 3.19439173E-08 0.00000000E+00
3.4047E+04 3.19387093E-08 0.00000000E+00
3.4071E+04 3.19305068E-08 0.00000000E+00
3.4094E+04 3.19242129E-08 0.00000000E+00
3.4118E+04 3.19210125E-08 0.00000000E+00
3.4141E+04 3.19160666E-08 0.00000000E+00
3.4165E+04 3.19079395E-08 0.00000000E+00
3.4188E+04 3.19013955E-08 0.00000000E+00
3.4212E+04 3.18981147E-08 0.00000000E+00
3.4236E+04 3.18934225E-08 0.00000000E+00
3.4259E+04 3.18853969E-08 0.00000000E+00
3.4283E+04 3.18786122E-08 0.00000000E+00
3.4306E+04 3.18752255E-08 0.00000000E+00
3.4330E+04 3.18707763E-08 0.00000000E+00
3.4353E+04 3.18628769E-08 0.00000000E+00
3.4377E+04 3.18558637E-08 0.00000000E+00
3.4400E+04 3.18523469E-08 0.00000000E+00
3.4424E+04 3.18481272E-08 0.00000000E+00
3.4448E+04 3.18403777E-08 0.00000000E+00
3.4471E+04 3.18331506E-08 0.00000000E+00
3.4495E+04 3.18294809E-08 0.00000000E+00
3.4518E+04 3.18254749E-08 0.00000000E+00
3.4542E+04 3.18178972E-08 0.00000000E+00
3.4565E+04 3.18104732E-08 0.00000000E+00
3.4589E+04 3.18066296E-08 0.00000000E+00
3.4612E+04 3.18028192E-08 0.00000000E+00
3.4636E+04 3.17954334E-08 0.00000000E+00
3.4660E+04 3.17878315E-08 0.00000000E+00
3.4683E+04 3.17837948E-08 0.00000000E+00
3.4707E+04 3.17801600E-08 0.00000000E+00
3.4730E+04 3.17729842E-08 0.00000000E+00
3.4754E+04 3.17652255E-08 0.00000000E+00
3.4777E+04 3.17609786E-08 0.00000000E+00
3.4801E+04 3.17574975E-08 0.00000000E+00
3.4825E+04 3.17505477E-08 0.00000000E+00
3.4848E+04 3.17426549E-08 0.00000000E+00
3.4872E+04 3.17381830E-08 0.00000000E+00
3.4895E+04 3.17348322E-08 0.00000000E+00
3.4919E+04 3.17281218E-08 0.00000000E+00
3.4942E+04 3.17201190E-08 0.00000000E+00
3.4966E+04 3.17154099E-08 0.00000000E+00
3.4989E+04 3.17121646E-08 0.00000000E+00
3.5013E+04 3.17057047E-08 0.00000000E+00
3.5037E+04 3.16976171E-08 0.00000000E+00
3.5060E+04 3.16926611E-08 0.00000000E+00
3.5084E+04 3.16894957E-08 0.00000000E+00
3.5107E+04 3.16832946E-08 0.00000000E+00
3.5131E+04 3.16751484E-08 0.00000000E+00
3.5154E+04 3.16699384E-08 0.00000000E+00
3.5178E+04 3.16668263E-08 0.00000000E+00
3.5202E+04 3.16608896E-08 0.00000000E+00
3.5225E+04 3.16527116E-08 0.00000000E+00
3.5249E+04 3.16472434E-08 0.00000000E+00
3.5272E+04 3.16441577E-08 0.00000000E+00
3.5296E+04 3.16384882E-08 0.00000000E+00
3.5319E+04 3.16303055E-08 0.00000000E+00
3.5343E+04 3.16245777E-08 0.00000000E+00
3.5366E+04 3.16214912E-08 0.00000000E+00
3.5390E+04 3.16160889E-08 0.00000000E+00
3.5414E+04 3.16079287E-08 0.00000000E+00
3.5437E+04 3.16019427E-08 0.00000000E+00
3.5461E+04 3.15988283E-08 0.00000000E+00
3.5484E+04 3.15936904E-08 0.00000000E+00
3.5508E+04 3.15855796E-08 0.00000000E+00
3.5531E+04 3.15793397E-08 0.00000000E+00
3.5555E+04 3.15761705E-08 0.00000000E+00
3.5579E+04 3.15712914E-08 0.00000000E+00
3.5602E+04 3.15632566E-08 0.00000000E+00
3.5626E+04 3.15567697E-08 0.00000000E+00
3.5649E+04 3.15535196E-08 0.00000000E+00
3.5673E+04 3.15488910E-08 0.00000000E+00
3.5696E+04 3.15409577E-08 0.00000000E+00
3.5720E+04 3.15342335E-08 0.00000000E+00
3.5743E+04 3.15308774E-08 0.00000000E+00
3.5767E+04 3.15264884E-08 0.00000000E+00
3.5791E+04 3.15186813E-08 0.00000000E+00
3.5814E+04 3.15117319E-08 0.00000000E+00
3.5838E+04 3.15082458E-08 0.00000000E+00
3.5861E+04 3.15040829E-08 0.00000000E+00
3.5885E+04 3.14964252E-08 0.00000000E+00
3.5908E+04 3.14892653E-08 0.00000000E+00
3.5932E+04 3.14856267E-08 0.00000000E+00
3.5956E+04 3.14816743E-08 0.00000000E+00
3.5979E+04 3.14741877E-08 0.00000000E+00
3.6003E+04 3.14668340E-08 0.00000000E+00
3.6026E+04 3.14630220E-08 0.00000000E+00
3.6050E+04 3.14592622E-08 0.00000000E+00
3.6073E+04 3.14519665E-08 0.00000000E+00
3.6097E+04 3.14444381E-08 0.00000000E+00
3.6120E+04 3.14404339E-08 0.00000000E+00
3.6144E+04 3.14368468E-08 0.00000000E+00
3.6168E+04 3.14297598E-08 0.00000000E+00
3.6191E+04 3.14220773E-08 0.00000000E+00
3.6215E+04 3.14178643E-08 0.00000000E+00
3.6238E+04 3.14144281E-08 0.00000000E+00
3.6262E+04 3.14075655E-08 0.00000000E+00
3.6285E+04 3.13997514E-08 0.00000000E+00
3.6309E+04 3.13953151E-08 0.00000000E+00
3.6333E+04 3.13920067E-08 0.00000000E+00
3.6356E+04 3.13853816E-08 0.00000000E+00
3.6380E+04 3.13774599E-08 0.00000000E+00
3.6403E+04 3.13727883E-08 0.00000000E+00
3.6427E+04 3.13695832E-08 0.00000000E+00
3.6450E+04 3.13632063E-08 0.00000000E+00
3.6474E+04 3.13552019E-08 0.00000000E+00
3.6497E+04 3.13502858E-08 0.00000000E+00
3.6521E+04 3.13471583E-08 0.00000000E+00
3.6545E+04 3.13410377E-08 0.00000000E+00
3.6568E+04 3.13329767E-08 0.00000000E+00
3.6592E+04 3.13278092E-08 0.00000000E+00
3.6615E+04 3.13247330E-08 0.00000000E+00
3.6639E+04 3.13188741E-08 0.00000000E+00
3.6662E+04 3.13107830E-08 0.00000000E+00
3.6686E+04 3.13053601E-08 0.00000000E+00
3.6710E+04 3.13023085E-08 0.00000000E+00
3.6733E+04 3.12967140E-08 0.00000000E+00
3.6757E+04 3.12886197E-08 0.00000000E+00
3.6780E+04 3.12829402E-08 0.00000000E+00
3.6804E+04 3.12798861E-08 0.00000000E+00
3.6827E+04 3.12745558E-08 0.00000000E+00
3.6851E+04 3.12664853E-08 0.00000000E+00
3.6874E+04 3.12605506E-08 0.00000000E+00
3.6898E+04 3.12574673E-08 0.00000000E+00
3.6922E+04 3.12523984E-08 0.00000000E+00
3.6945E+04 3.12443783E-08 0.00000000E+00
3.6969E+04 3.12381926E-08 0.00000000E+00
3.6992E+04 3.12350536E-08 0.00000000E+00
3.7016E+04 3.12302405E-08 0.00000000E+00
3.7039E+04 3.12222969E-08 0.00000000E+00
3.7063E+04 3.12158673E-08 0.00000000E+00
3.7087E+04 3.12126469E-08 0.00000000E+00
3.7110E+04 3.12080811E-08 0.00000000E+00
3.7134E+04 3.12002394E-08 0.00000000E+00
3.7157E+04 3.11935755E-08 0.00000000E+00
3.7181E+04 3.11902489E-08 0.00000000E+00
3.7204E+04 3.11859196E-08 0.00000000E+00
3.7228E+04 3.11782040E-08 0.00000000E+00
3.7251E+04 3.11713179E-08 0.00000000E+00
3.7275E+04 3.11678616E-08 0.00000000E+00
3.7299E+04 3.11637553E-08 0.00000000E+00
3.7322E+04 3.11561886E-08 0.00000000E+00
3.7346E+04 3.11490949E-08 0.00000000E+00
3.7369E+04 3.11454867E-08 0.00000000E+00
3.7393E+04 3.11415877E-08 0.00000000E+00
3.7416E+04 3.11341913E-08 0.00000000E+00
3.7440E+04 3.11269068E-08 0.00000000E+00
3.7463E+04 3.11231263E-08 0.00000000E+00
3.7487E+04 3.11194167E-08 0.00000000E+00
3.7511E+04 3.11122101E-08 0.00000000E+00
3.7534E+04 3.11047538E-08 0.00000000E+00
3.7558E+04 3.11007824E-08 0.00000000E+00
3.7581E+04 3.10972424E-08 0.00000000E+00
3.7605E+04 3.10902431E-08 0.00000000E+00
3.7628E+04 3.10826356E-08 0.00000000E+00
3.7652E+04 3.10784569E-08 0.00000000E+00
3.7676E+04 3.10750649E-08 0.00000000E+00
3.7699E+04 3.10682883E-08 0.00000000E+00
3.7723E+04 3.10605519E-08 0.00000000E+00
3.7746E+04 3.10561516E-08 0.00000000E+00
3.7770E+04 3.10528847E-08 0.00000000E+00
3.7793E+04 3.10463437E-08 0.00000000E+00
3.7817E+04 3.10385022E-08 0.00000000E+00
3.7840E+04 3.10338686E-08 0.00000000E+00
3.7864E+04 3.10307024E-08 0.00000000E+00
3.7888E+04 3.10244074E-08 0.00000000E+00
3.7911E+04 3.10164857E-08 0.00000000E+00
3.7935E+04 3.10116096E-08 0.00000000E+00
3.7958E+04 3.10085188E-08 0.00000000E+00
3.7982E+04 3.10024778E-08 0.00000000E+00
3.8005E+04 3.09945015E-08 0.00000000E+00
3.8029E+04 3.09893762E-08 0.00000000E+00
3.8053E+04 3.09863349E-08 0.00000000E+00
3.8076E+04 3.09805531E-08 0.00000000E+00
3.8100E+04 3.09725484E-08 0.00000000E+00
3.8123E+04 3.09671703E-08 0.00000000E+00
3.8147E+04 3.09641519E-08 0.00000000E+00
3.8170E+04 3.09586317E-08 0.00000000E+00
3.8194E+04 3.09506253E-08 0.00000000E+00
3.8217E+04 3.09449931E-08 0.00000000E+00
3.8241E+04 3.09419711E-08 0.00000000E+00
3.8265E+04 3.09367122E-08 0.00000000E+00
3.8288E+04 3.09287306E-08 0.00000000E+00
3.8312E+04 3.09228461E-08 0.00000000E+00
3.8335E+04 3.09197940E-08 0.00000000E+00
3.8359E+04 3.09147933E-08 0.00000000E+00
3.8382E+04 3.09068629E-08 0.00000000E+00
3.8406E+04 3.09007305E-08 0.00000000E+00
3.8430E+04 3.08976220E-08 0.00000000E+00
3.8453E+04 3.08928739E-08 0.00000000E+00
3.8477E+04 3.08850205E-08 0.00000000E+00
3.8500E+04 3.08786473E-08 0.00000000E+00
3.8524E+04 3.08754570E-08 0.00000000E+00
3.8547E+04 3.08709530E-08 0.00000000E+00
3.8571E+04 3.08632016E-08 0.00000000E+00
3.8594E+04 3.08565974E-08 0.00000000E+00
3.8618E+04 3.08533007E-08 0.00000000E+00
3.8642E+04 3.08490298E-08 0.00000000E+00
3.8665E+04 3.08414044E-08 0.00000000E+00
3.8689E+04 3.08345813E-08 0.00000000E+00
3.8712E+04 3.08311549E-08 0.00000000E+00
3.8736E+04 3.08271039E-08 0.00000000E+00
3.8759E+04 3.08196270E-08 0.00000000E+00
3.8783E+04 3.08125994E-08 0.00000000E+00
3.8807E+04 3.08090215E-08 0.00000000E+00
3.8830E+04 3.08051747E-08 0.00000000E+00
3.8854E+04 3.07978675E-08 0.00000000E+00
3.8877E+04 3.07906522E-08 0.00000000E+00
3.8901E+04 3.07869026E-08 0.00000000E+00
3.8924E+04 3.07832423E-08 0.00000000E+00
3.8948E+04 3.07761238E-08 0.00000000E+00
3.8971E+04 3.07687395E-08 0.00000000E+00
3.8995E+04 3.07648000E-08 0.00000000E+00
3.9019E+04 3.07613065E-08 0.00000000E+00
3.9042E+04 3.07543940E-08 0.00000000E+00
3.9066E+04 3.07468612E-08 0.00000000E+00
3.9089E+04 3.07427158E-08 0.00000000E+00
3.9113E+04 3.07393677E-08 0.00000000E+00
3.9136E+04 3.07326761E-08 0.00000000E+00
3.9160E+04 3.07250170E-08 0.00000000E+00
3.9184E+04 3.07206518E-08 0.00000000E+00
3.9207E+04 3.07174261E-08 0.00000000E+00
3.9231E+04 3.07109683E-08 0.00000000E+00
3.9254E+04 3.07032063E-08 0.00000000E+00
3.9278E+04 3.06986098E-08 0.00000000E+00
3.9301E+04 3.06954826E-08 0.00000000E+00
3.9325E+04 3.06892686E-08 0.00000000E+00
3.9348E+04 3.06814285E-08 0.00000000E+00
3.9372E+04 3.06765918E-08 0.00000000E+00
3.9396E+04 3.06735378E-08 0.00000000E+00
3.9419E+04 3.06675753E-08 0.00000000E+00
3.9443E+04 3.06596825E-08 0.00000000E+00
3.9466E+04 3.06545993E-08 0.00000000E+00
3.9490E+04 3.06515927E-08 0.00000000E+00
3.9513E+04 3.06458868E-08 0.00000000E+00
3.9537E+04 3.06379674E-08 0.00000000E+00
3.9561E+04 3.06326339E-08 0.00000000E+00
3.9584E+04 3.06296486E-08 0.00000000E+00
3.9608E+04 3.06242015E-08 0.00000000E+00
3.9631E+04 3.06162818E-08 0.00000000E+00
3.9655E+04 3.06106972E-08 0.00000000E+00
3.9678E+04 3.06077067E-08 0.00000000E+00
3.9702E+04 3.06025180E-08 0.00000000E+00
3.9725E+04 3.05946243E-08 0.00000000E+00
3.9749E+04 3.05887903E-08 0.00000000E+00
3.9773E+04 3.05857684E-08 0.00000000E+00
3.9796E+04 3.05808351E-08 0.00000000E+00
3.9820E+04 3.05729935E-08 0.00000000E+00
3.9843E+04 3.05669145E-08 0.00000000E+00
3.9867E+04 3.05638354E-08 0.00000000E+00
3.9890E+04 3.05591515E-08 0.00000000E+00
3.9914E+04 3.05513875E-08 0.00000000E+00
3.9937E+04 3.05450707E-08 0.00000000E+00
3.9961E+04 3.05419094E-08 0.00000000E+00
3.9985E+04 3.05374666E-08 0.00000000E+00
