0.0000E+00 0.00000000E+00 0.00000000E+00
2.3562E+01 0.00000000E+00 0.00000000E+00
4.7124E+01 0.00000000E+00 0.00000000E+00
7.0686E+01 0.00000000E+00 0.00000000E+00
9.4248E+01 0.00000000E+00 0.00000000E+00
1.1781E+02 0.00000000E+00 0.00000000E+00
1.4137E+02 0.00000000E+00 0.00000000E+00
1.6493E+02 0.00000000E+00 0.00000000E+00
1.8850E+02 0.00000000E+00 0.00000000E+00
2.1206E+02 0.00000000E+00 0.00000000E+00
2.3562E+02 0.00000000E+00 0.00000000E+00
2.5918E+02 3.83150724E-272 0.00000000E+00
2.8274E+02 4.92948925E-219 0.00000000E+00
3.0631E+02 2.76969455E-176 0.00000000E+00
3.2987E+02 7.40531139E-141 0.00000000E+00
3.5343E+02 3.66948030E-111 0.00000000E+00
3.7699E+02 2.98750750E-86 0.00000000E+00
4.0055E+02 1.56853835E-65 0.00000000E+00
4.2412E+02 1.22168491E-48 0.00000000E+00
4.4768E+02 2.09910448E-35 0.00000000E+00
4.7124E+02 7.09849250E-26 0.00000000E+00
4.9480E+02 1.40991387E-20 0.00000000E+00
5.1836E+02 2.25506009E-19 0.00000000E+00
5.4192E+02 4.90538503E-19 0.00000000E+00
5.6549E+02 1.00259217E-18 0.00000000E+00
5.8905E+02 1.42047170E-18 0.00000000E+00
6.1261E+02 1.91418639E-18 0.00000000E+00
6.3617E+02 3.17191658E-18 0.00000000E+00
6.5973E+02 5.75497622E-18 0.00000000E+00
6.8330E+02 8.21682831E-18 0.00000000E+00
7.0686E+02 1.14099397E-17 0.00000000E+00
7.3042E+02 1.97897461E-17 0.00000000E+00
7.5398E+02 3.04120944E-17 0.00000000E+00
7.7754E+02 3.81070707E-17 0.00000000E+00
8.0111E+02 5.58908921E-17 0.00000000E+00
8.2467E+02 9.01500634E-17 0.00000000E+00
8.4823E+02 1.16865803E-16 0.00000000E+00
8.7179E+02 1.48396979E-16 0.00000000E+00
8.9535E+02 2.35553193E-16 0.00000000E+00
9.1892E+02 3.39275549E-16 0.00000000E+00
9.4248E+02 4.09317621E-16 0.00000000E+00
9.6604E+02 5.81797335E-16 0.00000000E+00
9.8960E+02 9.07909659E-16 0.00000000E+00
1.0132E+03 1.15046934E-15 0.00000000E+00
1.0367E+03 1.44326105E-15 0.00000000E+00
1.0603E+03 2.24871209E-15 0.00000000E+00
1.0838E+03 3.15185076E-15 0.00000000E+00
1.1074E+03 3.74343310E-15 0.00000000E+00
1.1310E+03 5.28743238E-15 0.00000000E+00
1.1545E+03 8.04419915E-15 0.00000000E+00
1.1781E+03 9.95887324E-15 0.00000000E+00
1.2017E+03 1.24215650E-14 0.00000000E+00
1.2252E+03 1.89962268E-14 0.00000000E+00
1.2488E+03 2.58837498E-14 0.00000000E+00
1.2723E+03 3.03519825E-14 0.00000000E+00
1.2959E+03 4.25108760E-14 0.00000000E+00
1.3195E+03 6.29158852E-14 0.00000000E+00
1.3430E+03 7.61295003E-14 0.00000000E+00
1.3666E+03 9.43252219E-14 0.00000000E+00
1.3902E+03 1.41249268E-13 0.00000000E+00
1.4137E+03 1.86864888E-13 0.00000000E+00
1.4373E+03 2.16252361E-13 0.00000000E+00
1.4608E+03 2.99410911E-13 0.00000000E+00
1.4844E+03 4.30494388E-13 0.00000000E+00
1.5080E+03 5.09557531E-13 0.00000000E+00
1.5315E+03 6.26621366E-13 0.00000000E+00
1.5551E+03 9.17895427E-13 0.00000000E+00
1.5787E+03 1.18033284E-12 0.00000000E+00
1.6022E+03 1.34892512E-12 0.00000000E+00
1.6258E+03 1.84402897E-12 0.00000000E+00
1.6493E+03 2.57603706E-12 0.00000000E+00
1.6729E+03 2.98529047E-12 0.00000000E+00
1.6965E+03 3.64096699E-12 0.00000000E+00
1.7200E+03 5.21282689E-12 0.00000000E+00
1.7436E+03 6.52141081E-12 0.00000000E+00
1.7671E+03 7.36290956E-12 0.00000000E+00
1.7907E+03 9.92614163E-12 0.00000000E+00
1.8143E+03 1.34771267E-11 0.00000000E+00
1.8378E+03 1.53054580E-11 0.00000000E+00
1.8614E+03 1.85004061E-11 0.00000000E+00
1.8850E+03 2.58753719E-11 0.00000000E+00
1.9085E+03 3.15206702E-11 0.00000000E+00
1.9321E+03 3.51661878E-11 0.00000000E+00
1.9556E+03 4.67054260E-11 0.00000000E+00
1.9792E+03 6.16589134E-11 0.00000000E+00
2.0028E+03 6.86788534E-11 0.00000000E+00
2.0263E+03 8.22172317E-11 0.00000000E+00
2.0499E+03 1.12300611E-10 0.00000000E+00
2.0735E+03 1.33326937E-10 0.00000000E+00
2.0970E+03 1.47005252E-10 0.00000000E+00
2.1206E+03 1.92184682E-10 0.00000000E+00
2.1441E+03 2.46816692E-10 0.00000000E+00
2.1677E+03 2.69836030E-10 0.00000000E+00
2.1913E+03 3.19707125E-10 0.00000000E+00
2.2148E+03 4.26391754E-10 0.00000000E+00
2.2384E+03 4.93778658E-10 0.00000000E+00
2.2619E+03 5.38084940E-10 0.00000000E+00
2.2855E+03 6.91937023E-10 0.00000000E+00
2.3091E+03 8.64923911E-10 0.00000000E+00
2.3326E+03 9.28689858E-10 0.00000000E+00
2.3562E+03 1.08831131E-09 0.00000000E+00
2.3798E+03 1.41716989E-09 0.00000000E+00
2.4033E+03 1.60200973E-09 0.00000000E+00
2.4269E+03 1.72530476E-09 0.00000000E+00
2.4504E+03 2.18100384E-09 0.00000000E+00
2.4740E+03 2.65496997E-09 0.00000000E+00
2.4976E+03 2.80115451E-09 0.00000000E+00
2.5211E+03 3.24480566E-09 0.00000000E+00
2.5447E+03 4.12567591E-09 0.00000000E+00
2.5683E+03 4.55573774E-09 0.00000000E+00
2.5918E+03 4.84833720E-09 0.00000000E+00
2.6154E+03 6.02241237E-09 0.00000000E+00
2.6389E+03 7.14343519E-09 0.00000000E+00
2.6625E+03 7.40866111E-09 0.00000000E+00
2.6861E+03 8.47884134E-09 0.00000000E+00
2.7096E+03 1.05282059E-08 0.00000000E+00
2.7332E+03 1.13633097E-08 0.00000000E+00
2.7567E+03 1.19484371E-08 0.00000000E+00
2.7803E+03 1.45800944E-08 0.00000000E+00
2.8039E+03 1.68605636E-08 0.00000000E+00
2.8274E+03 1.71945254E-08 0.00000000E+00
2.8510E+03 1.94339139E-08 0.00000000E+00
2.8746E+03 2.35726858E-08 0.00000000E+00
2.8981E+03 2.48815579E-08 0.00000000E+00
2.9217E+03 2.58463534E-08 0.00000000E+00
2.9452E+03 3.09800914E-08 0.00000000E+00
2.9688E+03 3.49467670E-08 0.00000000E+00
2.9924E+03 3.50518123E-08 0.00000000E+00
3.0159E+03 3.91157254E-08 0.00000000E+00
3.0395E+03 4.63654140E-08 0.00000000E+00
3.0631E+03 4.78826687E-08 0.00000000E+00
3.0866E+03 4.91343091E-08 0.00000000E+00
3.1102E+03 5.78562705E-08 0.00000000E+00
3.1337E+03 6.36969193E-08 0.00000000E+00
3.1573E+03 6.28481706E-08 0.00000000E+00
3.1809E+03 6.92455663E-08 0.00000000E+00
3.2044E+03 8.02481290E-08 0.00000000E+00
3.2280E+03 8.11159279E-08 0.00000000E+00
3.2515E+03 8.22283139E-08 0.00000000E+00
3.2751E+03 9.51506808E-08 0.00000000E+00
3.2987E+03 1.02293921E-07 0.00000000E+00
3.3222E+03 9.93095142E-08 0.00000000E+00
3.3458E+03 1.08056822E-07 0.00000000E+00
3.3694E+03 1.22502997E-07 0.00000000E+00
3.3929E+03 1.21245489E-07 0.00000000E+00
3.4165E+03 1.21452667E-07 0.00000000E+00
3.4400E+03 1.38188569E-07 0.00000000E+00
3.4636E+03 1.45147251E-07 0.00000000E+00
3.4872E+03 1.38695581E-07 0.00000000E+00
3.5107E+03 1.49120713E-07 0.00000000E+00
3.5343E+03 1.65495297E-07 0.00000000E+00
3.5579E+03 1.60446973E-07 0.00000000E+00
3.5814E+03 1.58914238E-07 0.00000000E+00
3.6050E+03 1.77939645E-07 0.00000000E+00
3.6285E+03 1.82707725E-07 0.00000000E+00
3.6521E+03 1.71940596E-07 0.00000000E+00
3.6757E+03 1.82854486E-07 0.00000000E+00
3.6992E+03 1.98823147E-07 0.00000000E+00
3.7228E+03 1.88924368E-07 0.00000000E+00
3.7463E+03 1.85218896E-07 0.00000000E+00
3.7699E+03 2.04334767E-07 0.00000000E+00
3.7935E+03 2.05245987E-07 0.00000000E+00
3.8170E+03 1.90419153E-07 0.00000000E+00
3.8406E+03 2.00607275E-07 0.00000000E+00
3.8642E+03 2.13920512E-07 0.00000000E+00
3.8877E+03 1.99407870E-07 0.00000000E+00
3.9113E+03 1.93849430E-07 0.00000000E+00
3.9348E+03 2.11008591E-07 0.00000000E+00
3.9584E+03 2.07531477E-07 0.00000000E+00
3.9820E+03 1.90139100E-07 0.00000000E+00
4.0055E+03 1.98837086E-07 0.00000000E+00
4.0291E+03 2.08189205E-07 0.00000000E+00
4.0527E+03 1.90657548E-07 0.00000000E+00
4.0762E+03 1.84238665E-07 0.00000000E+00
4.0998E+03 1.98206778E-07 0.00000000E+00
4.1233E+03 1.91127298E-07 0.00000000E+00
4.1469E+03 1.73365916E-07 0.00000000E+00
4.1705E+03 1.80390999E-07 0.00000000E+00
4.1940E+03 1.85702384E-07 0.00000000E+00
4.2176E+03 1.67448875E-07 0.00000000E+00
4.2412E+03 1.61341697E-07 0.00000000E+00
4.2647E+03 1.71832102E-07 0.00000000E+00
4.2883E+03 1.62745865E-07 0.00000000E+00
4.3118E+03 1.46633300E-07 0.00000000E+00
4.3354E+03 1.52160908E-07 0.00000000E+00
4.3590E+03 1.54232417E-07 0.00000000E+00
4.3825E+03 1.37334338E-07 0.00000000E+00
4.4061E+03 1.32346027E-07 0.00000000E+00
4.4296E+03 1.39714872E-07 0.00000000E+00
4.4532E+03 1.30260220E-07 0.00000000E+00
4.4768E+03 1.16979966E-07 0.00000000E+00
4.5003E+03 1.21240755E-07 0.00000000E+00
4.5239E+03 1.21167402E-07 0.00000000E+00
4.5475E+03 1.06877441E-07 0.00000000E+00
4.5710E+03 1.03225367E-07 0.00000000E+00
4.5946E+03 1.08077371E-07 0.00000000E+00
4.6181E+03 9.94146059E-08 0.00000000E+00
4.6417E+03 8.92138210E-08 0.00000000E+00
4.6653E+03 9.23612427E-08 0.00000000E+00
4.6888E+03 9.11097022E-08 0.00000000E+00
4.7124E+03 7.98033336E-08 0.00000000E+00
4.7360E+03 7.72718830E-08 0.00000000E+00
4.7595E+03 8.02256589E-08 0.00000000E+00
4.7831E+03 7.29357544E-08 0.00000000E+00
4.8066E+03 6.54559091E-08 0.00000000E+00
4.8302E+03 6.76164006E-08 0.00000000E+00
4.8538E+03 6.58844629E-08 0.00000000E+00
4.8773E+03 5.73665527E-08 0.00000000E+00
4.9009E+03 5.56174154E-08 0.00000000E+00
4.9244E+03 5.72352935E-08 0.00000000E+00
4.9480E+03 5.14771510E-08 0.00000000E+00
4.9716E+03 4.61653258E-08 0.00000000E+00
4.9951E+03 4.75221071E-08 0.00000000E+00
5.0187E+03 4.57639090E-08 0.00000000E+00
5.0423E+03 3.96070651E-08 0.00000000E+00
5.0658E+03 3.83906715E-08 0.00000000E+00
5.0894E+03 3.91623029E-08 0.00000000E+00
5.1129E+03 3.48595969E-08 0.00000000E+00
5.1365E+03 3.12104827E-08 0.00000000E+00
5.1601E+03 3.20079604E-08 0.00000000E+00
5.1836E+03 3.04878133E-08 0.00000000E+00
5.2072E+03 2.62245352E-08 0.00000000E+00
5.2308E+03 2.54132972E-08 0.00000000E+00
5.2543E+03 2.57274525E-08 0.00000000E+00
5.2779E+03 2.26823013E-08 0.00000000E+00
5.3014E+03 2.02887233E-08 0.00000000E+00
5.3250E+03 2.07654612E-08 0.00000000E+00
5.3486E+03 1.95945276E-08 0.00000000E+00
5.3721E+03 1.67775546E-08 0.00000000E+00
5.3957E+03 1.62980655E-08 0.00000000E+00
5.4192E+03 1.64140114E-08 0.00000000E+00
5.4428E+03 1.43654010E-08 0.00000000E+00
5.4664E+03 1.28848629E-08 0.00000000E+00
5.4899E+03 1.32066443E-08 0.00000000E+00
5.5135E+03 1.23787532E-08 0.00000000E+00
5.5371E+03 1.05961971E-08 0.00000000E+00
5.5606E+03 1.03667699E-08 0.00000000E+00
5.5842E+03 1.04164146E-08 0.00000000E+00
5.6077E+03 9.08701687E-09 0.00000000E+00
5.6313E+03 8.21907951E-09 0.00000000E+00
5.6549E+03 8.46158339E-09 0.00000000E+00
5.6784E+03 7.90254044E-09 0.00000000E+00
5.7020E+03 6.80013425E-09 0.00000000E+00
5.7256E+03 6.72090821E-09 0.00000000E+00
5.7491E+03 6.74618213E-09 0.00000000E+00
5.7727E+03 5.88976815E-09 0.00000000E+00
5.7962E+03 5.38773147E-09 0.00000000E+00
5.8198E+03 5.56608618E-09 0.00000000E+00
5.8434E+03 5.18634963E-09 0.00000000E+00
5.8669E+03 4.49522690E-09 0.00000000E+00
5.8905E+03 4.47531596E-09 0.00000000E+00
5.9140E+03 4.47830709E-09 0.00000000E+00
5.9376E+03 3.91340031E-09 0.00000000E+00
5.9612E+03 3.60551601E-09 0.00000000E+00
5.9847E+03 3.71762871E-09 0.00000000E+00
6.0083E+03 3.44864123E-09 0.00000000E+00
6.0319E+03 2.99654059E-09 0.00000000E+00
6.0554E+03 2.98109434E-09 0.00000000E+00
6.0790E+03 2.96107466E-09 0.00000000E+00
6.1025E+03 2.57737778E-09 0.00000000E+00
6.1261E+03 2.36987508E-09 0.00000000E+00
6.1497E+03 2.42390329E-09 0.00000000E+00
6.1732E+03 2.22843648E-09 0.00000000E+00
6.1968E+03 1.92421007E-09 0.00000000E+00
6.2204E+03 1.89878435E-09 0.00000000E+00
6.2439E+03 1.86518597E-09 0.00000000E+00
6.2675E+03 1.60563951E-09 0.00000000E+00
6.2910E+03 1.46182763E-09 0.00000000E+00
6.3146E+03 1.47933130E-09 0.00000000E+00
6.3382E+03 1.34191966E-09 0.00000000E+00
6.3617E+03 1.14310824E-09 0.00000000E+00
6.3853E+03 1.11731935E-09 0.00000000E+00
6.4088E+03 1.08467519E-09 0.00000000E+00
6.4324E+03 9.18686190E-10 0.00000000E+00
6.4560E+03 8.27911574E-10 0.00000000E+00
6.4795E+03 8.32491147E-10 0.00000000E+00
6.5031E+03 7.44245511E-10 0.00000000E+00
6.5267E+03 6.26155980E-10 0.00000000E+00
6.5502E+03 6.12432462E-10 0.00000000E+00
6.5738E+03 5.90687025E-10 0.00000000E+00
6.5973E+03 4.94157257E-10 0.00000000E+00
6.6209E+03 4.48037222E-10 0.00000000E+00
6.6445E+03 4.54162182E-10 0.00000000E+00
6.6680E+03 4.03535783E-10 0.00000000E+00
6.6916E+03 3.42516930E-10 0.00000000E+00
6.7152E+03 3.43809686E-10 0.00000000E+00
6.7387E+03 3.33940893E-10 0.00000000E+00
6.7623E+03 2.82467989E-10 0.00000000E+00
6.7858E+03 2.66554689E-10 0.00000000E+00
6.8094E+03 2.76881560E-10 0.00000000E+00
6.8330E+03 2.49404790E-10 0.00000000E+00
6.8565E+03 2.21070806E-10 0.00000000E+00
6.8801E+03 2.30922360E-10 0.00000000E+00
6.9036E+03 2.27646010E-10 0.00000000E+00
6.9272E+03 1.99375438E-10 0.00000000E+00
6.9508E+03 1.96844106E-10 0.00000000E+00
6.9743E+03 2.07162917E-10 0.00000000E+00
6.9979E+03 1.90084961E-10 0.00000000E+00
7.0215E+03 1.74820656E-10 0.00000000E+00
7.0450E+03 1.84310639E-10 0.00000000E+00
7.0686E+03 1.81759569E-10 0.00000000E+00
7.0921E+03 1.62234822E-10 0.00000000E+00
7.1157E+03 1.60836511E-10 0.00000000E+00
7.1393E+03 1.66799471E-10 0.00000000E+00
7.1628E+03 1.52936910E-10 0.00000000E+00
7.1864E+03 1.40225788E-10 0.00000000E+00
7.2100E+03 1.44259585E-10 0.00000000E+00
7.2335E+03 1.39832128E-10 0.00000000E+00
7.2571E+03 1.23331145E-10 0.00000000E+00
7.2806E+03 1.18637982E-10 0.00000000E+00
7.3042E+03 1.19432182E-10 0.00000000E+00
7.3278E+03 1.07259491E-10 0.00000000E+00
7.3513E+03 9.50456217E-11 0.00000000E+00
7.3749E+03 9.39417858E-11 0.00000000E+00
7.3985E+03 8.84882879E-11 0.00000000E+00
7.4220E+03 7.51675913E-11 0.00000000E+00
7.4456E+03 6.87451681E-11 0.00000000E+00
7.4691E+03 6.66705972E-11 0.00000000E+00
7.4927E+03 5.75140283E-11 0.00000000E+00
7.5163E+03 4.79157218E-11 0.00000000E+00
7.5398E+03 4.50040442E-11 0.00000000E+00
7.5634E+03 4.06288626E-11 0.00000000E+00
7.5869E+03 3.21330349E-11 0.00000000E+00
7.6105E+03 2.72721820E-11 0.00000000E+00
7.6341E+03 2.52378021E-11 0.00000000E+00
7.6576E+03 2.01693741E-11 0.00000000E+00
7.6812E+03 1.50753139E-11 0.00000000E+00
7.7048E+03 1.33588168E-11 0.00000000E+00
7.7283E+03 1.12598258E-11 0.00000000E+00
7.7519E+03 7.75091949E-12 0.00000000E+00
7.7754E+03 6.14881427E-12 0.00000000E+00
7.7990E+03 5.65130330E-12 0.00000000E+00
7.8226E+03 4.06786101E-12 0.00000000E+00
7.8461E+03 3.11380735E-12 0.00000000E+00
7.8697E+03 3.48784216E-12 0.00000000E+00
7.8933E+03 3.28471326E-12 0.00000000E+00
7.9168E+03 3.02336259E-12 0.00000000E+00
7.9404E+03 4.01068185E-12 0.00000000E+00
7.9639E+03 4.79868454E-12 0.00000000E+00
7.9875E+03 4.90550025E-12 0.00000000E+00
8.0111E+03 6.01531072E-12 0.00000000E+00
8.0346E+03 7.56822762E-12 0.00000000E+00
8.0582E+03 8.01742153E-12 0.00000000E+00
8.0817E+03 8.65158670E-12 0.00000000E+00
8.1053E+03 1.03741010E-11 0.00000000E+00
8.1289E+03 1.13781880E-11 0.00000000E+00
8.1524E+03 1.14777084E-11 0.00000000E+00
8.1760E+03 1.25149910E-11 0.00000000E+00
8.1996E+03 1.38783109E-11 0.00000000E+00
8.2231E+03 1.39574073E-11 0.00000000E+00
8.2467E+03 1.39392888E-11 0.00000000E+00
8.2702E+03 1.49134612E-11 0.00000000E+00
8.2938E+03 1.53306000E-11 0.00000000E+00
8.3174E+03 1.47065245E-11 0.00000000E+00
8.3409E+03 1.46689411E-11 0.00000000E+00
8.3645E+03 1.51135150E-11 0.00000000E+00
8.3881E+03 1.45816133E-11 0.00000000E+00
8.4116E+03 1.36712186E-11 0.00000000E+00
8.4352E+03 1.35340448E-11 0.00000000E+00
8.4587E+03 1.32827734E-11 0.00000000E+00
8.4823E+03 1.21929537E-11 0.00000000E+00
8.5059E+03 1.13061268E-11 0.00000000E+00
8.5294E+03 1.09718124E-11 0.00000000E+00
8.5530E+03 1.02045894E-11 0.00000000E+00
8.5765E+03 9.02038358E-12 0.00000000E+00
8.6001E+03 8.29008968E-12 0.00000000E+00
8.6237E+03 7.78407962E-12 0.00000000E+00
8.6472E+03 6.85603301E-12 0.00000000E+00
8.6708E+03 5.89278292E-12 0.00000000E+00
8.6944E+03 5.35265274E-12 0.00000000E+00
8.7179E+03 4.82599821E-12 0.00000000E+00
8.7415E+03 4.05257145E-12 0.00000000E+00
8.7650E+03 3.43194234E-12 0.00000000E+00
8.7886E+03 3.10131743E-12 0.00000000E+00
8.8122E+03 2.72865786E-12 0.00000000E+00
8.8357E+03 2.26502350E-12 0.00000000E+00
8.8593E+03 1.97903191E-12 0.00000000E+00
8.8829E+03 1.88120678E-12 0.00000000E+00
8.9064E+03 1.75601489E-12 0.00000000E+00
8.9300E+03 1.59963079E-12 0.00000000E+00
8.9535E+03 1.58805567E-12 0.00000000E+00
8.9771E+03 1.71849803E-12 0.00000000E+00
9.0007E+03 1.81793611E-12 0.00000000E+00
9.0242E+03 1.87988057E-12 0.00000000E+00
9.0478E+03 2.06884706E-12 0.00000000E+00
9.0713E+03 2.36703442E-12 0.00000000E+00
9.0949E+03 2.58886458E-12 0.00000000E+00
9.1185E+03 2.76488754E-12 0.00000000E+00
9.1420E+03 3.07200987E-12 0.00000000E+00
9.1656E+03 3.43062615E-12 0.00000000E+00
9.1892E+03 3.65885230E-12 0.00000000E+00
9.2127E+03 3.86581747E-12 0.00000000E+00
9.2363E+03 4.20054078E-12 0.00000000E+00
9.2598E+03 4.50581625E-12 0.00000000E+00
9.2834E+03 4.66011103E-12 0.00000000E+00
9.3070E+03 4.84158711E-12 0.00000000E+00
9.3305E+03 5.11830345E-12 0.00000000E+00
9.3541E+03 5.29247056E-12 0.00000000E+00
9.3777E+03 5.34345807E-12 0.00000000E+00
9.4012E+03 5.46448907E-12 0.00000000E+00
9.4248E+03 5.62430598E-12 0.00000000E+00
9.4483E+03 5.64597774E-12 0.00000000E+00
9.4719E+03 5.60430151E-12 0.00000000E+00
9.4955E+03 5.64895027E-12 0.00000000E+00
9.5190E+03 5.67504668E-12 0.00000000E+00
9.5426E+03 5.57241169E-12 0.00000000E+00
9.5661E+03 5.46940782E-12 0.00000000E+00
9.5897E+03 5.44162584E-12 0.00000000E+00
9.6133E+03 5.35812376E-12 0.00000000E+00
9.6368E+03 5.18603737E-12 0.00000000E+00
9.6604E+03 5.05829092E-12 0.00000000E+00
9.6840E+03 4.98035071E-12 0.00000000E+00
9.7075E+03 4.83618021E-12 0.00000000E+00
9.7311E+03 4.65211430E-12 0.00000000E+00
9.7546E+03 4.53276976E-12 0.00000000E+00
9.7782E+03 4.43744304E-12 0.00000000E+00
9.8018E+03 4.28511465E-12 0.00000000E+00
9.8253E+03 4.13329044E-12 0.00000000E+00
9.8489E+03 4.04743918E-12 0.00000000E+00
9.8725E+03 3.96631531E-12 0.00000000E+00
9.8960E+03 3.84540058E-12 0.00000000E+00
9.9196E+03 3.75071221E-12 0.00000000E+00
9.9431E+03 3.71220679E-12 0.00000000E+00
9.9667E+03 3.66555539E-12 0.00000000E+00
9.9903E+03 3.59566950E-12 0.00000000E+00
1.0014E+04 3.56429487E-12 0.00000000E+00
1.0037E+04 3.57405060E-12 0.00000000E+00
1.0061E+04 3.56660472E-12 0.00000000E+00
1.0085E+04 3.54877416E-12 0.00000000E+00
1.0108E+04 3.57207631E-12 0.00000000E+00
1.0132E+04 3.61903157E-12 0.00000000E+00
1.0155E+04 3.64232923E-12 0.00000000E+00
1.0179E+04 3.66490936E-12 0.00000000E+00
1.0202E+04 3.72461322E-12 0.00000000E+00
1.0226E+04 3.78998613E-12 0.00000000E+00
1.0249E+04 3.82858673E-12 0.00000000E+00
1.0273E+04 3.87408561E-12 0.00000000E+00
1.0297E+04 3.94797789E-12 0.00000000E+00
1.0320E+04 4.01147707E-12 0.00000000E+00
1.0344E+04 4.04967672E-12 0.00000000E+00
1.0367E+04 4.10040201E-12 0.00000000E+00
1.0391E+04 4.16791057E-12 0.00000000E+00
1.0414E+04 4.21360908E-12 0.00000000E+00
1.0438E+04 4.24006534E-12 0.00000000E+00
1.0462E+04 4.28205954E-12 0.00000000E+00
1.0485E+04 4.32866802E-12 0.00000000E+00
1.0509E+04 4.34853907E-12 0.00000000E+00
1.0532E+04 4.35815963E-12 0.00000000E+00
1.0556E+04 4.38329841E-12 0.00000000E+00
1.0579E+04 4.40284087E-12 0.00000000E+00
1.0603E+04 4.39719504E-12 0.00000000E+00
1.0626E+04 4.39074349E-12 0.00000000E+00
1.0650E+04 4.39720052E-12 0.00000000E+00
1.0674E+04 4.39155951E-12 0.00000000E+00
1.0697E+04 4.36704736E-12 0.00000000E+00
1.0721E+04 4.34939434E-12 0.00000000E+00
1.0744E+04 4.34057098E-12 0.00000000E+00
1.0768E+04 4.31733689E-12 0.00000000E+00
1.0791E+04 4.28371750E-12 0.00000000E+00
1.0815E+04 4.26165168E-12 0.00000000E+00
1.0838E+04 4.24405024E-12 0.00000000E+00
1.0862E+04 4.21318270E-12 0.00000000E+00
1.0886E+04 4.18017298E-12 0.00000000E+00
1.0909E+04 4.16025168E-12 0.00000000E+00
1.0933E+04 4.14100750E-12 0.00000000E+00
1.0956E+04 4.11172423E-12 0.00000000E+00
1.0980E+04 4.08668332E-12 0.00000000E+00
1.1003E+04 4.07363947E-12 0.00000000E+00
1.1027E+04 4.05840555E-12 0.00000000E+00
1.1051E+04 4.03710395E-12 0.00000000E+00
1.1074E+04 4.02386628E-12 0.00000000E+00
1.1098E+04 4.01972788E-12 0.00000000E+00
1.1121E+04 4.01152749E-12 0.00000000E+00
1.1145E+04 4.00097659E-12 0.00000000E+00
1.1168E+04 3.99978791E-12 0.00000000E+00
1.1192E+04 4.00385681E-12 0.00000000E+00
1.1215E+04 4.00293109E-12 0.00000000E+00
1.1239E+04 4.00260811E-12 0.00000000E+00
1.1263E+04 4.01086447E-12 0.00000000E+00
1.1286E+04 4.02042236E-12 0.00000000E+00
1.1310E+04 4.02492685E-12 0.00000000E+00
1.1333E+04 4.03201830E-12 0.00000000E+00
1.1357E+04 4.04551204E-12 0.00000000E+00
1.1380E+04 4.05691434E-12 0.00000000E+00
1.1404E+04 4.06399320E-12 0.00000000E+00
1.1428E+04 4.07468822E-12 0.00000000E+00
1.1451E+04 4.08893582E-12 0.00000000E+00
1.1475E+04 4.09877653E-12 0.00000000E+00
1.1498E+04 4.10560876E-12 0.00000000E+00
1.1522E+04 4.11626154E-12 0.00000000E+00
1.1545E+04 4.12763214E-12 0.00000000E+00
1.1569E+04 4.13357424E-12 0.00000000E+00
1.1592E+04 4.13814591E-12 0.00000000E+00
1.1616E+04 4.14610492E-12 0.00000000E+00
1.1640E+04 4.15249216E-12 0.00000000E+00
1.1663E+04 4.15366306E-12 0.00000000E+00
1.1687E+04 4.15508544E-12 0.00000000E+00
1.1710E+04 4.15908204E-12 0.00000000E+00
1.1734E+04 4.16005869E-12 0.00000000E+00
1.1757E+04 4.15695914E-12 0.00000000E+00
1.1781E+04 4.15544116E-12 0.00000000E+00
1.1805E+04 4.15552810E-12 0.00000000E+00
1.1828E+04 4.15206006E-12 0.00000000E+00
1.1852E+04 4.14614119E-12 0.00000000E+00
1.1875E+04 4.14265521E-12 0.00000000E+00
1.1899E+04 4.13985964E-12 0.00000000E+00
1.1922E+04 4.13373231E-12 0.00000000E+00
1.1946E+04 4.12683664E-12 0.00000000E+00
1.1969E+04 4.12267918E-12 0.00000000E+00
1.1993E+04 4.11847281E-12 0.00000000E+00
1.2017E+04 4.11167037E-12 0.00000000E+00
1.2040E+04 4.10548396E-12 0.00000000E+00
1.2064E+04 4.10185365E-12 0.00000000E+00
1.2087E+04 4.09766676E-12 0.00000000E+00
1.2111E+04 4.09183938E-12 0.00000000E+00
1.2134E+04 4.08752516E-12 0.00000000E+00
1.2158E+04 4.08520868E-12 0.00000000E+00
1.2182E+04 4.08206953E-12 0.00000000E+00
1.2205E+04 4.07822824E-12 0.00000000E+00
1.2229E+04 4.07624952E-12 0.00000000E+00
1.2252E+04 4.07550931E-12 0.00000000E+00
1.2276E+04 4.07388275E-12 0.00000000E+00
1.2299E+04 4.07231626E-12 0.00000000E+00
1.2323E+04 4.07248172E-12 0.00000000E+00
1.2346E+04 4.07308415E-12 0.00000000E+00
1.2370E+04 4.07291041E-12 0.00000000E+00
1.2394E+04 4.07329904E-12 0.00000000E+00
1.2417E+04 4.07494989E-12 0.00000000E+00
1.2441E+04 4.07634257E-12 0.00000000E+00
1.2464E+04 4.07718427E-12 0.00000000E+00
1.2488E+04 4.07883456E-12 0.00000000E+00
1.2511E+04 4.08110325E-12 0.00000000E+00
1.2535E+04 4.08262561E-12 0.00000000E+00
1.2559E+04 4.08389535E-12 0.00000000E+00
1.2582E+04 4.08599533E-12 0.00000000E+00
1.2606E+04 4.08806490E-12 0.00000000E+00
1.2629E+04 4.08914659E-12 0.00000000E+00
1.2653E+04 4.09029407E-12 0.00000000E+00
1.2676E+04 4.09214574E-12 0.00000000E+00
1.2700E+04 4.09342915E-12 0.00000000E+00
1.2723E+04 4.09372686E-12 0.00000000E+00
1.2747E+04 4.09438024E-12 0.00000000E+00
1.2771E+04 4.09553115E-12 0.00000000E+00
1.2794E+04 4.09576667E-12 0.00000000E+00
1.2818E+04 4.09519935E-12 0.00000000E+00
1.2841E+04 4.09521820E-12 0.00000000E+00
1.2865E+04 4.09551264E-12 0.00000000E+00
1.2888E+04 4.09474771E-12 0.00000000E+00
1.2912E+04 4.09347191E-12 0.00000000E+00
1.2936E+04 4.09292105E-12 0.00000000E+00
1.2959E+04 4.09245708E-12 0.00000000E+00
1.2983E+04 4.09096940E-12 0.00000000E+00
1.3006E+04 4.08928295E-12 0.00000000E+00
1.3030E+04 4.08837004E-12 0.00000000E+00
1.3053E+04 4.08740763E-12 0.00000000E+00
1.3077E+04 4.08558397E-12 0.00000000E+00
1.3100E+04 4.08382646E-12 0.00000000E+00
1.3124E+04 4.08280123E-12 0.00000000E+00
1.3148E+04 4.08165759E-12 0.00000000E+00
1.3171E+04 4.07987562E-12 0.00000000E+00
1.3195E+04 4.07833310E-12 0.00000000E+00
1.3218E+04 4.07741571E-12 0.00000000E+00
1.3242E+04 4.07636501E-12 0.00000000E+00
1.3265E+04 4.07490810E-12 0.00000000E+00
1.3289E+04 4.07375200E-12 0.00000000E+00
1.3312E+04 4.07307425E-12 0.00000000E+00
1.3336E+04 4.07229602E-12 0.00000000E+00
1.3360E+04 4.07130549E-12 0.00000000E+00
1.3383E+04 4.07057822E-12 0.00000000E+00
1.3407E+04 4.07016900E-12 0.00000000E+00
1.3430E+04 4.06972222E-12 0.00000000E+00
1.3454E+04 4.06920225E-12 0.00000000E+00
1.3477E+04 4.06882975E-12 0.00000000E+00
1.3501E+04 4.06863213E-12 0.00000000E+00
1.3525E+04 4.06847611E-12 0.00000000E+00
1.3548E+04 4.06832278E-12 0.00000000E+00
1.3572E+04 4.06816260E-12 0.00000000E+00
1.3595E+04 4.06806397E-12 0.00000000E+00
1.3619E+04 4.06809411E-12 0.00000000E+00
1.3642E+04 4.06814963E-12 0.00000000E+00
1.3666E+04 4.06803699E-12 0.00000000E+00
1.3689E+04 4.06791762E-12 0.00000000E+00
1.3713E+04 4.06800792E-12 0.00000000E+00
1.3737E+04 4.06811016E-12 0.00000000E+00
1.3760E+04 4.06790570E-12 0.00000000E+00
1.3784E+04 4.06766697E-12 0.00000000E+00
1.3807E+04 4.06771179E-12 0.00000000E+00
1.3831E+04 4.06773382E-12 0.00000000E+00
1.3854E+04 4.06735183E-12 0.00000000E+00
1.3878E+04 4.06694288E-12 0.00000000E+00
1.3902E+04 4.06687380E-12 0.00000000E+00
1.3925E+04 4.06674661E-12 0.00000000E+00
1.3949E+04 4.06616334E-12 0.00000000E+00
1.3972E+04 4.06558262E-12 0.00000000E+00
1.3996E+04 4.06538124E-12 0.00000000E+00
1.4019E+04 4.06509241E-12 0.00000000E+00
1.4043E+04 4.06434075E-12 0.00000000E+00
1.4066E+04 4.06362625E-12 0.00000000E+00
1.4090E+04 4.06331121E-12 0.00000000E+00
1.4114E+04 4.06289652E-12 0.00000000E+00
1.4137E+04 4.06204323E-12 0.00000000E+00
1.4161E+04 4.06125705E-12 0.00000000E+00
1.4184E+04 4.06087077E-12 0.00000000E+00
1.4208E+04 4.06038919E-12 0.00000000E+00
1.4231E+04 4.05951469E-12 0.00000000E+00
1.4255E+04 4.05871894E-12 0.00000000E+00
1.4279E+04 4.05830932E-12 0.00000000E+00
1.4302E+04 4.05782479E-12 0.00000000E+00
1.4326E+04 4.05699874E-12 0.00000000E+00
1.4349E+04 4.05624387E-12 0.00000000E+00
1.4373E+04 4.05584717E-12 0.00000000E+00
1.4396E+04 4.05541013E-12 0.00000000E+00
1.4420E+04 4.05467940E-12 0.00000000E+00
1.4443E+04 4.05399055E-12 0.00000000E+00
1.4467E+04 4.05362708E-12 0.00000000E+00
1.4491E+04 4.05326538E-12 0.00000000E+00
1.4514E+04 4.05264797E-12 0.00000000E+00
1.4538E+04 4.05202667E-12 0.00000000E+00
1.4561E+04 4.05169459E-12 0.00000000E+00
1.4585E+04 4.05141370E-12 0.00000000E+00
1.4608E+04 4.05090127E-12 0.00000000E+00
1.4632E+04 4.05032957E-12 0.00000000E+00
1.4656E+04 4.05001401E-12 0.00000000E+00
1.4679E+04 4.04979881E-12 0.00000000E+00
1.4703E+04 4.04936581E-12 0.00000000E+00
1.4726E+04 4.04881456E-12 0.00000000E+00
1.4750E+04 4.04849229E-12 0.00000000E+00
1.4773E+04 4.04831904E-12 0.00000000E+00
1.4797E+04 4.04793151E-12 0.00000000E+00
1.4820E+04 4.04737192E-12 0.00000000E+00
1.4844E+04 4.04702027E-12 0.00000000E+00
1.4868E+04 4.04686178E-12 0.00000000E+00
1.4891E+04 4.04648946E-12 0.00000000E+00
1.4915E+04 4.04589869E-12 0.00000000E+00
1.4938E+04 4.04550256E-12 0.00000000E+00
1.4962E+04 4.04533696E-12 0.00000000E+00
1.4985E+04 4.04495773E-12 0.00000000E+00
1.5009E+04 4.04432608E-12 0.00000000E+00
1.5033E+04 4.04387863E-12 0.00000000E+00
1.5056E+04 4.04369220E-12 0.00000000E+00
1.5080E+04 4.04329644E-12 0.00000000E+00
1.5103E+04 4.04262552E-12 0.00000000E+00
1.5127E+04 4.04213111E-12 0.00000000E+00
1.5150E+04 4.04191826E-12 0.00000000E+00
1.5174E+04 4.04150754E-12 0.00000000E+00
1.5197E+04 4.04080911E-12 0.00000000E+00
1.5221E+04 4.04027702E-12 0.00000000E+00
1.5245E+04 4.04004037E-12 0.00000000E+00
1.5268E+04 4.03962439E-12 0.00000000E+00
1.5292E+04 4.03891590E-12 0.00000000E+00
1.5315E+04 4.03835909E-12 0.00000000E+00
1.5339E+04 4.03810328E-12 0.00000000E+00
1.5362E+04 4.03769609E-12 0.00000000E+00
1.5386E+04 4.03699528E-12 0.00000000E+00
1.5410E+04 4.03642543E-12 0.00000000E+00
1.5433E+04 4.03615714E-12 0.00000000E+00
1.5457E+04 4.03577109E-12 0.00000000E+00
1.5480E+04 4.03509294E-12 0.00000000E+00
1.5504E+04 4.03451752E-12 0.00000000E+00
1.5527E+04 4.03424086E-12 0.00000000E+00
1.5551E+04 4.03388580E-12 0.00000000E+00
1.5574E+04 4.03323870E-12 0.00000000E+00
1.5598E+04 4.03266101E-12 0.00000000E+00
1.5622E+04 4.03237754E-12 0.00000000E+00
1.5645E+04 4.03205732E-12 0.00000000E+00
1.5669E+04 4.03144454E-12 0.00000000E+00
1.5692E+04 4.03086238E-12 0.00000000E+00
1.5716E+04 4.03057100E-12 0.00000000E+00
1.5739E+04 4.03028470E-12 0.00000000E+00
1.5763E+04 4.02970383E-12 0.00000000E+00
1.5787E+04 4.02911351E-12 0.00000000E+00
1.5810E+04 4.02881044E-12 0.00000000E+00
1.5834E+04 4.02855264E-12 0.00000000E+00
1.5857E+04 4.02799836E-12 0.00000000E+00
1.5881E+04 4.02739459E-12 0.00000000E+00
1.5904E+04 4.02707653E-12 0.00000000E+00
1.5928E+04 4.02683933E-12 0.00000000E+00
1.5951E+04 4.02630547E-12 0.00000000E+00
1.5975E+04 4.02568452E-12 0.00000000E+00
1.5999E+04 4.02534730E-12 0.00000000E+00
1.6022E+04 4.02512297E-12 0.00000000E+00
1.6046E+04 4.02460455E-12 0.00000000E+00
1.6069E+04 4.02396526E-12 0.00000000E+00
1.6093E+04 4.02360658E-12 0.00000000E+00
1.6116E+04 4.02338735E-12 0.00000000E+00
1.6140E+04 4.02288211E-12 0.00000000E+00
1.6163E+04 4.02222602E-12 0.00000000E+00
1.6187E+04 4.02184446E-12 0.00000000E+00
1.6211E+04 4.02162518E-12 0.00000000E+00
1.6234E+04 4.02113294E-12 0.00000000E+00
1.6258E+04 4.02046450E-12 0.00000000E+00
1.6281E+04 4.02005966E-12 0.00000000E+00
1.6305E+04 4.01983681E-12 0.00000000E+00
1.6328E+04 4.01936014E-12 0.00000000E+00
1.6352E+04 4.01868464E-12 0.00000000E+00
1.6376E+04 4.01825709E-12 0.00000000E+00
1.6399E+04 4.01802939E-12 0.00000000E+00
1.6423E+04 4.01757184E-12 0.00000000E+00
1.6446E+04 4.01689556E-12 0.00000000E+00
1.6470E+04 4.01644531E-12 0.00000000E+00
1.6493E+04 4.01621275E-12 0.00000000E+00
1.6517E+04 4.01577815E-12 0.00000000E+00
1.6540E+04 4.01510635E-12 0.00000000E+00
1.6564E+04 4.01463410E-12 0.00000000E+00
1.6588E+04 4.01439697E-12 0.00000000E+00
1.6611E+04 4.01398807E-12 0.00000000E+00
1.6635E+04 4.01332474E-12 0.00000000E+00
1.6658E+04 4.01283034E-12 0.00000000E+00
1.6682E+04 4.01258951E-12 0.00000000E+00
1.6705E+04 4.01220739E-12 0.00000000E+00
1.6729E+04 4.01155506E-12 0.00000000E+00
1.6753E+04 4.01103869E-12 0.00000000E+00
1.6776E+04 4.01079374E-12 0.00000000E+00
1.6800E+04 4.01043804E-12 0.00000000E+00
1.6823E+04 4.00979774E-12 0.00000000E+00
1.6847E+04 4.00925971E-12 0.00000000E+00
1.6870E+04 4.00900997E-12 0.00000000E+00
1.6894E+04 4.00867825E-12 0.00000000E+00
1.6917E+04 4.00805056E-12 0.00000000E+00
1.6941E+04 4.00749148E-12 0.00000000E+00
1.6965E+04 4.00723490E-12 0.00000000E+00
1.6988E+04 4.00692421E-12 0.00000000E+00
1.7012E+04 4.00630914E-12 0.00000000E+00
1.7035E+04 4.00573054E-12 0.00000000E+00
1.7059E+04 4.00546441E-12 0.00000000E+00
1.7082E+04 4.00517103E-12 0.00000000E+00
1.7106E+04 4.00456930E-12 0.00000000E+00
1.7130E+04 4.00397286E-12 0.00000000E+00
1.7153E+04 4.00369404E-12 0.00000000E+00
1.7177E+04 4.00341477E-12 0.00000000E+00
1.7200E+04 4.00282739E-12 0.00000000E+00
1.7224E+04 4.00221570E-12 0.00000000E+00
1.7247E+04 4.00192055E-12 0.00000000E+00
1.7271E+04 4.00165280E-12 0.00000000E+00
1.7294E+04 4.00108149E-12 0.00000000E+00
1.7318E+04 4.00045690E-12 0.00000000E+00
1.7342E+04 4.00014247E-12 0.00000000E+00
1.7365E+04 3.99988449E-12 0.00000000E+00
1.7389E+04 3.99933134E-12 0.00000000E+00
1.7412E+04 3.99869633E-12 0.00000000E+00
1.7436E+04 3.99835973E-12 0.00000000E+00
1.7459E+04 3.99811076E-12 0.00000000E+00
1.7483E+04 3.99757786E-12 0.00000000E+00
1.7507E+04 3.99693471E-12 0.00000000E+00
1.7530E+04 3.99657425E-12 0.00000000E+00
1.7554E+04 3.99633358E-12 0.00000000E+00
1.7577E+04 3.99582271E-12 0.00000000E+00
1.7601E+04 3.99517329E-12 0.00000000E+00
1.7624E+04 3.99478810E-12 0.00000000E+00
1.7648E+04 3.99455537E-12 0.00000000E+00
1.7671E+04 3.99406749E-12 0.00000000E+00
1.7695E+04 3.99341356E-12 0.00000000E+00
1.7719E+04 3.99300365E-12 0.00000000E+00
1.7742E+04 3.99277788E-12 0.00000000E+00
1.7766E+04 3.99231349E-12 0.00000000E+00
1.7789E+04 3.99165652E-12 0.00000000E+00
1.7813E+04 3.99122278E-12 0.00000000E+00
1.7836E+04 3.99100233E-12 0.00000000E+00
1.7860E+04 3.99056118E-12 0.00000000E+00
1.7884E+04 3.98990308E-12 0.00000000E+00
1.7907E+04 3.98944663E-12 0.00000000E+00
1.7931E+04 3.98922896E-12 0.00000000E+00
1.7954E+04 3.98881034E-12 0.00000000E+00
1.7978E+04 3.98815310E-12 0.00000000E+00
1.8001E+04 3.98767564E-12 0.00000000E+00
1.8025E+04 3.98745732E-12 0.00000000E+00
1.8048E+04 3.98706033E-12 0.00000000E+00
1.8072E+04 3.98640623E-12 0.00000000E+00
1.8096E+04 3.98590900E-12 0.00000000E+00
1.8119E+04 3.98568643E-12 0.00000000E+00
1.8143E+04 3.98531028E-12 0.00000000E+00
1.8166E+04 3.98466194E-12 0.00000000E+00
1.8190E+04 3.98414599E-12 0.00000000E+00
1.8213E+04 3.98391514E-12 0.00000000E+00
1.8237E+04 3.98355940E-12 0.00000000E+00
1.8261E+04 3.98291953E-12 0.00000000E+00
1.8284E+04 3.98238555E-12 0.00000000E+00
1.8308E+04 3.98214295E-12 0.00000000E+00
1.8331E+04 3.98180711E-12 0.00000000E+00
1.8355E+04 3.98117847E-12 0.00000000E+00
1.8378E+04 3.98062677E-12 0.00000000E+00
1.8402E+04 3.98036950E-12 0.00000000E+00
1.8425E+04 3.98005331E-12 0.00000000E+00
1.8449E+04 3.97943811E-12 0.00000000E+00
1.8473E+04 3.97886897E-12 0.00000000E+00
1.8496E+04 3.97859513E-12 0.00000000E+00
1.8520E+04 3.97829803E-12 0.00000000E+00
1.8543E+04 3.97769828E-12 0.00000000E+00
1.8567E+04 3.97711182E-12 0.00000000E+00
1.8590E+04 3.97682038E-12 0.00000000E+00
1.8614E+04 3.97654157E-12 0.00000000E+00
1.8637E+04 3.97595875E-12 0.00000000E+00
1.8661E+04 3.97535574E-12 0.00000000E+00
1.8685E+04 3.97504622E-12 0.00000000E+00
1.8708E+04 3.97478414E-12 0.00000000E+00
1.8732E+04 3.97421946E-12 0.00000000E+00
1.8755E+04 3.97360109E-12 0.00000000E+00
1.8779E+04 3.97327368E-12 0.00000000E+00
1.8802E+04 3.97302602E-12 0.00000000E+00
1.8826E+04 3.97248028E-12 0.00000000E+00
1.8850E+04 3.97184846E-12 0.00000000E+00
1.8873E+04 3.97150329E-12 0.00000000E+00
1.8897E+04 3.97126728E-12 0.00000000E+00
1.8920E+04 3.97074118E-12 0.00000000E+00
1.8944E+04 3.97009834E-12 0.00000000E+00
1.8967E+04 3.96973541E-12 0.00000000E+00
1.8991E+04 3.96950779E-12 0.00000000E+00
1.9014E+04 3.96900221E-12 0.00000000E+00
1.9038E+04 3.96835124E-12 0.00000000E+00
1.9062E+04 3.96796997E-12 0.00000000E+00
1.9085E+04 3.96774747E-12 0.00000000E+00
1.9109E+04 3.96726330E-12 0.00000000E+00
1.9132E+04 3.96660747E-12 0.00000000E+00
1.9156E+04 3.96620689E-12 0.00000000E+00
1.9179E+04 3.96598625E-12 0.00000000E+00
1.9203E+04 3.96552441E-12 0.00000000E+00
1.9227E+04 3.96486678E-12 0.00000000E+00
1.9250E+04 3.96444569E-12 0.00000000E+00
1.9274E+04 3.96422427E-12 0.00000000E+00
1.9297E+04 3.96378549E-12 0.00000000E+00
1.9321E+04 3.96312887E-12 0.00000000E+00
1.9344E+04 3.96268576E-12 0.00000000E+00
1.9368E+04 3.96246158E-12 0.00000000E+00
1.9391E+04 3.96204648E-12 0.00000000E+00
1.9415E+04 3.96139330E-12 0.00000000E+00
1.9439E+04 3.96092698E-12 0.00000000E+00
1.9462E+04 3.96069846E-12 0.00000000E+00
1.9486E+04 3.96030721E-12 0.00000000E+00
1.9509E+04 3.95965961E-12 0.00000000E+00
1.9533E+04 3.95916941E-12 0.00000000E+00
1.9556E+04 3.95893546E-12 0.00000000E+00
1.9580E+04 3.95856747E-12 0.00000000E+00
1.9604E+04 3.95792719E-12 0.00000000E+00
1.9627E+04 3.95741328E-12 0.00000000E+00
1.9651E+04 3.95717293E-12 0.00000000E+00
1.9674E+04 3.95682707E-12 0.00000000E+00
1.9698E+04 3.95619553E-12 0.00000000E+00
1.9721E+04 3.95565878E-12 0.00000000E+00
1.9745E+04 3.95541108E-12 0.00000000E+00
1.9768E+04 3.95508574E-12 0.00000000E+00
1.9792E+04 3.95446454E-12 0.00000000E+00
1.9816E+04 3.95390657E-12 0.00000000E+00
1.9839E+04 3.95364998E-12 0.00000000E+00
1.9863E+04 3.95334324E-12 0.00000000E+00
1.9886E+04 3.95273411E-12 0.00000000E+00
1.9910E+04 3.95215731E-12 0.00000000E+00
1.9933E+04 3.95188988E-12 0.00000000E+00
1.9957E+04 3.95159945E-12 0.00000000E+00
1.9981E+04 3.95100424E-12 0.00000000E+00
2.0004E+04 3.95041119E-12 0.00000000E+00
2.0028E+04 3.95013059E-12 0.00000000E+00
2.0051E+04 3.94985442E-12 0.00000000E+00
2.0075E+04 3.94927499E-12 0.00000000E+00
2.0098E+04 3.94866826E-12 0.00000000E+00
2.0122E+04 3.94837178E-12 0.00000000E+00
2.0145E+04 3.94810818E-12 0.00000000E+00
2.0169E+04 3.94754659E-12 0.00000000E+00
2.0193E+04 3.94692852E-12 0.00000000E+00
2.0216E+04 3.94661342E-12 0.00000000E+00
2.0240E+04 3.94636090E-12 0.00000000E+00
2.0263E+04 3.94581909E-12 0.00000000E+00
2.0287E+04 3.94519184E-12 0.00000000E+00
2.0310E+04 3.94485567E-12 0.00000000E+00
2.0334E+04 3.94461294E-12 0.00000000E+00
2.0358E+04 3.94409231E-12 0.00000000E+00
2.0381E+04 3.94345761E-12 0.00000000E+00
2.0405E+04 3.94309866E-12 0.00000000E+00
2.0428E+04 3.94286462E-12 0.00000000E+00
2.0452E+04 3.94236608E-12 0.00000000E+00
2.0475E+04 3.94172528E-12 0.00000000E+00
2.0499E+04 3.94134247E-12 0.00000000E+00
2.0522E+04 3.94111601E-12 0.00000000E+00
2.0546E+04 3.94064014E-12 0.00000000E+00
2.0570E+04 3.93999468E-12 0.00000000E+00
2.0593E+04 3.93958772E-12 0.00000000E+00
2.0617E+04 3.93936723E-12 0.00000000E+00
2.0640E+04 3.93891407E-12 0.00000000E+00
2.0664E+04 3.93826562E-12 0.00000000E+00
2.0687E+04 3.93783509E-12 0.00000000E+00
2.0711E+04 3.93761842E-12 0.00000000E+00
2.0735E+04 3.93718747E-12 0.00000000E+00
2.0758E+04 3.93653784E-12 0.00000000E+00
2.0782E+04 3.93608485E-12 0.00000000E+00
2.0805E+04 3.93586946E-12 0.00000000E+00
2.0829E+04 3.93546010E-12 0.00000000E+00
2.0852E+04 3.93481136E-12 0.00000000E+00
2.0876E+04 3.93433717E-12 0.00000000E+00
2.0899E+04 3.93412003E-12 0.00000000E+00
2.0923E+04 3.93373180E-12 0.00000000E+00
2.0947E+04 3.93308654E-12 0.00000000E+00
2.0970E+04 3.93259235E-12 0.00000000E+00
2.0994E+04 3.93237009E-12 0.00000000E+00
2.1017E+04 3.93200246E-12 0.00000000E+00
2.1041E+04 3.93136353E-12 0.00000000E+00
2.1064E+04 3.93085051E-12 0.00000000E+00
2.1088E+04 3.93061973E-12 0.00000000E+00
2.1112E+04 3.93027220E-12 0.00000000E+00
2.1135E+04 3.92964224E-12 0.00000000E+00
2.1159E+04 3.92911120E-12 0.00000000E+00
2.1182E+04 3.92886898E-12 0.00000000E+00
2.1206E+04 3.92854119E-12 0.00000000E+00
2.1229E+04 3.92792271E-12 0.00000000E+00
2.1253E+04 3.92737409E-12 0.00000000E+00
2.1276E+04 3.92711792E-12 0.00000000E+00
2.1300E+04 3.92680956E-12 0.00000000E+00
2.1324E+04 3.92620485E-12 0.00000000E+00
2.1347E+04 3.92563908E-12 0.00000000E+00
2.1371E+04 3.92536708E-12 0.00000000E+00
2.1394E+04 3.92507737E-12 0.00000000E+00
2.1418E+04 3.92448833E-12 0.00000000E+00
2.1441E+04 3.92390601E-12 0.00000000E+00
2.1465E+04 3.92361702E-12 0.00000000E+00
2.1488E+04 3.92334474E-12 0.00000000E+00
2.1512E+04 3.92277265E-12 0.00000000E+00
2.1536E+04 3.92217464E-12 0.00000000E+00
2.1559E+04 3.92186810E-12 0.00000000E+00
2.1583E+04 3.92161157E-12 0.00000000E+00
2.1606E+04 3.92105747E-12 0.00000000E+00
2.1630E+04 3.92044500E-12 0.00000000E+00
2.1653E+04 3.92012061E-12 0.00000000E+00
2.1677E+04 3.91987764E-12 0.00000000E+00
2.1701E+04 3.91934247E-12 0.00000000E+00
2.1724E+04 3.91871748E-12 0.00000000E+00
2.1748E+04 3.91837497E-12 0.00000000E+00
2.1771E+04 3.91814278E-12 0.00000000E+00
2.1795E+04 3.91762734E-12 0.00000000E+00
2.1818E+04 3.91699227E-12 0.00000000E+00
2.1842E+04 3.91663136E-12 0.00000000E+00
2.1865E+04 3.91640692E-12 0.00000000E+00
2.1889E+04 3.91591192E-12 0.00000000E+00
2.1913E+04 3.91526948E-12 0.00000000E+00
2.1936E+04 3.91488959E-12 0.00000000E+00
2.1960E+04 3.91466993E-12 0.00000000E+00
2.1983E+04 3.91419621E-12 0.00000000E+00
2.2007E+04 3.91354930E-12 0.00000000E+00
2.2030E+04 3.91314952E-12 0.00000000E+00
2.2054E+04 3.91293183E-12 0.00000000E+00
2.2078E+04 3.91248026E-12 0.00000000E+00
2.2101E+04 3.91183181E-12 0.00000000E+00
2.2125E+04 3.91141111E-12 0.00000000E+00
2.2148E+04 3.91119288E-12 0.00000000E+00
2.2172E+04 3.91076410E-12 0.00000000E+00
2.2195E+04 3.91011679E-12 0.00000000E+00
2.2219E+04 3.90967416E-12 0.00000000E+00
2.2242E+04 3.90945340E-12 0.00000000E+00
2.2266E+04 3.90904775E-12 0.00000000E+00
2.2290E+04 3.90840392E-12 0.00000000E+00
2.2313E+04 3.90793860E-12 0.00000000E+00
2.2337E+04 3.90771372E-12 0.00000000E+00
2.2360E+04 3.90733118E-12 0.00000000E+00
2.2384E+04 3.90669289E-12 0.00000000E+00
2.2407E+04 3.90620457E-12 0.00000000E+00
2.2431E+04 3.90597422E-12 0.00000000E+00
2.2455E+04 3.90561422E-12 0.00000000E+00
2.2478E+04 3.90498331E-12 0.00000000E+00
2.2502E+04 3.90447236E-12 0.00000000E+00
2.2525E+04 3.90423526E-12 0.00000000E+00
2.2549E+04 3.90389668E-12 0.00000000E+00
2.2572E+04 3.90327478E-12 0.00000000E+00
2.2596E+04 3.90274220E-12 0.00000000E+00
2.2619E+04 3.90249701E-12 0.00000000E+00
2.2643E+04 3.90217832E-12 0.00000000E+00
2.2667E+04 3.90156707E-12 0.00000000E+00
2.2690E+04 3.90101443E-12 0.00000000E+00
2.2714E+04 3.90075947E-12 0.00000000E+00
2.2737E+04 3.90045890E-12 0.00000000E+00
2.2761E+04 3.89986009E-12 0.00000000E+00
2.2784E+04 3.89928945E-12 0.00000000E+00
2.2808E+04 3.89902271E-12 0.00000000E+00
2.2832E+04 3.89873828E-12 0.00000000E+00
2.2855E+04 3.89815375E-12 0.00000000E+00
2.2879E+04 3.89756743E-12 0.00000000E+00
2.2902E+04 3.89728665E-12 0.00000000E+00
2.2926E+04 3.89701648E-12 0.00000000E+00
2.2949E+04 3.89644804E-12 0.00000000E+00
2.2973E+04 3.89584830E-12 0.00000000E+00
2.2996E+04 3.89555111E-12 0.00000000E+00
2.3020E+04 3.89529354E-12 0.00000000E+00
2.3044E+04 3.89474304E-12 0.00000000E+00
2.3067E+04 3.89413199E-12 0.00000000E+00
2.3091E+04 3.89381606E-12 0.00000000E+00
2.3114E+04 3.89356961E-12 0.00000000E+00
2.3138E+04 3.89303874E-12 0.00000000E+00
2.3161E+04 3.89241839E-12 0.00000000E+00
2.3185E+04 3.89208172E-12 0.00000000E+00
2.3209E+04 3.89184496E-12 0.00000000E+00
2.3232E+04 3.89133499E-12 0.00000000E+00
2.3256E+04 3.89070709E-12 0.00000000E+00
2.3279E+04 3.89034830E-12 0.00000000E+00
2.3303E+04 3.89011987E-12 0.00000000E+00
2.3326E+04 3.88963160E-12 0.00000000E+00
2.3350E+04 3.88899771E-12 0.00000000E+00
2.3373E+04 3.88861601E-12 0.00000000E+00
2.3397E+04 3.88839445E-12 0.00000000E+00
2.3421E+04 3.88792835E-12 0.00000000E+00
2.3444E+04 3.88729007E-12 0.00000000E+00
2.3468E+04 3.88688527E-12 0.00000000E+00
2.3491E+04 3.88666876E-12 0.00000000E+00
2.3515E+04 3.88622492E-12 0.00000000E+00
2.3538E+04 3.88558410E-12 0.00000000E+00
2.3562E+04 3.88515663E-12 0.00000000E+00
2.3586E+04 3.88494289E-12 0.00000000E+00
2.3609E+04 3.88452100E-12 0.00000000E+00
2.3633E+04 3.88387966E-12 0.00000000E+00
2.3656E+04 3.88343037E-12 0.00000000E+00
2.3680E+04 3.88321680E-12 0.00000000E+00
2.3703E+04 3.88281636E-12 0.00000000E+00
2.3727E+04 3.88217673E-12 0.00000000E+00
2.3750E+04 3.88170661E-12 0.00000000E+00
2.3774E+04 3.88149033E-12 0.00000000E+00
2.3798E+04 3.88111090E-12 0.00000000E+00
2.3821E+04 3.88047545E-12 0.00000000E+00
2.3845E+04 3.87998542E-12 0.00000000E+00
2.3868E+04 3.87976339E-12 0.00000000E+00
2.3892E+04 3.87940456E-12 0.00000000E+00
2.3915E+04 3.87877593E-12 0.00000000E+00
2.3939E+04 3.87826688E-12 0.00000000E+00
2.3962E+04 3.87803609E-12 0.00000000E+00
2.3986E+04 3.87769737E-12 0.00000000E+00
2.4010E+04 3.87707813E-12 0.00000000E+00
2.4033E+04 3.87655079E-12 0.00000000E+00
2.4057E+04 3.87630861E-12 0.00000000E+00
2.4080E+04 3.87598945E-12 0.00000000E+00
2.4104E+04 3.87538189E-12 0.00000000E+00
2.4127E+04 3.87483685E-12 0.00000000E+00
2.4151E+04 3.87458114E-12 0.00000000E+00
2.4175E+04 3.87428090E-12 0.00000000E+00
2.4198E+04 3.87368703E-12 0.00000000E+00
2.4222E+04 3.87312488E-12 0.00000000E+00
2.4245E+04 3.87285398E-12 0.00000000E+00
2.4269E+04 3.87257174E-12 0.00000000E+00
2.4292E+04 3.87199333E-12 0.00000000E+00
2.4316E+04 3.87141486E-12 0.00000000E+00
2.4339E+04 3.87112760E-12 0.00000000E+00
2.4363E+04 3.87086197E-12 0.00000000E+00
2.4387E+04 3.87030039E-12 0.00000000E+00
2.4410E+04 3.86970681E-12 0.00000000E+00
2.4434E+04 3.86940245E-12 0.00000000E+00
2.4457E+04 3.86915155E-12 0.00000000E+00
2.4481E+04 3.86860785E-12 0.00000000E+00
2.4504E+04 3.86800072E-12 0.00000000E+00
2.4528E+04 3.86767877E-12 0.00000000E+00
2.4552E+04 3.86744035E-12 0.00000000E+00
2.4575E+04 3.86691544E-12 0.00000000E+00
2.4599E+04 3.86629673E-12 0.00000000E+00
2.4622E+04 3.86595669E-12 0.00000000E+00
2.4646E+04 3.86572819E-12 0.00000000E+00
2.4669E+04 3.86522301E-12 0.00000000E+00
2.4693E+04 3.86459511E-12 0.00000000E+00
2.4716E+04 3.86423636E-12 0.00000000E+00
2.4740E+04 3.86401501E-12 0.00000000E+00
2.4764E+04 3.86353041E-12 0.00000000E+00
2.4787E+04 3.86289603E-12 0.00000000E+00
2.4811E+04 3.86251785E-12 0.00000000E+00
2.4834E+04 3.86230084E-12 0.00000000E+00
2.4858E+04 3.86183758E-12 0.00000000E+00
2.4881E+04 3.86119945E-12 0.00000000E+00
2.4905E+04 3.86080098E-12 0.00000000E+00
2.4929E+04 3.86058581E-12 0.00000000E+00
2.4952E+04 3.86014455E-12 0.00000000E+00
2.4976E+04 3.85950526E-12 0.00000000E+00
2.4999E+04 3.85908558E-12 0.00000000E+00
2.5023E+04 3.85887003E-12 0.00000000E+00
2.5046E+04 3.85845134E-12 0.00000000E+00
2.5070E+04 3.85781338E-12 0.00000000E+00
2.5093E+04 3.85737167E-12 0.00000000E+00
2.5117E+04 3.85715380E-12 0.00000000E+00
2.5141E+04 3.85675789E-12 0.00000000E+00
2.5164E+04 3.85612355E-12 0.00000000E+00
2.5188E+04 3.85565939E-12 0.00000000E+00
2.5211E+04 3.85543753E-12 0.00000000E+00
2.5235E+04 3.85506410E-12 0.00000000E+00
2.5258E+04 3.85443534E-12 0.00000000E+00
2.5282E+04 3.85394881E-12 0.00000000E+00
2.5306E+04 3.85372151E-12 0.00000000E+00
2.5329E+04 3.85336984E-12 0.00000000E+00
2.5353E+04 3.85274842E-12 0.00000000E+00
2.5376E+04 3.85224005E-12 0.00000000E+00
2.5400E+04 3.85200587E-12 0.00000000E+00
2.5423E+04 3.85167492E-12 0.00000000E+00
2.5447E+04 3.85106260E-12 0.00000000E+00
2.5470E+04 3.85053351E-12 0.00000000E+00
2.5494E+04 3.85029079E-12 0.00000000E+00
2.5518E+04 3.84997908E-12 0.00000000E+00
2.5541E+04 3.84937771E-12 0.00000000E+00
2.5565E+04 3.84882956E-12 0.00000000E+00
2.5588E+04 3.84857644E-12 0.00000000E+00
2.5612E+04 3.84828222E-12 0.00000000E+00
2.5635E+04 3.84769353E-12 0.00000000E+00
2.5659E+04 3.84712828E-12 0.00000000E+00
2.5683E+04 3.84686275E-12 0.00000000E+00
2.5706E+04 3.84658427E-12 0.00000000E+00
2.5730E+04 3.84601005E-12 0.00000000E+00
2.5753E+04 3.84542972E-12 0.00000000E+00
2.5777E+04 3.84514955E-12 0.00000000E+00
2.5800E+04 3.84488517E-12 0.00000000E+00
2.5824E+04 3.84432732E-12 0.00000000E+00
2.5847E+04 3.84373401E-12 0.00000000E+00
2.5871E+04 3.84343693E-12 0.00000000E+00
2.5895E+04 3.84318502E-12 0.00000000E+00
2.5918E+04 3.84264531E-12 0.00000000E+00
2.5942E+04 3.84204104E-12 0.00000000E+00
2.5965E+04 3.84172502E-12 0.00000000E+00
2.5989E+04 3.84148406E-12 0.00000000E+00
2.6012E+04 3.84096386E-12 0.00000000E+00
2.6036E+04 3.84035045E-12 0.00000000E+00
2.6060E+04 3.84001386E-12 0.00000000E+00
2.6083E+04 3.83978246E-12 0.00000000E+00
2.6107E+04 3.83928290E-12 0.00000000E+00
2.6130E+04 3.83866197E-12 0.00000000E+00
2.6154E+04 3.83830364E-12 0.00000000E+00
2.6177E+04 3.83808033E-12 0.00000000E+00
2.6201E+04 3.83760224E-12 0.00000000E+00
2.6224E+04 3.83697550E-12 0.00000000E+00
2.6248E+04 3.83659481E-12 0.00000000E+00
2.6272E+04 3.83637784E-12 0.00000000E+00
2.6295E+04 3.83592157E-12 0.00000000E+00
2.6319E+04 3.83529080E-12 0.00000000E+00
2.6342E+04 3.83488777E-12 0.00000000E+00
2.6366E+04 3.83467512E-12 0.00000000E+00
2.6389E+04 3.83424061E-12 0.00000000E+00
2.6413E+04 3.83360767E-12 0.00000000E+00
2.6437E+04 3.83318272E-12 0.00000000E+00
2.6460E+04 3.83297211E-12 0.00000000E+00
2.6484E+04 3.83255917E-12 0.00000000E+00
2.6507E+04 3.83192613E-12 0.00000000E+00
2.6531E+04 3.83147990E-12 0.00000000E+00
2.6554E+04 3.83126870E-12 0.00000000E+00
2.6578E+04 3.83087703E-12 0.00000000E+00
2.6601E+04 3.83024630E-12 0.00000000E+00
2.6625E+04 3.82977963E-12 0.00000000E+00
2.6649E+04 3.82956493E-12 0.00000000E+00
2.6672E+04 3.82919409E-12 0.00000000E+00
2.6696E+04 3.82856815E-12 0.00000000E+00
2.6719E+04 3.82808190E-12 0.00000000E+00
2.6743E+04 3.82786085E-12 0.00000000E+00
2.6766E+04 3.82751033E-12 0.00000000E+00
2.6790E+04 3.82689163E-12 0.00000000E+00
2.6813E+04 3.82638650E-12 0.00000000E+00
2.6837E+04 3.82615643E-12 0.00000000E+00
2.6861E+04 3.82582583E-12 0.00000000E+00
2.6884E+04 3.82521677E-12 0.00000000E+00
2.6908E+04 3.82469336E-12 0.00000000E+00
2.6931E+04 3.82445183E-12 0.00000000E+00
2.6955E+04 3.82414059E-12 0.00000000E+00
2.6978E+04 3.82354346E-12 0.00000000E+00
2.7002E+04 3.82300242E-12 0.00000000E+00
2.7026E+04 3.82274745E-12 0.00000000E+00
2.7049E+04 3.82245472E-12 0.00000000E+00
2.7073E+04 3.82187139E-12 0.00000000E+00
2.7096E+04 3.82131349E-12 0.00000000E+00
2.7120E+04 3.82104360E-12 0.00000000E+00
2.7143E+04 3.82076825E-12 0.00000000E+00
2.7167E+04 3.82020026E-12 0.00000000E+00
2.7190E+04 3.81962642E-12 0.00000000E+00
2.7214E+04 3.81934054E-12 0.00000000E+00
2.7238E+04 3.81908113E-12 0.00000000E+00
2.7261E+04 3.81852983E-12 0.00000000E+00
2.7285E+04 3.81794134E-12 0.00000000E+00
2.7308E+04 3.81763863E-12 0.00000000E+00
2.7332E+04 3.81739324E-12 0.00000000E+00
2.7355E+04 3.81685979E-12 0.00000000E+00
2.7379E+04 3.81625840E-12 0.00000000E+00
2.7403E+04 3.81593824E-12 0.00000000E+00
2.7426E+04 3.81570453E-12 0.00000000E+00
2.7450E+04 3.81518984E-12 0.00000000E+00
2.7473E+04 3.81457765E-12 0.00000000E+00
2.7497E+04 3.81423946E-12 0.00000000E+00
2.7520E+04 3.81401492E-12 0.00000000E+00
2.7544E+04 3.81351985E-12 0.00000000E+00
2.7567E+04 3.81289919E-12 0.00000000E+00
2.7591E+04 3.81254225E-12 0.00000000E+00
2.7615E+04 3.81232429E-12 0.00000000E+00
2.7638E+04 3.81184974E-12 0.00000000E+00
2.7662E+04 3.81122323E-12 0.00000000E+00
2.7685E+04 3.81084670E-12 0.00000000E+00
2.7709E+04 3.81063271E-12 0.00000000E+00
2.7732E+04 3.81017946E-12 0.00000000E+00
2.7756E+04 3.80954975E-12 0.00000000E+00
2.7780E+04 3.80915280E-12 0.00000000E+00
2.7803E+04 3.80894036E-12 0.00000000E+00
2.7827E+04 3.80850898E-12 0.00000000E+00
2.7850E+04 3.80787856E-12 0.00000000E+00
2.7874E+04 3.80746037E-12 0.00000000E+00
2.7897E+04 3.80724741E-12 0.00000000E+00
2.7921E+04 3.80683831E-12 0.00000000E+00
2.7944E+04 3.80620948E-12 0.00000000E+00
2.7968E+04 3.80576942E-12 0.00000000E+00
2.7992E+04 3.80555409E-12 0.00000000E+00
2.8015E+04 3.80516737E-12 0.00000000E+00
2.8039E+04 3.80454233E-12 0.00000000E+00
2.8062E+04 3.80408013E-12 0.00000000E+00
2.8086E+04 3.80386075E-12 0.00000000E+00
2.8109E+04 3.80349603E-12 0.00000000E+00
2.8133E+04 3.80287674E-12 0.00000000E+00
2.8157E+04 3.80239264E-12 0.00000000E+00
2.8180E+04 3.80216768E-12 0.00000000E+00
2.8204E+04 3.80182417E-12 0.00000000E+00
2.8227E+04 3.80121238E-12 0.00000000E+00
2.8251E+04 3.80070708E-12 0.00000000E+00
2.8274E+04 3.80047499E-12 0.00000000E+00
2.8298E+04 3.80015159E-12 0.00000000E+00
2.8321E+04 3.79954908E-12 0.00000000E+00
2.8345E+04 3.79902377E-12 0.00000000E+00
2.8369E+04 3.79878280E-12 0.00000000E+00
2.8392E+04 3.79847809E-12 0.00000000E+00
2.8416E+04 3.79788670E-12 0.00000000E+00
2.8439E+04 3.79734303E-12 0.00000000E+00
2.8463E+04 3.79709126E-12 0.00000000E+00
2.8486E+04 3.79680357E-12 0.00000000E+00
2.8510E+04 3.79622508E-12 0.00000000E+00
2.8534E+04 3.79566495E-12 0.00000000E+00
2.8557E+04 3.79540035E-12 0.00000000E+00
2.8581E+04 3.79512799E-12 0.00000000E+00
2.8604E+04 3.79456418E-12 0.00000000E+00
2.8628E+04 3.79398951E-12 0.00000000E+00
2.8651E+04 3.79370994E-12 0.00000000E+00
2.8675E+04 3.79345134E-12 0.00000000E+00
2.8698E+04 3.79290401E-12 0.00000000E+00
2.8722E+04 3.79231678E-12 0.00000000E+00
2.8746E+04 3.79202011E-12 0.00000000E+00
2.8769E+04 3.79177371E-12 0.00000000E+00
2.8793E+04 3.79124453E-12 0.00000000E+00
2.8816E+04 3.79064667E-12 0.00000000E+00
2.8840E+04 3.79033104E-12 0.00000000E+00
2.8863E+04 3.79009530E-12 0.00000000E+00
2.8887E+04 3.78958558E-12 0.00000000E+00
2.8911E+04 3.78897887E-12 0.00000000E+00
2.8934E+04 3.78864284E-12 0.00000000E+00
2.8958E+04 3.78841629E-12 0.00000000E+00
2.8981E+04 3.78792703E-12 0.00000000E+00
2.9005E+04 3.78731310E-12 0.00000000E+00
2.9028E+04 3.78695567E-12 0.00000000E+00
2.9052E+04 3.78673677E-12 0.00000000E+00
2.9075E+04 3.78626870E-12 0.00000000E+00
2.9099E+04 3.78564926E-12 0.00000000E+00
2.9123E+04 3.78526991E-12 0.00000000E+00
2.9146E+04 3.78505685E-12 0.00000000E+00
2.9170E+04 3.78461031E-12 0.00000000E+00
2.9193E+04 3.78398722E-12 0.00000000E+00
2.9217E+04 3.78358599E-12 0.00000000E+00
2.9240E+04 3.78337666E-12 0.00000000E+00
2.9264E+04 3.78295160E-12 0.00000000E+00
2.9287E+04 3.78232680E-12 0.00000000E+00
2.9311E+04 3.78190411E-12 0.00000000E+00
2.9335E+04 3.78169618E-12 0.00000000E+00
2.9358E+04 3.78129237E-12 0.00000000E+00
2.9382E+04 3.78066797E-12 0.00000000E+00
2.9405E+04 3.78022442E-12 0.00000000E+00
2.9429E+04 3.78001531E-12 0.00000000E+00
2.9452E+04 3.77963247E-12 0.00000000E+00
2.9476E+04 3.77901080E-12 0.00000000E+00
2.9500E+04 3.77854711E-12 0.00000000E+00
2.9523E+04 3.77833405E-12 0.00000000E+00
2.9547E+04 3.77797180E-12 0.00000000E+00
2.9570E+04 3.77735535E-12 0.00000000E+00
2.9594E+04 3.77687228E-12 0.00000000E+00
2.9617E+04 3.77665250E-12 0.00000000E+00
2.9641E+04 3.77631034E-12 0.00000000E+00
2.9664E+04 3.77570152E-12 0.00000000E+00
2.9688E+04 3.77519979E-12 0.00000000E+00
2.9712E+04 3.77497077E-12 0.00000000E+00
2.9735E+04 3.77464816E-12 0.00000000E+00
2.9759E+04 3.77404921E-12 0.00000000E+00
2.9782E+04 3.77352945E-12 0.00000000E+00
2.9806E+04 3.77328896E-12 0.00000000E+00
2.9829E+04 3.77298528E-12 0.00000000E+00
2.9853E+04 3.77239833E-12 0.00000000E+00
2.9877E+04 3.77186120E-12 0.00000000E+00
2.9900E+04 3.77160736E-12 0.00000000E+00
2.9924E+04 3.77132174E-12 0.00000000E+00
2.9947E+04 3.77074865E-12 0.00000000E+00
2.9971E+04 3.77019500E-12 0.00000000E+00
2.9994E+04 3.76992635E-12 0.00000000E+00
3.0018E+04 3.76965755E-12 0.00000000E+00
3.0041E+04 3.76909986E-12 0.00000000E+00
3.0065E+04 3.76853080E-12 0.00000000E+00
3.0089E+04 3.76824626E-12 0.00000000E+00
3.0112E+04 3.76799270E-12 0.00000000E+00
3.0136E+04 3.76745164E-12 0.00000000E+00
3.0159E+04 3.76686856E-12 0.00000000E+00
3.0183E+04 3.76656732E-12 0.00000000E+00
3.0206E+04 3.76632709E-12 0.00000000E+00
3.0230E+04 3.76580378E-12 0.00000000E+00
3.0254E+04 3.76520839E-12 0.00000000E+00
3.0277E+04 3.76488972E-12 0.00000000E+00
3.0301E+04 3.76466062E-12 0.00000000E+00
3.0324E+04 3.76415607E-12 0.00000000E+00
3.0348E+04 3.76355050E-12 0.00000000E+00
3.0371E+04 3.76321370E-12 0.00000000E+00
3.0395E+04 3.76299323E-12 0.00000000E+00
3.0418E+04 3.76250832E-12 0.00000000E+00
3.0442E+04 3.76189496E-12 0.00000000E+00
3.0466E+04 3.76153933E-12 0.00000000E+00
3.0489E+04 3.76132496E-12 0.00000000E+00
3.0513E+04 3.76086043E-12 0.00000000E+00
3.0536E+04 3.76024175E-12 0.00000000E+00
3.0560E+04 3.75986653E-12 0.00000000E+00
3.0583E+04 3.75965582E-12 0.00000000E+00
3.0607E+04 3.75921238E-12 0.00000000E+00
3.0631E+04 3.75859086E-12 0.00000000E+00
3.0654E+04 3.75819523E-12 0.00000000E+00
3.0678E+04 3.75798590E-12 0.00000000E+00
3.0701E+04 3.75756416E-12 0.00000000E+00
3.0725E+04 3.75694225E-12 0.00000000E+00
3.0748E+04 3.75652549E-12 0.00000000E+00
3.0772E+04 3.75631544E-12 0.00000000E+00
3.0795E+04 3.75591568E-12 0.00000000E+00
3.0819E+04 3.75529571E-12 0.00000000E+00
3.0843E+04 3.75485740E-12 0.00000000E+00
3.0866E+04 3.75464475E-12 0.00000000E+00
3.0890E+04 3.75426689E-12 0.00000000E+00
3.0913E+04 3.75365089E-12 0.00000000E+00
3.0937E+04 3.75319093E-12 0.00000000E+00
3.0960E+04 3.75297405E-12 0.00000000E+00
3.0984E+04 3.75261768E-12 0.00000000E+00
3.1008E+04 3.75200756E-12 0.00000000E+00
3.1031E+04 3.75152623E-12 0.00000000E+00
3.1055E+04 3.75130350E-12 0.00000000E+00
3.1078E+04 3.75096789E-12 0.00000000E+00
3.1102E+04 3.75036553E-12 0.00000000E+00
3.1125E+04 3.74986361E-12 0.00000000E+00
3.1149E+04 3.74963335E-12 0.00000000E+00
3.1172E+04 3.74931735E-12 0.00000000E+00
3.1196E+04 3.74872455E-12 0.00000000E+00
3.1220E+04 3.74820332E-12 0.00000000E+00
3.1243E+04 3.74796376E-12 0.00000000E+00
3.1267E+04 3.74766592E-12 0.00000000E+00
3.1290E+04 3.74708442E-12 0.00000000E+00
3.1314E+04 3.74654543E-12 0.00000000E+00
3.1337E+04 3.74629472E-12 0.00000000E+00
3.1361E+04 3.74601351E-12 0.00000000E+00
3.1385E+04 3.74544509E-12 0.00000000E+00
3.1408E+04 3.74489007E-12 0.00000000E+00
3.1432E+04 3.74462621E-12 0.00000000E+00
3.1455E+04 3.74436005E-12 0.00000000E+00
3.1479E+04 3.74380652E-12 0.00000000E+00
3.1502E+04 3.74323741E-12 0.00000000E+00
3.1526E+04 3.74295832E-12 0.00000000E+00
3.1549E+04 3.74270558E-12 0.00000000E+00
3.1573E+04 3.74216863E-12 0.00000000E+00
3.1597E+04 3.74158736E-12 0.00000000E+00
3.1620E+04 3.74129113E-12 0.00000000E+00
3.1644E+04 3.74105022E-12 0.00000000E+00
3.1667E+04 3.74053133E-12 0.00000000E+00
3.1691E+04 3.73993970E-12 0.00000000E+00
3.1714E+04 3.73962467E-12 0.00000000E+00
3.1738E+04 3.73939410E-12 0.00000000E+00
3.1762E+04 3.73889454E-12 0.00000000E+00
3.1785E+04 3.73829429E-12 0.00000000E+00
3.1809E+04 3.73795909E-12 0.00000000E+00
3.1832E+04 3.73773732E-12 0.00000000E+00
3.1856E+04 3.73725810E-12 0.00000000E+00
3.1879E+04 3.73665100E-12 0.00000000E+00
3.1903E+04 3.73629476E-12 0.00000000E+00
3.1926E+04 3.73608007E-12 0.00000000E+00
3.1950E+04 3.73562176E-12 0.00000000E+00
3.1974E+04 3.73500960E-12 0.00000000E+00
3.1997E+04 3.73463192E-12 0.00000000E+00
3.2021E+04 3.73442245E-12 0.00000000E+00
3.2044E+04 3.73398532E-12 0.00000000E+00
3.2068E+04 3.73336989E-12 0.00000000E+00
3.2091E+04 3.73297077E-12 0.00000000E+00
3.2115E+04 3.73276446E-12 0.00000000E+00
3.2138E+04 3.73234857E-12 0.00000000E+00
3.2162E+04 3.73173188E-12 0.00000000E+00
3.2186E+04 3.73131163E-12 0.00000000E+00
3.2209E+04 3.73110611E-12 0.00000000E+00
3.2233E+04 3.73071129E-12 0.00000000E+00
3.2256E+04 3.73009556E-12 0.00000000E+00
3.2280E+04 3.72965475E-12 0.00000000E+00
3.2303E+04 3.72944746E-12 0.00000000E+00
3.2327E+04 3.72907334E-12 0.00000000E+00
3.2351E+04 3.72846084E-12 0.00000000E+00
3.2374E+04 3.72800015E-12 0.00000000E+00
3.2398E+04 3.72778852E-12 0.00000000E+00
3.2421E+04 3.72743468E-12 0.00000000E+00
3.2445E+04 3.72682771E-12 0.00000000E+00
3.2468E+04 3.72634782E-12 0.00000000E+00
3.2492E+04 3.72612925E-12 0.00000000E+00
3.2515E+04 3.72579526E-12 0.00000000E+00
3.2539E+04 3.72519620E-12 0.00000000E+00
3.2563E+04 3.72469778E-12 0.00000000E+00
3.2586E+04 3.72446986E-12 0.00000000E+00
3.2610E+04 3.72415510E-12 0.00000000E+00
3.2633E+04 3.72356618E-12 0.00000000E+00
3.2657E+04 3.72304998E-12 0.00000000E+00
3.2680E+04 3.72281057E-12 0.00000000E+00
3.2704E+04 3.72251426E-12 0.00000000E+00
3.2728E+04 3.72193743E-12 0.00000000E+00
3.2751E+04 3.72140422E-12 0.00000000E+00
3.2775E+04 3.72115158E-12 0.00000000E+00
3.2798E+04 3.72087276E-12 0.00000000E+00
3.2822E+04 3.72030975E-12 0.00000000E+00
3.2845E+04 3.71976043E-12 0.00000000E+00
3.2869E+04 3.71949313E-12 0.00000000E+00
3.2892E+04 3.71923055E-12 0.00000000E+00
3.2916E+04 3.71868295E-12 0.00000000E+00
3.2940E+04 3.71811872E-12 0.00000000E+00
3.2963E+04 3.71783560E-12 0.00000000E+00
3.2987E+04 3.71758764E-12 0.00000000E+00
3.3010E+04 3.71705670E-12 0.00000000E+00
3.3034E+04 3.71647908E-12 0.00000000E+00
3.3057E+04 3.71617929E-12 0.00000000E+00
3.3081E+04 3.71594398E-12 0.00000000E+00
3.3105E+04 3.71543074E-12 0.00000000E+00
3.3128E+04 3.71484150E-12 0.00000000E+00
3.3152E+04 3.71452427E-12 0.00000000E+00
3.3175E+04 3.71429948E-12 0.00000000E+00
3.3199E+04 3.71380493E-12 0.00000000E+00
3.3222E+04 3.71320612E-12 0.00000000E+00
3.3246E+04 3.71287069E-12 0.00000000E+00
3.3269E+04 3.71265406E-12 0.00000000E+00
3.3293E+04 3.71217912E-12 0.00000000E+00
3.3317E+04 3.71157309E-12 0.00000000E+00
3.3340E+04 3.71121872E-12 0.00000000E+00
3.3364E+04 3.71100780E-12 0.00000000E+00
3.3387E+04 3.71055318E-12 0.00000000E+00
3.3411E+04 3.70994235E-12 0.00000000E+00
3.3434E+04 3.70956834E-12 0.00000000E+00
3.3458E+04 3.70936078E-12 0.00000000E+00
3.3482E+04 3.70892708E-12 0.00000000E+00
3.3505E+04 3.70831380E-12 0.00000000E+00
3.3529E+04 3.70791944E-12 0.00000000E+00
3.3552E+04 3.70771306E-12 0.00000000E+00
3.3576E+04 3.70730078E-12 0.00000000E+00
3.3599E+04 3.70668741E-12 0.00000000E+00
3.3623E+04 3.70627210E-12 0.00000000E+00
3.3646E+04 3.70606484E-12 0.00000000E+00
3.3670E+04 3.70567421E-12 0.00000000E+00
3.3694E+04 3.70506300E-12 0.00000000E+00
3.3717E+04 3.70462646E-12 0.00000000E+00
3.3741E+04 3.70441643E-12 0.00000000E+00
3.3764E+04 3.70404726E-12 0.00000000E+00
3.3788E+04 3.70344025E-12 0.00000000E+00
3.3811E+04 3.70298253E-12 0.00000000E+00
3.3835E+04 3.70276803E-12 0.00000000E+00
3.3859E+04 3.70241986E-12 0.00000000E+00
3.3882E+04 3.70181892E-12 0.00000000E+00
3.3906E+04 3.70134041E-12 0.00000000E+00
3.3929E+04 3.70111977E-12 0.00000000E+00
3.3953E+04 3.70079184E-12 0.00000000E+00
3.3976E+04 3.70019887E-12 0.00000000E+00
3.4000E+04 3.69970040E-12 0.00000000E+00
3.4023E+04 3.69947186E-12 0.00000000E+00
3.4047E+04 3.69916306E-12 0.00000000E+00
3.4071E+04 3.69857988E-12 0.00000000E+00
3.4094E+04 3.69806271E-12 0.00000000E+00
3.4118E+04 3.69782449E-12 0.00000000E+00
3.4141E+04 3.69753340E-12 0.00000000E+00
3.4165E+04 3.69696174E-12 0.00000000E+00
3.4188E+04 3.69642738E-12 0.00000000E+00
3.4212E+04 3.69617764E-12 0.00000000E+00
3.4236E+04 3.69590280E-12 0.00000000E+00
3.4259E+04 3.69534440E-12 0.00000000E+00
3.4283E+04 3.69479452E-12 0.00000000E+00
3.4306E+04 3.69453131E-12 0.00000000E+00
3.4330E+04 3.69427118E-12 0.00000000E+00
3.4353E+04 3.69372782E-12 0.00000000E+00
3.4377E+04 3.69316425E-12 0.00000000E+00
3.4400E+04 3.69288563E-12 0.00000000E+00
3.4424E+04 3.69263860E-12 0.00000000E+00
3.4448E+04 3.69211190E-12 0.00000000E+00
3.4471E+04 3.69153651E-12 0.00000000E+00
3.4495E+04 3.69124072E-12 0.00000000E+00
3.4518E+04 3.69100519E-12 0.00000000E+00
3.4542E+04 3.69049650E-12 0.00000000E+00
3.4565E+04 3.68991106E-12 0.00000000E+00
3.4589E+04 3.68959660E-12 0.00000000E+00
3.4612E+04 3.68937105E-12 0.00000000E+00
3.4636E+04 3.68888154E-12 0.00000000E+00
3.4660E+04 3.68828779E-12 0.00000000E+00
3.4683E+04 3.68795344E-12 0.00000000E+00
3.4707E+04 3.68773625E-12 0.00000000E+00
3.4730E+04 3.68726687E-12 0.00000000E+00
3.4754E+04 3.68666660E-12 0.00000000E+00
3.4777E+04 3.68631156E-12 0.00000000E+00
3.4801E+04 3.68610095E-12 0.00000000E+00
3.4825E+04 3.68565226E-12 0.00000000E+00
3.4848E+04 3.68504732E-12 0.00000000E+00
3.4872E+04 3.68467125E-12 0.00000000E+00
3.4895E+04 3.68446527E-12 0.00000000E+00
3.4919E+04 3.68403749E-12 0.00000000E+00
3.4942E+04 3.68342973E-12 0.00000000E+00
3.4966E+04 3.68303264E-12 0.00000000E+00
3.4989E+04 3.68282922E-12 0.00000000E+00
3.5013E+04 3.68242239E-12 0.00000000E+00
3.5037E+04 3.68181382E-12 0.00000000E+00
3.5060E+04 3.68139596E-12 0.00000000E+00
3.5084E+04 3.68119279E-12 0.00000000E+00
3.5107E+04 3.68080677E-12 0.00000000E+00
3.5131E+04 3.68019961E-12 0.00000000E+00
3.5154E+04 3.67976148E-12 0.00000000E+00
3.5178E+04 3.67955605E-12 0.00000000E+00
3.5202E+04 3.67919051E-12 0.00000000E+00
3.5225E+04 3.67858703E-12 0.00000000E+00
3.5249E+04 3.67812926E-12 0.00000000E+00
3.5272E+04 3.67791908E-12 0.00000000E+00
3.5296E+04 3.67757354E-12 0.00000000E+00
3.5319E+04 3.67697598E-12 0.00000000E+00
3.5343E+04 3.67649924E-12 0.00000000E+00
3.5366E+04 3.67628189E-12 0.00000000E+00
3.5390E+04 3.67595586E-12 0.00000000E+00
3.5414E+04 3.67536645E-12 0.00000000E+00
3.5437E+04 3.67487140E-12 0.00000000E+00
3.5461E+04 3.67464460E-12 0.00000000E+00
3.5484E+04 3.67433745E-12 0.00000000E+00
3.5508E+04 3.67375833E-12 0.00000000E+00
3.5531E+04 3.67324573E-12 0.00000000E+00
3.5555E+04 3.67300745E-12 0.00000000E+00
3.5579E+04 3.67271833E-12 0.00000000E+00
3.5602E+04 3.67215145E-12 0.00000000E+00
3.5626E+04 3.67162218E-12 0.00000000E+00
3.5649E+04 3.67137071E-12 0.00000000E+00
3.5673E+04 3.67109854E-12 0.00000000E+00
3.5696E+04 3.67054554E-12 0.00000000E+00
3.5720E+04 3.67000065E-12 0.00000000E+00
3.5743E+04 3.66973460E-12 0.00000000E+00
3.5767E+04 3.66947805E-12 0.00000000E+00
3.5791E+04 3.66894039E-12 0.00000000E+00
3.5814E+04 3.66838110E-12 0.00000000E+00
3.5838E+04 3.66809936E-12 0.00000000E+00
3.5861E+04 3.66785682E-12 0.00000000E+00
3.5885E+04 3.66733579E-12 0.00000000E+00
3.5908E+04 3.66676365E-12 0.00000000E+00
3.5932E+04 3.66646523E-12 0.00000000E+00
3.5956E+04 3.66623480E-12 0.00000000E+00
3.5979E+04 3.66573150E-12 0.00000000E+00
3.6003E+04 3.66514837E-12 0.00000000E+00
3.6026E+04 3.66483247E-12 0.00000000E+00
3.6050E+04 3.66461196E-12 0.00000000E+00
3.6073E+04 3.66412732E-12 0.00000000E+00
3.6097E+04 3.66353528E-12 0.00000000E+00
3.6120E+04 3.66320116E-12 0.00000000E+00
3.6144E+04 3.66298831E-12 0.00000000E+00
3.6168E+04 3.66252313E-12 0.00000000E+00
3.6191E+04 3.66192437E-12 0.00000000E+00
3.6215E+04 3.66157130E-12 0.00000000E+00
3.6238E+04 3.66136382E-12 0.00000000E+00
3.6262E+04 3.66091885E-12 0.00000000E+00
3.6285E+04 3.66031570E-12 0.00000000E+00
3.6309E+04 3.65994296E-12 0.00000000E+00
3.6333E+04 3.65973856E-12 0.00000000E+00
3.6356E+04 3.65931441E-12 0.00000000E+00
3.6380E+04 3.65870925E-12 0.00000000E+00
3.6403E+04 3.65831623E-12 0.00000000E+00
3.6427E+04 3.65811273E-12 0.00000000E+00
3.6450E+04 3.65770972E-12 0.00000000E+00
3.6474E+04 3.65710481E-12 0.00000000E+00
3.6497E+04 3.65669112E-12 0.00000000E+00
3.6521E+04 3.65648652E-12 0.00000000E+00
3.6545E+04 3.65610473E-12 0.00000000E+00
3.6568E+04 3.65550218E-12 0.00000000E+00
3.6592E+04 3.65506761E-12 0.00000000E+00
3.6615E+04 3.65486007E-12 0.00000000E+00
3.6639E+04 3.65449936E-12 0.00000000E+00
3.6662E+04 3.65390119E-12 0.00000000E+00
3.6686E+04 3.65344584E-12 0.00000000E+00
3.6710E+04 3.65323358E-12 0.00000000E+00
3.6733E+04 3.65289347E-12 0.00000000E+00
3.6757E+04 3.65230166E-12 0.00000000E+00
3.6780E+04 3.65182607E-12 0.00000000E+00
3.6804E+04 3.65160731E-12 0.00000000E+00
3.6827E+04 3.65128693E-12 0.00000000E+00
3.6851E+04 3.65070332E-12 0.00000000E+00
3.6874E+04 3.65020839E-12 0.00000000E+00
3.6898E+04 3.64998142E-12 0.00000000E+00
3.6922E+04 3.64967964E-12 0.00000000E+00
3.6945E+04 3.64910598E-12 0.00000000E+00
3.6969E+04 3.64859290E-12 0.00000000E+00
3.6992E+04 3.64835594E-12 0.00000000E+00
3.7016E+04 3.64807149E-12 0.00000000E+00
3.7039E+04 3.64750956E-12 0.00000000E+00
3.7063E+04 3.64697976E-12 0.00000000E+00
3.7087E+04 3.64673095E-12 0.00000000E+00
3.7110E+04 3.64646239E-12 0.00000000E+00
3.7134E+04 3.64591395E-12 0.00000000E+00
3.7157E+04 3.64536914E-12 0.00000000E+00
3.7181E+04 3.64510659E-12 0.00000000E+00
3.7204E+04 3.64485234E-12 0.00000000E+00
3.7228E+04 3.64431904E-12 0.00000000E+00
3.7251E+04 3.64376097E-12 0.00000000E+00
3.7275E+04 3.64348292E-12 0.00000000E+00
3.7299E+04 3.64324141E-12 0.00000000E+00
3.7322E+04 3.64272472E-12 0.00000000E+00
3.7346E+04 3.64215515E-12 0.00000000E+00
3.7369E+04 3.64185995E-12 0.00000000E+00
3.7393E+04 3.64162963E-12 0.00000000E+00
3.7416E+04 3.64113093E-12 0.00000000E+00
3.7440E+04 3.64055162E-12 0.00000000E+00
3.7463E+04 3.64023786E-12 0.00000000E+00
3.7487E+04 3.64001711E-12 0.00000000E+00
3.7511E+04 3.63953752E-12 0.00000000E+00
3.7534E+04 3.63895029E-12 0.00000000E+00
3.7558E+04 3.63861689E-12 0.00000000E+00
3.7581E+04 3.63840400E-12 0.00000000E+00
3.7605E+04 3.63794431E-12 0.00000000E+00
3.7628E+04 3.63735093E-12 0.00000000E+00
3.7652E+04 3.63699720E-12 0.00000000E+00
3.7676E+04 3.63679039E-12 0.00000000E+00
3.7699E+04 3.63635112E-12 0.00000000E+00
3.7723E+04 3.63575341E-12 0.00000000E+00
3.7746E+04 3.63537900E-12 0.00000000E+00
3.7770E+04 3.63517633E-12 0.00000000E+00
3.7793E+04 3.63475776E-12 0.00000000E+00
3.7817E+04 3.63415769E-12 0.00000000E+00
3.7840E+04 3.63376258E-12 0.00000000E+00
3.7864E+04 3.63356190E-12 0.00000000E+00
3.7888E+04 3.63316403E-12 0.00000000E+00
3.7911E+04 3.63256366E-12 0.00000000E+00
3.7935E+04 3.63214812E-12 0.00000000E+00
3.7958E+04 3.63194715E-12 0.00000000E+00
3.7982E+04 3.63156979E-12 0.00000000E+00
3.8005E+04 3.63097122E-12 0.00000000E+00
3.8029E+04 3.63053572E-12 0.00000000E+00
3.8053E+04 3.63033209E-12 0.00000000E+00
3.8076E+04 3.62997493E-12 0.00000000E+00
3.8100E+04 3.62938040E-12 0.00000000E+00
3.8123E+04 3.62892546E-12 0.00000000E+00
3.8147E+04 3.62871677E-12 0.00000000E+00
3.8170E+04 3.62837939E-12 0.00000000E+00
3.8194E+04 3.62779114E-12 0.00000000E+00
3.8217E+04 3.62731746E-12 0.00000000E+00
3.8241E+04 3.62710135E-12 0.00000000E+00
3.8265E+04 3.62678312E-12 0.00000000E+00
3.8288E+04 3.62620330E-12 0.00000000E+00
3.8312E+04 3.62571161E-12 0.00000000E+00
3.8335E+04 3.62548595E-12 0.00000000E+00
3.8359E+04 3.62518616E-12 0.00000000E+00
3.8382E+04 3.62461675E-12 0.00000000E+00
3.8406E+04 3.62410781E-12 0.00000000E+00
3.8430E+04 3.62387068E-12 0.00000000E+00
3.8453E+04 3.62358849E-12 0.00000000E+00
3.8477E+04 3.62303138E-12 0.00000000E+00
3.8500E+04 3.62250612E-12 0.00000000E+00
3.8524E+04 3.62225582E-12 0.00000000E+00
3.8547E+04 3.62199009E-12 0.00000000E+00
3.8571E+04 3.62144696E-12 0.00000000E+00
3.8594E+04 3.62090655E-12 0.00000000E+00
3.8618E+04 3.62064171E-12 0.00000000E+00
3.8642E+04 3.62039099E-12 0.00000000E+00
3.8665E+04 3.61986322E-12 0.00000000E+00
3.8689E+04 3.61930898E-12 0.00000000E+00
3.8712E+04 3.61902848E-12 0.00000000E+00
3.8736E+04 3.61879118E-12 0.00000000E+00
3.8759E+04 3.61827996E-12 0.00000000E+00
3.8783E+04 3.61771342E-12 0.00000000E+00
3.8807E+04 3.61741628E-12 0.00000000E+00
3.8830E+04 3.61719054E-12 0.00000000E+00
3.8854E+04 3.61669704E-12 0.00000000E+00
3.8877E+04 3.61612006E-12 0.00000000E+00
3.8901E+04 3.61580539E-12 0.00000000E+00
3.8924E+04 3.61558908E-12 0.00000000E+00
3.8948E+04 3.61511423E-12 0.00000000E+00
3.8971E+04 3.61452892E-12 0.00000000E+00
3.8995E+04 3.61419599E-12 0.00000000E+00
3.9019E+04 3.61398687E-12 0.00000000E+00
3.9042E+04 3.61353139E-12 0.00000000E+00
3.9066E+04 3.61293988E-12 0.00000000E+00
3.9089E+04 3.61258802E-12 0.00000000E+00
3.9113E+04 3.61238391E-12 0.00000000E+00
3.9136E+04 3.61194846E-12 0.00000000E+00
3.9160E+04 3.61135296E-12 0.00000000E+00
3.9184E+04 3.61098148E-12 0.00000000E+00
3.9207E+04 3.61078019E-12 0.00000000E+00
3.9231E+04 3.61036537E-12 0.00000000E+00
3.9254E+04 3.60976820E-12 0.00000000E+00
3.9278E+04 3.60937658E-12 0.00000000E+00
3.9301E+04 3.60917594E-12 0.00000000E+00
3.9325E+04 3.60878200E-12 0.00000000E+00
3.9348E+04 3.60818542E-12 0.00000000E+00
3.9372E+04 3.60777339E-12 0.00000000E+00
3.9396E+04 3.60757138E-12 0.00000000E+00
3.9419E+04 3.60719829E-12 0.00000000E+00
3.9443E+04 3.60660432E-12 0.00000000E+00
3.9466E+04 3.60617180E-12 0.00000000E+00
3.9490E+04 3.60596662E-12 0.00000000E+00
3.9513E+04 3.60561417E-12 0.00000000E+00
3.9537E+04 3.60502480E-12 0.00000000E+00
3.9561E+04 3.60457196E-12 0.00000000E+00
3.9584E+04 3.60436179E-12 0.00000000E+00
3.9608E+04 3.60402951E-12 0.00000000E+00
3.9631E+04 3.60344673E-12 0.00000000E+00
3.9655E+04 3.60297415E-12 0.00000000E+00
3.9678E+04 3.60275717E-12 0.00000000E+00
3.9702E+04 3.60244418E-12 0.00000000E+00
3.9725E+04 3.60186984E-12 0.00000000E+00
3.9749E+04 3.60137848E-12 0.00000000E+00
3.9773E+04 3.60115295E-12 0.00000000E+00
3.9796E+04 3.60085810E-12 0.00000000E+00
3.9820E+04 3.60029392E-12 0.00000000E+00
3.9843E+04 3.59978494E-12 0.00000000E+00
3.9867E+04 3.59954911E-12 0.00000000E+00
3.9890E+04 3.59927118E-12 0.00000000E+00
3.9914E+04 3.59871890E-12 0.00000000E+00
3.9937E+04 3.59819369E-12 0.00000000E+00
3.9961E+04 3.59794573E-12 0.00000000E+00
3.9985E+04 3.59768333E-12 0.00000000E+00
