0.0000E+00 0.00000000E+00 0.00000000E+00
2.3562E+01 0.00000000E+00 0.00000000E+00
4.7124E+01 0.00000000E+00 0.00000000E+00
7.0686E+01 0.00000000E+00 0.00000000E+00
9.4248E+01 0.00000000E+00 0.00000000E+00
1.1781E+02 0.00000000E+00 0.00000000E+00
1.4137E+02 0.00000000E+00 0.00000000E+00
1.6493E+02 0.00000000E+00 0.00000000E+00
1.8850E+02 0.00000000E+00 0.00000000E+00
2.1206E+02 0.00000000E+00 0.00000000E+00
2.3562E+02 0.00000000E+00 0.00000000E+00
2.5918E+02 2.99550424E-272 0.00000000E+00
2.8274E+02 3.83834546E-219 0.00000000E+00
3.0631E+02 2.14656495E-176 0.00000000E+00
3.2987E+02 5.70758854E-141 0.00000000E+00
3.5343E+02 2.80917327E-111 0.00000000E+00
3.7699E+02 2.26749895E-86 0.00000000E+00
4.0055E+02 1.17681079E-65 0.00000000E+00
4.2412E+02 9.01235423E-49 0.00000000E+00
4.4768E+02 1.50566080E-35 0.00000000E+00
4.7124E+02 4.79551325E-26 0.00000000E+00
4.9480E+02 7.38650839E-21 0.00000000E+00
5.1836E+02 2.53066683E-19 0.00000000E+00
5.4192E+02 4.99548255E-19 0.00000000E+00
5.6549E+02 9.90875923E-19 0.00000000E+00
5.8905E+02 1.57323844E-18 0.00000000E+00
6.1261E+02 2.33178850E-18 0.00000000E+00
6.3617E+02 3.37053592E-18 0.00000000E+00
6.5973E+02 6.26232920E-18 0.00000000E+00
6.8330E+02 1.10139574E-17 0.00000000E+00
7.0686E+02 1.52772954E-17 0.00000000E+00
7.3042E+02 2.27296723E-17 0.00000000E+00
7.5398E+02 3.99069073E-17 0.00000000E+00
7.7754E+02 5.96344296E-17 0.00000000E+00
8.0111E+02 7.67492390E-17 0.00000000E+00
8.2467E+02 1.14966734E-16 0.00000000E+00
8.4823E+02 1.85199972E-16 0.00000000E+00
8.7179E+02 2.48069567E-16 0.00000000E+00
8.9535E+02 3.18547106E-16 0.00000000E+00
9.1892E+02 4.91995387E-16 0.00000000E+00
9.4248E+02 7.46182366E-16 0.00000000E+00
9.6604E+02 9.44869567E-16 0.00000000E+00
9.8960E+02 1.25556718E-15 0.00000000E+00
1.0132E+03 1.95592345E-15 0.00000000E+00
1.0367E+03 2.72855924E-15 0.00000000E+00
1.0603E+03 3.34192371E-15 0.00000000E+00
1.0838E+03 4.69870466E-15 0.00000000E+00
1.1074E+03 7.16049432E-15 0.00000000E+00
1.1310E+03 9.29259182E-15 0.00000000E+00
1.1545E+03 1.15080299E-14 0.00000000E+00
1.1781E+03 1.69636295E-14 0.00000000E+00
1.2017E+03 2.45448260E-14 0.00000000E+00
1.2252E+03 3.01363336E-14 0.00000000E+00
1.2488E+03 3.89758142E-14 0.00000000E+00
1.2723E+03 5.84481310E-14 0.00000000E+00
1.2959E+03 7.89384756E-14 0.00000000E+00
1.3195E+03 9.46443551E-14 0.00000000E+00
1.3430E+03 1.29438124E-13 0.00000000E+00
1.3666E+03 1.90101437E-13 0.00000000E+00
1.3902E+03 2.39852835E-13 0.00000000E+00
1.4137E+03 2.91158706E-13 0.00000000E+00
1.4373E+03 4.15695247E-13 0.00000000E+00
1.4608E+03 5.80444724E-13 0.00000000E+00
1.4844E+03 6.96206328E-13 0.00000000E+00
1.5080E+03 8.80380473E-13 0.00000000E+00
1.5315E+03 1.27273077E-12 0.00000000E+00
1.5551E+03 1.66432010E-12 0.00000000E+00
1.5787E+03 1.95466591E-12 0.00000000E+00
1.6022E+03 2.59868875E-12 0.00000000E+00
1.6258E+03 3.67510660E-12 0.00000000E+00
1.6493E+03 4.50976948E-12 0.00000000E+00
1.6729E+03 5.36161367E-12 0.00000000E+00
1.6965E+03 7.39892223E-12 0.00000000E+00
1.7200E+03 9.96588775E-12 0.00000000E+00
1.7436E+03 1.16744079E-11 0.00000000E+00
1.7671E+03 1.44093508E-11 0.00000000E+00
1.7907E+03 2.00673141E-11 0.00000000E+00
1.8143E+03 2.54141209E-11 0.00000000E+00
1.8378E+03 2.92235894E-11 0.00000000E+00
1.8614E+03 3.77303630E-11 0.00000000E+00
1.8850E+03 5.13916657E-11 0.00000000E+00
1.9085E+03 6.13572861E-11 0.00000000E+00
1.9321E+03 7.13980646E-11 0.00000000E+00
1.9556E+03 9.52287571E-11 0.00000000E+00
1.9792E+03 1.23826806E-10 0.00000000E+00
2.0028E+03 1.41699435E-10 0.00000000E+00
2.0263E+03 1.70652983E-10 0.00000000E+00
2.0499E+03 2.29096133E-10 0.00000000E+00
2.0735E+03 2.81193453E-10 0.00000000E+00
2.0970E+03 3.16561547E-10 0.00000000E+00
2.1206E+03 3.96946437E-10 0.00000000E+00
2.1441E+03 5.21186461E-10 0.00000000E+00
2.1677E+03 6.05702629E-10 0.00000000E+00
2.1913E+03 6.89754445E-10 0.00000000E+00
2.2148E+03 8.89674627E-10 0.00000000E+00
2.2384E+03 1.11770275E-09 0.00000000E+00
2.2619E+03 1.24962433E-09 0.00000000E+00
2.2855E+03 1.46847652E-09 0.00000000E+00
2.3091E+03 1.90190697E-09 0.00000000E+00
2.3326E+03 2.26368231E-09 0.00000000E+00
2.3562E+03 2.49476283E-09 0.00000000E+00
2.3798E+03 3.03945137E-09 0.00000000E+00
2.4033E+03 3.85026997E-09 0.00000000E+00
2.4269E+03 4.35666667E-09 0.00000000E+00
2.4504E+03 4.85491371E-09 0.00000000E+00
2.4740E+03 6.06077666E-09 0.00000000E+00
2.4976E+03 7.36151755E-09 0.00000000E+00
2.5211E+03 8.04094757E-09 0.00000000E+00
2.5447E+03 9.22273695E-09 0.00000000E+00
2.5683E+03 1.15359333E-08 0.00000000E+00
2.5918E+03 1.33192029E-08 0.00000000E+00
2.6154E+03 1.43684229E-08 0.00000000E+00
2.6389E+03 1.70223298E-08 0.00000000E+00
2.6625E+03 2.08245915E-08 0.00000000E+00
2.6861E+03 2.29433381E-08 0.00000000E+00
2.7096E+03 2.50230979E-08 0.00000000E+00
2.7332E+03 3.02724935E-08 0.00000000E+00
2.7567E+03 3.55736420E-08 0.00000000E+00
2.7803E+03 3.79573252E-08 0.00000000E+00
2.8039E+03 4.25230200E-08 0.00000000E+00
2.8274E+03 5.14410504E-08 0.00000000E+00
2.8510E+03 5.76309569E-08 0.00000000E+00
2.8746E+03 6.08550904E-08 0.00000000E+00
2.8981E+03 7.02030656E-08 0.00000000E+00
2.9217E+03 8.30453557E-08 0.00000000E+00
2.9452E+03 8.90815925E-08 0.00000000E+00
2.9688E+03 9.51364902E-08 0.00000000E+00
2.9924E+03 1.11746294E-07 0.00000000E+00
3.0159E+03 1.27146170E-07 0.00000000E+00
3.0395E+03 1.32508648E-07 0.00000000E+00
3.0631E+03 1.45185509E-07 0.00000000E+00
3.0866E+03 1.70199917E-07 0.00000000E+00
3.1102E+03 1.85080532E-07 0.00000000E+00
3.1337E+03 1.91345961E-07 0.00000000E+00
3.1573E+03 2.15411222E-07 0.00000000E+00
3.1809E+03 2.46800662E-07 0.00000000E+00
3.2044E+03 2.57760364E-07 0.00000000E+00
3.2280E+03 2.69850878E-07 0.00000000E+00
3.2515E+03 3.08571394E-07 0.00000000E+00
3.2751E+03 3.40320921E-07 0.00000000E+00
3.2987E+03 3.46472181E-07 0.00000000E+00
3.3222E+03 3.72098831E-07 0.00000000E+00
3.3458E+03 4.23852085E-07 0.00000000E+00
3.3694E+03 4.47632723E-07 0.00000000E+00
3.3929E+03 4.53505234E-07 0.00000000E+00
3.4165E+03 4.99824169E-07 0.00000000E+00
3.4400E+03 5.55891597E-07 0.00000000E+00
3.4636E+03 5.65524356E-07 0.00000000E+00
3.4872E+03 5.81621408E-07 0.00000000E+00
3.5107E+03 6.49880456E-07 0.00000000E+00
3.5343E+03 6.95891516E-07 0.00000000E+00
3.5579E+03 6.92764752E-07 0.00000000E+00
3.5814E+03 7.31875165E-07 0.00000000E+00
3.6050E+03 8.12970410E-07 0.00000000E+00
3.6285E+03 8.34922056E-07 0.00000000E+00
3.6521E+03 8.30782506E-07 0.00000000E+00
3.6757E+03 9.00563098E-07 0.00000000E+00
3.6992E+03 9.75235566E-07 0.00000000E+00
3.7228E+03 9.67951786E-07 0.00000000E+00
3.7463E+03 9.81860769E-07 0.00000000E+00
3.7699E+03 1.07731237E-06 0.00000000E+00
3.7935E+03 1.12290434E-06 0.00000000E+00
3.8170E+03 1.09613791E-06 0.00000000E+00
3.8406E+03 1.14541095E-06 0.00000000E+00
3.8642E+03 1.24638374E-06 0.00000000E+00
3.8877E+03 1.24811875E-06 0.00000000E+00
3.9113E+03 1.22549856E-06 0.00000000E+00
3.9348E+03 1.31462407E-06 0.00000000E+00
3.9584E+03 1.39169008E-06 0.00000000E+00
3.9820E+03 1.35273051E-06 0.00000000E+00
4.0055E+03 1.36219633E-06 0.00000000E+00
4.0291E+03 1.47620904E-06 0.00000000E+00
4.0527E+03 1.50359403E-06 0.00000000E+00
4.0762E+03 1.44746424E-06 0.00000000E+00
4.0998E+03 1.50700067E-06 0.00000000E+00
4.1233E+03 1.61439761E-06 0.00000000E+00
4.1469E+03 1.58389362E-06 0.00000000E+00
4.1705E+03 1.54630149E-06 0.00000000E+00
4.1940E+03 1.65239764E-06 0.00000000E+00
4.2176E+03 1.71773300E-06 0.00000000E+00
4.2412E+03 1.64585287E-06 0.00000000E+00
4.2647E+03 1.65878309E-06 0.00000000E+00
4.2883E+03 1.78449898E-06 0.00000000E+00
4.3118E+03 1.78510789E-06 0.00000000E+00
4.3354E+03 1.70862712E-06 0.00000000E+00
4.3590E+03 1.78431646E-06 0.00000000E+00
4.3825E+03 1.88911428E-06 0.00000000E+00
4.4061E+03 1.82750979E-06 0.00000000E+00
4.4296E+03 1.78850702E-06 0.00000000E+00
4.4532E+03 1.91158839E-06 0.00000000E+00
4.4768E+03 1.95884155E-06 0.00000000E+00
4.5003E+03 1.86406125E-06 0.00000000E+00
4.5239E+03 1.89120077E-06 0.00000000E+00
4.5475E+03 2.02343618E-06 0.00000000E+00
4.5710E+03 1.99733949E-06 0.00000000E+00
4.5946E+03 1.91393895E-06 0.00000000E+00
4.6181E+03 2.00887401E-06 0.00000000E+00
4.6417E+03 2.10467036E-06 0.00000000E+00
4.6653E+03 2.01840803E-06 0.00000000E+00
4.6888E+03 1.98788906E-06 0.00000000E+00
4.7124E+03 2.12325917E-06 0.00000000E+00
4.7360E+03 2.14894657E-06 0.00000000E+00
4.7595E+03 2.04018188E-06 0.00000000E+00
4.7831E+03 2.08322836E-06 0.00000000E+00
4.8066E+03 2.21323385E-06 0.00000000E+00
4.8302E+03 2.16144630E-06 0.00000000E+00
4.8538E+03 2.07713073E-06 0.00000000E+00
4.8773E+03 2.18450348E-06 0.00000000E+00
4.9009E+03 2.26334154E-06 0.00000000E+00
4.9244E+03 2.15629206E-06 0.00000000E+00
4.9480E+03 2.13350195E-06 0.00000000E+00
4.9716E+03 2.26938558E-06 0.00000000E+00
4.9951E+03 2.26957700E-06 0.00000000E+00
5.0187E+03 2.15008515E-06 0.00000000E+00
5.0423E+03 2.20105242E-06 0.00000000E+00
5.0658E+03 2.31718552E-06 0.00000000E+00
5.0894E+03 2.24022194E-06 0.00000000E+00
5.1129E+03 2.15456560E-06 0.00000000E+00
5.1365E+03 2.26194833E-06 0.00000000E+00
5.1601E+03 2.31647774E-06 0.00000000E+00
5.1836E+03 2.19175575E-06 0.00000000E+00
5.2072E+03 2.17157005E-06 0.00000000E+00
5.2308E+03 2.29553676E-06 0.00000000E+00
5.2543E+03 2.26893062E-06 0.00000000E+00
5.2779E+03 2.14185866E-06 0.00000000E+00
5.3014E+03 2.19230825E-06 0.00000000E+00
5.3250E+03 2.28621432E-06 0.00000000E+00
5.3486E+03 2.18812997E-06 0.00000000E+00
5.3721E+03 2.10251412E-06 0.00000000E+00
5.3957E+03 2.20110753E-06 0.00000000E+00
5.4192E+03 2.22933814E-06 0.00000000E+00
5.4428E+03 2.09418180E-06 0.00000000E+00
5.4664E+03 2.07593701E-06 0.00000000E+00
5.4899E+03 2.18198533E-06 0.00000000E+00
5.5135E+03 2.13303108E-06 0.00000000E+00
5.5371E+03 2.00640651E-06 0.00000000E+00
5.5606E+03 2.05474528E-06 0.00000000E+00
5.5842E+03 2.12537811E-06 0.00000000E+00
5.6077E+03 2.01538320E-06 0.00000000E+00
5.6313E+03 1.93697141E-06 0.00000000E+00
5.6549E+03 2.02604153E-06 0.00000000E+00
5.6784E+03 2.03240667E-06 0.00000000E+00
5.7020E+03 1.89827963E-06 0.00000000E+00
5.7256E+03 1.88774086E-06 0.00000000E+00
5.7491E+03 1.97757107E-06 0.00000000E+00
5.7727E+03 1.91510065E-06 0.00000000E+00
5.7962E+03 1.80025029E-06 0.00000000E+00
5.8198E+03 1.85124998E-06 0.00000000E+00
5.8434E+03 1.90341802E-06 0.00000000E+00
5.8669E+03 1.79258979E-06 0.00000000E+00
5.8905E+03 1.73095101E-06 0.00000000E+00
5.9140E+03 1.81509451E-06 0.00000000E+00
5.9376E+03 1.80700562E-06 0.00000000E+00
5.9612E+03 1.68477522E-06 0.00000000E+00
5.9847E+03 1.68912846E-06 0.00000000E+00
6.0083E+03 1.76779318E-06 0.00000000E+00
6.0319E+03 1.70030816E-06 0.00000000E+00
6.0554E+03 1.60586595E-06 0.00000000E+00
6.0790E+03 1.66453179E-06 0.00000000E+00
6.1025E+03 1.70375626E-06 0.00000000E+00
6.1261E+03 1.59968274E-06 0.00000000E+00
6.1497E+03 1.56011020E-06 0.00000000E+00
6.1732E+03 1.64276410E-06 0.00000000E+00
6.1968E+03 1.62549386E-06 0.00000000E+00
6.2204E+03 1.52000396E-06 0.00000000E+00
6.2439E+03 1.54113813E-06 0.00000000E+00
6.2675E+03 1.61106572E-06 0.00000000E+00
6.2910E+03 1.54237467E-06 0.00000000E+00
6.3146E+03 1.46936351E-06 0.00000000E+00
6.3382E+03 1.53494637E-06 0.00000000E+00
6.3617E+03 1.56283272E-06 0.00000000E+00
6.3853E+03 1.46661458E-06 0.00000000E+00
6.4088E+03 1.44629599E-06 0.00000000E+00
6.4324E+03 1.52523634E-06 0.00000000E+00
6.4560E+03 1.49931457E-06 0.00000000E+00
6.4795E+03 1.40820544E-06 0.00000000E+00
6.5031E+03 1.44047083E-06 0.00000000E+00
6.5267E+03 1.49905311E-06 0.00000000E+00
6.5502E+03 1.42811192E-06 0.00000000E+00
6.5738E+03 1.37081502E-06 0.00000000E+00
6.5973E+03 1.43646864E-06 0.00000000E+00
6.6209E+03 1.45070928E-06 0.00000000E+00
6.6445E+03 1.35933113E-06 0.00000000E+00
6.6680E+03 1.35021934E-06 0.00000000E+00
6.6916E+03 1.41914962E-06 0.00000000E+00
6.7152E+03 1.38275305E-06 0.00000000E+00
6.7387E+03 1.30107793E-06 0.00000000E+00
6.7623E+03 1.33579052E-06 0.00000000E+00
6.7858E+03 1.37862318E-06 0.00000000E+00
6.8094E+03 1.30391552E-06 0.00000000E+00
6.8330E+03 1.25610274E-06 0.00000000E+00
6.8565E+03 1.31438059E-06 0.00000000E+00
6.8801E+03 1.31309236E-06 0.00000000E+00
6.9036E+03 1.22508855E-06 0.00000000E+00
6.9272E+03 1.22084800E-06 0.00000000E+00
6.9508E+03 1.27507558E-06 0.00000000E+00
6.9743E+03 1.22872694E-06 0.00000000E+00
6.9979E+03 1.15500726E-06 0.00000000E+00
7.0215E+03 1.18712622E-06 0.00000000E+00
7.0450E+03 1.21302666E-06 0.00000000E+00
7.0686E+03 1.13684691E-06 0.00000000E+00
7.0921E+03 1.09729889E-06 0.00000000E+00
7.1157E+03 1.14565272E-06 0.00000000E+00
7.1393E+03 1.13101887E-06 0.00000000E+00
7.1628E+03 1.04965046E-06 0.00000000E+00
7.1864E+03 1.04986974E-06 0.00000000E+00
7.2100E+03 1.08995040E-06 0.00000000E+00
7.2335E+03 1.03830957E-06 0.00000000E+00
7.2571E+03 9.76134388E-07 0.00000000E+00
7.2806E+03 1.00665399E-06 0.00000000E+00
7.3042E+03 1.01910623E-06 0.00000000E+00
7.3278E+03 9.47317085E-07 0.00000000E+00
7.3513E+03 9.19651090E-07 0.00000000E+00
7.3749E+03 9.60827852E-07 0.00000000E+00
7.3985E+03 9.38352128E-07 0.00000000E+00
7.4220E+03 8.69455656E-07 0.00000000E+00
7.4456E+03 8.77796160E-07 0.00000000E+00
7.4691E+03 9.08090571E-07 0.00000000E+00
7.4927E+03 8.57324168E-07 0.00000000E+00
7.5163E+03 8.11649565E-07 0.00000000E+00
7.5398E+03 8.44414330E-07 0.00000000E+00
7.5634E+03 8.48698240E-07 0.00000000E+00
7.5869E+03 7.86732509E-07 0.00000000E+00
7.6105E+03 7.74681222E-07 0.00000000E+00
7.6341E+03 8.12722724E-07 0.00000000E+00
7.6576E+03 7.87495934E-07 0.00000000E+00
7.6812E+03 7.34725580E-07 0.00000000E+00
7.7048E+03 7.53784404E-07 0.00000000E+00
7.7283E+03 7.78236923E-07 0.00000000E+00
7.7519E+03 7.32029000E-07 0.00000000E+00
7.7754E+03 7.04277683E-07 0.00000000E+00
7.7990E+03 7.41039916E-07 0.00000000E+00
7.8226E+03 7.40376534E-07 0.00000000E+00
7.8461E+03 6.89552012E-07 0.00000000E+00
7.8697E+03 6.92476260E-07 0.00000000E+00
7.8933E+03 7.28524569E-07 0.00000000E+00
7.9168E+03 7.02241425E-07 0.00000000E+00
7.9404E+03 6.64140697E-07 0.00000000E+00
7.9639E+03 6.91837601E-07 0.00000000E+00
7.9875E+03 7.10987701E-07 0.00000000E+00
8.0111E+03 6.68804960E-07 0.00000000E+00
8.0346E+03 6.55014584E-07 0.00000000E+00
8.0582E+03 6.93041530E-07 0.00000000E+00
8.0817E+03 6.87133491E-07 0.00000000E+00
8.1053E+03 6.44377359E-07 0.00000000E+00
8.1289E+03 6.56665200E-07 0.00000000E+00
8.1524E+03 6.88009062E-07 0.00000000E+00
8.1760E+03 6.59198823E-07 0.00000000E+00
8.1996E+03 6.30419467E-07 0.00000000E+00
8.2231E+03 6.60677304E-07 0.00000000E+00
8.2467E+03 6.72216610E-07 0.00000000E+00
8.2702E+03 6.31199138E-07 0.00000000E+00
8.2938E+03 6.24586752E-07 0.00000000E+00
8.3174E+03 6.58509589E-07 0.00000000E+00
8.3409E+03 6.45515600E-07 0.00000000E+00
8.3645E+03 6.06686007E-07 0.00000000E+00
8.3881E+03 6.21347553E-07 0.00000000E+00
8.4116E+03 6.44188988E-07 0.00000000E+00
8.4352E+03 6.11338981E-07 0.00000000E+00
8.4587E+03 5.86973839E-07 0.00000000E+00
8.4823E+03 6.13890162E-07 0.00000000E+00
8.5059E+03 6.15973341E-07 0.00000000E+00
8.5294E+03 5.74778748E-07 0.00000000E+00
8.5530E+03 5.70522404E-07 0.00000000E+00
8.5765E+03 5.96545882E-07 0.00000000E+00
8.6001E+03 5.76475302E-07 0.00000000E+00
8.6237E+03 5.40384006E-07 0.00000000E+00
8.6472E+03 5.53648418E-07 0.00000000E+00
8.6708E+03 5.66794597E-07 0.00000000E+00
8.6944E+03 5.31336104E-07 0.00000000E+00
8.7179E+03 5.10543094E-07 0.00000000E+00
8.7415E+03 5.32195141E-07 0.00000000E+00
8.7650E+03 5.26120566E-07 0.00000000E+00
8.7886E+03 4.87051590E-07 0.00000000E+00
8.8122E+03 4.84998000E-07 0.00000000E+00
8.8357E+03 5.03427891E-07 0.00000000E+00
8.8593E+03 4.79452526E-07 0.00000000E+00
8.8829E+03 4.48803126E-07 0.00000000E+00
8.9064E+03 4.61544289E-07 0.00000000E+00
8.9300E+03 4.67371294E-07 0.00000000E+00
8.9535E+03 4.33458137E-07 0.00000000E+00
8.9771E+03 4.19059198E-07 0.00000000E+00
9.0007E+03 4.37498248E-07 0.00000000E+00
9.0242E+03 4.27061253E-07 0.00000000E+00
9.0478E+03 3.94363977E-07 0.00000000E+00
9.0713E+03 3.97350862E-07 0.00000000E+00
9.0949E+03 4.11245168E-07 0.00000000E+00
9.1185E+03 3.87630497E-07 0.00000000E+00
9.1420E+03 3.66096267E-07 0.00000000E+00
9.1656E+03 3.81144986E-07 0.00000000E+00
9.1892E+03 3.83205057E-07 0.00000000E+00
9.2127E+03 3.54599702E-07 0.00000000E+00
9.2363E+03 3.49359930E-07 0.00000000E+00
9.2598E+03 3.67335522E-07 0.00000000E+00
9.2834E+03 3.55834857E-07 0.00000000E+00
9.3070E+03 3.32031326E-07 0.00000000E+00
9.3305E+03 3.41882245E-07 0.00000000E+00
9.3541E+03 3.53689717E-07 0.00000000E+00
9.3777E+03 3.32699530E-07 0.00000000E+00
9.4012E+03 3.21223949E-07 0.00000000E+00
9.4248E+03 3.39606727E-07 0.00000000E+00
9.4483E+03 3.39676260E-07 0.00000000E+00
9.4719E+03 3.17019307E-07 0.00000000E+00
9.4955E+03 3.20389816E-07 0.00000000E+00
9.5190E+03 3.38300396E-07 0.00000000E+00
9.5426E+03 3.26405721E-07 0.00000000E+00
9.5661E+03 3.10292913E-07 0.00000000E+00
9.5897E+03 3.25373120E-07 0.00000000E+00
9.6133E+03 3.34945081E-07 0.00000000E+00
9.6368E+03 3.15796793E-07 0.00000000E+00
9.6604E+03 3.11544431E-07 0.00000000E+00
9.6840E+03 3.31086686E-07 0.00000000E+00
9.7075E+03 3.28434760E-07 0.00000000E+00
9.7311E+03 3.09388349E-07 0.00000000E+00
9.7546E+03 3.17479249E-07 0.00000000E+00
9.7782E+03 3.33111399E-07 0.00000000E+00
9.8018E+03 3.19417789E-07 0.00000000E+00
9.8253E+03 3.07333850E-07 0.00000000E+00
9.8489E+03 3.23476634E-07 0.00000000E+00
9.8725E+03 3.28892297E-07 0.00000000E+00
9.8960E+03 3.09469533E-07 0.00000000E+00
9.9196E+03 3.08009158E-07 0.00000000E+00
9.9431E+03 3.25034949E-07 0.00000000E+00
9.9667E+03 3.18163841E-07 0.00000000E+00
9.9903E+03 3.00022052E-07 0.00000000E+00
1.0014E+04 3.08394273E-07 0.00000000E+00
1.0037E+04 3.19136495E-07 0.00000000E+00
1.0061E+04 3.02552898E-07 0.00000000E+00
1.0085E+04 2.91529141E-07 0.00000000E+00
1.0108E+04 3.05070070E-07 0.00000000E+00
1.0132E+04 3.05057869E-07 0.00000000E+00
1.0155E+04 2.84613000E-07 0.00000000E+00
1.0179E+04 2.83203370E-07 0.00000000E+00
1.0202E+04 2.95431164E-07 0.00000000E+00
1.0226E+04 2.84382587E-07 0.00000000E+00
1.0249E+04 2.66723708E-07 0.00000000E+00
1.0273E+04 2.73397584E-07 0.00000000E+00
1.0297E+04 2.78643451E-07 0.00000000E+00
1.0320E+04 2.60276713E-07 0.00000000E+00
1.0344E+04 2.50287213E-07 0.00000000E+00
1.0367E+04 2.60430240E-07 0.00000000E+00
1.0391E+04 2.55988052E-07 0.00000000E+00
1.0414E+04 2.36346259E-07 0.00000000E+00
1.0438E+04 2.35487960E-07 0.00000000E+00
1.0462E+04 2.43479755E-07 0.00000000E+00
1.0485E+04 2.30477772E-07 0.00000000E+00
1.0509E+04 2.15514213E-07 0.00000000E+00
1.0532E+04 2.21628727E-07 0.00000000E+00
1.0556E+04 2.23159891E-07 0.00000000E+00
1.0579E+04 2.05906376E-07 0.00000000E+00
1.0603E+04 1.99302282E-07 0.00000000E+00
1.0626E+04 2.07823419E-07 0.00000000E+00
1.0650E+04 2.01530895E-07 0.00000000E+00
1.0674E+04 1.85689347E-07 0.00000000E+00
1.0697E+04 1.87712126E-07 0.00000000E+00
1.0721E+04 1.93702389E-07 0.00000000E+00
1.0744E+04 1.81534123E-07 0.00000000E+00
1.0768E+04 1.71907386E-07 0.00000000E+00
1.0791E+04 1.79656955E-07 0.00000000E+00
1.0815E+04 1.79810052E-07 0.00000000E+00
1.0838E+04 1.66065097E-07 0.00000000E+00
1.0862E+04 1.64861252E-07 0.00000000E+00
1.0886E+04 1.73694204E-07 0.00000000E+00
1.0909E+04 1.67526272E-07 0.00000000E+00
1.0933E+04 1.57033551E-07 0.00000000E+00
1.0956E+04 1.63238521E-07 0.00000000E+00
1.0980E+04 1.68725824E-07 0.00000000E+00
1.1003E+04 1.58553009E-07 0.00000000E+00
1.1027E+04 1.54752915E-07 0.00000000E+00
1.1051E+04 1.64765556E-07 0.00000000E+00
1.1074E+04 1.64386620E-07 0.00000000E+00
1.1098E+04 1.54188941E-07 0.00000000E+00
1.1121E+04 1.57866478E-07 0.00000000E+00
1.1145E+04 1.67057891E-07 0.00000000E+00
1.1168E+04 1.60999509E-07 0.00000000E+00
1.1192E+04 1.54697205E-07 0.00000000E+00
1.1215E+04 1.63812322E-07 0.00000000E+00
1.1239E+04 1.68343871E-07 0.00000000E+00
1.1263E+04 1.59168677E-07 0.00000000E+00
1.1286E+04 1.59028306E-07 0.00000000E+00
1.1310E+04 1.69635888E-07 0.00000000E+00
1.1333E+04 1.67823027E-07 0.00000000E+00
1.1357E+04 1.59228597E-07 0.00000000E+00
1.1380E+04 1.65015376E-07 0.00000000E+00
1.1404E+04 1.72849437E-07 0.00000000E+00
1.1428E+04 1.65588191E-07 0.00000000E+00
1.1451E+04 1.60814006E-07 0.00000000E+00
1.1475E+04 1.69974296E-07 0.00000000E+00
1.1498E+04 1.72046444E-07 0.00000000E+00
1.1522E+04 1.62217103E-07 0.00000000E+00
1.1545E+04 1.62751397E-07 0.00000000E+00
1.1569E+04 1.71490116E-07 0.00000000E+00
1.1592E+04 1.67093693E-07 0.00000000E+00
1.1616E+04 1.58256191E-07 0.00000000E+00
1.1640E+04 1.63329494E-07 0.00000000E+00
1.1663E+04 1.68109682E-07 0.00000000E+00
1.1687E+04 1.58892817E-07 0.00000000E+00
1.1710E+04 1.53836228E-07 0.00000000E+00
1.1734E+04 1.60846278E-07 0.00000000E+00
1.1757E+04 1.59706605E-07 0.00000000E+00
1.1781E+04 1.48858348E-07 0.00000000E+00
1.1805E+04 1.48578736E-07 0.00000000E+00
1.1828E+04 1.54217677E-07 0.00000000E+00
1.1852E+04 1.47414543E-07 0.00000000E+00
1.1875E+04 1.38343736E-07 0.00000000E+00
1.1899E+04 1.41813468E-07 0.00000000E+00
1.1922E+04 1.43410100E-07 0.00000000E+00
1.1946E+04 1.33184047E-07 0.00000000E+00
1.1969E+04 1.28235007E-07 0.00000000E+00
1.1993E+04 1.32990863E-07 0.00000000E+00
1.2017E+04 1.29529777E-07 0.00000000E+00
1.2040E+04 1.19145383E-07 0.00000000E+00
1.2064E+04 1.18837281E-07 0.00000000E+00
1.2087E+04 1.22093518E-07 0.00000000E+00
1.2111E+04 1.14534375E-07 0.00000000E+00
1.2134E+04 1.07009999E-07 0.00000000E+00
1.2158E+04 1.10046645E-07 0.00000000E+00
1.2182E+04 1.09855939E-07 0.00000000E+00
1.2205E+04 1.00672448E-07 0.00000000E+00
1.2229E+04 9.77041550E-08 0.00000000E+00
1.2252E+04 1.01684156E-07 0.00000000E+00
1.2276E+04 9.76850636E-08 0.00000000E+00
1.2299E+04 8.98502555E-08 0.00000000E+00
1.2323E+04 9.13222330E-08 0.00000000E+00
1.2346E+04 9.38141048E-08 0.00000000E+00
1.2370E+04 8.72978971E-08 0.00000000E+00
1.2394E+04 8.31407162E-08 0.00000000E+00
1.2417E+04 8.73601821E-08 0.00000000E+00
1.2441E+04 8.68918735E-08 0.00000000E+00
1.2464E+04 8.02061112E-08 0.00000000E+00
1.2488E+04 8.05850823E-08 0.00000000E+00
1.2511E+04 8.50915071E-08 0.00000000E+00
1.2535E+04 8.16721963E-08 0.00000000E+00
1.2559E+04 7.72365095E-08 0.00000000E+00
1.2582E+04 8.13238134E-08 0.00000000E+00
1.2606E+04 8.39138041E-08 0.00000000E+00
1.2629E+04 7.89177558E-08 0.00000000E+00
1.2653E+04 7.82605705E-08 0.00000000E+00
1.2676E+04 8.39753675E-08 0.00000000E+00
1.2700E+04 8.35302066E-08 0.00000000E+00
1.2723E+04 7.90351408E-08 0.00000000E+00
1.2747E+04 8.22256066E-08 0.00000000E+00
1.2771E+04 8.71041898E-08 0.00000000E+00
1.2794E+04 8.39163391E-08 0.00000000E+00
1.2818E+04 8.17964392E-08 0.00000000E+00
1.2841E+04 8.74685335E-08 0.00000000E+00
1.2865E+04 8.96074934E-08 0.00000000E+00
1.2888E+04 8.51208514E-08 0.00000000E+00
1.2912E+04 8.62704251E-08 0.00000000E+00
1.2936E+04 9.21946092E-08 0.00000000E+00
1.2959E+04 9.09027434E-08 0.00000000E+00
1.2983E+04 8.70164000E-08 0.00000000E+00
1.3006E+04 9.10040872E-08 0.00000000E+00
1.3030E+04 9.49538769E-08 0.00000000E+00
1.3053E+04 9.08882195E-08 0.00000000E+00
1.3077E+04 8.91325639E-08 0.00000000E+00
1.3100E+04 9.43980254E-08 0.00000000E+00
1.3124E+04 9.49624289E-08 0.00000000E+00
1.3148E+04 8.97393796E-08 0.00000000E+00
1.3171E+04 9.06604461E-08 0.00000000E+00
1.3195E+04 9.51464642E-08 0.00000000E+00
1.3218E+04 9.21838371E-08 0.00000000E+00
1.3242E+04 8.76591148E-08 0.00000000E+00
1.3265E+04 9.06410489E-08 0.00000000E+00
1.3289E+04 9.25910590E-08 0.00000000E+00
1.3312E+04 8.71784336E-08 0.00000000E+00
1.3336E+04 8.47020583E-08 0.00000000E+00
1.3360E+04 8.82693372E-08 0.00000000E+00
1.3383E+04 8.68729819E-08 0.00000000E+00
1.3407E+04 8.08081329E-08 0.00000000E+00
1.3430E+04 8.07460436E-08 0.00000000E+00
1.3454E+04 8.31956305E-08 0.00000000E+00
1.3477E+04 7.88435111E-08 0.00000000E+00
1.3501E+04 7.39234185E-08 0.00000000E+00
1.3525E+04 7.56106976E-08 0.00000000E+00
1.3548E+04 7.57044606E-08 0.00000000E+00
1.3572E+04 6.97788421E-08 0.00000000E+00
1.3595E+04 6.71463529E-08 0.00000000E+00
1.3619E+04 6.92557164E-08 0.00000000E+00
1.3642E+04 6.66968838E-08 0.00000000E+00
1.3666E+04 6.10077660E-08 0.00000000E+00
1.3689E+04 6.08090344E-08 0.00000000E+00
1.3713E+04 6.19567260E-08 0.00000000E+00
1.3737E+04 5.74757278E-08 0.00000000E+00
1.3760E+04 5.35797283E-08 0.00000000E+00
1.3784E+04 5.50360888E-08 0.00000000E+00
1.3807E+04 5.43669736E-08 0.00000000E+00
1.3831E+04 4.94049284E-08 0.00000000E+00
1.3854E+04 4.80722775E-08 0.00000000E+00
1.3878E+04 4.99019001E-08 0.00000000E+00
1.3902E+04 4.74219184E-08 0.00000000E+00
1.3925E+04 4.35568835E-08 0.00000000E+00
1.3949E+04 4.45758480E-08 0.00000000E+00
1.3972E+04 4.55701448E-08 0.00000000E+00
1.3996E+04 4.21095698E-08 0.00000000E+00
1.4019E+04 4.04610631E-08 0.00000000E+00
1.4043E+04 4.28259985E-08 0.00000000E+00
1.4066E+04 4.23410634E-08 0.00000000E+00
1.4090E+04 3.91850969E-08 0.00000000E+00
1.4114E+04 4.00258087E-08 0.00000000E+00
1.4137E+04 4.24048019E-08 0.00000000E+00
1.4161E+04 4.05802018E-08 0.00000000E+00
1.4184E+04 3.89320852E-08 0.00000000E+00
1.4208E+04 4.16412417E-08 0.00000000E+00
1.4231E+04 4.29204342E-08 0.00000000E+00
1.4255E+04 4.05591594E-08 0.00000000E+00
1.4279E+04 4.10566889E-08 0.00000000E+00
1.4302E+04 4.44097092E-08 0.00000000E+00
1.4326E+04 4.40982750E-08 0.00000000E+00
1.4349E+04 4.22802578E-08 0.00000000E+00
1.4373E+04 4.47525600E-08 0.00000000E+00
1.4396E+04 4.74135620E-08 0.00000000E+00
1.4420E+04 4.57647085E-08 0.00000000E+00
1.4443E+04 4.53667593E-08 0.00000000E+00
1.4467E+04 4.89136118E-08 0.00000000E+00
1.4491E+04 4.99295283E-08 0.00000000E+00
1.4514E+04 4.77548999E-08 0.00000000E+00
1.4538E+04 4.90756286E-08 0.00000000E+00
1.4561E+04 5.24217593E-08 0.00000000E+00
1.4585E+04 5.15312208E-08 0.00000000E+00
1.4608E+04 4.98076316E-08 0.00000000E+00
1.4632E+04 5.24420118E-08 0.00000000E+00
1.4656E+04 5.44156952E-08 0.00000000E+00
1.4679E+04 5.20709545E-08 0.00000000E+00
1.4703E+04 5.15122537E-08 0.00000000E+00
1.4726E+04 5.45133440E-08 0.00000000E+00
1.4750E+04 5.44603548E-08 0.00000000E+00
1.4773E+04 5.15784304E-08 0.00000000E+00
1.4797E+04 5.23461827E-08 0.00000000E+00
1.4820E+04 5.45964964E-08 0.00000000E+00
1.4844E+04 5.25774857E-08 0.00000000E+00
1.4868E+04 5.01394465E-08 0.00000000E+00
1.4891E+04 5.17988594E-08 0.00000000E+00
1.4915E+04 5.24363038E-08 0.00000000E+00
1.4938E+04 4.91485154E-08 0.00000000E+00
1.4962E+04 4.78148013E-08 0.00000000E+00
1.4985E+04 4.95380007E-08 0.00000000E+00
1.5009E+04 4.82689125E-08 0.00000000E+00
1.5033E+04 4.47421949E-08 0.00000000E+00
1.5056E+04 4.46320557E-08 0.00000000E+00
1.5080E+04 4.55527212E-08 0.00000000E+00
1.5103E+04 4.27378756E-08 0.00000000E+00
1.5127E+04 3.99370066E-08 0.00000000E+00
1.5150E+04 4.06442827E-08 0.00000000E+00
1.5174E+04 4.02137171E-08 0.00000000E+00
1.5197E+04 3.67072859E-08 0.00000000E+00
1.5221E+04 3.51980126E-08 0.00000000E+00
1.5245E+04 3.60171719E-08 0.00000000E+00
1.5268E+04 3.42202211E-08 0.00000000E+00
1.5292E+04 3.10374097E-08 0.00000000E+00
1.5315E+04 3.08366332E-08 0.00000000E+00
1.5339E+04 3.10921392E-08 0.00000000E+00
1.5362E+04 2.84446344E-08 0.00000000E+00
1.5386E+04 2.63940342E-08 0.00000000E+00
1.5410E+04 2.70440642E-08 0.00000000E+00
1.5433E+04 2.63830854E-08 0.00000000E+00
1.5457E+04 2.37224093E-08 0.00000000E+00
1.5480E+04 2.31431163E-08 0.00000000E+00
1.5504E+04 2.39602214E-08 0.00000000E+00
1.5527E+04 2.24929630E-08 0.00000000E+00
1.5551E+04 2.06532088E-08 0.00000000E+00
1.5574E+04 2.13468059E-08 0.00000000E+00
1.5598E+04 2.17308247E-08 0.00000000E+00
1.5622E+04 1.99709236E-08 0.00000000E+00
1.5645E+04 1.94735281E-08 0.00000000E+00
1.5669E+04 2.08401555E-08 0.00000000E+00
1.5692E+04 2.05174081E-08 0.00000000E+00
1.5716E+04 1.91572388E-08 0.00000000E+00
1.5739E+04 2.00342712E-08 0.00000000E+00
1.5763E+04 2.13435738E-08 0.00000000E+00
1.5787E+04 2.04517940E-08 0.00000000E+00
1.5810E+04 2.00709872E-08 0.00000000E+00
1.5834E+04 2.18802357E-08 0.00000000E+00
1.5857E+04 2.25620618E-08 0.00000000E+00
1.5881E+04 2.15556275E-08 0.00000000E+00
1.5904E+04 2.23820279E-08 0.00000000E+00
1.5928E+04 2.43960080E-08 0.00000000E+00
1.5951E+04 2.42376777E-08 0.00000000E+00
1.5975E+04 2.36645069E-08 0.00000000E+00
1.5999E+04 2.54797483E-08 0.00000000E+00
1.6022E+04 2.69657612E-08 0.00000000E+00
1.6046E+04 2.61482621E-08 0.00000000E+00
1.6069E+04 2.63974982E-08 0.00000000E+00
1.6093E+04 2.86179572E-08 0.00000000E+00
1.6116E+04 2.90975827E-08 0.00000000E+00
1.6140E+04 2.80713049E-08 0.00000000E+00
1.6163E+04 2.91963579E-08 0.00000000E+00
1.6187E+04 3.10905317E-08 0.00000000E+00
1.6211E+04 3.04830113E-08 0.00000000E+00
1.6234E+04 2.97464193E-08 0.00000000E+00
1.6258E+04 3.14317436E-08 0.00000000E+00
1.6281E+04 3.23846786E-08 0.00000000E+00
1.6305E+04 3.09901675E-08 0.00000000E+00
1.6328E+04 3.08680607E-08 0.00000000E+00
1.6352E+04 3.25471405E-08 0.00000000E+00
1.6376E+04 3.22697113E-08 0.00000000E+00
1.6399E+04 3.06129467E-08 0.00000000E+00
1.6423E+04 3.11238378E-08 0.00000000E+00
1.6446E+04 3.21956448E-08 0.00000000E+00
1.6470E+04 3.08037546E-08 0.00000000E+00
1.6493E+04 2.94104316E-08 0.00000000E+00
1.6517E+04 3.02707127E-08 0.00000000E+00
1.6540E+04 3.03258962E-08 0.00000000E+00
1.6564E+04 2.82688799E-08 0.00000000E+00
1.6588E+04 2.74668840E-08 0.00000000E+00
1.6611E+04 2.82216666E-08 0.00000000E+00
1.6635E+04 2.71904602E-08 0.00000000E+00
1.6658E+04 2.50664135E-08 0.00000000E+00
1.6682E+04 2.48866808E-08 0.00000000E+00
1.6705E+04 2.51072342E-08 0.00000000E+00
1.6729E+04 2.32759469E-08 0.00000000E+00
1.6753E+04 2.16115952E-08 0.00000000E+00
1.6776E+04 2.18182578E-08 0.00000000E+00
1.6800E+04 2.12829045E-08 0.00000000E+00
1.6823E+04 1.91792316E-08 0.00000000E+00
1.6847E+04 1.82592454E-08 0.00000000E+00
1.6870E+04 1.84854567E-08 0.00000000E+00
1.6894E+04 1.72719292E-08 0.00000000E+00
1.6917E+04 1.54693332E-08 0.00000000E+00
1.6941E+04 1.52742257E-08 0.00000000E+00
1.6965E+04 1.52000464E-08 0.00000000E+00
1.6988E+04 1.36561181E-08 0.00000000E+00
1.7012E+04 1.25750986E-08 0.00000000E+00
1.7035E+04 1.28403572E-08 0.00000000E+00
1.7059E+04 1.23370207E-08 0.00000000E+00
1.7082E+04 1.09457980E-08 0.00000000E+00
1.7106E+04 1.07258346E-08 0.00000000E+00
1.7130E+04 1.10872317E-08 0.00000000E+00
1.7153E+04 1.02707960E-08 0.00000000E+00
1.7177E+04 9.46737011E-09 0.00000000E+00
1.7200E+04 9.95137053E-09 0.00000000E+00
1.7224E+04 1.01110424E-08 0.00000000E+00
1.7247E+04 9.28843960E-09 0.00000000E+00
1.7271E+04 9.30052898E-09 0.00000000E+00
1.7294E+04 1.01279607E-08 0.00000000E+00
1.7318E+04 9.97334191E-09 0.00000000E+00
1.7342E+04 9.50803975E-09 0.00000000E+00
1.7365E+04 1.02801227E-08 0.00000000E+00
1.7389E+04 1.10441773E-08 0.00000000E+00
1.7412E+04 1.06761639E-08 0.00000000E+00
1.7436E+04 1.08314085E-08 0.00000000E+00
1.7459E+04 1.20565557E-08 0.00000000E+00
1.7483E+04 1.24600736E-08 0.00000000E+00
1.7507E+04 1.21264174E-08 0.00000000E+00
1.7530E+04 1.29501047E-08 0.00000000E+00
1.7554E+04 1.41913164E-08 0.00000000E+00
1.7577E+04 1.41422562E-08 0.00000000E+00
1.7601E+04 1.41105440E-08 0.00000000E+00
1.7624E+04 1.54063003E-08 0.00000000E+00
1.7648E+04 1.62564434E-08 0.00000000E+00
1.7671E+04 1.58721073E-08 0.00000000E+00
1.7695E+04 1.62987751E-08 0.00000000E+00
1.7719E+04 1.76919637E-08 0.00000000E+00
1.7742E+04 1.79103343E-08 0.00000000E+00
1.7766E+04 1.74376924E-08 0.00000000E+00
1.7789E+04 1.82877501E-08 0.00000000E+00
1.7813E+04 1.93578322E-08 0.00000000E+00
1.7836E+04 1.89347310E-08 0.00000000E+00
1.7860E+04 1.86264650E-08 0.00000000E+00
1.7884E+04 1.96752247E-08 0.00000000E+00
1.7907E+04 2.01017610E-08 0.00000000E+00
1.7931E+04 1.92334122E-08 0.00000000E+00
1.7954E+04 1.92335880E-08 0.00000000E+00
1.7978E+04 2.01472432E-08 0.00000000E+00
1.8001E+04 1.98143772E-08 0.00000000E+00
1.8025E+04 1.88059004E-08 0.00000000E+00
1.8048E+04 1.90911656E-08 0.00000000E+00
1.8072E+04 1.95517863E-08 0.00000000E+00
1.8096E+04 1.85749033E-08 0.00000000E+00
1.8119E+04 1.77149016E-08 0.00000000E+00
1.8143E+04 1.81115235E-08 0.00000000E+00
1.8166E+04 1.79359845E-08 0.00000000E+00
1.8190E+04 1.66057700E-08 0.00000000E+00
1.8213E+04 1.60631578E-08 0.00000000E+00
1.8237E+04 1.63283194E-08 0.00000000E+00
1.8261E+04 1.55352433E-08 0.00000000E+00
1.8284E+04 1.42056242E-08 0.00000000E+00
1.8308E+04 1.39862429E-08 0.00000000E+00
1.8331E+04 1.39167840E-08 0.00000000E+00
1.8355E+04 1.27177651E-08 0.00000000E+00
1.8378E+04 1.16832317E-08 0.00000000E+00
1.8402E+04 1.16571643E-08 0.00000000E+00
1.8425E+04 1.11798920E-08 0.00000000E+00
1.8449E+04 9.90141440E-09 0.00000000E+00
1.8473E+04 9.30953971E-09 0.00000000E+00
1.8496E+04 9.29121850E-09 0.00000000E+00
1.8520E+04 8.49858232E-09 0.00000000E+00
1.8543E+04 7.46700752E-09 0.00000000E+00
1.8567E+04 7.29482672E-09 0.00000000E+00
1.8590E+04 7.13845638E-09 0.00000000E+00
1.8614E+04 6.25683734E-09 0.00000000E+00
1.8637E+04 5.69086246E-09 0.00000000E+00
1.8661E+04 5.78701960E-09 0.00000000E+00
1.8685E+04 5.45653000E-09 0.00000000E+00
1.8708E+04 4.76162025E-09 0.00000000E+00
1.8732E+04 4.71094982E-09 0.00000000E+00
1.8755E+04 4.88019419E-09 0.00000000E+00
1.8779E+04 4.46606989E-09 0.00000000E+00
1.8802E+04 4.17993486E-09 0.00000000E+00
1.8826E+04 4.52890246E-09 0.00000000E+00
1.8850E+04 4.62131030E-09 0.00000000E+00
1.8873E+04 4.29993940E-09 0.00000000E+00
1.8897E+04 4.50993549E-09 0.00000000E+00
1.8920E+04 5.03909343E-09 0.00000000E+00
1.8944E+04 5.00798364E-09 0.00000000E+00
1.8967E+04 4.96278210E-09 0.00000000E+00
1.8991E+04 5.59222471E-09 0.00000000E+00
1.9014E+04 6.06975433E-09 0.00000000E+00
1.9038E+04 5.97786073E-09 0.00000000E+00
1.9062E+04 6.31602162E-09 0.00000000E+00
1.9085E+04 7.15528203E-09 0.00000000E+00
1.9109E+04 7.42125773E-09 0.00000000E+00
1.9132E+04 7.39718721E-09 0.00000000E+00
1.9156E+04 8.09626628E-09 0.00000000E+00
1.9179E+04 8.87966720E-09 0.00000000E+00
1.9203E+04 8.89222232E-09 0.00000000E+00
1.9227E+04 9.05924737E-09 0.00000000E+00
1.9250E+04 9.96460856E-09 0.00000000E+00
1.9274E+04 1.04621848E-08 0.00000000E+00
1.9297E+04 1.02920523E-08 0.00000000E+00
1.9321E+04 1.07011374E-08 0.00000000E+00
1.9344E+04 1.15744827E-08 0.00000000E+00
1.9368E+04 1.16641786E-08 0.00000000E+00
1.9391E+04 1.14453192E-08 0.00000000E+00
1.9415E+04 1.20407427E-08 0.00000000E+00
1.9439E+04 1.26400867E-08 0.00000000E+00
1.9462E+04 1.23357627E-08 0.00000000E+00
1.9486E+04 1.21963136E-08 0.00000000E+00
1.9509E+04 1.28275654E-08 0.00000000E+00
1.9533E+04 1.29877534E-08 0.00000000E+00
1.9556E+04 1.24167996E-08 0.00000000E+00
1.9580E+04 1.24202857E-08 0.00000000E+00
1.9604E+04 1.28945703E-08 0.00000000E+00
1.9627E+04 1.25786444E-08 0.00000000E+00
1.9651E+04 1.19223791E-08 0.00000000E+00
1.9674E+04 1.20425835E-08 0.00000000E+00
1.9698E+04 1.21961457E-08 0.00000000E+00
1.9721E+04 1.15003321E-08 0.00000000E+00
1.9745E+04 1.09231916E-08 0.00000000E+00
1.9768E+04 1.10607205E-08 0.00000000E+00
1.9792E+04 1.08204845E-08 0.00000000E+00
1.9816E+04 9.93383793E-09 0.00000000E+00
1.9839E+04 9.52919744E-09 0.00000000E+00
1.9863E+04 9.56026452E-09 0.00000000E+00
1.9886E+04 8.97206000E-09 0.00000000E+00
1.9910E+04 8.10849601E-09 0.00000000E+00
1.9933E+04 7.87991994E-09 0.00000000E+00
1.9957E+04 7.71526792E-09 0.00000000E+00
1.9981E+04 6.92870158E-09 0.00000000E+00
2.0004E+04 6.25800182E-09 0.00000000E+00
2.0028E+04 6.13914439E-09 0.00000000E+00
2.0051E+04 5.76799481E-09 0.00000000E+00
2.0075E+04 4.98496917E-09 0.00000000E+00
2.0098E+04 4.58752320E-09 0.00000000E+00
2.0122E+04 4.48833346E-09 0.00000000E+00
2.0145E+04 3.98942845E-09 0.00000000E+00
2.0169E+04 3.39667843E-09 0.00000000E+00
2.0193E+04 3.25569097E-09 0.00000000E+00
2.0216E+04 3.11312059E-09 0.00000000E+00
2.0240E+04 2.62886643E-09 0.00000000E+00
2.0263E+04 2.33975238E-09 0.00000000E+00
2.0287E+04 2.36930241E-09 0.00000000E+00
2.0310E+04 2.18063718E-09 0.00000000E+00
2.0334E+04 1.86521080E-09 0.00000000E+00
2.0358E+04 1.89102352E-09 0.00000000E+00
2.0381E+04 1.98493136E-09 0.00000000E+00
2.0405E+04 1.81054673E-09 0.00000000E+00
2.0428E+04 1.77270963E-09 0.00000000E+00
2.0452E+04 2.03144141E-09 0.00000000E+00
2.0475E+04 2.11141081E-09 0.00000000E+00
2.0499E+04 2.04716987E-09 0.00000000E+00
2.0522E+04 2.30985901E-09 0.00000000E+00
2.0546E+04 2.66595614E-09 0.00000000E+00
2.0570E+04 2.70988956E-09 0.00000000E+00
2.0593E+04 2.84194039E-09 0.00000000E+00
2.0617E+04 3.33342661E-09 0.00000000E+00
2.0640E+04 3.65111694E-09 0.00000000E+00
2.0664E+04 3.69222276E-09 0.00000000E+00
2.0687E+04 4.05369363E-09 0.00000000E+00
2.0711E+04 4.63250714E-09 0.00000000E+00
2.0735E+04 4.82180713E-09 0.00000000E+00
2.0758E+04 4.92177156E-09 0.00000000E+00
2.0782E+04 5.46947014E-09 0.00000000E+00
2.0805E+04 5.97253923E-09 0.00000000E+00
2.0829E+04 6.01176970E-09 0.00000000E+00
2.0852E+04 6.22165958E-09 0.00000000E+00
2.0876E+04 6.84234734E-09 0.00000000E+00
2.0899E+04 7.13777792E-09 0.00000000E+00
2.0923E+04 7.06691932E-09 0.00000000E+00
2.0947E+04 7.39366023E-09 0.00000000E+00
2.0970E+04 7.93752916E-09 0.00000000E+00
2.0994E+04 7.96293412E-09 0.00000000E+00
2.1017E+04 7.85393733E-09 0.00000000E+00
2.1041E+04 8.24692877E-09 0.00000000E+00
2.1064E+04 8.57539812E-09 0.00000000E+00
2.1088E+04 8.34937490E-09 0.00000000E+00
2.1112E+04 8.26794942E-09 0.00000000E+00
2.1135E+04 8.63140106E-09 0.00000000E+00
2.1159E+04 8.66128689E-09 0.00000000E+00
2.1182E+04 8.26649795E-09 0.00000000E+00
2.1206E+04 8.24191118E-09 0.00000000E+00
2.1229E+04 8.46770905E-09 0.00000000E+00
2.1253E+04 8.19586191E-09 0.00000000E+00
2.1276E+04 7.74276582E-09 0.00000000E+00
2.1300E+04 7.75749868E-09 0.00000000E+00
2.1324E+04 7.76520489E-09 0.00000000E+00
2.1347E+04 7.26568041E-09 0.00000000E+00
2.1371E+04 6.85227112E-09 0.00000000E+00
2.1394E+04 6.85431996E-09 0.00000000E+00
2.1418E+04 6.62237594E-09 0.00000000E+00
2.1441E+04 6.01870808E-09 0.00000000E+00
2.1465E+04 5.70156191E-09 0.00000000E+00
2.1488E+04 5.63263853E-09 0.00000000E+00
2.1512E+04 5.20868211E-09 0.00000000E+00
2.1536E+04 4.63271476E-09 0.00000000E+00
2.1559E+04 4.41873969E-09 0.00000000E+00
2.1583E+04 4.24541496E-09 0.00000000E+00
2.1606E+04 3.73201114E-09 0.00000000E+00
2.1630E+04 3.28474453E-09 0.00000000E+00
2.1653E+04 3.14401653E-09 0.00000000E+00
2.1677E+04 2.87823442E-09 0.00000000E+00
2.1701E+04 2.39976842E-09 0.00000000E+00
2.1724E+04 2.12761533E-09 0.00000000E+00
2.1748E+04 2.01931846E-09 0.00000000E+00
2.1771E+04 1.71959327E-09 0.00000000E+00
2.1795E+04 1.38288356E-09 0.00000000E+00
2.1818E+04 1.27582977E-09 0.00000000E+00
2.1842E+04 1.17481359E-09 0.00000000E+00
2.1865E+04 9.27570726E-10 0.00000000E+00
2.1889E+04 7.90465526E-10 0.00000000E+00
2.1913E+04 7.99881721E-10 0.00000000E+00
2.1936E+04 7.12195335E-10 0.00000000E+00
2.1960E+04 6.00731513E-10 0.00000000E+00
2.1983E+04 6.59204021E-10 0.00000000E+00
2.2007E+04 7.25945478E-10 0.00000000E+00
2.2030E+04 6.87183564E-10 0.00000000E+00
2.2054E+04 7.60461102E-10 0.00000000E+00
2.2078E+04 9.57278277E-10 0.00000000E+00
2.2101E+04 1.03783141E-09 0.00000000E+00
2.2125E+04 1.09574539E-09 0.00000000E+00
2.2148E+04 1.34900729E-09 0.00000000E+00
2.2172E+04 1.59897784E-09 0.00000000E+00
2.2195E+04 1.67953823E-09 0.00000000E+00
2.2219E+04 1.86895345E-09 0.00000000E+00
2.2242E+04 2.24329087E-09 0.00000000E+00
2.2266E+04 2.46449881E-09 0.00000000E+00
2.2290E+04 2.55876478E-09 0.00000000E+00
2.2313E+04 2.87983575E-09 0.00000000E+00
2.2337E+04 3.28047014E-09 0.00000000E+00
2.2360E+04 3.41971204E-09 0.00000000E+00
2.2384E+04 3.55324350E-09 0.00000000E+00
2.2407E+04 3.96247825E-09 0.00000000E+00
2.2431E+04 4.28859852E-09 0.00000000E+00
2.2455E+04 4.33257954E-09 0.00000000E+00
2.2478E+04 4.52192749E-09 0.00000000E+00
2.2502E+04 4.94008708E-09 0.00000000E+00
2.2525E+04 5.11522171E-09 0.00000000E+00
2.2549E+04 5.08529938E-09 0.00000000E+00
2.2572E+04 5.32175309E-09 0.00000000E+00
2.2596E+04 5.65596479E-09 0.00000000E+00
2.2619E+04 5.64834997E-09 0.00000000E+00
2.2643E+04 5.58312212E-09 0.00000000E+00
2.2667E+04 5.82844243E-09 0.00000000E+00
2.2690E+04 6.00037310E-09 0.00000000E+00
2.2714E+04 5.82713913E-09 0.00000000E+00
2.2737E+04 5.76142136E-09 0.00000000E+00
2.2761E+04 5.95757413E-09 0.00000000E+00
2.2784E+04 5.92736767E-09 0.00000000E+00
2.2808E+04 5.64269510E-09 0.00000000E+00
2.2832E+04 5.59195451E-09 0.00000000E+00
2.2855E+04 5.68093097E-09 0.00000000E+00
2.2879E+04 5.45848083E-09 0.00000000E+00
2.2902E+04 5.13164170E-09 0.00000000E+00
2.2926E+04 5.08783908E-09 0.00000000E+00
2.2949E+04 5.03354087E-09 0.00000000E+00
2.2973E+04 4.67362295E-09 0.00000000E+00
2.2996E+04 4.36588634E-09 0.00000000E+00
2.3020E+04 4.30543290E-09 0.00000000E+00
2.3044E+04 4.10884990E-09 0.00000000E+00
2.3067E+04 3.69262862E-09 0.00000000E+00
2.3091E+04 3.44142451E-09 0.00000000E+00
2.3114E+04 3.34081776E-09 0.00000000E+00
2.3138E+04 3.04247207E-09 0.00000000E+00
2.3161E+04 2.65258860E-09 0.00000000E+00
2.3185E+04 2.46761471E-09 0.00000000E+00
2.3209E+04 2.31932313E-09 0.00000000E+00
2.3232E+04 1.98795740E-09 0.00000000E+00
2.3256E+04 1.68612990E-09 0.00000000E+00
2.3279E+04 1.55693887E-09 0.00000000E+00
2.3303E+04 1.37831874E-09 0.00000000E+00
2.3326E+04 1.09002227E-09 0.00000000E+00
2.3350E+04 9.04394671E-10 0.00000000E+00
2.3373E+04 8.14529393E-10 0.00000000E+00
2.3397E+04 6.45708648E-10 0.00000000E+00
2.3421E+04 4.61084033E-10 0.00000000E+00
2.3444E+04 3.86342741E-10 0.00000000E+00
2.3468E+04 3.26987500E-10 0.00000000E+00
2.3491E+04 2.18326444E-10 0.00000000E+00
2.3515E+04 1.65694037E-10 0.00000000E+00
2.3538E+04 1.74019895E-10 0.00000000E+00
2.3562E+04 1.51045039E-10 0.00000000E+00
2.3586E+04 1.45047904E-10 0.00000000E+00
2.3609E+04 2.15084104E-10 0.00000000E+00
2.3633E+04 2.72255321E-10 0.00000000E+00
2.3656E+04 3.03866005E-10 0.00000000E+00
2.3680E+04 4.18603989E-10 0.00000000E+00
2.3703E+04 5.71373728E-10 0.00000000E+00
2.3727E+04 6.51112847E-10 0.00000000E+00
2.3750E+04 7.57565987E-10 0.00000000E+00
2.3774E+04 9.78018053E-10 0.00000000E+00
2.3798E+04 1.15887858E-09 0.00000000E+00
2.3821E+04 1.25009552E-09 0.00000000E+00
2.3845E+04 1.44035619E-09 0.00000000E+00
2.3868E+04 1.72096129E-09 0.00000000E+00
2.3892E+04 1.87896961E-09 0.00000000E+00
2.3915E+04 1.98405011E-09 0.00000000E+00
2.3939E+04 2.24549701E-09 0.00000000E+00
2.3962E+04 2.52295569E-09 0.00000000E+00
2.3986E+04 2.62515143E-09 0.00000000E+00
2.4010E+04 2.75134290E-09 0.00000000E+00
2.4033E+04 3.04731644E-09 0.00000000E+00
2.4057E+04 3.25896378E-09 0.00000000E+00
2.4080E+04 3.29611686E-09 0.00000000E+00
2.4104E+04 3.44479528E-09 0.00000000E+00
2.4127E+04 3.72155565E-09 0.00000000E+00
2.4151E+04 3.82283220E-09 0.00000000E+00
2.4175E+04 3.80589731E-09 0.00000000E+00
2.4198E+04 3.96505697E-09 0.00000000E+00
2.4222E+04 4.16594613E-09 0.00000000E+00
2.4245E+04 4.14118339E-09 0.00000000E+00
2.4269E+04 4.09127889E-09 0.00000000E+00
2.4292E+04 4.23489664E-09 0.00000000E+00
2.4316E+04 4.31668284E-09 0.00000000E+00
2.4339E+04 4.18017998E-09 0.00000000E+00
2.4363E+04 4.11704179E-09 0.00000000E+00
2.4387E+04 4.21185023E-09 0.00000000E+00
2.4410E+04 4.15743201E-09 0.00000000E+00
2.4434E+04 3.94545714E-09 0.00000000E+00
2.4457E+04 3.87930751E-09 0.00000000E+00
2.4481E+04 3.89630225E-09 0.00000000E+00
2.4504E+04 3.71938103E-09 0.00000000E+00
2.4528E+04 3.47685082E-09 0.00000000E+00
2.4552E+04 3.40665369E-09 0.00000000E+00
2.4575E+04 3.33265383E-09 0.00000000E+00
2.4599E+04 3.07299905E-09 0.00000000E+00
2.4622E+04 2.84005040E-09 0.00000000E+00
2.4646E+04 2.75813673E-09 0.00000000E+00
2.4669E+04 2.60266219E-09 0.00000000E+00
2.4693E+04 2.31397045E-09 0.00000000E+00
2.4716E+04 2.11702758E-09 0.00000000E+00
2.4740E+04 2.01733504E-09 0.00000000E+00
2.4764E+04 1.81190024E-09 0.00000000E+00
2.4787E+04 1.54670343E-09 0.00000000E+00
2.4811E+04 1.39637624E-09 0.00000000E+00
2.4834E+04 1.28214001E-09 0.00000000E+00
2.4858E+04 1.07199228E-09 0.00000000E+00
2.4881E+04 8.68743727E-10 0.00000000E+00
2.4905E+04 7.63983263E-10 0.00000000E+00
2.4929E+04 6.51120916E-10 0.00000000E+00
2.4952E+04 4.82291248E-10 0.00000000E+00
2.4976E+04 3.58527450E-10 0.00000000E+00
2.4999E+04 2.94093760E-10 0.00000000E+00
2.5023E+04 2.08480067E-10 0.00000000E+00
2.5046E+04 1.14675803E-10 0.00000000E+00
2.5070E+04 6.76180967E-11 0.00000000E+00
2.5093E+04 4.09621931E-11 0.00000000E+00
2.5117E+04 1.04226517E-11 0.00000000E+00
2.5141E+04 4.19991496E-12 0.00000000E+00
2.5164E+04 1.73761599E-11 0.00000000E+00
2.5188E+04 3.17574343E-11 0.00000000E+00
2.5211E+04 7.58356995E-11 0.00000000E+00
2.5235E+04 1.46768697E-10 0.00000000E+00
2.5258E+04 1.99265750E-10 0.00000000E+00
2.5282E+04 2.61896650E-10 0.00000000E+00
2.5306E+04 3.83399436E-10 0.00000000E+00
2.5329E+04 5.03352501E-10 0.00000000E+00
2.5353E+04 5.77825922E-10 0.00000000E+00
2.5376E+04 6.94170119E-10 0.00000000E+00
2.5400E+04 8.75839478E-10 0.00000000E+00
2.5423E+04 1.00897446E-09 0.00000000E+00
2.5447E+04 1.09558989E-09 0.00000000E+00
2.5470E+04 1.26266647E-09 0.00000000E+00
2.5494E+04 1.47038990E-09 0.00000000E+00
2.5518E+04 1.58411514E-09 0.00000000E+00
2.5541E+04 1.67962838E-09 0.00000000E+00
2.5565E+04 1.88162356E-09 0.00000000E+00
2.5588E+04 2.07316646E-09 0.00000000E+00
2.5612E+04 2.14630363E-09 0.00000000E+00
2.5635E+04 2.24961756E-09 0.00000000E+00
2.5659E+04 2.45815580E-09 0.00000000E+00
2.5683E+04 2.59443347E-09 0.00000000E+00
2.5706E+04 2.62029659E-09 0.00000000E+00
2.5730E+04 2.72720818E-09 0.00000000E+00
2.5753E+04 2.90672681E-09 0.00000000E+00
2.5777E+04 2.96184440E-09 0.00000000E+00
2.5800E+04 2.94604287E-09 0.00000000E+00
2.5824E+04 3.04602104E-09 0.00000000E+00
2.5847E+04 3.16262571E-09 0.00000000E+00
2.5871E+04 3.12953393E-09 0.00000000E+00
2.5895E+04 3.08426742E-09 0.00000000E+00
2.5918E+04 3.16102047E-09 0.00000000E+00
2.5942E+04 3.19179479E-09 0.00000000E+00
2.5965E+04 3.08212178E-09 0.00000000E+00
2.5989E+04 3.01979878E-09 0.00000000E+00
2.6012E+04 3.05561672E-09 0.00000000E+00
2.6036E+04 2.99514394E-09 0.00000000E+00
2.6060E+04 2.83386190E-09 0.00000000E+00
2.6083E+04 2.76272032E-09 0.00000000E+00
2.6107E+04 2.74487413E-09 0.00000000E+00
2.6130E+04 2.60674052E-09 0.00000000E+00
2.6154E+04 2.42400746E-09 0.00000000E+00
2.6177E+04 2.34721767E-09 0.00000000E+00
2.6201E+04 2.27375464E-09 0.00000000E+00
2.6224E+04 2.08661027E-09 0.00000000E+00
2.6248E+04 1.90980542E-09 0.00000000E+00
2.6272E+04 1.82786147E-09 0.00000000E+00
2.6295E+04 1.71030512E-09 0.00000000E+00
2.6319E+04 1.50994318E-09 0.00000000E+00
2.6342E+04 1.35842800E-09 0.00000000E+00
2.6366E+04 1.27319277E-09 0.00000000E+00
2.6389E+04 1.13483055E-09 0.00000000E+00
2.6413E+04 9.55007800E-10 0.00000000E+00
2.6437E+04 8.38784969E-10 0.00000000E+00
2.6460E+04 7.56916047E-10 0.00000000E+00
2.6484E+04 6.27040796E-10 0.00000000E+00
2.6507E+04 4.91973340E-10 0.00000000E+00
2.6531E+04 4.13783710E-10 0.00000000E+00
2.6554E+04 3.47636559E-10 0.00000000E+00
2.6578E+04 2.53626078E-10 0.00000000E+00
2.6601E+04 1.74252053E-10 0.00000000E+00
2.6625E+04 1.33398557E-10 0.00000000E+00
2.6649E+04 9.86738789E-11 0.00000000E+00
2.6672E+04 5.85689288E-11 0.00000000E+00
2.6696E+04 3.31647999E-11 0.00000000E+00
2.6719E+04 2.89326444E-11 0.00000000E+00
2.6743E+04 3.97878585E-11 0.00000000E+00
2.6766E+04 5.77986576E-11 0.00000000E+00
2.6790E+04 7.59784786E-11 0.00000000E+00
2.6813E+04 1.09020303E-10 0.00000000E+00
2.6837E+04 1.72498781E-10 0.00000000E+00
2.6861E+04 2.38766191E-10 0.00000000E+00
2.6884E+04 2.86864263E-10 0.00000000E+00
2.6908E+04 3.58055164E-10 0.00000000E+00
2.6931E+04 4.70053970E-10 0.00000000E+00
2.6955E+04 5.64470283E-10 0.00000000E+00
2.6978E+04 6.30139839E-10 0.00000000E+00
2.7002E+04 7.37665603E-10 0.00000000E+00
2.7026E+04 8.82139974E-10 0.00000000E+00
2.7049E+04 9.80680929E-10 0.00000000E+00
2.7073E+04 1.05521077E-09 0.00000000E+00
2.7096E+04 1.19150570E-09 0.00000000E+00
2.7120E+04 1.34342693E-09 0.00000000E+00
2.7143E+04 1.42474559E-09 0.00000000E+00
2.7167E+04 1.50275965E-09 0.00000000E+00
2.7190E+04 1.65302652E-09 0.00000000E+00
2.7214E+04 1.78424568E-09 0.00000000E+00
2.7238E+04 1.83443594E-09 0.00000000E+00
2.7261E+04 1.91179266E-09 0.00000000E+00
2.7285E+04 2.05520018E-09 0.00000000E+00
2.7308E+04 2.14134771E-09 0.00000000E+00
2.7332E+04 2.15566988E-09 0.00000000E+00
2.7355E+04 2.22706102E-09 0.00000000E+00
2.7379E+04 2.34061097E-09 0.00000000E+00
2.7403E+04 2.36685011E-09 0.00000000E+00
2.7426E+04 2.34842944E-09 0.00000000E+00
2.7450E+04 2.40615674E-09 0.00000000E+00
2.7473E+04 2.47010314E-09 0.00000000E+00
2.7497E+04 2.43403373E-09 0.00000000E+00
2.7520E+04 2.39060936E-09 0.00000000E+00
2.7544E+04 2.42535508E-09 0.00000000E+00
2.7567E+04 2.42838511E-09 0.00000000E+00
2.7591E+04 2.33944255E-09 0.00000000E+00
2.7615E+04 2.27977274E-09 0.00000000E+00
2.7638E+04 2.28319408E-09 0.00000000E+00
2.7662E+04 2.22559712E-09 0.00000000E+00
2.7685E+04 2.10148945E-09 0.00000000E+00
2.7709E+04 2.03286328E-09 0.00000000E+00
2.7732E+04 2.00095776E-09 0.00000000E+00
2.7756E+04 1.89469170E-09 0.00000000E+00
2.7780E+04 1.75632021E-09 0.00000000E+00
2.7803E+04 1.68391803E-09 0.00000000E+00
2.7827E+04 1.61968928E-09 0.00000000E+00
2.7850E+04 1.48532116E-09 0.00000000E+00
2.7874E+04 1.35193463E-09 0.00000000E+00
2.7897E+04 1.27985584E-09 0.00000000E+00
2.7921E+04 1.19401414E-09 0.00000000E+00
2.7944E+04 1.05555446E-09 0.00000000E+00
2.7968E+04 9.41539923E-10 0.00000000E+00
2.7992E+04 8.74570382E-10 0.00000000E+00
2.8015E+04 7.83730456E-10 0.00000000E+00
2.8039E+04 6.63015297E-10 0.00000000E+00
2.8062E+04 5.76924020E-10 0.00000000E+00
2.8086E+04 5.21838576E-10 0.00000000E+00
2.8109E+04 4.44626690E-10 0.00000000E+00
2.8133E+04 3.56923273E-10 0.00000000E+00
2.8157E+04 3.02419771E-10 0.00000000E+00
2.8180E+04 2.67890117E-10 0.00000000E+00
2.8204E+04 2.20165997E-10 0.00000000E+00
2.8227E+04 1.72120168E-10 0.00000000E+00
2.8251E+04 1.49882802E-10 0.00000000E+00
2.8274E+04 1.44740993E-10 0.00000000E+00
2.8298E+04 1.35476527E-10 0.00000000E+00
2.8321E+04 1.25632105E-10 0.00000000E+00
2.8345E+04 1.35054333E-10 0.00000000E+00
2.8369E+04 1.65445396E-10 0.00000000E+00
2.8392E+04 1.94568524E-10 0.00000000E+00
2.8416E+04 2.15819007E-10 0.00000000E+00
2.8439E+04 2.55680439E-10 0.00000000E+00
2.8463E+04 3.22194927E-10 0.00000000E+00
2.8486E+04 3.81012451E-10 0.00000000E+00
2.8510E+04 4.23809406E-10 0.00000000E+00
2.8534E+04 4.91725347E-10 0.00000000E+00
2.8557E+04 5.87710389E-10 0.00000000E+00
2.8581E+04 6.61644352E-10 0.00000000E+00
2.8604E+04 7.16745528E-10 0.00000000E+00
2.8628E+04 8.07869143E-10 0.00000000E+00
2.8651E+04 9.19738858E-10 0.00000000E+00
2.8675E+04 9.92377266E-10 0.00000000E+00
2.8698E+04 1.05233079E-09 0.00000000E+00
2.8722E+04 1.15819071E-09 0.00000000E+00
2.8746E+04 1.26785071E-09 0.00000000E+00
2.8769E+04 1.32497939E-09 0.00000000E+00
2.8793E+04 1.38419851E-09 0.00000000E+00
2.8816E+04 1.49254667E-09 0.00000000E+00
2.8840E+04 1.58129197E-09 0.00000000E+00
2.8863E+04 1.61372888E-09 0.00000000E+00
2.8887E+04 1.66762985E-09 0.00000000E+00
2.8911E+04 1.76376853E-09 0.00000000E+00
2.8934E+04 1.81649640E-09 0.00000000E+00
2.8958E+04 1.82109397E-09 0.00000000E+00
2.8981E+04 1.86510539E-09 0.00000000E+00
2.9005E+04 1.93453841E-09 0.00000000E+00
2.9028E+04 1.94302277E-09 0.00000000E+00
2.9052E+04 1.92190256E-09 0.00000000E+00
2.9075E+04 1.95109835E-09 0.00000000E+00
2.9099E+04 1.98277072E-09 0.00000000E+00
2.9123E+04 1.94708830E-09 0.00000000E+00
2.9146E+04 1.90575401E-09 0.00000000E+00
2.9170E+04 1.91547214E-09 0.00000000E+00
2.9193E+04 1.90455854E-09 0.00000000E+00
2.9217E+04 1.83239329E-09 0.00000000E+00
2.9240E+04 1.77763027E-09 0.00000000E+00
2.9264E+04 1.76490347E-09 0.00000000E+00
2.9287E+04 1.71419779E-09 0.00000000E+00
2.9311E+04 1.61843201E-09 0.00000000E+00
2.9335E+04 1.55678254E-09 0.00000000E+00
2.9358E+04 1.52196273E-09 0.00000000E+00
2.9382E+04 1.44136607E-09 0.00000000E+00
2.9405E+04 1.33684897E-09 0.00000000E+00
2.9429E+04 1.27404430E-09 0.00000000E+00
2.9452E+04 1.22183474E-09 0.00000000E+00
2.9476E+04 1.12606486E-09 0.00000000E+00
2.9500E+04 1.02657893E-09 0.00000000E+00
2.9523E+04 9.67806711E-10 0.00000000E+00
2.9547E+04 9.07090096E-10 0.00000000E+00
2.9570E+04 8.12304746E-10 0.00000000E+00
2.9594E+04 7.28516681E-10 0.00000000E+00
2.9617E+04 6.79020771E-10 0.00000000E+00
2.9641E+04 6.21311599E-10 0.00000000E+00
2.9664E+04 5.41648020E-10 0.00000000E+00
2.9688E+04 4.80359509E-10 0.00000000E+00
2.9712E+04 4.45756907E-10 0.00000000E+00
2.9735E+04 4.02631462E-10 0.00000000E+00
2.9759E+04 3.47618855E-10 0.00000000E+00
2.9782E+04 3.12124922E-10 0.00000000E+00
2.9806E+04 2.98007887E-10 0.00000000E+00
2.9829E+04 2.78267850E-10 0.00000000E+00
2.9853E+04 2.51708353E-10 0.00000000E+00
2.9877E+04 2.42722293E-10 0.00000000E+00
2.9900E+04 2.53497220E-10 0.00000000E+00
2.9924E+04 2.60948661E-10 0.00000000E+00
2.9947E+04 2.61338911E-10 0.00000000E+00
2.9971E+04 2.77867252E-10 0.00000000E+00
2.9994E+04 3.15191788E-10 0.00000000E+00
3.0018E+04 3.47728291E-10 0.00000000E+00
3.0041E+04 3.69807671E-10 0.00000000E+00
3.0065E+04 4.09551732E-10 0.00000000E+00
3.0089E+04 4.70991884E-10 0.00000000E+00
3.0112E+04 5.21238803E-10 0.00000000E+00
3.0136E+04 5.57970691E-10 0.00000000E+00
3.0159E+04 6.17182519E-10 0.00000000E+00
3.0183E+04 6.95713316E-10 0.00000000E+00
3.0206E+04 7.52985284E-10 0.00000000E+00
3.0230E+04 7.97280792E-10 0.00000000E+00
3.0254E+04 8.70345467E-10 0.00000000E+00
3.0277E+04 9.55061154E-10 0.00000000E+00
3.0301E+04 1.00799082E-09 0.00000000E+00
3.0324E+04 1.05373389E-09 0.00000000E+00
3.0348E+04 1.13293838E-09 0.00000000E+00
3.0371E+04 1.21092339E-09 0.00000000E+00
3.0395E+04 1.24996796E-09 0.00000000E+00
3.0418E+04 1.29227036E-09 0.00000000E+00
3.0442E+04 1.36817663E-09 0.00000000E+00
3.0466E+04 1.42707786E-09 0.00000000E+00
3.0489E+04 1.44623556E-09 0.00000000E+00
3.0513E+04 1.48118136E-09 0.00000000E+00
3.0536E+04 1.54377358E-09 0.00000000E+00
3.0560E+04 1.57436265E-09 0.00000000E+00
3.0583E+04 1.57176409E-09 0.00000000E+00
3.0607E+04 1.59606808E-09 0.00000000E+00
3.0631E+04 1.63650021E-09 0.00000000E+00
3.0654E+04 1.63451086E-09 0.00000000E+00
3.0678E+04 1.61195184E-09 0.00000000E+00
3.0701E+04 1.62290649E-09 0.00000000E+00
3.0725E+04 1.63538256E-09 0.00000000E+00
3.0748E+04 1.60214623E-09 0.00000000E+00
3.0772E+04 1.56394727E-09 0.00000000E+00
3.0795E+04 1.55981114E-09 0.00000000E+00
3.0819E+04 1.54300793E-09 0.00000000E+00
3.0843E+04 1.48479473E-09 0.00000000E+00
3.0866E+04 1.43650391E-09 0.00000000E+00
3.0890E+04 1.41720115E-09 0.00000000E+00
3.0913E+04 1.37474278E-09 0.00000000E+00
3.0937E+04 1.30110284E-09 0.00000000E+00
3.0960E+04 1.24847845E-09 0.00000000E+00
3.0984E+04 1.21626296E-09 0.00000000E+00
3.1008E+04 1.15604134E-09 0.00000000E+00
3.1031E+04 1.07769783E-09 0.00000000E+00
3.1055E+04 1.02617639E-09 0.00000000E+00
3.1078E+04 9.85859190E-10 0.00000000E+00
3.1102E+04 9.18356192E-10 0.00000000E+00
3.1125E+04 8.45251293E-10 0.00000000E+00
3.1149E+04 7.99836165E-10 0.00000000E+00
3.1172E+04 7.58302981E-10 0.00000000E+00
3.1196E+04 6.94377376E-10 0.00000000E+00
3.1220E+04 6.34319906E-10 0.00000000E+00
3.1243E+04 5.99632583E-10 0.00000000E+00
3.1267E+04 5.64638141E-10 0.00000000E+00
3.1290E+04 5.13384036E-10 0.00000000E+00
3.1314E+04 4.71471964E-10 0.00000000E+00
3.1337E+04 4.51666029E-10 0.00000000E+00
3.1361E+04 4.30175018E-10 0.00000000E+00
3.1385E+04 3.97398098E-10 0.00000000E+00
3.1408E+04 3.76105240E-10 0.00000000E+00
3.1432E+04 3.74456478E-10 0.00000000E+00
3.1455E+04 3.70996802E-10 0.00000000E+00
3.1479E+04 3.58623027E-10 0.00000000E+00
3.1502E+04 3.58252834E-10 0.00000000E+00
3.1526E+04 3.76448022E-10 0.00000000E+00
3.1549E+04 3.91972456E-10 0.00000000E+00
3.1573E+04 3.98395079E-10 0.00000000E+00
3.1597E+04 4.17571538E-10 0.00000000E+00
3.1620E+04 4.54925138E-10 0.00000000E+00
3.1644E+04 4.86532065E-10 0.00000000E+00
3.1667E+04 5.07630091E-10 0.00000000E+00
3.1691E+04 5.43606450E-10 0.00000000E+00
3.1714E+04 5.96546246E-10 0.00000000E+00
3.1738E+04 6.38144147E-10 0.00000000E+00
3.1762E+04 6.68558678E-10 0.00000000E+00
3.1785E+04 7.17312532E-10 0.00000000E+00
3.1809E+04 7.79441620E-10 0.00000000E+00
3.1832E+04 8.23153530E-10 0.00000000E+00
3.1856E+04 8.57423154E-10 0.00000000E+00
3.1879E+04 9.13680172E-10 0.00000000E+00
3.1903E+04 9.76553817E-10 0.00000000E+00
3.1926E+04 1.01444875E-09 0.00000000E+00
3.1950E+04 1.04775327E-09 0.00000000E+00
3.1974E+04 1.10516407E-09 0.00000000E+00
3.1997E+04 1.15968060E-09 0.00000000E+00
3.2021E+04 1.18535627E-09 0.00000000E+00
3.2044E+04 1.21382520E-09 0.00000000E+00
3.2068E+04 1.26547747E-09 0.00000000E+00
3.2091E+04 1.30356421E-09 0.00000000E+00
3.2115E+04 1.31319928E-09 0.00000000E+00
3.2138E+04 1.33391970E-09 0.00000000E+00
3.2162E+04 1.37322211E-09 0.00000000E+00
3.2186E+04 1.38938259E-09 0.00000000E+00
3.2209E+04 1.38208065E-09 0.00000000E+00
3.2233E+04 1.39302132E-09 0.00000000E+00
3.2256E+04 1.41481299E-09 0.00000000E+00
3.2280E+04 1.40713131E-09 0.00000000E+00
3.2303E+04 1.38461099E-09 0.00000000E+00
3.2327E+04 1.38464610E-09 0.00000000E+00
3.2351E+04 1.38624354E-09 0.00000000E+00
3.2374E+04 1.35660302E-09 0.00000000E+00
3.2398E+04 1.32246552E-09 0.00000000E+00
3.2421E+04 1.31156033E-09 0.00000000E+00
3.2445E+04 1.29341614E-09 0.00000000E+00
3.2468E+04 1.24692116E-09 0.00000000E+00
3.2492E+04 1.20579375E-09 0.00000000E+00
3.2515E+04 1.18526979E-09 0.00000000E+00
3.2539E+04 1.15100184E-09 0.00000000E+00
3.2563E+04 1.09481213E-09 0.00000000E+00
3.2586E+04 1.05161645E-09 0.00000000E+00
3.2610E+04 1.02431387E-09 0.00000000E+00
3.2633E+04 9.80042122E-10 0.00000000E+00
3.2657E+04 9.21964707E-10 0.00000000E+00
3.2680E+04 8.81429888E-10 0.00000000E+00
3.2704E+04 8.51575618E-10 0.00000000E+00
3.2728E+04 8.04711057E-10 0.00000000E+00
3.2751E+04 7.51909372E-10 0.00000000E+00
3.2775E+04 7.18305534E-10 0.00000000E+00
3.2798E+04 6.90983292E-10 0.00000000E+00
3.2822E+04 6.48775302E-10 0.00000000E+00
3.2845E+04 6.06857167E-10 0.00000000E+00
3.2869E+04 5.83827031E-10 0.00000000E+00
3.2892E+04 5.64093647E-10 0.00000000E+00
3.2916E+04 5.32303409E-10 0.00000000E+00
3.2940E+04 5.04887642E-10 0.00000000E+00
3.2963E+04 4.95239122E-10 0.00000000E+00
3.2987E+04 4.87080055E-10 0.00000000E+00
3.3010E+04 4.69091354E-10 0.00000000E+00
3.3034E+04 4.57792402E-10 0.00000000E+00
3.3057E+04 4.63180494E-10 0.00000000E+00
3.3081E+04 4.68585864E-10 0.00000000E+00
3.3105E+04 4.65116840E-10 0.00000000E+00
3.3128E+04 4.69784893E-10 0.00000000E+00
3.3152E+04 4.90320313E-10 0.00000000E+00
3.3175E+04 5.08754333E-10 0.00000000E+00
3.3199E+04 5.18150755E-10 0.00000000E+00
3.3222E+04 5.37188630E-10 0.00000000E+00
3.3246E+04 5.71109564E-10 0.00000000E+00
3.3269E+04 5.99542246E-10 0.00000000E+00
3.3293E+04 6.18478781E-10 0.00000000E+00
3.3317E+04 6.49117055E-10 0.00000000E+00
3.3340E+04 6.92701322E-10 0.00000000E+00
3.3364E+04 7.26208640E-10 0.00000000E+00
3.3387E+04 7.50547201E-10 0.00000000E+00
3.3411E+04 7.89056782E-10 0.00000000E+00
3.3434E+04 8.36912719E-10 0.00000000E+00
3.3458E+04 8.69687571E-10 0.00000000E+00
3.3482E+04 8.95256530E-10 0.00000000E+00
3.3505E+04 9.37163312E-10 0.00000000E+00
3.3529E+04 9.82930530E-10 0.00000000E+00
3.3552E+04 1.00943769E-09 0.00000000E+00
3.3576E+04 1.03258318E-09 0.00000000E+00
3.3599E+04 1.07298298E-09 0.00000000E+00
3.3623E+04 1.11033874E-09 0.00000000E+00
3.3646E+04 1.12632596E-09 0.00000000E+00
3.3670E+04 1.14420308E-09 0.00000000E+00
3.3694E+04 1.17824308E-09 0.00000000E+00
3.3717E+04 1.20199790E-09 0.00000000E+00
3.3741E+04 1.20514293E-09 0.00000000E+00
3.3764E+04 1.21581176E-09 0.00000000E+00
3.3788E+04 1.23932317E-09 0.00000000E+00
3.3811E+04 1.24634287E-09 0.00000000E+00
3.3835E+04 1.23644188E-09 0.00000000E+00
3.3859E+04 1.23887652E-09 0.00000000E+00
3.3882E+04 1.24904972E-09 0.00000000E+00
3.3906E+04 1.23877857E-09 0.00000000E+00
3.3929E+04 1.21751735E-09 0.00000000E+00
3.3953E+04 1.21161721E-09 0.00000000E+00
3.3976E+04 1.20754799E-09 0.00000000E+00
3.4000E+04 1.18201512E-09 0.00000000E+00
3.4023E+04 1.15246439E-09 0.00000000E+00
3.4047E+04 1.13909428E-09 0.00000000E+00
3.4071E+04 1.12202835E-09 0.00000000E+00
3.4094E+04 1.08535979E-09 0.00000000E+00
3.4118E+04 1.05137197E-09 0.00000000E+00
3.4141E+04 1.03238684E-09 0.00000000E+00
3.4165E+04 1.00555406E-09 0.00000000E+00
3.4188E+04 9.63138369E-10 0.00000000E+00
3.4212E+04 9.28793999E-10 0.00000000E+00
3.4236E+04 9.06961047E-10 0.00000000E+00
3.4259E+04 8.75001164E-10 0.00000000E+00
3.4283E+04 8.32527919E-10 0.00000000E+00
3.4306E+04 8.01708771E-10 0.00000000E+00
3.4330E+04 7.80446721E-10 0.00000000E+00
3.4353E+04 7.48545202E-10 0.00000000E+00
3.4377E+04 7.11135586E-10 0.00000000E+00
3.4400E+04 6.87224240E-10 0.00000000E+00
3.4424E+04 6.70135090E-10 0.00000000E+00
3.4448E+04 6.43070677E-10 0.00000000E+00
3.4471E+04 6.14656535E-10 0.00000000E+00
3.4495E+04 6.00311783E-10 0.00000000E+00
3.4518E+04 5.90562379E-10 0.00000000E+00
3.4542E+04 5.71889037E-10 0.00000000E+00
3.4565E+04 5.54900501E-10 0.00000000E+00
3.4589E+04 5.51851944E-10 0.00000000E+00
3.4612E+04 5.51536773E-10 0.00000000E+00
3.4636E+04 5.43076753E-10 0.00000000E+00
3.4660E+04 5.38406241E-10 0.00000000E+00
3.4683E+04 5.47246063E-10 0.00000000E+00
3.4707E+04 5.56897381E-10 0.00000000E+00
3.4730E+04 5.58627564E-10 0.00000000E+00
3.4754E+04 5.65780135E-10 0.00000000E+00
3.4777E+04 5.85783620E-10 0.00000000E+00
3.4801E+04 6.04173913E-10 0.00000000E+00
3.4825E+04 6.14478371E-10 0.00000000E+00
3.4848E+04 6.31808522E-10 0.00000000E+00
3.4872E+04 6.60858310E-10 0.00000000E+00
3.4895E+04 6.85168118E-10 0.00000000E+00
3.4919E+04 7.01342004E-10 0.00000000E+00
3.4942E+04 7.26307838E-10 0.00000000E+00
3.4966E+04 7.61006336E-10 0.00000000E+00
3.4989E+04 7.87331662E-10 0.00000000E+00
3.5013E+04 8.06180380E-10 0.00000000E+00
3.5037E+04 8.35595397E-10 0.00000000E+00
3.5060E+04 8.71616575E-10 0.00000000E+00
3.5084E+04 8.95697846E-10 0.00000000E+00
3.5107E+04 9.14087254E-10 0.00000000E+00
3.5131E+04 9.44391021E-10 0.00000000E+00
3.5154E+04 9.77056874E-10 0.00000000E+00
3.5178E+04 9.95056041E-10 0.00000000E+00
3.5202E+04 1.01032125E-09 0.00000000E+00
3.5225E+04 1.03790297E-09 0.00000000E+00
3.5249E+04 1.06289537E-09 0.00000000E+00
3.5272E+04 1.07204536E-09 0.00000000E+00
3.5296E+04 1.08223225E-09 0.00000000E+00
3.5319E+04 1.10382065E-09 0.00000000E+00
3.5343E+04 1.11788454E-09 0.00000000E+00
3.5366E+04 1.11688303E-09 0.00000000E+00
3.5390E+04 1.12085096E-09 0.00000000E+00
3.5414E+04 1.13394071E-09 0.00000000E+00
3.5437E+04 1.13542112E-09 0.00000000E+00
3.5461E+04 1.12451900E-09 0.00000000E+00
3.5484E+04 1.12195804E-09 0.00000000E+00
3.5508E+04 1.12519834E-09 0.00000000E+00
3.5531E+04 1.11428798E-09 0.00000000E+00
3.5555E+04 1.09510371E-09 0.00000000E+00
3.5579E+04 1.08651084E-09 0.00000000E+00
3.5602E+04 1.07995844E-09 0.00000000E+00
3.5626E+04 1.05860394E-09 0.00000000E+00
3.5649E+04 1.03375281E-09 0.00000000E+00
3.5673E+04 1.02038173E-09 0.00000000E+00
3.5696E+04 1.00553200E-09 0.00000000E+00
3.5720E+04 9.77032145E-10 0.00000000E+00
3.5743E+04 9.49679734E-10 0.00000000E+00
3.5767E+04 9.33445967E-10 0.00000000E+00
3.5791E+04 9.13002051E-10 0.00000000E+00
3.5814E+04 8.81402450E-10 0.00000000E+00
3.5838E+04 8.54835353E-10 0.00000000E+00
3.5861E+04 8.38142365E-10 0.00000000E+00
3.5885E+04 8.15549060E-10 0.00000000E+00
3.5908E+04 7.84975165E-10 0.00000000E+00
3.5932E+04 7.62242748E-10 0.00000000E+00
3.5956E+04 7.47704373E-10 0.00000000E+00
3.5979E+04 7.26538432E-10 0.00000000E+00
3.6003E+04 7.00603219E-10 0.00000000E+00
3.6026E+04 6.84242363E-10 0.00000000E+00
3.6050E+04 6.74310417E-10 0.00000000E+00
3.6073E+04 6.57659232E-10 0.00000000E+00
3.6097E+04 6.39041274E-10 0.00000000E+00
3.6120E+04 6.30868799E-10 0.00000000E+00
3.6144E+04 6.27417806E-10 0.00000000E+00
3.6168E+04 6.17381204E-10 0.00000000E+00
3.6191E+04 6.07610496E-10 0.00000000E+00
3.6215E+04 6.08563985E-10 0.00000000E+00
3.6238E+04 6.12519055E-10 0.00000000E+00
3.6262E+04 6.09933503E-10 0.00000000E+00
3.6285E+04 6.09367786E-10 0.00000000E+00
3.6309E+04 6.19391539E-10 0.00000000E+00
3.6333E+04 6.30494574E-10 0.00000000E+00
3.6356E+04 6.34918261E-10 0.00000000E+00
3.6380E+04 6.42858292E-10 0.00000000E+00
3.6403E+04 6.60854857E-10 0.00000000E+00
3.6427E+04 6.77641821E-10 0.00000000E+00
3.6450E+04 6.87573253E-10 0.00000000E+00
3.6474E+04 7.02457955E-10 0.00000000E+00
3.6497E+04 7.26341818E-10 0.00000000E+00
3.6521E+04 7.46355180E-10 0.00000000E+00
3.6545E+04 7.59607334E-10 0.00000000E+00
3.6568E+04 7.79244409E-10 0.00000000E+00
3.6592E+04 8.06131442E-10 0.00000000E+00
3.6615E+04 8.26332332E-10 0.00000000E+00
3.6639E+04 8.40462462E-10 0.00000000E+00
3.6662E+04 8.62274154E-10 0.00000000E+00
3.6686E+04 8.88815695E-10 0.00000000E+00
3.6710E+04 9.06109072E-10 0.00000000E+00
3.6733E+04 9.18813071E-10 0.00000000E+00
3.6757E+04 9.40096196E-10 0.00000000E+00
3.6780E+04 9.62927436E-10 0.00000000E+00
3.6804E+04 9.74686836E-10 0.00000000E+00
3.6827E+04 9.84098314E-10 0.00000000E+00
3.6851E+04 1.00230242E-09 0.00000000E+00
3.6874E+04 1.01853530E-09 0.00000000E+00
3.6898E+04 1.02301894E-09 0.00000000E+00
3.6922E+04 1.02789215E-09 0.00000000E+00
3.6945E+04 1.04090821E-09 0.00000000E+00
3.6969E+04 1.04857468E-09 0.00000000E+00
3.6992E+04 1.04515833E-09 0.00000000E+00
3.7016E+04 1.04494598E-09 0.00000000E+00
3.7039E+04 1.05137706E-09 0.00000000E+00
3.7063E+04 1.04972951E-09 0.00000000E+00
3.7087E+04 1.03893114E-09 0.00000000E+00
3.7110E+04 1.03378361E-09 0.00000000E+00
3.7134E+04 1.03315012E-09 0.00000000E+00
3.7157E+04 1.02275423E-09 0.00000000E+00
3.7181E+04 1.00607443E-09 0.00000000E+00
3.7204E+04 9.96784810E-10 0.00000000E+00
3.7228E+04 9.89611810E-10 0.00000000E+00
3.7251E+04 9.72213568E-10 0.00000000E+00
3.7275E+04 9.51850227E-10 0.00000000E+00
3.7299E+04 9.39756644E-10 0.00000000E+00
3.7322E+04 9.27504647E-10 0.00000000E+00
3.7346E+04 9.05705565E-10 0.00000000E+00
3.7369E+04 8.84213087E-10 0.00000000E+00
3.7393E+04 8.71056051E-10 0.00000000E+00
3.7416E+04 8.55888702E-10 0.00000000E+00
3.7440E+04 8.32703441E-10 0.00000000E+00
3.7463E+04 8.12658161E-10 0.00000000E+00
3.7487E+04 8.00385874E-10 0.00000000E+00
3.7511E+04 7.84807465E-10 0.00000000E+00
3.7534E+04 7.63197068E-10 0.00000000E+00
3.7558E+04 7.46908507E-10 0.00000000E+00
3.7581E+04 7.37431288E-10 0.00000000E+00
3.7605E+04 7.23862052E-10 0.00000000E+00
3.7628E+04 7.06329236E-10 0.00000000E+00
3.7652E+04 6.95613461E-10 0.00000000E+00
3.7676E+04 6.90527074E-10 0.00000000E+00
3.7699E+04 6.80902231E-10 0.00000000E+00
3.7723E+04 6.69208395E-10 0.00000000E+00
3.7746E+04 6.65223852E-10 0.00000000E+00
3.7770E+04 6.65542564E-10 0.00000000E+00
3.7793E+04 6.61016194E-10 0.00000000E+00
3.7817E+04 6.56043548E-10 0.00000000E+00
3.7840E+04 6.59185656E-10 0.00000000E+00
3.7864E+04 6.65139203E-10 0.00000000E+00
3.7888E+04 6.65947577E-10 0.00000000E+00
3.7911E+04 6.67696437E-10 0.00000000E+00
3.7935E+04 6.77552757E-10 0.00000000E+00
3.7958E+04 6.88499372E-10 0.00000000E+00
3.7982E+04 6.93998997E-10 0.00000000E+00
3.8005E+04 7.01688869E-10 0.00000000E+00
3.8029E+04 7.17065110E-10 0.00000000E+00
3.8053E+04 7.31553376E-10 0.00000000E+00
3.8076E+04 7.40408892E-10 0.00000000E+00
3.8100E+04 7.52645774E-10 0.00000000E+00
3.8123E+04 7.71676462E-10 0.00000000E+00
3.8147E+04 7.87656493E-10 0.00000000E+00
3.8170E+04 7.98124162E-10 0.00000000E+00
3.8194E+04 8.13102633E-10 0.00000000E+00
3.8217E+04 8.33453707E-10 0.00000000E+00
3.8241E+04 8.48602607E-10 0.00000000E+00
3.8265E+04 8.58843490E-10 0.00000000E+00
3.8288E+04 8.74563661E-10 0.00000000E+00
3.8312E+04 8.93717330E-10 0.00000000E+00
3.8335E+04 9.05816004E-10 0.00000000E+00
3.8359E+04 9.14179468E-10 0.00000000E+00
3.8382E+04 9.28668178E-10 0.00000000E+00
3.8406E+04 9.44258055E-10 0.00000000E+00
3.8430E+04 9.51544805E-10 0.00000000E+00
3.8453E+04 9.56782428E-10 0.00000000E+00
3.8477E+04 9.68310317E-10 0.00000000E+00
3.8500E+04 9.78455214E-10 0.00000000E+00
3.8524E+04 9.79889171E-10 0.00000000E+00
3.8547E+04 9.81282852E-10 0.00000000E+00
3.8571E+04 9.88563808E-10 0.00000000E+00
3.8594E+04 9.92139775E-10 0.00000000E+00
3.8618E+04 9.87530959E-10 0.00000000E+00
3.8642E+04 9.84938769E-10 0.00000000E+00
3.8665E+04 9.87289651E-10 0.00000000E+00
3.8689E+04 9.84086532E-10 0.00000000E+00
3.8712E+04 9.74081270E-10 0.00000000E+00
3.8736E+04 9.67915339E-10 0.00000000E+00
3.8759E+04 9.65348022E-10 0.00000000E+00
3.8783E+04 9.56078444E-10 0.00000000E+00
3.8807E+04 9.42019301E-10 0.00000000E+00
3.8830E+04 9.33171347E-10 0.00000000E+00
3.8854E+04 9.26391460E-10 0.00000000E+00
3.8877E+04 9.12551047E-10 0.00000000E+00
3.8901E+04 8.96251298E-10 0.00000000E+00
3.8924E+04 8.85976970E-10 0.00000000E+00
3.8948E+04 8.76276416E-10 0.00000000E+00
3.8971E+04 8.59885393E-10 0.00000000E+00
3.8995E+04 8.43365491E-10 0.00000000E+00
3.9019E+04 8.33133872E-10 0.00000000E+00
3.9042E+04 8.22185080E-10 0.00000000E+00
3.9066E+04 8.05464448E-10 0.00000000E+00
3.9089E+04 7.90693063E-10 0.00000000E+00
3.9113E+04 7.82007095E-10 0.00000000E+00
3.9136E+04 7.71590055E-10 0.00000000E+00
3.9160E+04 7.56634373E-10 0.00000000E+00
3.9184E+04 7.45304007E-10 0.00000000E+00
3.9207E+04 7.39503048E-10 0.00000000E+00
3.9231E+04 7.31214062E-10 0.00000000E+00
3.9254E+04 7.19716431E-10 0.00000000E+00
3.9278E+04 7.13069740E-10 0.00000000E+00
3.9301E+04 7.11134831E-10 0.00000000E+00
3.9325E+04 7.06132510E-10 0.00000000E+00
3.9348E+04 6.99199285E-10 0.00000000E+00
3.9372E+04 6.97911991E-10 0.00000000E+00
3.9396E+04 7.00303257E-10 0.00000000E+00
3.9419E+04 6.99139964E-10 0.00000000E+00
3.9443E+04 6.97209566E-10 0.00000000E+00
3.9466E+04 7.01331458E-10 0.00000000E+00
3.9490E+04 7.07890217E-10 0.00000000E+00
3.9513E+04 7.10457798E-10 0.00000000E+00
3.9537E+04 7.13316879E-10 0.00000000E+00
3.9561E+04 7.22272482E-10 0.00000000E+00
3.9584E+04 7.32214645E-10 0.00000000E+00
3.9608E+04 7.37807640E-10 0.00000000E+00
3.9631E+04 7.44683885E-10 0.00000000E+00
3.9655E+04 7.57335582E-10 0.00000000E+00
3.9678E+04 7.69347658E-10 0.00000000E+00
3.9702E+04 7.76822525E-10 0.00000000E+00
3.9725E+04 7.86528259E-10 0.00000000E+00
3.9749E+04 8.01303132E-10 0.00000000E+00
3.9773E+04 8.13731144E-10 0.00000000E+00
3.9796E+04 8.21722841E-10 0.00000000E+00
3.9820E+04 8.32825715E-10 0.00000000E+00
3.9843E+04 8.47900915E-10 0.00000000E+00
3.9867E+04 8.59001616E-10 0.00000000E+00
3.9890E+04 8.66152924E-10 0.00000000E+00
3.9914E+04 8.77155332E-10 0.00000000E+00
3.9937E+04 8.90685999E-10 0.00000000E+00
3.9961E+04 8.98895204E-10 0.00000000E+00
3.9985E+04 9.04059125E-10 0.00000000E+00
