0.0000E+00 0.00000000E+00 0.00000000E+00
2.3562E+01 0.00000000E+00 0.00000000E+00
4.7124E+01 0.00000000E+00 0.00000000E+00
7.0686E+01 0.00000000E+00 0.00000000E+00
9.4248E+01 0.00000000E+00 0.00000000E+00
1.1781E+02 0.00000000E+00 0.00000000E+00
1.4137E+02 0.00000000E+00 0.00000000E+00
1.6493E+02 0.00000000E+00 0.00000000E+00
1.8850E+02 0.00000000E+00 0.00000000E+00
2.1206E+02 0.00000000E+00 0.00000000E+00
2.3562E+02 0.00000000E+00 0.00000000E+00
2.5918E+02 3.83150400E-272 0.00000000E+00
2.8274E+02 4.92948039E-219 0.00000000E+00
3.0631E+02 2.76968571E-176 0.00000000E+00
3.2987E+02 7.40527263E-141 0.00000000E+00
3.5343E+02 3.66944995E-111 0.00000000E+00
3.7699E+02 2.98746892E-86 0.00000000E+00
4.0055E+02 1.56850639E-65 0.00000000E+00
4.2412E+02 1.22164417E-48 0.00000000E+00
4.4768E+02 2.09898040E-35 0.00000000E+00
4.7124E+02 7.09760574E-26 0.00000000E+00
4.9480E+02 1.40930017E-20 0.00000000E+00
5.1836E+02 2.25425187E-19 0.00000000E+00
5.4192E+02 4.89435040E-19 0.00000000E+00
5.6549E+02 9.94427484E-19 0.00000000E+00
5.8905E+02 1.39824130E-18 0.00000000E+00
6.1261E+02 1.87353495E-18 0.00000000E+00
6.3617E+02 3.07887144E-18 0.00000000E+00
6.5973E+02 5.52372782E-18 0.00000000E+00
6.8330E+02 7.80923993E-18 0.00000000E+00
7.0686E+02 1.07919807E-17 0.00000000E+00
7.3042E+02 1.85773358E-17 0.00000000E+00
7.5398E+02 2.81429315E-17 0.00000000E+00
7.7754E+02 3.49496137E-17 0.00000000E+00
8.0111E+02 5.13700672E-17 0.00000000E+00
8.2467E+02 8.20285609E-17 0.00000000E+00
8.4823E+02 1.04688853E-16 0.00000000E+00
8.7179E+02 1.33790705E-16 0.00000000E+00
8.9535E+02 2.13753123E-16 0.00000000E+00
9.1892E+02 3.03207476E-16 0.00000000E+00
9.4248E+02 3.64663955E-16 0.00000000E+00
9.6604E+02 5.29870896E-16 0.00000000E+00
9.8960E+02 8.23462658E-16 0.00000000E+00
1.0132E+03 1.02962725E-15 0.00000000E+00
1.0367E+03 1.31901089E-15 0.00000000E+00
1.0603E+03 2.08483179E-15 0.00000000E+00
1.0838E+03 2.87480694E-15 0.00000000E+00
1.1074E+03 3.42683046E-15 0.00000000E+00
1.1310E+03 4.97700741E-15 0.00000000E+00
1.1545E+03 7.50885231E-15 0.00000000E+00
1.1781E+03 9.16753401E-15 0.00000000E+00
1.2017E+03 1.17131797E-14 0.00000000E+00
1.2252E+03 1.80781123E-14 0.00000000E+00
1.2488E+03 2.41187182E-14 0.00000000E+00
1.2723E+03 2.84140577E-14 0.00000000E+00
1.2959E+03 4.08193223E-14 0.00000000E+00
1.3195E+03 5.95589074E-14 0.00000000E+00
1.3430E+03 7.09589523E-14 0.00000000E+00
1.3666E+03 9.01392677E-14 0.00000000E+00
1.3902E+03 1.35669080E-13 0.00000000E+00
1.4137E+03 1.75166061E-13 0.00000000E+00
1.4373E+03 2.04001703E-13 0.00000000E+00
1.4608E+03 2.89636765E-13 0.00000000E+00
1.4844E+03 4.09202913E-13 0.00000000E+00
1.5080E+03 4.76932750E-13 0.00000000E+00
1.5315E+03 6.03145620E-13 0.00000000E+00
1.5551E+03 8.86420654E-13 0.00000000E+00
1.5787E+03 1.11044171E-12 0.00000000E+00
1.6022E+03 1.28137674E-12 0.00000000E+00
1.6258E+03 1.79816359E-12 0.00000000E+00
1.6493E+03 2.46184928E-12 0.00000000E+00
1.6729E+03 2.81212347E-12 0.00000000E+00
1.6965E+03 3.54032551E-12 0.00000000E+00
1.7200E+03 5.07601587E-12 0.00000000E+00
1.7436E+03 6.17656718E-12 0.00000000E+00
1.7671E+03 7.06892339E-12 0.00000000E+00
1.7907E+03 9.78995365E-12 0.00000000E+00
1.8143E+03 1.29891695E-11 0.00000000E+00
1.8378E+03 1.45608318E-11 0.00000000E+00
1.8614E+03 1.82362845E-11 0.00000000E+00
1.8850E+03 2.54842763E-11 0.00000000E+00
1.9085E+03 3.01494693E-11 0.00000000E+00
1.9321E+03 3.42459815E-11 0.00000000E+00
1.9556E+03 4.67480048E-11 0.00000000E+00
1.9792E+03 6.01231886E-11 0.00000000E+00
2.0028E+03 6.62327072E-11 0.00000000E+00
2.0263E+03 8.24795678E-11 0.00000000E+00
2.0499E+03 1.12279420E-10 0.00000000E+00
2.0735E+03 1.29297610E-10 0.00000000E+00
2.0970E+03 1.45876240E-10 0.00000000E+00
2.1206E+03 1.96078582E-10 0.00000000E+00
2.1441E+03 2.44555596E-10 0.00000000E+00
2.1677E+03 2.65129106E-10 0.00000000E+00
2.1913E+03 3.28133582E-10 0.00000000E+00
2.2148E+03 4.34941747E-10 0.00000000E+00
2.2384E+03 4.88114736E-10 0.00000000E+00
2.2619E+03 5.47382835E-10 0.00000000E+00
2.2855E+03 7.23780937E-10 0.00000000E+00
2.3091E+03 8.75851404E-10 0.00000000E+00
2.3326E+03 9.35777110E-10 0.00000000E+00
2.3562E+03 1.15042930E-09 0.00000000E+00
2.3798E+03 1.48425820E-09 0.00000000E+00
2.4033E+03 1.62529513E-09 0.00000000E+00
2.4269E+03 1.81284228E-09 0.00000000E+00
2.4504E+03 2.35592669E-09 0.00000000E+00
2.4740E+03 2.76759875E-09 0.00000000E+00
2.4976E+03 2.91827194E-09 0.00000000E+00
2.5211E+03 3.56200681E-09 0.00000000E+00
2.5447E+03 4.47212225E-09 0.00000000E+00
2.5683E+03 4.78451661E-09 0.00000000E+00
2.5918E+03 5.31140927E-09 0.00000000E+00
2.6154E+03 6.77907250E-09 0.00000000E+00
2.6389E+03 7.73614298E-09 0.00000000E+00
2.6625E+03 8.06260462E-09 0.00000000E+00
2.6861E+03 9.76649430E-09 0.00000000E+00
2.7096E+03 1.19312817E-08 0.00000000E+00
2.7332E+03 1.24892448E-08 0.00000000E+00
2.7567E+03 1.38085921E-08 0.00000000E+00
2.7803E+03 1.72978850E-08 0.00000000E+00
2.8039E+03 1.91916832E-08 0.00000000E+00
2.8274E+03 1.98006633E-08 0.00000000E+00
2.8510E+03 2.37943028E-08 0.00000000E+00
2.8746E+03 2.82858484E-08 0.00000000E+00
2.8981E+03 2.90156638E-08 0.00000000E+00
2.9217E+03 3.19742237E-08 0.00000000E+00
2.9452E+03 3.92916263E-08 0.00000000E+00
2.9688E+03 4.24238043E-08 0.00000000E+00
2.9924E+03 4.34040615E-08 0.00000000E+00
3.0159E+03 5.17263975E-08 0.00000000E+00
3.0395E+03 5.98468820E-08 0.00000000E+00
3.0631E+03 6.02691036E-08 0.00000000E+00
3.0866E+03 6.62442194E-08 0.00000000E+00
3.1102E+03 7.98235245E-08 0.00000000E+00
3.1337E+03 8.39741937E-08 0.00000000E+00
3.1573E+03 8.53534611E-08 0.00000000E+00
3.1809E+03 1.00849337E-07 0.00000000E+00
3.2044E+03 1.13606264E-07 0.00000000E+00
3.2280E+03 1.12545717E-07 0.00000000E+00
3.2515E+03 1.23485137E-07 0.00000000E+00
3.2751E+03 1.45869602E-07 0.00000000E+00
3.2987E+03 1.49732951E-07 0.00000000E+00
3.3222E+03 1.51499851E-07 0.00000000E+00
3.3458E+03 1.77431976E-07 0.00000000E+00
3.3694E+03 1.94727426E-07 0.00000000E+00
3.3929E+03 1.90210459E-07 0.00000000E+00
3.4165E+03 2.08496492E-07 0.00000000E+00
3.4400E+03 2.41414897E-07 0.00000000E+00
3.4636E+03 2.42229231E-07 0.00000000E+00
3.4872E+03 2.44487589E-07 0.00000000E+00
3.5107E+03 2.83758652E-07 0.00000000E+00
3.5343E+03 3.03666153E-07 0.00000000E+00
3.5579E+03 2.93235922E-07 0.00000000E+00
3.5814E+03 3.21350422E-07 0.00000000E+00
3.6050E+03 3.64738609E-07 0.00000000E+00
3.6285E+03 3.58495375E-07 0.00000000E+00
3.6521E+03 3.61728478E-07 0.00000000E+00
3.6757E+03 4.15960377E-07 0.00000000E+00
3.6992E+03 4.34588233E-07 0.00000000E+00
3.7228E+03 4.16056140E-07 0.00000000E+00
3.7463E+03 4.56107429E-07 0.00000000E+00
3.7699E+03 5.07596378E-07 0.00000000E+00
3.7935E+03 4.89945126E-07 0.00000000E+00
3.8170E+03 4.95235074E-07 0.00000000E+00
3.8406E+03 5.64102817E-07 0.00000000E+00
3.8642E+03 5.76291898E-07 0.00000000E+00
3.8877E+03 5.48614588E-07 0.00000000E+00
3.9113E+03 6.01856715E-07 0.00000000E+00
3.9348E+03 6.57061820E-07 0.00000000E+00
3.9584E+03 6.24571704E-07 0.00000000E+00
3.9820E+03 6.33576049E-07 0.00000000E+00
4.0055E+03 7.14701399E-07 0.00000000E+00
4.0291E+03 7.15308396E-07 0.00000000E+00
4.0527E+03 6.79120345E-07 0.00000000E+00
4.0762E+03 7.45616656E-07 0.00000000E+00
4.0998E+03 7.99123018E-07 0.00000000E+00
4.1233E+03 7.50293705E-07 0.00000000E+00
4.1469E+03 7.64911886E-07 0.00000000E+00
4.1705E+03 8.54343791E-07 0.00000000E+00
4.1940E+03 8.39513757E-07 0.00000000E+00
4.2176E+03 7.97032757E-07 0.00000000E+00
4.2412E+03 8.75579545E-07 0.00000000E+00
4.2647E+03 9.22161432E-07 0.00000000E+00
4.2883E+03 8.57736701E-07 0.00000000E+00
4.3118E+03 8.79612544E-07 0.00000000E+00
4.3354E+03 9.72656553E-07 0.00000000E+00
4.3590E+03 9.40556494E-07 0.00000000E+00
4.3825E+03 8.94965006E-07 0.00000000E+00
4.4061E+03 9.83301616E-07 0.00000000E+00
4.4296E+03 1.01888080E-06 0.00000000E+00
4.4532E+03 9.41451580E-07 0.00000000E+00
4.4768E+03 9.71565505E-07 0.00000000E+00
4.5003E+03 1.06362802E-06 0.00000000E+00
4.5239E+03 1.01448377E-06 0.00000000E+00
4.5475E+03 9.69151380E-07 0.00000000E+00
4.5710E+03 1.06437392E-06 0.00000000E+00
4.5946E+03 1.08646141E-06 0.00000000E+00
4.6181E+03 9.99690197E-07 0.00000000E+00
4.6417E+03 1.03821225E-06 0.00000000E+00
4.6653E+03 1.12540717E-06 0.00000000E+00
4.6888E+03 1.06103852E-06 0.00000000E+00
4.7124E+03 1.01892555E-06 0.00000000E+00
4.7360E+03 1.11795125E-06 0.00000000E+00
4.7595E+03 1.12560495E-06 0.00000000E+00
4.7831E+03 1.03345662E-06 0.00000000E+00
4.8066E+03 1.07985341E-06 0.00000000E+00
4.8302E+03 1.15928046E-06 0.00000000E+00
4.8538E+03 1.08245622E-06 0.00000000E+00
4.8773E+03 1.04582820E-06 0.00000000E+00
4.9009E+03 1.14576491E-06 0.00000000E+00
4.9244E+03 1.13925627E-06 0.00000000E+00
4.9480E+03 1.04545527E-06 0.00000000E+00
4.9716E+03 1.09871988E-06 0.00000000E+00
4.9951E+03 1.16846160E-06 0.00000000E+00
5.0187E+03 1.08232012E-06 0.00000000E+00
5.0423E+03 1.05271118E-06 0.00000000E+00
5.0658E+03 1.15105842E-06 0.00000000E+00
5.0894E+03 1.13145309E-06 0.00000000E+00
5.1129E+03 1.03919767E-06 0.00000000E+00
5.1365E+03 1.09806836E-06 0.00000000E+00
5.1601E+03 1.15702160E-06 0.00000000E+00
5.1836E+03 1.06466483E-06 0.00000000E+00
5.2072E+03 1.04296504E-06 0.00000000E+00
5.2308E+03 1.13766210E-06 0.00000000E+00
5.2543E+03 1.10645423E-06 0.00000000E+00
5.2779E+03 1.01832260E-06 0.00000000E+00
5.3014E+03 1.08143145E-06 0.00000000E+00
5.3250E+03 1.12909452E-06 0.00000000E+00
5.3486E+03 1.03336374E-06 0.00000000E+00
5.3721E+03 1.01994285E-06 0.00000000E+00
5.3957E+03 1.10933388E-06 0.00000000E+00
5.4192E+03 1.06819680E-06 0.00000000E+00
5.4428E+03 9.86169983E-07 0.00000000E+00
5.4664E+03 1.05213322E-06 0.00000000E+00
5.4899E+03 1.08843161E-06 0.00000000E+00
5.5135E+03 9.91825439E-07 0.00000000E+00
5.5371E+03 9.86658334E-07 0.00000000E+00
5.5606E+03 1.06944412E-06 0.00000000E+00
5.5842E+03 1.02009776E-06 0.00000000E+00
5.6077E+03 9.45640713E-07 0.00000000E+00
5.6313E+03 1.01312311E-06 0.00000000E+00
5.6549E+03 1.03830182E-06 0.00000000E+00
5.6784E+03 9.42979321E-07 0.00000000E+00
5.7020E+03 9.45761186E-07 0.00000000E+00
5.7256E+03 1.02096994E-06 0.00000000E+00
5.7491E+03 9.65126825E-07 0.00000000E+00
5.7727E+03 8.99282353E-07 0.00000000E+00
5.7962E+03 9.67049766E-07 0.00000000E+00
5.8198E+03 9.81615407E-07 0.00000000E+00
5.8434E+03 8.89427438E-07 0.00000000E+00
5.8669E+03 8.99664452E-07 0.00000000E+00
5.8905E+03 9.66635066E-07 0.00000000E+00
5.9140E+03 9.05975703E-07 0.00000000E+00
5.9376E+03 8.49435938E-07 0.00000000E+00
5.9612E+03 9.16386894E-07 0.00000000E+00
5.9847E+03 9.21064618E-07 0.00000000E+00
6.0083E+03 8.33572133E-07 0.00000000E+00
6.0319E+03 8.50632394E-07 0.00000000E+00
6.0554E+03 9.08987355E-07 0.00000000E+00
6.0790E+03 8.45128864E-07 0.00000000E+00
6.1025E+03 7.98267162E-07 0.00000000E+00
6.1261E+03 8.63431041E-07 0.00000000E+00
6.1497E+03 8.59110345E-07 0.00000000E+00
6.1732E+03 7.77575776E-07 0.00000000E+00
6.1968E+03 8.00699458E-07 0.00000000E+00
6.2204E+03 8.50295294E-07 0.00000000E+00
6.2439E+03 7.84744710E-07 0.00000000E+00
6.2675E+03 7.47617932E-07 0.00000000E+00
6.2910E+03 8.10125412E-07 0.00000000E+00
6.3146E+03 7.97794193E-07 0.00000000E+00
6.3382E+03 7.23161809E-07 0.00000000E+00
6.3617E+03 7.51453510E-07 0.00000000E+00
6.3853E+03 7.92321040E-07 0.00000000E+00
6.4088E+03 7.26430925E-07 0.00000000E+00
6.4324E+03 6.98784010E-07 0.00000000E+00
6.4560E+03 7.57836880E-07 0.00000000E+00
6.4795E+03 7.38524205E-07 0.00000000E+00
6.5031E+03 6.71419758E-07 0.00000000E+00
6.5267E+03 7.03858187E-07 0.00000000E+00
6.5502E+03 7.36158645E-07 0.00000000E+00
6.5738E+03 6.71109106E-07 0.00000000E+00
6.5973E+03 6.52412695E-07 0.00000000E+00
6.6209E+03 7.07281576E-07 0.00000000E+00
6.6445E+03 6.82028757E-07 0.00000000E+00
6.6680E+03 6.22796711E-07 0.00000000E+00
6.6916E+03 6.58282650E-07 0.00000000E+00
6.7152E+03 6.82295333E-07 0.00000000E+00
6.7387E+03 6.19109089E-07 0.00000000E+00
6.7623E+03 6.08635253E-07 0.00000000E+00
6.7858E+03 6.58691282E-07 0.00000000E+00
6.8094E+03 6.28549911E-07 0.00000000E+00
6.8330E+03 5.77318292E-07 0.00000000E+00
6.8565E+03 6.14751014E-07 0.00000000E+00
6.8801E+03 6.30883675E-07 0.00000000E+00
6.9036E+03 5.70456312E-07 0.00000000E+00
6.9272E+03 5.67367643E-07 0.00000000E+00
6.9508E+03 6.12127912E-07 0.00000000E+00
6.9743E+03 5.78166112E-07 0.00000000E+00
6.9979E+03 5.34908231E-07 0.00000000E+00
7.0215E+03 5.73258194E-07 0.00000000E+00
7.0450E+03 5.82054103E-07 0.00000000E+00
7.0686E+03 5.25171668E-07 0.00000000E+00
7.0921E+03 5.28588930E-07 0.00000000E+00
7.1157E+03 5.67743731E-07 0.00000000E+00
7.1393E+03 5.31031582E-07 0.00000000E+00
7.1628E+03 4.95597592E-07 0.00000000E+00
7.1864E+03 5.33945069E-07 0.00000000E+00
7.2100E+03 5.36066470E-07 0.00000000E+00
7.2335E+03 4.83394002E-07 0.00000000E+00
7.2571E+03 4.92421315E-07 0.00000000E+00
7.2806E+03 5.25825888E-07 0.00000000E+00
7.3042E+03 4.87398625E-07 0.00000000E+00
7.3278E+03 4.59511570E-07 0.00000000E+00
7.3513E+03 4.97044014E-07 0.00000000E+00
7.3749E+03 4.93229115E-07 0.00000000E+00
7.3985E+03 4.45279883E-07 0.00000000E+00
7.4220E+03 4.58998917E-07 0.00000000E+00
7.4456E+03 4.86639304E-07 0.00000000E+00
7.4691E+03 4.47451550E-07 0.00000000E+00
7.4927E+03 4.26692903E-07 0.00000000E+00
7.5163E+03 4.62683701E-07 0.00000000E+00
7.5398E+03 4.53699237E-07 0.00000000E+00
7.5634E+03 4.10810753E-07 0.00000000E+00
7.5869E+03 4.28273573E-07 0.00000000E+00
7.6105E+03 4.50230943E-07 0.00000000E+00
7.6341E+03 4.11126041E-07 0.00000000E+00
7.6576E+03 3.96939444E-07 0.00000000E+00
7.6812E+03 4.30736596E-07 0.00000000E+00
7.7048E+03 4.17348406E-07 0.00000000E+00
7.7283E+03 3.79688268E-07 0.00000000E+00
7.7519E+03 3.99935052E-07 0.00000000E+00
7.7754E+03 4.16371262E-07 0.00000000E+00
7.7990E+03 3.78080602E-07 0.00000000E+00
7.8226E+03 3.69808871E-07 0.00000000E+00
7.8461E+03 4.00850244E-07 0.00000000E+00
7.8697E+03 3.83819365E-07 0.00000000E+00
7.8933E+03 3.51421693E-07 0.00000000E+00
7.9168E+03 3.73526652E-07 0.00000000E+00
7.9404E+03 3.84692514E-07 0.00000000E+00
7.9639E+03 3.47857104E-07 0.00000000E+00
7.9875E+03 3.44800576E-07 0.00000000E+00
8.0111E+03 3.72646555E-07 0.00000000E+00
8.0346E+03 3.52738373E-07 0.00000000E+00
8.0582E+03 3.25548820E-07 0.00000000E+00
8.0817E+03 3.48672023E-07 0.00000000E+00
8.1053E+03 3.54918812E-07 0.00000000E+00
8.1289E+03 3.20107686E-07 0.00000000E+00
8.1524E+03 3.21573494E-07 0.00000000E+00
8.1760E+03 3.45930512E-07 0.00000000E+00
8.1996E+03 3.23913132E-07 0.00000000E+00
8.2231E+03 3.01814373E-07 0.00000000E+00
8.2467E+03 3.25230586E-07 0.00000000E+00
8.2702E+03 3.27003161E-07 0.00000000E+00
8.2938E+03 2.94709388E-07 0.00000000E+00
8.3174E+03 3.00029310E-07 0.00000000E+00
8.3409E+03 3.20745548E-07 0.00000000E+00
8.3645E+03 2.97366132E-07 0.00000000E+00
8.3881E+03 2.80173871E-07 0.00000000E+00
8.4116E+03 3.03267831E-07 0.00000000E+00
8.4352E+03 3.01074424E-07 0.00000000E+00
8.4587E+03 2.71690810E-07 0.00000000E+00
8.4823E+03 2.80210105E-07 0.00000000E+00
8.5059E+03 2.97246197E-07 0.00000000E+00
8.5294E+03 2.73194767E-07 0.00000000E+00
8.5530E+03 2.60638564E-07 0.00000000E+00
8.5765E+03 2.82879738E-07 0.00000000E+00
8.6001E+03 2.77252312E-07 0.00000000E+00
8.6237E+03 2.51046381E-07 0.00000000E+00
8.6472E+03 2.62105641E-07 0.00000000E+00
8.6708E+03 2.75499538E-07 0.00000000E+00
8.6944E+03 2.51380313E-07 0.00000000E+00
8.7179E+03 2.43094181E-07 0.00000000E+00
8.7415E+03 2.64015361E-07 0.00000000E+00
8.7650E+03 2.55480783E-07 0.00000000E+00
8.7886E+03 2.32590491E-07 0.00000000E+00
8.8122E+03 2.45524989E-07 0.00000000E+00
8.8357E+03 2.55371793E-07 0.00000000E+00
8.8593E+03 2.31697855E-07 0.00000000E+00
8.8829E+03 2.27237924E-07 0.00000000E+00
8.9064E+03 2.46435654E-07 0.00000000E+00
8.9300E+03 2.35509083E-07 0.00000000E+00
8.9535E+03 2.15966312E-07 0.00000000E+00
8.9771E+03 2.30131706E-07 0.00000000E+00
9.0007E+03 2.36585089E-07 0.00000000E+00
9.0242E+03 2.13795178E-07 0.00000000E+00
9.0478E+03 2.12680643E-07 0.00000000E+00
9.0713E+03 2.29835381E-07 0.00000000E+00
9.0949E+03 2.17029038E-07 0.00000000E+00
9.1185E+03 2.00796883E-07 0.00000000E+00
9.1420E+03 2.15607500E-07 0.00000000E+00
9.1656E+03 2.18890057E-07 0.00000000E+00
9.1892E+03 1.97369051E-07 0.00000000E+00
9.2127E+03 1.99123830E-07 0.00000000E+00
9.2363E+03 2.14020176E-07 0.00000000E+00
9.2598E+03 1.99848389E-07 0.00000000E+00
9.2834E+03 1.86848210E-07 0.00000000E+00
9.3070E+03 2.01803659E-07 0.00000000E+00
9.3305E+03 2.02206798E-07 0.00000000E+00
9.3541E+03 1.82290487E-07 0.00000000E+00
9.3777E+03 1.86463419E-07 0.00000000E+00
9.4012E+03 1.98991620E-07 0.00000000E+00
9.4248E+03 1.83958726E-07 0.00000000E+00
9.4483E+03 1.74073308E-07 0.00000000E+00
9.4719E+03 1.88759464E-07 0.00000000E+00
9.4955E+03 1.86624371E-07 0.00000000E+00
9.5190E+03 1.68584811E-07 0.00000000E+00
9.5426E+03 1.74744211E-07 0.00000000E+00
9.5661E+03 1.84880249E-07 0.00000000E+00
9.5897E+03 1.69454655E-07 0.00000000E+00
9.6133E+03 1.62513989E-07 0.00000000E+00
9.6368E+03 1.76583988E-07 0.00000000E+00
9.6604E+03 1.72271585E-07 0.00000000E+00
9.6840E+03 1.56296286E-07 0.00000000E+00
9.7075E+03 1.64013336E-07 0.00000000E+00
9.7311E+03 1.71790542E-07 0.00000000E+00
9.7546E+03 1.56380358E-07 0.00000000E+00
9.7782E+03 1.52149371E-07 0.00000000E+00
9.8018E+03 1.65302947E-07 0.00000000E+00
9.8253E+03 1.59169032E-07 0.00000000E+00
9.8489E+03 1.45352432E-07 0.00000000E+00
9.8725E+03 1.54193911E-07 0.00000000E+00
9.8960E+03 1.59683412E-07 0.00000000E+00
9.9196E+03 1.44628462E-07 0.00000000E+00
9.9431E+03 1.42813584E-07 0.00000000E+00
9.9667E+03 1.54791359E-07 0.00000000E+00
9.9903E+03 1.47178528E-07 0.00000000E+00
1.0014E+04 1.35535305E-07 0.00000000E+00
1.0037E+04 1.45076780E-07 0.00000000E+00
1.0061E+04 1.48385175E-07 0.00000000E+00
1.0085E+04 1.33968086E-07 0.00000000E+00
1.0108E+04 1.34244343E-07 0.00000000E+00
1.0132E+04 1.44839539E-07 0.00000000E+00
1.0155E+04 1.36083730E-07 0.00000000E+00
1.0179E+04 1.26576835E-07 0.00000000E+00
1.0202E+04 1.36429726E-07 0.00000000E+00
1.0226E+04 1.37707172E-07 0.00000000E+00
1.0249E+04 1.24171439E-07 0.00000000E+00
1.0273E+04 1.26215216E-07 0.00000000E+00
1.0297E+04 1.35289903E-07 0.00000000E+00
1.0320E+04 1.25727622E-07 0.00000000E+00
1.0344E+04 1.18292717E-07 0.00000000E+00
1.0367E+04 1.28127081E-07 0.00000000E+00
1.0391E+04 1.27570572E-07 0.00000000E+00
1.0414E+04 1.15128995E-07 0.00000000E+00
1.0438E+04 1.18637583E-07 0.00000000E+00
1.0462E+04 1.26127409E-07 0.00000000E+00
1.0485E+04 1.16090797E-07 0.00000000E+00
1.0509E+04 1.10643097E-07 0.00000000E+00
1.0532E+04 1.20192193E-07 0.00000000E+00
1.0556E+04 1.18034606E-07 0.00000000E+00
1.0579E+04 1.06861469E-07 0.00000000E+00
1.0603E+04 1.11552045E-07 0.00000000E+00
1.0626E+04 1.17454003E-07 0.00000000E+00
1.0650E+04 1.07253179E-07 0.00000000E+00
1.0674E+04 1.03677987E-07 0.00000000E+00
1.0697E+04 1.12725524E-07 0.00000000E+00
1.0721E+04 1.09214122E-07 0.00000000E+00
1.0744E+04 9.94290643E-08 0.00000000E+00
1.0768E+04 1.05025591E-07 0.00000000E+00
1.0791E+04 1.09376863E-07 0.00000000E+00
1.0815E+04 9.92805393E-08 0.00000000E+00
1.0838E+04 9.74213781E-08 0.00000000E+00
1.0862E+04 1.05784351E-07 0.00000000E+00
1.0886E+04 1.01160981E-07 0.00000000E+00
1.0909E+04 9.28193886E-08 0.00000000E+00
1.0933E+04 9.90434344E-08 0.00000000E+00
1.0956E+04 1.01904853E-07 0.00000000E+00
1.0980E+04 9.21319293E-08 0.00000000E+00
1.1003E+04 9.17909891E-08 0.00000000E+00
1.1027E+04 9.93120514E-08 0.00000000E+00
1.1051E+04 9.38054041E-08 0.00000000E+00
1.1074E+04 8.69050737E-08 0.00000000E+00
1.1098E+04 9.34814888E-08 0.00000000E+00
1.1121E+04 9.49338772E-08 0.00000000E+00
1.1145E+04 8.56603601E-08 0.00000000E+00
1.1168E+04 8.66155679E-08 0.00000000E+00
1.1192E+04 9.31693378E-08 0.00000000E+00
1.1215E+04 8.69996513E-08 0.00000000E+00
1.1239E+04 8.15008792E-08 0.00000000E+00
1.1263E+04 8.81761476E-08 0.00000000E+00
1.1286E+04 8.83263485E-08 0.00000000E+00
1.1310E+04 7.97000518E-08 0.00000000E+00
1.1333E+04 8.17295499E-08 0.00000000E+00
1.1357E+04 8.72349489E-08 0.00000000E+00
1.1380E+04 8.06214401E-08 0.00000000E+00
1.1404E+04 7.64672967E-08 0.00000000E+00
1.1428E+04 8.30277089E-08 0.00000000E+00
1.1451E+04 8.20130859E-08 0.00000000E+00
1.1475E+04 7.41629079E-08 0.00000000E+00
1.1498E+04 7.70620076E-08 0.00000000E+00
1.1522E+04 8.14879255E-08 0.00000000E+00
1.1545E+04 7.46479081E-08 0.00000000E+00
1.1569E+04 7.17721466E-08 0.00000000E+00
1.1592E+04 7.80495447E-08 0.00000000E+00
1.1616E+04 7.60321208E-08 0.00000000E+00
1.1640E+04 6.90644716E-08 0.00000000E+00
1.1663E+04 7.26469064E-08 0.00000000E+00
1.1687E+04 7.60049667E-08 0.00000000E+00
1.1710E+04 6.91421301E-08 0.00000000E+00
1.1734E+04 6.74631032E-08 0.00000000E+00
1.1757E+04 7.33264876E-08 0.00000000E+00
1.1781E+04 7.04778227E-08 0.00000000E+00
1.1805E+04 6.44644740E-08 0.00000000E+00
1.1828E+04 6.85523881E-08 0.00000000E+00
1.1852E+04 7.08814696E-08 0.00000000E+00
1.1875E+04 6.41708767E-08 0.00000000E+00
1.1899E+04 6.35810781E-08 0.00000000E+00
1.1922E+04 6.89229308E-08 0.00000000E+00
1.1946E+04 6.54088003E-08 0.00000000E+00
1.1969E+04 6.03776831E-08 0.00000000E+00
1.1993E+04 6.47924819E-08 0.00000000E+00
1.2017E+04 6.61454072E-08 0.00000000E+00
1.2040E+04 5.97257520E-08 0.00000000E+00
1.2064E+04 6.00892255E-08 0.00000000E+00
1.2087E+04 6.48178166E-08 0.00000000E+00
1.2111E+04 6.07915539E-08 0.00000000E+00
1.2134E+04 5.67295448E-08 0.00000000E+00
1.2158E+04 6.12933844E-08 0.00000000E+00
1.2182E+04 6.17331565E-08 0.00000000E+00
1.2205E+04 5.57111099E-08 0.00000000E+00
1.2229E+04 5.68739462E-08 0.00000000E+00
1.2252E+04 6.09164974E-08 0.00000000E+00
1.2276E+04 5.65225446E-08 0.00000000E+00
1.2299E+04 5.33897784E-08 0.00000000E+00
1.2323E+04 5.79378651E-08 0.00000000E+00
1.2346E+04 5.75422670E-08 0.00000000E+00
1.2370E+04 5.20042650E-08 0.00000000E+00
1.2394E+04 5.38126568E-08 0.00000000E+00
1.2417E+04 5.71246052E-08 0.00000000E+00
1.2441E+04 5.25055062E-08 0.00000000E+00
1.2464E+04 5.02517526E-08 0.00000000E+00
1.2488E+04 5.46464992E-08 0.00000000E+00
1.2511E+04 5.35128606E-08 0.00000000E+00
1.2535E+04 4.85340641E-08 0.00000000E+00
1.2559E+04 5.08484109E-08 0.00000000E+00
1.2582E+04 5.34190148E-08 0.00000000E+00
1.2606E+04 4.87167448E-08 0.00000000E+00
1.2629E+04 4.72891964E-08 0.00000000E+00
1.2653E+04 5.14260115E-08 0.00000000E+00
1.2676E+04 4.96684524E-08 0.00000000E+00
1.2700E+04 4.53116975E-08 0.00000000E+00
1.2723E+04 4.80088812E-08 0.00000000E+00
1.2747E+04 4.98570956E-08 0.00000000E+00
1.2771E+04 4.52053598E-08 0.00000000E+00
1.2794E+04 4.45447662E-08 0.00000000E+00
1.2818E+04 4.83465186E-08 0.00000000E+00
1.2841E+04 4.60852694E-08 0.00000000E+00
1.2865E+04 4.23919005E-08 0.00000000E+00
1.2888E+04 4.53575854E-08 0.00000000E+00
1.2912E+04 4.65206557E-08 0.00000000E+00
1.2936E+04 4.20332348E-08 0.00000000E+00
1.2959E+04 4.20648886E-08 0.00000000E+00
1.2983E+04 4.54710022E-08 0.00000000E+00
1.3006E+04 4.28204899E-08 0.00000000E+00
1.3030E+04 3.98019329E-08 0.00000000E+00
1.3053E+04 4.29220217E-08 0.00000000E+00
1.3077E+04 4.34447980E-08 0.00000000E+00
1.3100E+04 3.92086220E-08 0.00000000E+00
1.3124E+04 3.98382426E-08 0.00000000E+00
1.3148E+04 4.27975045E-08 0.00000000E+00
1.3171E+04 3.98607354E-08 0.00000000E+00
1.3195E+04 3.74989339E-08 0.00000000E+00
1.3218E+04 4.06586911E-08 0.00000000E+00
1.3242E+04 4.05901358E-08 0.00000000E+00
1.3265E+04 3.66679558E-08 0.00000000E+00
1.3289E+04 3.77878856E-08 0.00000000E+00
1.3312E+04 4.02597596E-08 0.00000000E+00
1.3336E+04 3.71311053E-08 0.00000000E+00
1.3360E+04 3.53887482E-08 0.00000000E+00
1.3383E+04 3.84810016E-08 0.00000000E+00
1.3407E+04 3.78778150E-08 0.00000000E+00
1.3430E+04 3.43177120E-08 0.00000000E+00
1.3454E+04 3.58202785E-08 0.00000000E+00
1.3477E+04 3.77819348E-08 0.00000000E+00
1.3501E+04 3.45535446E-08 0.00000000E+00
1.3525E+04 3.33873039E-08 0.00000000E+00
1.3548E+04 3.63234908E-08 0.00000000E+00
1.3572E+04 3.52547978E-08 0.00000000E+00
1.3595E+04 3.20985047E-08 0.00000000E+00
1.3619E+04 3.38877081E-08 0.00000000E+00
1.3642E+04 3.53392753E-08 0.00000000E+00
1.3666E+04 3.21036470E-08 0.00000000E+00
1.3689E+04 3.14715218E-08 0.00000000E+00
1.3713E+04 3.41871966E-08 0.00000000E+00
1.3737E+04 3.27337434E-08 0.00000000E+00
1.3760E+04 3.00171770E-08 0.00000000E+00
1.3784E+04 3.20115028E-08 0.00000000E+00
1.3807E+04 3.29739723E-08 0.00000000E+00
1.3831E+04 2.98190207E-08 0.00000000E+00
1.3854E+04 2.96780514E-08 0.00000000E+00
1.3878E+04 3.21293506E-08 0.00000000E+00
1.3902E+04 3.03759489E-08 0.00000000E+00
1.3925E+04 2.81222907E-08 0.00000000E+00
1.3949E+04 3.02488259E-08 0.00000000E+00
1.3972E+04 3.07555898E-08 0.00000000E+00
1.3996E+04 2.77554845E-08 0.00000000E+00
1.4019E+04 2.80540575E-08 0.00000000E+00
1.4043E+04 3.02089753E-08 0.00000000E+00
1.4066E+04 2.82350764E-08 0.00000000E+00
1.4090E+04 2.64471326E-08 0.00000000E+00
1.4114E+04 2.86337878E-08 0.00000000E+00
1.4137E+04 2.87219465E-08 0.00000000E+00
1.4161E+04 2.59308376E-08 0.00000000E+00
1.4184E+04 2.66037831E-08 0.00000000E+00
1.4208E+04 2.84355792E-08 0.00000000E+00
1.4231E+04 2.63103980E-08 0.00000000E+00
1.4255E+04 2.49694563E-08 0.00000000E+00
1.4279E+04 2.71426673E-08 0.00000000E+00
1.4302E+04 2.68497946E-08 0.00000000E+00
1.4326E+04 2.43032027E-08 0.00000000E+00
1.4349E+04 2.52750253E-08 0.00000000E+00
1.4373E+04 2.67623419E-08 0.00000000E+00
1.4396E+04 2.45469810E-08 0.00000000E+00
1.4420E+04 2.36199968E-08 0.00000000E+00
1.4443E+04 2.57100431E-08 0.00000000E+00
1.4467E+04 2.50770480E-08 0.00000000E+00
1.4491E+04 2.27995137E-08 0.00000000E+00
1.4514E+04 2.39942562E-08 0.00000000E+00
1.4538E+04 2.51264753E-08 0.00000000E+00
1.4561E+04 2.28797081E-08 0.00000000E+00
1.4585E+04 2.23300369E-08 0.00000000E+00
1.4608E+04 2.42796944E-08 0.00000000E+00
1.4632E+04 2.33552738E-08 0.00000000E+00
1.4656E+04 2.13679798E-08 0.00000000E+00
1.4679E+04 2.27189581E-08 0.00000000E+00
1.4703E+04 2.35010237E-08 0.00000000E+00
1.4726E+04 2.12825814E-08 0.00000000E+00
1.4750E+04 2.10768536E-08 0.00000000E+00
1.4773E+04 2.28465523E-08 0.00000000E+00
1.4797E+04 2.16876688E-08 0.00000000E+00
1.4820E+04 2.00100686E-08 0.00000000E+00
1.4844E+04 2.14630589E-08 0.00000000E+00
1.4868E+04 2.19147812E-08 0.00000000E+00
1.4891E+04 1.97824372E-08 0.00000000E+00
1.4915E+04 1.98895584E-08 0.00000000E+00
1.4938E+04 2.14553774E-08 0.00000000E+00
1.4962E+04 2.01219986E-08 0.00000000E+00
1.4985E+04 1.87667285E-08 0.00000000E+00
1.5009E+04 2.02756675E-08 0.00000000E+00
1.5033E+04 2.04254985E-08 0.00000000E+00
1.5056E+04 1.84278604E-08 0.00000000E+00
1.5080E+04 1.88126174E-08 0.00000000E+00
1.5103E+04 2.01593950E-08 0.00000000E+00
1.5127E+04 1.87069523E-08 0.00000000E+00
1.5150E+04 1.76730081E-08 0.00000000E+00
1.5174E+04 1.91931216E-08 0.00000000E+00
1.5197E+04 1.90710297E-08 0.00000000E+00
1.5221E+04 1.72417973E-08 0.00000000E+00
1.5245E+04 1.78596603E-08 0.00000000E+00
1.5268E+04 1.89750488E-08 0.00000000E+00
1.5292E+04 1.74500608E-08 0.00000000E+00
1.5315E+04 1.67205616E-08 0.00000000E+00
1.5339E+04 1.82052360E-08 0.00000000E+00
1.5362E+04 1.78396570E-08 0.00000000E+00
1.5386E+04 1.61979362E-08 0.00000000E+00
1.5410E+04 1.69961712E-08 0.00000000E+00
1.5433E+04 1.78699305E-08 0.00000000E+00
1.5457E+04 1.63114589E-08 0.00000000E+00
1.5480E+04 1.58584408E-08 0.00000000E+00
1.5504E+04 1.72624230E-08 0.00000000E+00
1.5527E+04 1.66824372E-08 0.00000000E+00
1.5551E+04 1.52387539E-08 0.00000000E+00
1.5574E+04 1.61635593E-08 0.00000000E+00
1.5598E+04 1.67915799E-08 0.00000000E+00
1.5622E+04 1.52363112E-08 0.00000000E+00
1.5645E+04 1.50293501E-08 0.00000000E+00
1.5669E+04 1.63154725E-08 0.00000000E+00
1.5692E+04 1.55549020E-08 0.00000000E+00
1.5716E+04 1.43180627E-08 0.00000000E+00
1.5739E+04 1.53226487E-08 0.00000000E+00
1.5763E+04 1.57112863E-08 0.00000000E+00
1.5787E+04 1.41971768E-08 0.00000000E+00
1.5810E+04 1.42097555E-08 0.00000000E+00
1.5834E+04 1.53536820E-08 0.00000000E+00
1.5857E+04 1.44523933E-08 0.00000000E+00
1.5881E+04 1.34318761E-08 0.00000000E+00
1.5904E+04 1.44798814E-08 0.00000000E+00
1.5928E+04 1.46462201E-08 0.00000000E+00
1.5951E+04 1.32110880E-08 0.00000000E+00
1.5975E+04 1.34206653E-08 0.00000000E+00
1.5999E+04 1.44100622E-08 0.00000000E+00
1.6022E+04 1.34104373E-08 0.00000000E+00
1.6046E+04 1.26128630E-08 0.00000000E+00
1.6069E+04 1.36754603E-08 0.00000000E+00
1.6093E+04 1.36428353E-08 0.00000000E+00
1.6116E+04 1.23187705E-08 0.00000000E+00
1.6140E+04 1.27016979E-08 0.00000000E+00
1.6163E+04 1.35309366E-08 0.00000000E+00
1.6187E+04 1.24718414E-08 0.00000000E+00
1.6211E+04 1.18950428E-08 0.00000000E+00
1.6234E+04 1.29450979E-08 0.00000000E+00
1.6258E+04 1.27372702E-08 0.00000000E+00
1.6281E+04 1.15454131E-08 0.00000000E+00
1.6305E+04 1.20718381E-08 0.00000000E+00
1.6328E+04 1.27367585E-08 0.00000000E+00
1.6352E+04 1.16495473E-08 0.00000000E+00
1.6376E+04 1.12796488E-08 0.00000000E+00
1.6399E+04 1.22882143E-08 0.00000000E+00
1.6423E+04 1.19264829E-08 0.00000000E+00
1.6446E+04 1.08764570E-08 0.00000000E+00
1.6470E+04 1.15099550E-08 0.00000000E+00
1.6493E+04 1.20066115E-08 0.00000000E+00
1.6517E+04 1.09159268E-08 0.00000000E+00
1.6540E+04 1.07302348E-08 0.00000000E+00
1.6564E+04 1.16681804E-08 0.00000000E+00
1.6588E+04 1.11729263E-08 0.00000000E+00
1.6611E+04 1.02673749E-08 0.00000000E+00
1.6635E+04 1.09699095E-08 0.00000000E+00
1.6658E+04 1.12974961E-08 0.00000000E+00
1.6682E+04 1.02255759E-08 0.00000000E+00
1.6705E+04 1.01993539E-08 0.00000000E+00
1.6729E+04 1.10424888E-08 0.00000000E+00
1.6753E+04 1.04368157E-08 0.00000000E+00
1.6776E+04 9.67741708E-09 0.00000000E+00
1.6800E+04 1.04159431E-08 0.00000000E+00
1.6823E+04 1.05805861E-08 0.00000000E+00
1.6847E+04 9.55098145E-09 0.00000000E+00
1.6870E+04 9.66321664E-09 0.00000000E+00
1.6894E+04 1.03965419E-08 0.00000000E+00
1.6917E+04 9.70805982E-09 0.00000000E+00
1.6941E+04 9.09837581E-09 0.00000000E+00
1.6965E+04 9.84830181E-09 0.00000000E+00
1.6988E+04 9.86393364E-09 0.00000000E+00
1.7012E+04 8.90120790E-09 0.00000000E+00
1.7035E+04 9.13549850E-09 0.00000000E+00
1.7059E+04 9.75322549E-09 0.00000000E+00
1.7082E+04 9.01182958E-09 0.00000000E+00
1.7106E+04 8.55508555E-09 0.00000000E+00
1.7130E+04 9.29855612E-09 0.00000000E+00
1.7153E+04 9.18379601E-09 0.00000000E+00
1.7177E+04 8.30930500E-09 0.00000000E+00
1.7200E+04 8.65003095E-09 0.00000000E+00
1.7224E+04 9.15164064E-09 0.00000000E+00
1.7247E+04 8.38472940E-09 0.00000000E+00
1.7271E+04 8.07883820E-09 0.00000000E+00
1.7294E+04 8.79996894E-09 0.00000000E+00
1.7318E+04 8.57340415E-09 0.00000000E+00
1.7342E+04 7.80064031E-09 0.00000000E+00
1.7365E+04 8.22827348E-09 0.00000000E+00
1.7389E+04 8.61402831E-09 0.00000000E+00
1.7412E+04 7.84286497E-09 0.00000000E+00
1.7436E+04 7.67718993E-09 0.00000000E+00
1.7459E+04 8.35853792E-09 0.00000000E+00
1.7483E+04 8.03601885E-09 0.00000000E+00
1.7507E+04 7.36939426E-09 0.00000000E+00
1.7530E+04 7.85917900E-09 0.00000000E+00
1.7554E+04 8.12855886E-09 0.00000000E+00
1.7577E+04 7.36848698E-09 0.00000000E+00
1.7601E+04 7.32526964E-09 0.00000000E+00
1.7624E+04 7.94834919E-09 0.00000000E+00
1.7648E+04 7.54397657E-09 0.00000000E+00
1.7671E+04 6.98206350E-09 0.00000000E+00
1.7695E+04 7.50726727E-09 0.00000000E+00
1.7719E+04 7.66100523E-09 0.00000000E+00
1.7742E+04 6.92496271E-09 0.00000000E+00
1.7766E+04 6.98449072E-09 0.00000000E+00
1.7789E+04 7.53357018E-09 0.00000000E+00
1.7813E+04 7.06282657E-09 0.00000000E+00
1.7836E+04 6.60347724E-09 0.00000000E+00
1.7860E+04 7.14067355E-09 0.00000000E+00
1.7884E+04 7.18399146E-09 0.00000000E+00
1.7907E+04 6.48608124E-09 0.00000000E+00
1.7931E+04 6.63177044E-09 0.00000000E+00
1.7954E+04 7.09757859E-09 0.00000000E+00
1.7978E+04 6.57933864E-09 0.00000000E+00
1.8001E+04 6.22272137E-09 0.00000000E+00
1.8025E+04 6.75512390E-09 0.00000000E+00
1.8048E+04 6.69895189E-09 0.00000000E+00
1.8072E+04 6.05491855E-09 0.00000000E+00
1.8096E+04 6.27475166E-09 0.00000000E+00
1.8119E+04 6.65505522E-09 0.00000000E+00
1.8143E+04 6.11033652E-09 0.00000000E+00
1.8166E+04 5.85776417E-09 0.00000000E+00
1.8190E+04 6.37442332E-09 0.00000000E+00
1.8213E+04 6.23331484E-09 0.00000000E+00
1.8237E+04 5.65747340E-09 0.00000000E+00
1.8261E+04 5.94128526E-09 0.00000000E+00
1.8284E+04 6.23805761E-09 0.00000000E+00
1.8308E+04 5.68628338E-09 0.00000000E+00
1.8331E+04 5.53619010E-09 0.00000000E+00
1.8355E+04 6.02825139E-09 0.00000000E+00
1.8378E+04 5.81660433E-09 0.00000000E+00
1.8402E+04 5.31779147E-09 0.00000000E+00
1.8425E+04 5.65316950E-09 0.00000000E+00
1.8449E+04 5.86883999E-09 0.00000000E+00
1.8473E+04 5.32456596E-09 0.00000000E+00
1.8496E+04 5.26925010E-09 0.00000000E+00
1.8520E+04 5.72664444E-09 0.00000000E+00
1.8543E+04 5.45621069E-09 0.00000000E+00
1.8567E+04 5.03615145E-09 0.00000000E+00
1.8590E+04 5.40659054E-09 0.00000000E+00
1.8614E+04 5.54235769E-09 0.00000000E+00
1.8637E+04 5.01501836E-09 0.00000000E+00
1.8661E+04 5.04100619E-09 0.00000000E+00
1.8685E+04 5.45222497E-09 0.00000000E+00
1.8708E+04 5.13263776E-09 0.00000000E+00
1.8732E+04 4.78810140E-09 0.00000000E+00
1.8755E+04 5.17495543E-09 0.00000000E+00
1.8779E+04 5.23212877E-09 0.00000000E+00
1.8802E+04 4.72879446E-09 0.00000000E+00
1.8826E+04 4.82064924E-09 0.00000000E+00
1.8850E+04 5.17547452E-09 0.00000000E+00
1.8873E+04 4.81686603E-09 0.00000000E+00
1.8897E+04 4.54389832E-09 0.00000000E+00
1.8920E+04 4.93051185E-09 0.00000000E+00
1.8944E+04 4.91321338E-09 0.00000000E+00
1.8967E+04 4.44187085E-09 0.00000000E+00
1.8991E+04 4.58655396E-09 0.00000000E+00
1.9014E+04 4.87921045E-09 0.00000000E+00
1.9038E+04 4.49427109E-09 0.00000000E+00
1.9062E+04 4.29120827E-09 0.00000000E+00
1.9085E+04 4.66599541E-09 0.00000000E+00
1.9109E+04 4.58253914E-09 0.00000000E+00
1.9132E+04 4.15307534E-09 0.00000000E+00
1.9156E+04 4.34169811E-09 0.00000000E+00
1.9179E+04 4.57176252E-09 0.00000000E+00
1.9203E+04 4.17519898E-09 0.00000000E+00
1.9227E+04 4.04228877E-09 0.00000000E+00
1.9250E+04 4.39859162E-09 0.00000000E+00
1.9274E+04 4.26016926E-09 0.00000000E+00
1.9297E+04 3.88224065E-09 0.00000000E+00
1.9321E+04 4.10827471E-09 0.00000000E+00
1.9344E+04 4.27871605E-09 0.00000000E+00
1.9368E+04 3.88438037E-09 0.00000000E+00
1.9391E+04 3.82064458E-09 0.00000000E+00
1.9415E+04 4.15389376E-09 0.00000000E+00
1.9439E+04 3.97158138E-09 0.00000000E+00
1.9462E+04 3.65117999E-09 0.00000000E+00
1.9486E+04 3.90701557E-09 0.00000000E+00
1.9509E+04 4.02112354E-09 0.00000000E+00
1.9533E+04 3.63911301E-09 0.00000000E+00
1.9556E+04 3.63927387E-09 0.00000000E+00
1.9580E+04 3.94403131E-09 0.00000000E+00
1.9604E+04 3.72653325E-09 0.00000000E+00
1.9627E+04 3.46413726E-09 0.00000000E+00
1.9651E+04 3.73902277E-09 0.00000000E+00
1.9674E+04 3.79872658E-09 0.00000000E+00
1.9698E+04 3.43478273E-09 0.00000000E+00
1.9721E+04 3.48889983E-09 0.00000000E+00
1.9745E+04 3.75818008E-09 0.00000000E+00
1.9768E+04 3.51199451E-09 0.00000000E+00
1.9792E+04 3.30385551E-09 0.00000000E+00
1.9816E+04 3.58489902E-09 0.00000000E+00
1.9839E+04 3.59158370E-09 0.00000000E+00
1.9863E+04 3.24916863E-09 0.00000000E+00
1.9886E+04 3.34533447E-09 0.00000000E+00
1.9910E+04 3.57250049E-09 0.00000000E+00
1.9933E+04 3.30405113E-09 0.00000000E+00
1.9957E+04 3.14559686E-09 0.00000000E+00
1.9981E+04 3.42092230E-09 0.00000000E+00
2.0004E+04 3.37764517E-09 0.00000000E+00
2.0028E+04 3.06085333E-09 0.00000000E+00
2.0051E+04 3.18884670E-09 0.00000000E+00
2.0075E+04 3.37023695E-09 0.00000000E+00
2.0098E+04 3.08786610E-09 0.00000000E+00
2.0122E+04 2.97654941E-09 0.00000000E+00
2.0145E+04 3.23804904E-09 0.00000000E+00
2.0169E+04 3.15095735E-09 0.00000000E+00
2.0193E+04 2.86579950E-09 0.00000000E+00
2.0216E+04 3.01896691E-09 0.00000000E+00
2.0240E+04 3.15497278E-09 0.00000000E+00
2.0263E+04 2.86890188E-09 0.00000000E+00
2.0287E+04 2.80439121E-09 0.00000000E+00
2.0310E+04 3.04803496E-09 0.00000000E+00
2.0334E+04 2.92561721E-09 0.00000000E+00
2.0358E+04 2.67864067E-09 0.00000000E+00
2.0381E+04 2.85283731E-09 0.00000000E+00
2.0405E+04 2.94660946E-09 0.00000000E+00
2.0428E+04 2.66678071E-09 0.00000000E+00
2.0452E+04 2.64860208E-09 0.00000000E+00
2.0475E+04 2.87235360E-09 0.00000000E+00
2.0499E+04 2.72309406E-09 0.00000000E+00
2.0522E+04 2.51853864E-09 0.00000000E+00
2.0546E+04 2.70933248E-09 0.00000000E+00
2.0570E+04 2.76430524E-09 0.00000000E+00
2.0593E+04 2.49785040E-09 0.00000000E+00
2.0617E+04 2.52261556E-09 0.00000000E+00
2.0640E+04 2.72387830E-09 0.00000000E+00
2.0664E+04 2.55423998E-09 0.00000000E+00
2.0687E+04 2.39212595E-09 0.00000000E+00
2.0711E+04 2.59272717E-09 0.00000000E+00
2.0735E+04 2.61102032E-09 0.00000000E+00
2.0758E+04 2.36142241E-09 0.00000000E+00
2.0782E+04 2.42200456E-09 0.00000000E+00
2.0805E+04 2.59669348E-09 0.00000000E+00
2.0829E+04 2.41100855E-09 0.00000000E+00
2.0852E+04 2.28775362E-09 0.00000000E+00
2.0876E+04 2.48934641E-09 0.00000000E+00
2.0899E+04 2.47219110E-09 0.00000000E+00
2.0923E+04 2.24077228E-09 0.00000000E+00
2.0947E+04 2.32811365E-09 0.00000000E+00
2.0970E+04 2.47191214E-09 0.00000000E+00
2.0994E+04 2.27407268E-09 0.00000000E+00
2.1017E+04 2.18515051E-09 0.00000000E+00
2.1041E+04 2.37924270E-09 0.00000000E+00
2.1064E+04 2.32877097E-09 0.00000000E+00
2.1088E+04 2.11720421E-09 0.00000000E+00
2.1112E+04 2.22330781E-09 0.00000000E+00
2.1135E+04 2.33382007E-09 0.00000000E+00
2.1159E+04 2.12913394E-09 0.00000000E+00
2.1182E+04 2.07167174E-09 0.00000000E+00
2.1206E+04 2.25249245E-09 0.00000000E+00
2.1229E+04 2.17311699E-09 0.00000000E+00
2.1253E+04 1.98485880E-09 0.00000000E+00
2.1276E+04 2.10466925E-09 0.00000000E+00
2.1300E+04 2.18255537E-09 0.00000000E+00
2.1324E+04 1.97805477E-09 0.00000000E+00
2.1347E+04 1.95141314E-09 0.00000000E+00
2.1371E+04 2.11651009E-09 0.00000000E+00
2.1394E+04 2.01458686E-09 0.00000000E+00
2.1418E+04 1.85408526E-09 0.00000000E+00
2.1441E+04 1.98498782E-09 0.00000000E+00
2.1465E+04 2.03317020E-09 0.00000000E+00
2.1488E+04 1.83603592E-09 0.00000000E+00
2.1512E+04 1.84011261E-09 0.00000000E+00
2.1536E+04 1.98888183E-09 0.00000000E+00
2.1559E+04 1.87089597E-09 0.00000000E+00
2.1583E+04 1.74129111E-09 0.00000000E+00
2.1606E+04 1.88090804E-09 0.00000000E+00
2.1630E+04 1.90260466E-09 0.00000000E+00
2.1653E+04 1.71799043E-09 0.00000000E+00
2.1677E+04 1.75080656E-09 0.00000000E+00
2.1701E+04 1.88234361E-09 0.00000000E+00
2.1724E+04 1.75312659E-09 0.00000000E+00
2.1748E+04 1.65438523E-09 0.00000000E+00
2.1771E+04 1.79862058E-09 0.00000000E+00
2.1795E+04 1.79587181E-09 0.00000000E+00
2.1818E+04 1.62592065E-09 0.00000000E+00
2.1842E+04 1.68253361E-09 0.00000000E+00
2.1865E+04 1.79459407E-09 0.00000000E+00
2.1889E+04 1.65701127E-09 0.00000000E+00
2.1913E+04 1.58604461E-09 0.00000000E+00
2.1936E+04 1.72896142E-09 0.00000000E+00
2.1960E+04 1.70276964E-09 0.00000000E+00
2.1983E+04 1.54760718E-09 0.00000000E+00
2.2007E+04 1.62122641E-09 0.00000000E+00
2.2030E+04 1.71100087E-09 0.00000000E+00
2.2054E+04 1.56725161E-09 0.00000000E+00
2.2078E+04 1.51992475E-09 0.00000000E+00
2.2101E+04 1.65543981E-09 0.00000000E+00
2.2125E+04 1.60718896E-09 0.00000000E+00
2.2148E+04 1.46703288E-09 0.00000000E+00
2.2172E+04 1.55141278E-09 0.00000000E+00
2.2195E+04 1.61726107E-09 0.00000000E+00
2.2219E+04 1.47055595E-09 0.00000000E+00
2.2242E+04 1.44398656E-09 0.00000000E+00
2.2266E+04 1.56791214E-09 0.00000000E+00
2.2290E+04 1.50066287E-09 0.00000000E+00
2.2313E+04 1.37729532E-09 0.00000000E+00
2.2337E+04 1.46852659E-09 0.00000000E+00
2.2360E+04 1.51109816E-09 0.00000000E+00
2.2384E+04 1.36619889E-09 0.00000000E+00
2.2407E+04 1.35958530E-09 0.00000000E+00
2.2431E+04 1.47039249E-09 0.00000000E+00
2.2455E+04 1.38884047E-09 0.00000000E+00
2.2478E+04 1.28526796E-09 0.00000000E+00
2.2502E+04 1.38168967E-09 0.00000000E+00
2.2525E+04 1.40350035E-09 0.00000000E+00
2.2549E+04 1.26561859E-09 0.00000000E+00
2.2572E+04 1.27909273E-09 0.00000000E+00
2.2596E+04 1.37692908E-09 0.00000000E+00
2.2619E+04 1.28602724E-09 0.00000000E+00
2.2643E+04 1.20467189E-09 0.00000000E+00
2.2667E+04 1.30519074E-09 0.00000000E+00
2.2690E+04 1.30908445E-09 0.00000000E+00
2.2714E+04 1.18204334E-09 0.00000000E+00
2.2737E+04 1.21463190E-09 0.00000000E+00
2.2761E+04 1.29955507E-09 0.00000000E+00
2.2784E+04 1.20295589E-09 0.00000000E+00
2.2808E+04 1.14391066E-09 0.00000000E+00
2.2832E+04 1.24623313E-09 0.00000000E+00
2.2855E+04 1.23405438E-09 0.00000000E+00
2.2879E+04 1.11923448E-09 0.00000000E+00
2.2902E+04 1.16765326E-09 0.00000000E+00
2.2926E+04 1.23857232E-09 0.00000000E+00
2.2949E+04 1.13817289E-09 0.00000000E+00
2.2973E+04 1.09896324E-09 0.00000000E+00
2.2996E+04 1.19917975E-09 0.00000000E+00
2.3020E+04 1.17170726E-09 0.00000000E+00
2.3044E+04 1.06863489E-09 0.00000000E+00
2.3067E+04 1.12787814E-09 0.00000000E+00
2.3091E+04 1.18297023E-09 0.00000000E+00
2.3114E+04 1.07987202E-09 0.00000000E+00
2.3138E+04 1.05691240E-09 0.00000000E+00
2.3161E+04 1.15066836E-09 0.00000000E+00
2.3185E+04 1.10871657E-09 0.00000000E+00
2.3209E+04 1.01678648E-09 0.00000000E+00
2.3232E+04 1.08199073E-09 0.00000000E+00
2.3256E+04 1.12007252E-09 0.00000000E+00
2.3279E+04 1.01605769E-09 0.00000000E+00
2.3303E+04 1.00662979E-09 0.00000000E+00
2.3326E+04 1.09082628E-09 0.00000000E+00
2.3350E+04 1.03642729E-09 0.00000000E+00
2.3373E+04 9.56335598E-10 0.00000000E+00
2.3397E+04 1.02442237E-09 0.00000000E+00
2.3421E+04 1.04600881E-09 0.00000000E+00
2.3444E+04 9.44221517E-10 0.00000000E+00
2.3468E+04 9.47439488E-10 0.00000000E+00
2.3491E+04 1.02107213E-09 0.00000000E+00
2.3515E+04 9.57641586E-10 0.00000000E+00
2.3538E+04 8.91384408E-10 0.00000000E+00
2.3562E+04 9.61264642E-10 0.00000000E+00
2.3586E+04 9.68415059E-10 0.00000000E+00
2.3609E+04 8.72644456E-10 0.00000000E+00
2.3633E+04 8.88753295E-10 0.00000000E+00
2.3656E+04 9.52309856E-10 0.00000000E+00
2.3680E+04 8.83627946E-10 0.00000000E+00
2.3703E+04 8.33126333E-10 0.00000000E+00
2.3727E+04 9.04468877E-10 0.00000000E+00
2.3750E+04 8.99606261E-10 0.00000000E+00
2.3774E+04 8.12763694E-10 0.00000000E+00
2.3798E+04 8.41469079E-10 0.00000000E+00
2.3821E+04 8.95510745E-10 0.00000000E+00
2.3845E+04 8.24379254E-10 0.00000000E+00
2.3868E+04 7.89903766E-10 0.00000000E+00
2.3892E+04 8.61592222E-10 0.00000000E+00
2.3915E+04 8.46329831E-10 0.00000000E+00
2.3939E+04 7.69384936E-10 0.00000000E+00
2.3962E+04 8.08632275E-10 0.00000000E+00
2.3986E+04 8.52776623E-10 0.00000000E+00
2.4010E+04 7.80472430E-10 0.00000000E+00
2.4033E+04 7.60166229E-10 0.00000000E+00
2.4057E+04 8.29711038E-10 0.00000000E+00
2.4080E+04 8.04642892E-10 0.00000000E+00
2.4104E+04 7.36890388E-10 0.00000000E+00
2.4127E+04 7.83065382E-10 0.00000000E+00
2.4151E+04 8.16142415E-10 0.00000000E+00
2.4175E+04 7.43086946E-10 0.00000000E+00
2.4198E+04 7.33962311E-10 0.00000000E+00
2.4222E+04 7.98260113E-10 0.00000000E+00
2.4245E+04 7.63791737E-10 0.00000000E+00
2.4269E+04 7.04214801E-10 0.00000000E+00
2.4292E+04 7.53549921E-10 0.00000000E+00
2.4316E+04 7.74662923E-10 0.00000000E+00
2.4339E+04 7.01687755E-10 0.00000000E+00
2.4363E+04 7.01281741E-10 0.00000000E+00
2.4387E+04 7.57999626E-10 0.00000000E+00
2.4410E+04 7.15400084E-10 0.00000000E+00
2.4434E+04 6.64006897E-10 0.00000000E+00
2.4457E+04 7.14039210E-10 0.00000000E+00
2.4481E+04 7.23532097E-10 0.00000000E+00
2.4504E+04 6.52631527E-10 0.00000000E+00
2.4528E+04 6.60020740E-10 0.00000000E+00
2.4552E+04 7.08444311E-10 0.00000000E+00
2.4575E+04 6.60150948E-10 0.00000000E+00
2.4599E+04 6.18215899E-10 0.00000000E+00
2.4622E+04 6.68184082E-10 0.00000000E+00
2.4646E+04 6.67677445E-10 0.00000000E+00
2.4669E+04 6.01597742E-10 0.00000000E+00
2.4693E+04 6.17047267E-10 0.00000000E+00
2.4716E+04 6.57766196E-10 0.00000000E+00
2.4740E+04 6.06659357E-10 0.00000000E+00
2.4764E+04 5.75723875E-10 0.00000000E+00
2.4787E+04 6.25711696E-10 0.00000000E+00
2.4811E+04 6.17217942E-10 0.00000000E+00
2.4834E+04 5.58226193E-10 0.00000000E+00
2.4858E+04 5.81865988E-10 0.00000000E+00
2.4881E+04 6.15662328E-10 0.00000000E+00
2.4905E+04 5.63925942E-10 0.00000000E+00
2.4929E+04 5.44421154E-10 0.00000000E+00
2.4952E+04 5.94052679E-10 0.00000000E+00
2.4976E+04 5.78957431E-10 0.00000000E+00
2.4999E+04 5.27815321E-10 0.00000000E+00
2.5023E+04 5.58476484E-10 0.00000000E+00
2.5046E+04 5.85387919E-10 0.00000000E+00
2.5070E+04 5.33914565E-10 0.00000000E+00
2.5093E+04 5.24541279E-10 0.00000000E+00
2.5117E+04 5.72311172E-10 0.00000000E+00
2.5141E+04 5.51070508E-10 0.00000000E+00
2.5164E+04 5.07055915E-10 0.00000000E+00
2.5188E+04 5.42196358E-10 0.00000000E+00
2.5211E+04 5.61489474E-10 0.00000000E+00
2.5235E+04 5.10308249E-10 0.00000000E+00
2.5258E+04 5.08661428E-10 0.00000000E+00
2.5282E+04 5.52378208E-10 0.00000000E+00
2.5306E+04 5.25122261E-10 0.00000000E+00
2.5329E+04 4.87069454E-10 0.00000000E+00
2.5353E+04 5.23794232E-10 0.00000000E+00
2.5376E+04 5.34763694E-10 0.00000000E+00
2.5400E+04 4.84096236E-10 0.00000000E+00
2.5423E+04 4.88010862E-10 0.00000000E+00
2.5447E+04 5.25895735E-10 0.00000000E+00
2.5470E+04 4.93343179E-10 0.00000000E+00
2.5494E+04 4.60845114E-10 0.00000000E+00
2.5518E+04 4.97161566E-10 0.00000000E+00
2.5541E+04 4.99988980E-10 0.00000000E+00
2.5565E+04 4.51018282E-10 0.00000000E+00
2.5588E+04 4.59567212E-10 0.00000000E+00
2.5612E+04 4.91064430E-10 0.00000000E+00
2.5635E+04 4.54911755E-10 0.00000000E+00
2.5659E+04 4.28721975E-10 0.00000000E+00
2.5683E+04 4.64048492E-10 0.00000000E+00
2.5706E+04 4.59965855E-10 0.00000000E+00
2.5730E+04 4.14663326E-10 0.00000000E+00
2.5753E+04 4.28070409E-10 0.00000000E+00
2.5777E+04 4.53743288E-10 0.00000000E+00
2.5800E+04 4.16177415E-10 0.00000000E+00
2.5824E+04 3.97528037E-10 0.00000000E+00
2.5847E+04 4.32140698E-10 0.00000000E+00
2.5871E+04 4.22787338E-10 0.00000000E+00
2.5895E+04 3.82946055E-10 0.00000000E+00
2.5918E+04 4.01575647E-10 0.00000000E+00
2.5942E+04 4.22258893E-10 0.00000000E+00
2.5965E+04 3.85008219E-10 0.00000000E+00
2.5989E+04 3.74443300E-10 0.00000000E+00
2.6012E+04 4.08405631E-10 0.00000000E+00
2.6036E+04 3.94959528E-10 0.00000000E+00
2.6060E+04 3.61241244E-10 0.00000000E+00
2.6083E+04 3.84539477E-10 0.00000000E+00
2.6107E+04 4.00504585E-10 0.00000000E+00
2.6130E+04 3.64231260E-10 0.00000000E+00
2.6154E+04 3.60919493E-10 0.00000000E+00
2.6177E+04 3.93396504E-10 0.00000000E+00
2.6201E+04 3.76217759E-10 0.00000000E+00
2.6224E+04 3.47997179E-10 0.00000000E+00
2.6248E+04 3.74235877E-10 0.00000000E+00
2.6272E+04 3.85043256E-10 0.00000000E+00
2.6295E+04 3.49576204E-10 0.00000000E+00
2.6319E+04 3.51644215E-10 0.00000000E+00
2.6342E+04 3.81110831E-10 0.00000000E+00
2.6366E+04 3.60158366E-10 0.00000000E+00
2.6389E+04 3.36282025E-10 0.00000000E+00
2.6413E+04 3.63261613E-10 0.00000000E+00
2.6437E+04 3.68343734E-10 0.00000000E+00
2.6460E+04 3.33534992E-10 0.00000000E+00
2.6484E+04 3.39127640E-10 0.00000000E+00
2.6507E+04 3.64217381E-10 0.00000000E+00
2.6531E+04 3.39825761E-10 0.00000000E+00
2.6554E+04 3.19658777E-10 0.00000000E+00
2.6578E+04 3.45757920E-10 0.00000000E+00
2.6601E+04 3.45162743E-10 0.00000000E+00
2.6625E+04 3.11631287E-10 0.00000000E+00
2.6649E+04 3.19845365E-10 0.00000000E+00
2.6672E+04 3.40092157E-10 0.00000000E+00
2.6696E+04 3.13402924E-10 0.00000000E+00
2.6719E+04 2.97323879E-10 0.00000000E+00
2.6743E+04 3.22057041E-10 0.00000000E+00
2.6766E+04 3.16690027E-10 0.00000000E+00
2.6790E+04 2.85826209E-10 0.00000000E+00
2.6813E+04 2.96811821E-10 0.00000000E+00
2.6837E+04 3.12692550E-10 0.00000000E+00
2.6861E+04 2.85355892E-10 0.00000000E+00
2.6884E+04 2.74333626E-10 0.00000000E+00
2.6908E+04 2.98034137E-10 0.00000000E+00
2.6931E+04 2.89209605E-10 0.00000000E+00
2.6955E+04 2.62442422E-10 0.00000000E+00
2.6978E+04 2.76664590E-10 0.00000000E+00
2.7002E+04 2.88972507E-10 0.00000000E+00
2.7026E+04 2.62373538E-10 0.00000000E+00
2.7049E+04 2.57010056E-10 0.00000000E+00
2.7073E+04 2.79978235E-10 0.00000000E+00
2.7096E+04 2.68691670E-10 0.00000000E+00
2.7120E+04 2.46633102E-10 0.00000000E+00
2.7143E+04 2.63945240E-10 0.00000000E+00
2.7167E+04 2.73066830E-10 0.00000000E+00
2.7190E+04 2.47733187E-10 0.00000000E+00
2.7214E+04 2.47566937E-10 0.00000000E+00
2.7238E+04 2.69412743E-10 0.00000000E+00
2.7261E+04 2.55960949E-10 0.00000000E+00
2.7285E+04 2.38131406E-10 0.00000000E+00
2.7308E+04 2.57411669E-10 0.00000000E+00
2.7332E+04 2.63105184E-10 0.00000000E+00
2.7355E+04 2.38788477E-10 0.00000000E+00
2.7379E+04 2.42408800E-10 0.00000000E+00
2.7403E+04 2.62093150E-10 0.00000000E+00
2.7426E+04 2.46340664E-10 0.00000000E+00
2.7450E+04 2.31690757E-10 0.00000000E+00
2.7473E+04 2.51291945E-10 0.00000000E+00
2.7497E+04 2.53096235E-10 0.00000000E+00
2.7520E+04 2.29445247E-10 0.00000000E+00
2.7544E+04 2.35298918E-10 0.00000000E+00
2.7567E+04 2.51769530E-10 0.00000000E+00
2.7591E+04 2.33793647E-10 0.00000000E+00
2.7615E+04 2.21587984E-10 0.00000000E+00
2.7638E+04 2.40190416E-10 0.00000000E+00
2.7662E+04 2.38053863E-10 0.00000000E+00
2.7685E+04 2.15304701E-10 0.00000000E+00
2.7709E+04 2.22535269E-10 0.00000000E+00
2.7732E+04 2.35382457E-10 0.00000000E+00
2.7756E+04 2.15914479E-10 0.00000000E+00
2.7780E+04 2.06266097E-10 0.00000000E+00
2.7803E+04 2.23437394E-10 0.00000000E+00
2.7827E+04 2.18001394E-10 0.00000000E+00
2.7850E+04 1.97107156E-10 0.00000000E+00
2.7874E+04 2.05780614E-10 0.00000000E+00
2.7897E+04 2.15375067E-10 0.00000000E+00
2.7921E+04 1.95648386E-10 0.00000000E+00
2.7944E+04 1.89298879E-10 0.00000000E+00
2.7968E+04 2.05354164E-10 0.00000000E+00
2.7992E+04 1.97657734E-10 0.00000000E+00
2.8015E+04 1.79757128E-10 0.00000000E+00
2.8039E+04 1.90351299E-10 0.00000000E+00
2.8062E+04 1.97397840E-10 0.00000000E+00
2.8086E+04 1.78532108E-10 0.00000000E+00
2.8109E+04 1.76092004E-10 0.00000000E+00
2.8133E+04 1.91436541E-10 0.00000000E+00
2.8157E+04 1.82317748E-10 0.00000000E+00
2.8180E+04 1.67990325E-10 0.00000000E+00
2.8204E+04 1.80611286E-10 0.00000000E+00
2.8227E+04 1.85537448E-10 0.00000000E+00
2.8251E+04 1.67982345E-10 0.00000000E+00
2.8274E+04 1.69266325E-10 0.00000000E+00
2.8298E+04 1.83794837E-10 0.00000000E+00
2.8321E+04 1.73510351E-10 0.00000000E+00
2.8345E+04 1.62431657E-10 0.00000000E+00
2.8369E+04 1.76399151E-10 0.00000000E+00
2.8392E+04 1.79095610E-10 0.00000000E+00
2.8416E+04 1.62599361E-10 0.00000000E+00
2.8439E+04 1.66584460E-10 0.00000000E+00
2.8463E+04 1.79609924E-10 0.00000000E+00
2.8486E+04 1.67983596E-10 0.00000000E+00
2.8510E+04 1.59253587E-10 0.00000000E+00
2.8534E+04 1.73356106E-10 0.00000000E+00
2.8557E+04 1.73448121E-10 0.00000000E+00
2.8581E+04 1.57568234E-10 0.00000000E+00
2.8604E+04 1.62982502E-10 0.00000000E+00
2.8628E+04 1.73696151E-10 0.00000000E+00
2.8651E+04 1.60642292E-10 0.00000000E+00
2.8675E+04 1.53509345E-10 0.00000000E+00
2.8698E+04 1.66677173E-10 0.00000000E+00
2.8722E+04 1.64045546E-10 0.00000000E+00
2.8746E+04 1.48767424E-10 0.00000000E+00
2.8769E+04 1.54818795E-10 0.00000000E+00
2.8793E+04 1.62853028E-10 0.00000000E+00
2.8816E+04 1.48804503E-10 0.00000000E+00
2.8840E+04 1.43199473E-10 0.00000000E+00
2.8863E+04 1.55034557E-10 0.00000000E+00
2.8887E+04 1.50113535E-10 0.00000000E+00
2.8911E+04 1.36062018E-10 0.00000000E+00
2.8934E+04 1.42736721E-10 0.00000000E+00
2.8958E+04 1.48358431E-10 0.00000000E+00
2.8981E+04 1.34224506E-10 0.00000000E+00
2.9005E+04 1.30694034E-10 0.00000000E+00
2.9028E+04 1.41456712E-10 0.00000000E+00
2.9052E+04 1.35056715E-10 0.00000000E+00
2.9075E+04 1.23132821E-10 0.00000000E+00
2.9099E+04 1.30868744E-10 0.00000000E+00
2.9123E+04 1.34676349E-10 0.00000000E+00
2.9146E+04 1.21365943E-10 0.00000000E+00
2.9170E+04 1.20490824E-10 0.00000000E+00
2.9193E+04 1.30609458E-10 0.00000000E+00
2.9217E+04 1.23433961E-10 0.00000000E+00
2.9240E+04 1.14185499E-10 0.00000000E+00
2.9264E+04 1.23230248E-10 0.00000000E+00
2.9287E+04 1.25648098E-10 0.00000000E+00
2.9311E+04 1.13563828E-10 0.00000000E+00
2.9335E+04 1.15353096E-10 0.00000000E+00
2.9358E+04 1.24895160E-10 0.00000000E+00
2.9382E+04 1.17175820E-10 0.00000000E+00
2.9405E+04 1.10420752E-10 0.00000000E+00
2.9429E+04 1.20407101E-10 0.00000000E+00
2.9452E+04 1.21413349E-10 0.00000000E+00
2.9476E+04 1.10340516E-10 0.00000000E+00
2.9500E+04 1.14085442E-10 0.00000000E+00
2.9523E+04 1.22616248E-10 0.00000000E+00
2.9547E+04 1.14171669E-10 0.00000000E+00
2.9570E+04 1.09174339E-10 0.00000000E+00
2.9594E+04 1.19230956E-10 0.00000000E+00
2.9617E+04 1.18523226E-10 0.00000000E+00
2.9641E+04 1.08000664E-10 0.00000000E+00
2.9664E+04 1.12682477E-10 0.00000000E+00
2.9688E+04 1.19583874E-10 0.00000000E+00
2.9712E+04 1.10233686E-10 0.00000000E+00
2.9735E+04 1.06279627E-10 0.00000000E+00
2.9759E+04 1.15546114E-10 0.00000000E+00
2.9782E+04 1.12964411E-10 0.00000000E+00
2.9806E+04 1.02822378E-10 0.00000000E+00
2.9829E+04 1.07725615E-10 0.00000000E+00
2.9853E+04 1.12666881E-10 0.00000000E+00
2.9877E+04 1.02631126E-10 0.00000000E+00
2.9900E+04 9.95326925E-11 0.00000000E+00
2.9924E+04 1.07639528E-10 0.00000000E+00
2.9947E+04 1.03459788E-10 0.00000000E+00
2.9971E+04 9.40786582E-11 0.00000000E+00
2.9994E+04 9.91225304E-11 0.00000000E+00
3.0018E+04 1.02279914E-10 0.00000000E+00
3.0041E+04 9.22159529E-11 0.00000000E+00
3.0065E+04 9.03554084E-11 0.00000000E+00
3.0089E+04 9.74956663E-11 0.00000000E+00
3.0112E+04 9.23412665E-11 0.00000000E+00
3.0136E+04 8.44244897E-11 0.00000000E+00
3.0159E+04 8.99795563E-11 0.00000000E+00
3.0183E+04 9.18440460E-11 0.00000000E+00
3.0206E+04 8.24895380E-11 0.00000000E+00
3.0230E+04 8.23919417E-11 0.00000000E+00
3.0254E+04 8.89696432E-11 0.00000000E+00
3.0277E+04 8.34293158E-11 0.00000000E+00
3.0301E+04 7.74867867E-11 0.00000000E+00
3.0324E+04 8.38653094E-11 0.00000000E+00
3.0348E+04 8.48332810E-11 0.00000000E+00
3.0371E+04 7.65587174E-11 0.00000000E+00
3.0395E+04 7.83600189E-11 0.00000000E+00
3.0418E+04 8.45386659E-11 0.00000000E+00
3.0442E+04 7.88280201E-11 0.00000000E+00
3.0466E+04 7.47966414E-11 0.00000000E+00
3.0489E+04 8.18459951E-11 0.00000000E+00
3.0513E+04 8.19520535E-11 0.00000000E+00
3.0536E+04 7.45981363E-11 0.00000000E+00
3.0560E+04 7.78365171E-11 0.00000000E+00
3.0583E+04 8.33596301E-11 0.00000000E+00
3.0607E+04 7.73137639E-11 0.00000000E+00
3.0631E+04 7.46185504E-11 0.00000000E+00
3.0654E+04 8.17296661E-11 0.00000000E+00
3.0678E+04 8.07329355E-11 0.00000000E+00
3.0701E+04 7.38643984E-11 0.00000000E+00
3.0725E+04 7.77425586E-11 0.00000000E+00
3.0748E+04 8.21418268E-11 0.00000000E+00
3.0772E+04 7.55338428E-11 0.00000000E+00
3.0795E+04 7.35288785E-11 0.00000000E+00
3.0819E+04 8.00170763E-11 0.00000000E+00
3.0843E+04 7.77375994E-11 0.00000000E+00
3.0866E+04 7.10977683E-11 0.00000000E+00
3.0890E+04 7.49838256E-11 0.00000000E+00
3.0913E+04 7.79638684E-11 0.00000000E+00
3.0937E+04 7.08659558E-11 0.00000000E+00
3.0960E+04 6.92934485E-11 0.00000000E+00
3.0984E+04 7.48180448E-11 0.00000000E+00
3.1008E+04 7.14136940E-11 0.00000000E+00
3.1031E+04 6.52034711E-11 0.00000000E+00
3.1055E+04 6.89661162E-11 0.00000000E+00
3.1078E+04 7.06295813E-11 0.00000000E+00
3.1102E+04 6.35038984E-11 0.00000000E+00
3.1125E+04 6.26108152E-11 0.00000000E+00
3.1149E+04 6.72990876E-11 0.00000000E+00
3.1172E+04 6.32419219E-11 0.00000000E+00
3.1196E+04 5.79996807E-11 0.00000000E+00
3.1220E+04 6.19320646E-11 0.00000000E+00
3.1243E+04 6.26706482E-11 0.00000000E+00
3.1267E+04 5.61130490E-11 0.00000000E+00
3.1290E+04 5.63537217E-11 0.00000000E+00
3.1314E+04 6.05609245E-11 0.00000000E+00
3.1337E+04 5.63418041E-11 0.00000000E+00
3.1361E+04 5.25319763E-11 0.00000000E+00
3.1385E+04 5.69602449E-11 0.00000000E+00
3.1408E+04 5.71300127E-11 0.00000000E+00
3.1432E+04 5.14844747E-11 0.00000000E+00
3.1455E+04 5.30689085E-11 0.00000000E+00
3.1479E+04 5.70033952E-11 0.00000000E+00
3.1502E+04 5.28264348E-11 0.00000000E+00
3.1526E+04 5.04778029E-11 0.00000000E+00
3.1549E+04 5.53900350E-11 0.00000000E+00
3.1573E+04 5.50605929E-11 0.00000000E+00
3.1597E+04 5.02275225E-11 0.00000000E+00
3.1620E+04 5.28819172E-11 0.00000000E+00
3.1644E+04 5.64105716E-11 0.00000000E+00
3.1667E+04 5.21391989E-11 0.00000000E+00
3.1691E+04 5.08229185E-11 0.00000000E+00
3.1714E+04 5.58092056E-11 0.00000000E+00
3.1738E+04 5.47921406E-11 0.00000000E+00
3.1762E+04 5.03871272E-11 0.00000000E+00
3.1785E+04 5.35030984E-11 0.00000000E+00
3.1809E+04 5.62753610E-11 0.00000000E+00
3.1832E+04 5.16690509E-11 0.00000000E+00
3.1856E+04 5.08236471E-11 0.00000000E+00
3.1879E+04 5.53463213E-11 0.00000000E+00
3.1903E+04 5.34570273E-11 0.00000000E+00
3.1926E+04 4.91842835E-11 0.00000000E+00
3.1950E+04 5.22158080E-11 0.00000000E+00
3.1974E+04 5.39710357E-11 0.00000000E+00
3.1997E+04 4.90030023E-11 0.00000000E+00
3.2021E+04 4.83367063E-11 0.00000000E+00
3.2044E+04 5.20862648E-11 0.00000000E+00
3.2068E+04 4.93967979E-11 0.00000000E+00
3.2091E+04 4.53284233E-11 0.00000000E+00
3.2115E+04 4.81107262E-11 0.00000000E+00
3.2138E+04 4.88951086E-11 0.00000000E+00
3.2162E+04 4.38771121E-11 0.00000000E+00
3.2186E+04 4.35288263E-11 0.00000000E+00
3.2209E+04 4.65753974E-11 0.00000000E+00
3.2233E+04 4.34365224E-11 0.00000000E+00
3.2256E+04 3.99733628E-11 0.00000000E+00
3.2280E+04 4.27232634E-11 0.00000000E+00
3.2303E+04 4.28415591E-11 0.00000000E+00
3.2327E+04 3.82505247E-11 0.00000000E+00
3.2351E+04 3.85977913E-11 0.00000000E+00
3.2374E+04 4.12383063E-11 0.00000000E+00
3.2398E+04 3.80572154E-11 0.00000000E+00
3.2421E+04 3.56120588E-11 0.00000000E+00
3.2445E+04 3.86381575E-11 0.00000000E+00
3.2468E+04 3.84015653E-11 0.00000000E+00
3.2492E+04 3.45556273E-11 0.00000000E+00
3.2515E+04 3.58429073E-11 0.00000000E+00
3.2539E+04 3.82976684E-11 0.00000000E+00
3.2563E+04 3.52685967E-11 0.00000000E+00
3.2586E+04 3.39356795E-11 0.00000000E+00
3.2610E+04 3.73124507E-11 0.00000000E+00
3.2633E+04 3.68107636E-11 0.00000000E+00
3.2657E+04 3.36659974E-11 0.00000000E+00
3.2680E+04 3.57577989E-11 0.00000000E+00
3.2704E+04 3.79767787E-11 0.00000000E+00
3.2728E+04 3.49963934E-11 0.00000000E+00
3.2751E+04 3.44730651E-11 0.00000000E+00
3.2775E+04 3.79391039E-11 0.00000000E+00
3.2798E+04 3.70285079E-11 0.00000000E+00
3.2822E+04 3.42628572E-11 0.00000000E+00
3.2845E+04 3.67082196E-11 0.00000000E+00
3.2869E+04 3.84330086E-11 0.00000000E+00
3.2892E+04 3.52686823E-11 0.00000000E+00
3.2916E+04 3.50830765E-11 0.00000000E+00
3.2940E+04 3.82227682E-11 0.00000000E+00
3.2963E+04 3.67246700E-11 0.00000000E+00
3.2987E+04 3.40358322E-11 0.00000000E+00
3.3010E+04 3.63729503E-11 0.00000000E+00
3.3034E+04 3.73767614E-11 0.00000000E+00
3.3057E+04 3.39391618E-11 0.00000000E+00
3.3081E+04 3.37918761E-11 0.00000000E+00
3.3105E+04 3.63291228E-11 0.00000000E+00
3.3128E+04 3.42550620E-11 0.00000000E+00
3.3152E+04 3.16258648E-11 0.00000000E+00
3.3175E+04 3.36720997E-11 0.00000000E+00
3.3199E+04 3.39600146E-11 0.00000000E+00
3.3222E+04 3.04461343E-11 0.00000000E+00
3.3246E+04 3.03928610E-11 0.00000000E+00
3.3269E+04 3.23521549E-11 0.00000000E+00
3.3293E+04 2.99564789E-11 0.00000000E+00
3.3317E+04 2.76743119E-11 0.00000000E+00
3.3340E+04 2.95777883E-11 0.00000000E+00
3.3364E+04 2.93812322E-11 0.00000000E+00
3.3387E+04 2.61675889E-11 0.00000000E+00
3.3411E+04 2.65097467E-11 0.00000000E+00
3.3434E+04 2.81292577E-11 0.00000000E+00
3.3458E+04 2.57474476E-11 0.00000000E+00
3.3482E+04 2.41698040E-11 0.00000000E+00
3.3505E+04 2.62041004E-11 0.00000000E+00
3.3529E+04 2.57895022E-11 0.00000000E+00
3.3552E+04 2.31668866E-11 0.00000000E+00
3.3576E+04 2.41551735E-11 0.00000000E+00
3.3599E+04 2.56471420E-11 0.00000000E+00
3.3623E+04 2.34633869E-11 0.00000000E+00
3.3646E+04 2.27264293E-11 0.00000000E+00
3.3670E+04 2.50135250E-11 0.00000000E+00
3.3694E+04 2.44806839E-11 0.00000000E+00
3.3717E+04 2.24523745E-11 0.00000000E+00
3.3741E+04 2.40488840E-11 0.00000000E+00
3.3764E+04 2.54171289E-11 0.00000000E+00
3.3788E+04 2.33616125E-11 0.00000000E+00
3.3811E+04 2.32670702E-11 0.00000000E+00
3.3835E+04 2.56538233E-11 0.00000000E+00
3.3859E+04 2.48965353E-11 0.00000000E+00
3.3882E+04 2.32053801E-11 0.00000000E+00
3.3906E+04 2.50873495E-11 0.00000000E+00
3.3929E+04 2.61450497E-11 0.00000000E+00
3.3953E+04 2.40061971E-11 0.00000000E+00
3.3976E+04 2.41698155E-11 0.00000000E+00
3.4000E+04 2.63408238E-11 0.00000000E+00
3.4023E+04 2.51934626E-11 0.00000000E+00
3.4047E+04 2.35518882E-11 0.00000000E+00
3.4071E+04 2.53370737E-11 0.00000000E+00
3.4094E+04 2.58897281E-11 0.00000000E+00
3.4118E+04 2.35424643E-11 0.00000000E+00
3.4141E+04 2.36755976E-11 0.00000000E+00
3.4165E+04 2.53893072E-11 0.00000000E+00
3.4188E+04 2.38224182E-11 0.00000000E+00
3.4212E+04 2.21546413E-11 0.00000000E+00
3.4236E+04 2.36556000E-11 0.00000000E+00
3.4259E+04 2.36799895E-11 0.00000000E+00
3.4283E+04 2.12350225E-11 0.00000000E+00
3.4306E+04 2.13321344E-11 0.00000000E+00
3.4330E+04 2.25791983E-11 0.00000000E+00
3.4353E+04 2.07711443E-11 0.00000000E+00
3.4377E+04 1.92724357E-11 0.00000000E+00
3.4400E+04 2.05794816E-11 0.00000000E+00
3.4424E+04 2.02468714E-11 0.00000000E+00
3.4448E+04 1.79959038E-11 0.00000000E+00
3.4471E+04 1.82876228E-11 0.00000000E+00
3.4495E+04 1.92521555E-11 0.00000000E+00
3.4518E+04 1.74768436E-11 0.00000000E+00
3.4542E+04 1.64485502E-11 0.00000000E+00
3.4565E+04 1.77924735E-11 0.00000000E+00
3.4589E+04 1.73272221E-11 0.00000000E+00
3.4612E+04 1.55317092E-11 0.00000000E+00
3.4636E+04 1.62561256E-11 0.00000000E+00
3.4660E+04 1.71311937E-11 0.00000000E+00
3.4683E+04 1.55616742E-11 0.00000000E+00
3.4707E+04 1.51622973E-11 0.00000000E+00
3.4730E+04 1.66856616E-11 0.00000000E+00
3.4754E+04 1.61906442E-11 0.00000000E+00
3.4777E+04 1.48907619E-11 0.00000000E+00
3.4801E+04 1.60751385E-11 0.00000000E+00
3.4825E+04 1.68975216E-11 0.00000000E+00
3.4848E+04 1.54948680E-11 0.00000000E+00
3.4872E+04 1.56090721E-11 0.00000000E+00
3.4895E+04 1.72354647E-11 0.00000000E+00
3.4919E+04 1.66358395E-11 0.00000000E+00
3.4942E+04 1.56362260E-11 0.00000000E+00
3.4966E+04 1.70597310E-11 0.00000000E+00
3.4989E+04 1.76976818E-11 0.00000000E+00
3.5013E+04 1.62784745E-11 0.00000000E+00
3.5037E+04 1.66030946E-11 0.00000000E+00
3.5060E+04 1.80982528E-11 0.00000000E+00
3.5084E+04 1.72454760E-11 0.00000000E+00
3.5107E+04 1.62861314E-11 0.00000000E+00
3.5131E+04 1.76392970E-11 0.00000000E+00
3.5154E+04 1.79283420E-11 0.00000000E+00
3.5178E+04 1.63511124E-11 0.00000000E+00
3.5202E+04 1.66202881E-11 0.00000000E+00
3.5225E+04 1.77769692E-11 0.00000000E+00
3.5249E+04 1.66154304E-11 0.00000000E+00
3.5272E+04 1.55854238E-11 0.00000000E+00
3.5296E+04 1.66861129E-11 0.00000000E+00
3.5319E+04 1.65848802E-11 0.00000000E+00
3.5343E+04 1.48968604E-11 0.00000000E+00
3.5366E+04 1.50626073E-11 0.00000000E+00
3.5390E+04 1.58483028E-11 0.00000000E+00
3.5414E+04 1.44970833E-11 0.00000000E+00
3.5437E+04 1.35184701E-11 0.00000000E+00
3.5461E+04 1.44110537E-11 0.00000000E+00
3.5484E+04 1.40425390E-11 0.00000000E+00
3.5508E+04 1.24641614E-11 0.00000000E+00
3.5531E+04 1.26945077E-11 0.00000000E+00
3.5555E+04 1.32464710E-11 0.00000000E+00
3.5579E+04 1.19266016E-11 0.00000000E+00
3.5602E+04 1.12462900E-11 0.00000000E+00
3.5626E+04 1.21174251E-11 0.00000000E+00
3.5649E+04 1.16679019E-11 0.00000000E+00
3.5673E+04 1.04297543E-11 0.00000000E+00
3.5696E+04 1.09387578E-11 0.00000000E+00
3.5720E+04 1.14257249E-11 0.00000000E+00
3.5743E+04 1.02976948E-11 0.00000000E+00
3.5767E+04 1.00811745E-11 0.00000000E+00
3.5791E+04 1.10762086E-11 0.00000000E+00
3.5814E+04 1.06469778E-11 0.00000000E+00
3.5838E+04 9.81564574E-12 0.00000000E+00
3.5861E+04 1.06707177E-11 0.00000000E+00
3.5885E+04 1.11478296E-11 0.00000000E+00
3.5908E+04 1.01993362E-11 0.00000000E+00
3.5932E+04 1.03944780E-11 0.00000000E+00
3.5956E+04 1.14894439E-11 0.00000000E+00
3.5979E+04 1.10314613E-11 0.00000000E+00
3.6003E+04 1.04669426E-11 0.00000000E+00
3.6026E+04 1.15262286E-11 0.00000000E+00
3.6050E+04 1.19036246E-11 0.00000000E+00
3.6073E+04 1.09822421E-11 0.00000000E+00
3.6097E+04 1.13578477E-11 0.00000000E+00
3.6120E+04 1.23831247E-11 0.00000000E+00
3.6144E+04 1.17669419E-11 0.00000000E+00
3.6168E+04 1.12435446E-11 0.00000000E+00
3.6191E+04 1.22622389E-11 0.00000000E+00
3.6215E+04 1.24027147E-11 0.00000000E+00
3.6238E+04 1.13641651E-11 0.00000000E+00
3.6262E+04 1.16842043E-11 0.00000000E+00
3.6285E+04 1.24653459E-11 0.00000000E+00
3.6309E+04 1.16202997E-11 0.00000000E+00
3.6333E+04 1.10095274E-11 0.00000000E+00
3.6356E+04 1.18179891E-11 0.00000000E+00
3.6380E+04 1.16697260E-11 0.00000000E+00
3.6403E+04 1.05159736E-11 0.00000000E+00
3.6427E+04 1.07055003E-11 0.00000000E+00
3.6450E+04 1.11957463E-11 0.00000000E+00
3.6474E+04 1.01952514E-11 0.00000000E+00
3.6497E+04 9.56250191E-12 0.00000000E+00
3.6521E+04 1.01705840E-11 0.00000000E+00
3.6545E+04 9.81856810E-12 0.00000000E+00
3.6568E+04 8.71076592E-12 0.00000000E+00
3.6592E+04 8.88478323E-12 0.00000000E+00
3.6615E+04 9.18251868E-12 0.00000000E+00
3.6639E+04 8.20229825E-12 0.00000000E+00
3.6662E+04 7.74378084E-12 0.00000000E+00
3.6686E+04 8.29661498E-12 0.00000000E+00
3.6710E+04 7.89349256E-12 0.00000000E+00
3.6733E+04 7.03075106E-12 0.00000000E+00
3.6757E+04 7.37347027E-12 0.00000000E+00
3.6780E+04 7.62176105E-12 0.00000000E+00
3.6804E+04 6.80839213E-12 0.00000000E+00
3.6827E+04 6.68530175E-12 0.00000000E+00
3.6851E+04 7.31998865E-12 0.00000000E+00
3.6874E+04 6.96243094E-12 0.00000000E+00
3.6898E+04 6.42808560E-12 0.00000000E+00
3.6922E+04 7.02841109E-12 0.00000000E+00
3.6945E+04 7.29082849E-12 0.00000000E+00
3.6969E+04 6.65361690E-12 0.00000000E+00
3.6992E+04 6.85976341E-12 0.00000000E+00
3.7016E+04 7.58647141E-12 0.00000000E+00
3.7039E+04 7.24631041E-12 0.00000000E+00
3.7063E+04 6.94762196E-12 0.00000000E+00
3.7087E+04 7.72315469E-12 0.00000000E+00
3.7110E+04 7.94129186E-12 0.00000000E+00
3.7134E+04 7.35874018E-12 0.00000000E+00
3.7157E+04 7.72456445E-12 0.00000000E+00
3.7181E+04 8.42425896E-12 0.00000000E+00
3.7204E+04 7.99165115E-12 0.00000000E+00
3.7228E+04 7.73962391E-12 0.00000000E+00
3.7251E+04 8.50147838E-12 0.00000000E+00
3.7275E+04 8.56238336E-12 0.00000000E+00
3.7299E+04 7.89656080E-12 0.00000000E+00
3.7322E+04 8.21909780E-12 0.00000000E+00
3.7346E+04 8.74761826E-12 0.00000000E+00
3.7369E+04 8.14500538E-12 0.00000000E+00
3.7393E+04 7.80637630E-12 0.00000000E+00
3.7416E+04 8.40196185E-12 0.00000000E+00
3.7440E+04 8.24900199E-12 0.00000000E+00
3.7463E+04 7.47102759E-12 0.00000000E+00
3.7487E+04 7.66067689E-12 0.00000000E+00
3.7511E+04 7.96397387E-12 0.00000000E+00
3.7534E+04 7.23017133E-12 0.00000000E+00
3.7558E+04 6.82793142E-12 0.00000000E+00
3.7581E+04 7.24275424E-12 0.00000000E+00
3.7605E+04 6.93148625E-12 0.00000000E+00
3.7628E+04 6.15391405E-12 0.00000000E+00
3.7652E+04 6.28252305E-12 0.00000000E+00
3.7676E+04 6.42788758E-12 0.00000000E+00
3.7699E+04 5.69998510E-12 0.00000000E+00
3.7723E+04 5.38478546E-12 0.00000000E+00
3.7746E+04 5.72723370E-12 0.00000000E+00
3.7770E+04 5.38112934E-12 0.00000000E+00
3.7793E+04 4.77203289E-12 0.00000000E+00
3.7817E+04 4.99218013E-12 0.00000000E+00
3.7840E+04 5.09797525E-12 0.00000000E+00
3.7864E+04 4.50760183E-12 0.00000000E+00
3.7888E+04 4.42866937E-12 0.00000000E+00
3.7911E+04 4.82144145E-12 0.00000000E+00
3.7935E+04 4.53060085E-12 0.00000000E+00
3.7958E+04 4.18178940E-12 0.00000000E+00
3.7982E+04 4.59050904E-12 0.00000000E+00
3.8005E+04 4.72221153E-12 0.00000000E+00
3.8029E+04 4.29513287E-12 0.00000000E+00
3.8053E+04 4.47773069E-12 0.00000000E+00
3.8076E+04 4.95165319E-12 0.00000000E+00
3.8100E+04 4.70446363E-12 0.00000000E+00
3.8123E+04 4.56184126E-12 0.00000000E+00
3.8147E+04 5.12002554E-12 0.00000000E+00
3.8170E+04 5.24251635E-12 0.00000000E+00
3.8194E+04 4.88620581E-12 0.00000000E+00
3.8217E+04 5.21188309E-12 0.00000000E+00
3.8241E+04 5.68675007E-12 0.00000000E+00
3.8265E+04 5.39244611E-12 0.00000000E+00
3.8288E+04 5.30310936E-12 0.00000000E+00
3.8312E+04 5.86900880E-12 0.00000000E+00
3.8335E+04 5.89052941E-12 0.00000000E+00
3.8359E+04 5.47919468E-12 0.00000000E+00
3.8382E+04 5.77847471E-12 0.00000000E+00
3.8406E+04 6.13726049E-12 0.00000000E+00
3.8430E+04 5.71724590E-12 0.00000000E+00
3.8453E+04 5.55210321E-12 0.00000000E+00
3.8477E+04 5.99252010E-12 0.00000000E+00
3.8500E+04 5.85559385E-12 0.00000000E+00
3.8524E+04 5.34079369E-12 0.00000000E+00
3.8547E+04 5.51880323E-12 0.00000000E+00
3.8571E+04 5.70528978E-12 0.00000000E+00
3.8594E+04 5.17274788E-12 0.00000000E+00
3.8618E+04 4.92440055E-12 0.00000000E+00
3.8642E+04 5.20902159E-12 0.00000000E+00
3.8665E+04 4.94679165E-12 0.00000000E+00
3.8689E+04 4.40196612E-12 0.00000000E+00
3.8712E+04 4.49681610E-12 0.00000000E+00
3.8736E+04 4.55419706E-12 0.00000000E+00
3.8759E+04 4.01352298E-12 0.00000000E+00
3.8783E+04 3.79300335E-12 0.00000000E+00
3.8807E+04 3.99920286E-12 0.00000000E+00
3.8830E+04 3.71015449E-12 0.00000000E+00
3.8854E+04 3.27374760E-12 0.00000000E+00
3.8877E+04 3.40732457E-12 0.00000000E+00
3.8901E+04 3.43149425E-12 0.00000000E+00
3.8924E+04 2.99877653E-12 0.00000000E+00
3.8948E+04 2.93867739E-12 0.00000000E+00
3.8971E+04 3.17198523E-12 0.00000000E+00
3.8995E+04 2.93848655E-12 0.00000000E+00
3.9019E+04 2.70411899E-12 0.00000000E+00
3.9042E+04 2.97247708E-12 0.00000000E+00
3.9066E+04 3.02672984E-12 0.00000000E+00
3.9089E+04 2.73931967E-12 0.00000000E+00
3.9113E+04 2.88466661E-12 0.00000000E+00
3.9136E+04 3.18692402E-12 0.00000000E+00
3.9160E+04 3.01015259E-12 0.00000000E+00
3.9184E+04 2.95399672E-12 0.00000000E+00
3.9207E+04 3.34828161E-12 0.00000000E+00
3.9231E+04 3.41446322E-12 0.00000000E+00
3.9254E+04 3.20570755E-12 0.00000000E+00
3.9278E+04 3.47911522E-12 0.00000000E+00
3.9301E+04 3.79929419E-12 0.00000000E+00
3.9325E+04 3.60634775E-12 0.00000000E+00
3.9348E+04 3.60903660E-12 0.00000000E+00
3.9372E+04 4.02625982E-12 0.00000000E+00
3.9396E+04 4.03086351E-12 0.00000000E+00
3.9419E+04 3.79036661E-12 0.00000000E+00
3.9443E+04 4.05430271E-12 0.00000000E+00
3.9466E+04 4.29905804E-12 0.00000000E+00
3.9490E+04 4.01437829E-12 0.00000000E+00
3.9513E+04 3.95684945E-12 0.00000000E+00
3.9537E+04 4.28382056E-12 0.00000000E+00
3.9561E+04 4.17121420E-12 0.00000000E+00
3.9584E+04 3.83965711E-12 0.00000000E+00
3.9608E+04 4.00077059E-12 0.00000000E+00
3.9631E+04 4.11524939E-12 0.00000000E+00
3.9655E+04 3.73361900E-12 0.00000000E+00
3.9678E+04 3.58798352E-12 0.00000000E+00
3.9702E+04 3.78535356E-12 0.00000000E+00
3.9725E+04 3.57191461E-12 0.00000000E+00
3.9749E+04 3.19197184E-12 0.00000000E+00
3.9773E+04 3.26313803E-12 0.00000000E+00
3.9796E+04 3.27240772E-12 0.00000000E+00
3.9820E+04 2.87083793E-12 0.00000000E+00
3.9843E+04 2.71474350E-12 0.00000000E+00
3.9867E+04 2.83473582E-12 0.00000000E+00
3.9890E+04 2.59776487E-12 0.00000000E+00
3.9914E+04 2.28043746E-12 0.00000000E+00
3.9937E+04 2.35549964E-12 0.00000000E+00
3.9961E+04 2.33579110E-12 0.00000000E+00
3.9985E+04 2.01471616E-12 0.00000000E+00
