0.0000E+00 0.00000000E+00 0.00000000E+00
2.3562E+01 0.00000000E+00 0.00000000E+00
4.7124E+01 0.00000000E+00 0.00000000E+00
7.0686E+01 0.00000000E+00 0.00000000E+00
9.4248E+01 0.00000000E+00 0.00000000E+00
1.1781E+02 0.00000000E+00 0.00000000E+00
1.4137E+02 0.00000000E+00 0.00000000E+00
1.6493E+02 0.00000000E+00 0.00000000E+00
1.8850E+02 0.00000000E+00 0.00000000E+00
2.1206E+02 0.00000000E+00 0.00000000E+00
2.3562E+02 0.00000000E+00 0.00000000E+00
2.5918E+02 3.17161136E-274 0.00000000E+00
2.8274E+02 3.52090732E-221 0.00000000E+00
3.0631E+02 1.64467193E-178 0.00000000E+00
3.2987E+02 3.45079474E-143 0.00000000E+00
3.5343E+02 1.21611075E-113 0.00000000E+00
3.7699E+02 5.79576829E-89 0.00000000E+00
4.0055E+02 1.06151044E-68 0.00000000E+00
4.2412E+02 6.47838776E-56 0.00000000E+00
4.4768E+02 3.75419237E-38 0.00000000E+00
4.7124E+02 1.19412943E-27 0.00000000E+00
4.9480E+02 3.11096933E-21 0.00000000E+00
5.1836E+02 2.96655777E-19 0.00000000E+00
5.4192E+02 6.35128158E-19 0.00000000E+00
5.6549E+02 8.62496504E-19 0.00000000E+00
5.8905E+02 1.30081699E-18 0.00000000E+00
6.1261E+02 2.30865873E-18 0.00000000E+00
6.3617E+02 3.24403787E-18 0.00000000E+00
6.5973E+02 4.72422642E-18 0.00000000E+00
6.8330E+02 8.82679940E-18 0.00000000E+00
7.0686E+02 1.40182709E-17 0.00000000E+00
7.3042E+02 1.82680657E-17 0.00000000E+00
7.5398E+02 2.80984078E-17 0.00000000E+00
7.7754E+02 4.64527104E-17 0.00000000E+00
8.0111E+02 6.17210316E-17 0.00000000E+00
8.2467E+02 7.96058659E-17 0.00000000E+00
8.4823E+02 1.26940216E-16 0.00000000E+00
8.7179E+02 1.84486666E-16 0.00000000E+00
8.9535E+02 2.26027128E-16 0.00000000E+00
9.1892E+02 3.18022731E-16 0.00000000E+00
9.4248E+02 5.03702070E-16 0.00000000E+00
9.6604E+02 6.59161686E-16 0.00000000E+00
9.8960E+02 8.19315348E-16 0.00000000E+00
1.0132E+03 1.26058013E-15 0.00000000E+00
1.0367E+03 1.83265656E-15 0.00000000E+00
1.0603E+03 2.21621253E-15 0.00000000E+00
1.0838E+03 3.02403377E-15 0.00000000E+00
1.1074E+03 4.69451824E-15 0.00000000E+00
1.1310E+03 6.10734315E-15 0.00000000E+00
1.1545E+03 7.43891616E-15 0.00000000E+00
1.1781E+03 1.11113443E-14 0.00000000E+00
1.2017E+03 1.60408208E-14 0.00000000E+00
1.2252E+03 1.92489065E-14 0.00000000E+00
1.2488E+03 2.54394969E-14 0.00000000E+00
1.2723E+03 3.87041485E-14 0.00000000E+00
1.2959E+03 5.01348338E-14 0.00000000E+00
1.3195E+03 5.98005591E-14 0.00000000E+00
1.3430E+03 8.63810317E-14 0.00000000E+00
1.3666E+03 1.23263890E-13 0.00000000E+00
1.3902E+03 1.46557710E-13 0.00000000E+00
1.4137E+03 1.87393207E-13 0.00000000E+00
1.4373E+03 2.78139092E-13 0.00000000E+00
1.4608E+03 3.58077416E-13 0.00000000E+00
1.4844E+03 4.18640086E-13 0.00000000E+00
1.5080E+03 5.84632685E-13 0.00000000E+00
1.5315E+03 8.23838608E-13 0.00000000E+00
1.5551E+03 9.71235703E-13 0.00000000E+00
1.5787E+03 1.20434053E-12 0.00000000E+00
1.6022E+03 1.74386406E-12 0.00000000E+00
1.6258E+03 2.23045832E-12 0.00000000E+00
1.6493E+03 2.56140303E-12 0.00000000E+00
1.6729E+03 3.46197034E-12 0.00000000E+00
1.6965E+03 4.81242156E-12 0.00000000E+00
1.7200E+03 5.62931254E-12 0.00000000E+00
1.7436E+03 6.78508868E-12 0.00000000E+00
1.7671E+03 9.57964439E-12 0.00000000E+00
1.7907E+03 1.21658885E-11 0.00000000E+00
1.8143E+03 1.37465606E-11 0.00000000E+00
1.8378E+03 1.79967426E-11 0.00000000E+00
1.8614E+03 2.46454364E-11 0.00000000E+00
1.8850E+03 2.86091881E-11 0.00000000E+00
1.9085E+03 3.35793109E-11 0.00000000E+00
1.9321E+03 4.61915492E-11 0.00000000E+00
1.9556E+03 5.81867936E-11 0.00000000E+00
1.9792E+03 6.47715434E-11 0.00000000E+00
2.0028E+03 8.22053224E-11 0.00000000E+00
2.0263E+03 1.10758505E-10 0.00000000E+00
2.0499E+03 1.27579103E-10 0.00000000E+00
2.0735E+03 1.46071552E-10 0.00000000E+00
2.0970E+03 1.95691212E-10 0.00000000E+00
2.1206E+03 2.44260550E-10 0.00000000E+00
2.1441E+03 2.68143555E-10 0.00000000E+00
2.1677E+03 3.30282731E-10 0.00000000E+00
2.1913E+03 4.37358821E-10 0.00000000E+00
2.2148E+03 4.99774910E-10 0.00000000E+00
2.2384E+03 5.59138948E-10 0.00000000E+00
2.2619E+03 7.29499251E-10 0.00000000E+00
2.2855E+03 9.01391589E-10 0.00000000E+00
2.3091E+03 9.76663042E-10 0.00000000E+00
2.3326E+03 1.16907109E-09 0.00000000E+00
2.3562E+03 1.52027824E-09 0.00000000E+00
2.3798E+03 1.72287410E-09 0.00000000E+00
2.4033E+03 1.88646387E-09 0.00000000E+00
2.4269E+03 2.39757880E-09 0.00000000E+00
2.4504E+03 2.93017513E-09 0.00000000E+00
2.4740E+03 3.13557700E-09 0.00000000E+00
2.4976E+03 3.65268643E-09 0.00000000E+00
2.5211E+03 4.66226141E-09 0.00000000E+00
2.5447E+03 5.23786244E-09 0.00000000E+00
2.5683E+03 5.62113750E-09 0.00000000E+00
2.5918E+03 6.96328889E-09 0.00000000E+00
2.6154E+03 8.41115469E-09 0.00000000E+00
2.6389E+03 8.89351725E-09 0.00000000E+00
2.6625E+03 1.00976262E-08 0.00000000E+00
2.6861E+03 1.26477142E-08 0.00000000E+00
2.7096E+03 1.40809191E-08 0.00000000E+00
2.7332E+03 1.48299656E-08 0.00000000E+00
2.7567E+03 1.79211640E-08 0.00000000E+00
2.7803E+03 2.13850033E-08 0.00000000E+00
2.8039E+03 2.23498445E-08 0.00000000E+00
2.8274E+03 2.47710778E-08 0.00000000E+00
2.8510E+03 3.04509501E-08 0.00000000E+00
2.8746E+03 3.35853432E-08 0.00000000E+00
2.8981E+03 3.47545157E-08 0.00000000E+00
2.9217E+03 4.10163749E-08 0.00000000E+00
2.9452E+03 4.83393072E-08 0.00000000E+00
2.9688E+03 4.99513813E-08 0.00000000E+00
2.9924E+03 5.41290510E-08 0.00000000E+00
3.0159E+03 6.53363870E-08 0.00000000E+00
3.0395E+03 7.13784562E-08 0.00000000E+00
3.0631E+03 7.26541863E-08 0.00000000E+00
3.0866E+03 8.38515368E-08 0.00000000E+00
3.1102E+03 9.76081540E-08 0.00000000E+00
3.1337E+03 9.97616576E-08 0.00000000E+00
3.1573E+03 1.05866589E-07 0.00000000E+00
3.1809E+03 1.25575388E-07 0.00000000E+00
3.2044E+03 1.35895660E-07 0.00000000E+00
3.2280E+03 1.36207751E-07 0.00000000E+00
3.2515E+03 1.53967073E-07 0.00000000E+00
3.2751E+03 1.77096849E-07 0.00000000E+00
3.2987E+03 1.79108654E-07 0.00000000E+00
3.3222E+03 1.86440971E-07 0.00000000E+00
3.3458E+03 2.17568484E-07 0.00000000E+00
3.3694E+03 2.33307810E-07 0.00000000E+00
3.3929E+03 2.30526189E-07 0.00000000E+00
3.4165E+03 2.55662177E-07 0.00000000E+00
3.4400E+03 2.90789404E-07 0.00000000E+00
3.4636E+03 2.91201351E-07 0.00000000E+00
3.4872E+03 2.97845481E-07 0.00000000E+00
3.5107E+03 3.42419561E-07 0.00000000E+00
3.5343E+03 3.64082950E-07 0.00000000E+00
3.5579E+03 3.55082463E-07 0.00000000E+00
3.5814E+03 3.87074470E-07 0.00000000E+00
3.6050E+03 4.35802204E-07 0.00000000E+00
3.6285E+03 4.32517055E-07 0.00000000E+00
3.6521E+03 4.35459203E-07 0.00000000E+00
3.6757E+03 4.93984966E-07 0.00000000E+00
3.6992E+03 5.21283876E-07 0.00000000E+00
3.7228E+03 5.02521540E-07 0.00000000E+00
3.7463E+03 5.39463553E-07 0.00000000E+00
3.7699E+03 6.01999079E-07 0.00000000E+00
3.7935E+03 5.92811467E-07 0.00000000E+00
3.8170E+03 5.88574870E-07 0.00000000E+00
3.8406E+03 6.59909629E-07 0.00000000E+00
3.8642E+03 6.91973906E-07 0.00000000E+00
3.8877E+03 6.60395784E-07 0.00000000E+00
3.9113E+03 6.99447081E-07 0.00000000E+00
3.9348E+03 7.74708412E-07 0.00000000E+00
3.9584E+03 7.58013756E-07 0.00000000E+00
3.9820E+03 7.43509748E-07 0.00000000E+00
4.0055E+03 8.25225196E-07 0.00000000E+00
4.0291E+03 8.61044018E-07 0.00000000E+00
4.0527E+03 8.14887360E-07 0.00000000E+00
4.0762E+03 8.52924963E-07 0.00000000E+00
4.0998E+03 9.38968328E-07 0.00000000E+00
4.1233E+03 9.14286565E-07 0.00000000E+00
4.1469E+03 8.87440525E-07 0.00000000E+00
4.1705E+03 9.76378754E-07 0.00000000E+00
4.1940E+03 1.01518746E-06 0.00000000E+00
4.2176E+03 9.54311833E-07 0.00000000E+00
4.2412E+03 9.88430180E-07 0.00000000E+00
4.2647E+03 1.08290336E-06 0.00000000E+00
4.2883E+03 1.05098510E-06 0.00000000E+00
4.3118E+03 1.01090708E-06 0.00000000E+00
4.3354E+03 1.10364651E-06 0.00000000E+00
4.3590E+03 1.14507093E-06 0.00000000E+00
4.3825E+03 1.07078000E-06 0.00000000E+00
4.4061E+03 1.09851365E-06 0.00000000E+00
4.4296E+03 1.19895484E-06 0.00000000E+00
4.4532E+03 1.16151532E-06 0.00000000E+00
4.4768E+03 1.10832739E-06 0.00000000E+00
4.5003E+03 1.20148575E-06 0.00000000E+00
4.5239E+03 1.24546221E-06 0.00000000E+00
4.5475E+03 1.16006143E-06 0.00000000E+00
4.5710E+03 1.17945632E-06 0.00000000E+00
4.5946E+03 1.28345215E-06 0.00000000E+00
4.6181E+03 1.24275222E-06 0.00000000E+00
4.6417E+03 1.17734103E-06 0.00000000E+00
4.6653E+03 1.26780461E-06 0.00000000E+00
4.6888E+03 1.31441418E-06 0.00000000E+00
4.7124E+03 1.22077399E-06 0.00000000E+00
4.7360E+03 1.23047099E-06 0.00000000E+00
4.7595E+03 1.33577006E-06 0.00000000E+00
4.7831E+03 1.29423264E-06 0.00000000E+00
4.8066E+03 1.21808628E-06 0.00000000E+00
4.8302E+03 1.30323845E-06 0.00000000E+00
4.8538E+03 1.35256701E-06 0.00000000E+00
4.8773E+03 1.25379524E-06 0.00000000E+00
4.9009E+03 1.25314752E-06 0.00000000E+00
4.9244E+03 1.35777452E-06 0.00000000E+00
4.9480E+03 1.31769601E-06 0.00000000E+00
4.9716E+03 1.23279191E-06 0.00000000E+00
4.9951E+03 1.31070315E-06 0.00000000E+00
5.0187E+03 1.36275197E-06 0.00000000E+00
5.0423E+03 1.26193285E-06 0.00000000E+00
5.0658E+03 1.25105160E-06 0.00000000E+00
5.0894E+03 1.35338747E-06 0.00000000E+00
5.1129E+03 1.31672214E-06 0.00000000E+00
5.1365E+03 1.22536000E-06 0.00000000E+00
5.1601E+03 1.29484708E-06 0.00000000E+00
5.1836E+03 1.34946769E-06 0.00000000E+00
5.2072E+03 1.24941352E-06 0.00000000E+00
5.2308E+03 1.22905135E-06 0.00000000E+00
5.2543E+03 1.32782962E-06 0.00000000E+00
5.2779E+03 1.29602870E-06 0.00000000E+00
5.3014E+03 1.20057798E-06 0.00000000E+00
5.3250E+03 1.26109604E-06 0.00000000E+00
5.3486E+03 1.31793261E-06 0.00000000E+00
5.3721E+03 1.22096532E-06 0.00000000E+00
5.3957E+03 1.19226657E-06 0.00000000E+00
5.4192E+03 1.28648805E-06 0.00000000E+00
5.4428E+03 1.26041045E-06 0.00000000E+00
5.4664E+03 1.16305255E-06 0.00000000E+00
5.4899E+03 1.21448964E-06 0.00000000E+00
5.5135E+03 1.27294535E-06 0.00000000E+00
5.5371E+03 1.18077389E-06 0.00000000E+00
5.5606E+03 1.14501999E-06 0.00000000E+00
5.5842E+03 1.23385240E-06 0.00000000E+00
5.6077E+03 1.21377441E-06 0.00000000E+00
5.6313E+03 1.11635070E-06 0.00000000E+00
5.6549E+03 1.15885303E-06 0.00000000E+00
5.6784E+03 1.21811622E-06 0.00000000E+00
5.7020E+03 1.13185105E-06 0.00000000E+00
5.7256E+03 1.09032349E-06 0.00000000E+00
5.7491E+03 1.17306868E-06 0.00000000E+00
5.7727E+03 1.15879470E-06 0.00000000E+00
5.7962E+03 1.06280475E-06 0.00000000E+00
5.8198E+03 1.09672216E-06 0.00000000E+00
5.8434E+03 1.15587229E-06 0.00000000E+00
5.8669E+03 1.07615021E-06 0.00000000E+00
5.8905E+03 1.03013388E-06 0.00000000E+00
5.9140E+03 1.10629436E-06 0.00000000E+00
5.9376E+03 1.09733231E-06 0.00000000E+00
5.9612E+03 1.00402588E-06 0.00000000E+00
5.9847E+03 1.02996197E-06 0.00000000E+00
6.0083E+03 1.08813100E-06 0.00000000E+00
6.0319E+03 1.01527086E-06 0.00000000E+00
6.0554E+03 9.66112216E-07 0.00000000E+00
6.0790E+03 1.03550568E-06 0.00000000E+00
6.1025E+03 1.03124452E-06 0.00000000E+00
6.1261E+03 9.41699893E-07 0.00000000E+00
6.1497E+03 9.60562046E-07 0.00000000E+00
6.1732E+03 1.01708393E-06 0.00000000E+00
6.1968E+03 9.51194664E-07 0.00000000E+00
6.2204E+03 9.00296584E-07 0.00000000E+00
6.2439E+03 9.63116899E-07 0.00000000E+00
6.2675E+03 9.62947453E-07 0.00000000E+00
6.2910E+03 8.78061486E-07 0.00000000E+00
6.3146E+03 8.91004268E-07 0.00000000E+00
6.3382E+03 9.45479281E-07 0.00000000E+00
6.3617E+03 8.86490128E-07 0.00000000E+00
6.3853E+03 8.35190049E-07 0.00000000E+00
6.4088E+03 8.91940398E-07 0.00000000E+00
6.4324E+03 8.95293703E-07 0.00000000E+00
6.4560E+03 8.15693826E-07 0.00000000E+00
6.4795E+03 8.23934487E-07 0.00000000E+00
6.5031E+03 8.76179878E-07 0.00000000E+00
6.5267E+03 8.23822127E-07 0.00000000E+00
6.5502E+03 7.73205339E-07 0.00000000E+00
6.5738E+03 8.24516582E-07 0.00000000E+00
6.5973E+03 8.30839144E-07 0.00000000E+00
6.6209E+03 7.56797393E-07 0.00000000E+00
6.6445E+03 7.61387240E-07 0.00000000E+00
6.6680E+03 8.11313418E-07 0.00000000E+00
6.6916E+03 7.65113066E-07 0.00000000E+00
6.7152E+03 7.15876628E-07 0.00000000E+00
6.7387E+03 7.62306879E-07 0.00000000E+00
6.7623E+03 7.71023049E-07 0.00000000E+00
6.7858E+03 7.02456412E-07 0.00000000E+00
6.8094E+03 7.04134832E-07 0.00000000E+00
6.8330E+03 7.51630517E-07 0.00000000E+00
6.8565E+03 7.10956474E-07 0.00000000E+00
6.8801E+03 6.63414362E-07 0.00000000E+00
6.9036E+03 7.05341769E-07 0.00000000E+00
6.9272E+03 7.15851747E-07 0.00000000E+00
6.9508E+03 6.52434459E-07 0.00000000E+00
6.9743E+03 6.51647004E-07 0.00000000E+00
6.9979E+03 6.96545823E-07 0.00000000E+00
7.0215E+03 6.60712244E-07 0.00000000E+00
7.0450E+03 6.14942015E-07 0.00000000E+00
7.0686E+03 6.52600563E-07 0.00000000E+00
7.0921E+03 6.64330613E-07 0.00000000E+00
7.1157E+03 6.05667706E-07 0.00000000E+00
7.1393E+03 6.02714510E-07 0.00000000E+00
7.1628E+03 6.44854737E-07 0.00000000E+00
7.1864E+03 6.13237573E-07 0.00000000E+00
7.2100E+03 5.69276376E-07 0.00000000E+00
7.2335E+03 6.02889863E-07 0.00000000E+00
7.2571E+03 6.15367195E-07 0.00000000E+00
7.2806E+03 5.61137275E-07 0.00000000E+00
7.3042E+03 5.56350830E-07 0.00000000E+00
7.3278E+03 5.95674242E-07 0.00000000E+00
7.3513E+03 5.67782366E-07 0.00000000E+00
7.3749E+03 5.25757312E-07 0.00000000E+00
7.3985E+03 5.55664087E-07 0.00000000E+00
7.4220E+03 5.68570490E-07 0.00000000E+00
7.4456E+03 5.18570706E-07 0.00000000E+00
7.4691E+03 5.12400077E-07 0.00000000E+00
7.4927E+03 5.49012225E-07 0.00000000E+00
7.5163E+03 5.24486131E-07 0.00000000E+00
7.5398E+03 4.84611607E-07 0.00000000E+00
7.5634E+03 5.11289638E-07 0.00000000E+00
7.5869E+03 5.24454917E-07 0.00000000E+00
7.6105E+03 4.78541930E-07 0.00000000E+00
7.6341E+03 4.71498799E-07 0.00000000E+00
7.6576E+03 5.05638966E-07 0.00000000E+00
7.6812E+03 4.84187763E-07 0.00000000E+00
7.7048E+03 4.46656678E-07 0.00000000E+00
7.7283E+03 4.70631072E-07 0.00000000E+00
7.7519E+03 4.83967579E-07 0.00000000E+00
7.7754E+03 4.41954208E-07 0.00000000E+00
7.7990E+03 4.34472944E-07 0.00000000E+00
7.8226E+03 4.66410124E-07 0.00000000E+00
7.8461E+03 4.47734384E-07 0.00000000E+00
7.8697E+03 4.12595794E-07 0.00000000E+00
7.8933E+03 4.34297718E-07 0.00000000E+00
7.9168E+03 4.47716099E-07 0.00000000E+00
7.9404E+03 4.09304795E-07 0.00000000E+00
7.9639E+03 4.01625173E-07 0.00000000E+00
7.9875E+03 4.31548887E-07 0.00000000E+00
8.0111E+03 4.15301577E-07 0.00000000E+00
8.0346E+03 3.82419322E-07 0.00000000E+00
8.0582E+03 4.02096383E-07 0.00000000E+00
8.0817E+03 4.15454766E-07 0.00000000E+00
8.1053E+03 3.80254765E-07 0.00000000E+00
8.1289E+03 3.72412114E-07 0.00000000E+00
8.1524E+03 4.00388302E-07 0.00000000E+00
8.1760E+03 3.86194986E-07 0.00000000E+00
8.1996E+03 3.55316404E-07 0.00000000E+00
8.2231E+03 3.73053484E-07 0.00000000E+00
8.2467E+03 3.86167436E-07 0.00000000E+00
8.2702E+03 3.53780421E-07 0.00000000E+00
8.2938E+03 3.45708147E-07 0.00000000E+00
8.3174E+03 3.71723778E-07 0.00000000E+00
8.3409E+03 3.59242474E-07 0.00000000E+00
8.3645E+03 3.30128132E-07 0.00000000E+00
8.3881E+03 3.45959310E-07 0.00000000E+00
8.4116E+03 3.58659262E-07 0.00000000E+00
8.4352E+03 3.28773330E-07 0.00000000E+00
8.4587E+03 3.20445685E-07 0.00000000E+00
8.4823E+03 3.44505628E-07 0.00000000E+00
8.5059E+03 3.33483277E-07 0.00000000E+00
8.5294E+03 3.06010735E-07 0.00000000E+00
8.5530E+03 3.20043058E-07 0.00000000E+00
8.5765E+03 3.32236133E-07 0.00000000E+00
8.6001E+03 3.04666587E-07 0.00000000E+00
8.6237E+03 2.96186630E-07 0.00000000E+00
8.6472E+03 3.18393027E-07 0.00000000E+00
8.6708E+03 3.08680240E-07 0.00000000E+00
8.6944E+03 2.82857260E-07 0.00000000E+00
8.7179E+03 2.95322807E-07 0.00000000E+00
8.7415E+03 3.07014408E-07 0.00000000E+00
8.7650E+03 2.81668697E-07 0.00000000E+00
8.7886E+03 2.73248125E-07 0.00000000E+00
8.8122E+03 2.93807414E-07 0.00000000E+00
8.8357E+03 2.85322117E-07 0.00000000E+00
8.8593E+03 2.61208666E-07 0.00000000E+00
8.8829E+03 2.72414356E-07 0.00000000E+00
8.9064E+03 2.83673524E-07 0.00000000E+00
8.9300E+03 2.60468855E-07 0.00000000E+00
8.9535E+03 2.52322747E-07 0.00000000E+00
8.9771E+03 2.71477853E-07 0.00000000E+00
9.0007E+03 2.64142735E-07 0.00000000E+00
9.0242E+03 2.41742671E-07 0.00000000E+00
9.0478E+03 2.51959460E-07 0.00000000E+00
9.0713E+03 2.62851805E-07 0.00000000E+00
9.0949E+03 2.41643683E-07 0.00000000E+00
9.1185E+03 2.33879938E-07 0.00000000E+00
9.1420E+03 2.51817620E-07 0.00000000E+00
9.1656E+03 2.45512729E-07 0.00000000E+00
9.1892E+03 2.24712114E-07 0.00000000E+00
9.2127E+03 2.34084703E-07 0.00000000E+00
9.2363E+03 2.44618236E-07 0.00000000E+00
9.2598E+03 2.25186438E-07 0.00000000E+00
9.2834E+03 2.17767580E-07 0.00000000E+00
9.3070E+03 2.34565468E-07 0.00000000E+00
9.3305E+03 2.29124490E-07 0.00000000E+00
9.3541E+03 2.09715472E-07 0.00000000E+00
9.3777E+03 2.18253920E-07 0.00000000E+00
9.4012E+03 2.28372005E-07 0.00000000E+00
9.4248E+03 2.10467847E-07 0.00000000E+00
9.4483E+03 2.03267149E-07 0.00000000E+00
9.4719E+03 2.18913850E-07 0.00000000E+00
9.4955E+03 2.14161626E-07 0.00000000E+00
9.5190E+03 1.95929452E-07 0.00000000E+00
9.5426E+03 2.03583743E-07 0.00000000E+00
9.5661E+03 2.13205970E-07 0.00000000E+00
9.5897E+03 1.96623513E-07 0.00000000E+00
9.6133E+03 1.89531654E-07 0.00000000E+00
9.6368E+03 2.04001764E-07 0.00000000E+00
9.6604E+03 1.99804075E-07 0.00000000E+00
9.6840E+03 1.82614230E-07 0.00000000E+00
9.7075E+03 1.89376579E-07 0.00000000E+00
9.7311E+03 1.98456678E-07 0.00000000E+00
9.7546E+03 1.83078100E-07 0.00000000E+00
9.7782E+03 1.76085722E-07 0.00000000E+00
9.8018E+03 1.89415757E-07 0.00000000E+00
9.8253E+03 1.85706864E-07 0.00000000E+00
9.8489E+03 1.69534148E-07 0.00000000E+00
9.8725E+03 1.75498725E-07 0.00000000E+00
9.8960E+03 1.84058955E-07 0.00000000E+00
9.9196E+03 1.69845419E-07 0.00000000E+00
9.9431E+03 1.63048292E-07 0.00000000E+00
9.9667E+03 1.75361864E-07 0.00000000E+00
9.9903E+03 1.72132129E-07 0.00000000E+00
1.0014E+04 1.57016562E-07 0.00000000E+00
1.0037E+04 1.62359387E-07 0.00000000E+00
1.0061E+04 1.70478597E-07 0.00000000E+00
1.0085E+04 1.57416215E-07 0.00000000E+00
1.0108E+04 1.50945477E-07 0.00000000E+00
1.0132E+04 1.62413493E-07 0.00000000E+00
1.0155E+04 1.59666836E-07 0.00000000E+00
1.0179E+04 1.45631670E-07 0.00000000E+00
1.0202E+04 1.50530207E-07 0.00000000E+00
1.0226E+04 1.58295512E-07 0.00000000E+00
1.0249E+04 1.46335451E-07 0.00000000E+00
1.0273E+04 1.40266415E-07 0.00000000E+00
1.0297E+04 1.51033648E-07 0.00000000E+00
1.0320E+04 1.48744450E-07 0.00000000E+00
1.0344E+04 1.35734913E-07 0.00000000E+00
1.0367E+04 1.40287230E-07 0.00000000E+00
1.0391E+04 1.47743928E-07 0.00000000E+00
1.0414E+04 1.36776924E-07 0.00000000E+00
1.0438E+04 1.31081017E-07 0.00000000E+00
1.0462E+04 1.41211858E-07 0.00000000E+00
1.0485E+04 1.39309560E-07 0.00000000E+00
1.0509E+04 1.27192448E-07 0.00000000E+00
1.0532E+04 1.31392123E-07 0.00000000E+00
1.0556E+04 1.38525780E-07 0.00000000E+00
1.0579E+04 1.28404916E-07 0.00000000E+00
1.0603E+04 1.22974867E-07 0.00000000E+00
1.0626E+04 1.32454458E-07 0.00000000E+00
1.0650E+04 1.30843483E-07 0.00000000E+00
1.0674E+04 1.19462884E-07 0.00000000E+00
1.0697E+04 1.23243395E-07 0.00000000E+00
1.0721E+04 1.30003953E-07 0.00000000E+00
1.0744E+04 1.20595790E-07 0.00000000E+00
1.0768E+04 1.15321533E-07 0.00000000E+00
1.0791E+04 1.24108040E-07 0.00000000E+00
1.0815E+04 1.22706545E-07 0.00000000E+00
1.0838E+04 1.11953152E-07 0.00000000E+00
1.0862E+04 1.15266821E-07 0.00000000E+00
1.0886E+04 1.21615577E-07 0.00000000E+00
1.0909E+04 1.12842453E-07 0.00000000E+00
1.0933E+04 1.07682380E-07 0.00000000E+00
1.0956E+04 1.15771542E-07 0.00000000E+00
1.0980E+04 1.14541403E-07 0.00000000E+00
1.1003E+04 1.04387250E-07 0.00000000E+00
1.1027E+04 1.07262715E-07 0.00000000E+00
1.1051E+04 1.13208825E-07 0.00000000E+00
1.1074E+04 1.05054316E-07 0.00000000E+00
1.1098E+04 1.00053884E-07 0.00000000E+00
1.1121E+04 1.07511101E-07 0.00000000E+00
1.1145E+04 1.06459412E-07 0.00000000E+00
1.1168E+04 9.69370437E-08 0.00000000E+00
1.1192E+04 9.94777234E-08 0.00000000E+00
1.1215E+04 1.05079854E-07 0.00000000E+00
1.1239E+04 9.75562563E-08 0.00000000E+00
1.1263E+04 9.28051959E-08 0.00000000E+00
1.1286E+04 9.97452754E-08 0.00000000E+00
1.1310E+04 9.88978684E-08 0.00000000E+00
1.1333E+04 9.00421281E-08 0.00000000E+00
1.1357E+04 9.23709148E-08 0.00000000E+00
1.1380E+04 9.77047038E-08 0.00000000E+00
1.1404E+04 9.08070067E-08 0.00000000E+00
1.1428E+04 8.63688938E-08 0.00000000E+00
1.1451E+04 9.29007350E-08 0.00000000E+00
1.1475E+04 9.22669979E-08 0.00000000E+00
1.1498E+04 8.40618128E-08 0.00000000E+00
1.1522E+04 8.62539124E-08 0.00000000E+00
1.1545E+04 9.13694000E-08 0.00000000E+00
1.1569E+04 8.50476559E-08 0.00000000E+00
1.1592E+04 8.09123775E-08 0.00000000E+00
1.1616E+04 8.70891543E-08 0.00000000E+00
1.1640E+04 8.66422524E-08 0.00000000E+00
1.1663E+04 7.90084321E-08 0.00000000E+00
1.1687E+04 8.10598063E-08 0.00000000E+00
1.1710E+04 8.59586810E-08 0.00000000E+00
1.1734E+04 8.01258796E-08 0.00000000E+00
1.1757E+04 7.62163037E-08 0.00000000E+00
1.1781E+04 8.20254337E-08 0.00000000E+00
1.1805E+04 8.17100647E-08 0.00000000E+00
1.1828E+04 7.45392809E-08 0.00000000E+00
1.1852E+04 7.63903520E-08 0.00000000E+00
1.1875E+04 8.10374157E-08 0.00000000E+00
1.1899E+04 7.56044456E-08 0.00000000E+00
1.1922E+04 7.18288522E-08 0.00000000E+00
1.1946E+04 7.72262888E-08 0.00000000E+00
1.1969E+04 7.69865793E-08 0.00000000E+00
1.1993E+04 7.01944844E-08 0.00000000E+00
1.2017E+04 7.17891118E-08 0.00000000E+00
1.2040E+04 7.61479657E-08 0.00000000E+00
1.2064E+04 7.10594805E-08 0.00000000E+00
1.2087E+04 6.73702948E-08 0.00000000E+00
1.2111E+04 7.23327708E-08 0.00000000E+00
1.2134E+04 7.21398886E-08 0.00000000E+00
1.2158E+04 6.57003432E-08 0.00000000E+00
1.2182E+04 6.70370957E-08 0.00000000E+00
1.2205E+04 7.11041428E-08 0.00000000E+00
1.2229E+04 6.63507427E-08 0.00000000E+00
1.2252E+04 6.27687142E-08 0.00000000E+00
1.2276E+04 6.73269128E-08 0.00000000E+00
1.2299E+04 6.71876879E-08 0.00000000E+00
1.2323E+04 6.11260219E-08 0.00000000E+00
1.2346E+04 6.22670245E-08 0.00000000E+00
1.2370E+04 6.60806069E-08 0.00000000E+00
1.2394E+04 6.16807793E-08 0.00000000E+00
1.2417E+04 5.82704696E-08 0.00000000E+00
1.2441E+04 6.25014983E-08 0.00000000E+00
1.2464E+04 6.24433764E-08 0.00000000E+00
1.2488E+04 5.67962561E-08 0.00000000E+00
1.2511E+04 5.78303969E-08 0.00000000E+00
1.2535E+04 6.14501590E-08 0.00000000E+00
1.2559E+04 5.74163359E-08 0.00000000E+00
1.2582E+04 5.42331956E-08 0.00000000E+00
1.2606E+04 5.82200682E-08 0.00000000E+00
1.2629E+04 5.82639153E-08 0.00000000E+00
1.2653E+04 5.30356435E-08 0.00000000E+00
1.2676E+04 5.40246209E-08 0.00000000E+00
1.2700E+04 5.74969047E-08 0.00000000E+00
1.2723E+04 5.38097101E-08 0.00000000E+00
1.2747E+04 5.08572224E-08 0.00000000E+00
1.2771E+04 5.46454776E-08 0.00000000E+00
1.2794E+04 5.47853265E-08 0.00000000E+00
1.2818E+04 4.99307936E-08 0.00000000E+00
1.2841E+04 5.08766173E-08 0.00000000E+00
1.2865E+04 5.42105743E-08 0.00000000E+00
1.2888E+04 5.08181019E-08 0.00000000E+00
1.2912E+04 4.80440263E-08 0.00000000E+00
1.2936E+04 5.16259083E-08 0.00000000E+00
1.2959E+04 5.18289420E-08 0.00000000E+00
1.2983E+04 4.72730396E-08 0.00000000E+00
1.3006E+04 4.81283257E-08 0.00000000E+00
1.3030E+04 5.12987170E-08 0.00000000E+00
1.3053E+04 4.81393979E-08 0.00000000E+00
1.3077E+04 4.54711288E-08 0.00000000E+00
1.3100E+04 4.88067939E-08 0.00000000E+00
1.3124E+04 4.90322378E-08 0.00000000E+00
1.3148E+04 4.47096513E-08 0.00000000E+00
1.3171E+04 4.54209219E-08 0.00000000E+00
1.3195E+04 4.83941780E-08 0.00000000E+00
1.3218E+04 4.54257239E-08 0.00000000E+00
1.3242E+04 4.28175894E-08 0.00000000E+00
1.3265E+04 4.58764588E-08 0.00000000E+00
1.3289E+04 4.60992237E-08 0.00000000E+00
1.3312E+04 4.19855632E-08 0.00000000E+00
1.3336E+04 4.25374249E-08 0.00000000E+00
1.3360E+04 4.53016538E-08 0.00000000E+00
1.3383E+04 4.25157390E-08 0.00000000E+00
1.3407E+04 3.99746211E-08 0.00000000E+00
1.3430E+04 4.27670524E-08 0.00000000E+00
1.3454E+04 4.29896966E-08 0.00000000E+00
1.3477E+04 3.91030590E-08 0.00000000E+00
1.3501E+04 3.95325953E-08 0.00000000E+00
1.3525E+04 4.21106565E-08 0.00000000E+00
1.3548E+04 3.95243241E-08 0.00000000E+00
1.3572E+04 3.70973283E-08 0.00000000E+00
1.3595E+04 3.96752870E-08 0.00000000E+00
1.3619E+04 3.99208844E-08 0.00000000E+00
1.3642E+04 3.62948524E-08 0.00000000E+00
1.3666E+04 3.66681695E-08 0.00000000E+00
1.3689E+04 3.91057510E-08 0.00000000E+00
1.3713E+04 3.67370431E-08 0.00000000E+00
1.3737E+04 3.44722901E-08 0.00000000E+00
1.3760E+04 3.69003848E-08 0.00000000E+00
1.3784E+04 3.71922543E-08 0.00000000E+00
1.3807E+04 3.38408744E-08 0.00000000E+00
1.3831E+04 3.42104446E-08 0.00000000E+00
1.3854E+04 3.65486894E-08 0.00000000E+00
1.3878E+04 3.43941398E-08 0.00000000E+00
1.3902E+04 3.23035714E-08 0.00000000E+00
1.3925E+04 3.46222721E-08 0.00000000E+00
1.3949E+04 3.49650639E-08 0.00000000E+00
1.3972E+04 3.18644023E-08 0.00000000E+00
1.3996E+04 3.22380406E-08 0.00000000E+00
1.4019E+04 3.44904568E-08 0.00000000E+00
1.4043E+04 3.25195853E-08 0.00000000E+00
1.4066E+04 3.05694248E-08 0.00000000E+00
1.4090E+04 3.27765398E-08 0.00000000E+00
1.4114E+04 3.31514653E-08 0.00000000E+00
1.4137E+04 3.02492876E-08 0.00000000E+00
1.4161E+04 3.05916938E-08 0.00000000E+00
1.4184E+04 3.27411642E-08 0.00000000E+00
1.4208E+04 3.09105138E-08 0.00000000E+00
1.4231E+04 2.90442407E-08 0.00000000E+00
1.4255E+04 3.11066063E-08 0.00000000E+00
1.4279E+04 3.14832553E-08 0.00000000E+00
1.4302E+04 2.87282103E-08 0.00000000E+00
1.4326E+04 2.89920943E-08 0.00000000E+00
1.4349E+04 3.10090485E-08 0.00000000E+00
1.4373E+04 2.92847649E-08 0.00000000E+00
1.4396E+04 2.74605686E-08 0.00000000E+00
1.4420E+04 2.93461533E-08 0.00000000E+00
1.4443E+04 2.97018378E-08 0.00000000E+00
1.4467E+04 2.70706052E-08 0.00000000E+00
1.4491E+04 2.72339631E-08 0.00000000E+00
1.4514E+04 2.91019987E-08 0.00000000E+00
1.4538E+04 2.74748444E-08 0.00000000E+00
1.4561E+04 2.56905995E-08 0.00000000E+00
1.4585E+04 2.73975424E-08 0.00000000E+00
1.4608E+04 2.77304720E-08 0.00000000E+00
1.4632E+04 2.52342058E-08 0.00000000E+00
1.4656E+04 2.53174595E-08 0.00000000E+00
1.4679E+04 2.70482725E-08 0.00000000E+00
1.4703E+04 2.55312983E-08 0.00000000E+00
1.4726E+04 2.38205215E-08 0.00000000E+00
1.4750E+04 2.53831225E-08 0.00000000E+00
1.4773E+04 2.57107667E-08 0.00000000E+00
1.4797E+04 2.33777781E-08 0.00000000E+00
1.4820E+04 2.34301123E-08 0.00000000E+00
1.4844E+04 2.50579978E-08 0.00000000E+00
1.4868E+04 2.36696587E-08 0.00000000E+00
1.4891E+04 2.20731171E-08 0.00000000E+00
1.4915E+04 2.35419527E-08 0.00000000E+00
1.4938E+04 2.38865530E-08 0.00000000E+00
1.4962E+04 2.17347798E-08 0.00000000E+00
1.4985E+04 2.18010344E-08 0.00000000E+00
1.5009E+04 2.33618405E-08 0.00000000E+00
1.5033E+04 2.21070471E-08 0.00000000E+00
1.5056E+04 2.06412403E-08 0.00000000E+00
1.5080E+04 2.20526664E-08 0.00000000E+00
1.5103E+04 2.24244780E-08 0.00000000E+00
1.5127E+04 2.04433651E-08 0.00000000E+00
1.5150E+04 2.05356392E-08 0.00000000E+00
1.5174E+04 2.20455254E-08 0.00000000E+00
1.5197E+04 2.09076432E-08 0.00000000E+00
1.5221E+04 1.95521842E-08 0.00000000E+00
1.5245E+04 2.09090144E-08 0.00000000E+00
1.5268E+04 2.12988148E-08 0.00000000E+00
1.5292E+04 1.94524259E-08 0.00000000E+00
1.5315E+04 1.95458719E-08 0.00000000E+00
1.5339E+04 2.09946008E-08 0.00000000E+00
1.5362E+04 1.99430892E-08 0.00000000E+00
1.5386E+04 1.86545519E-08 0.00000000E+00
1.5410E+04 1.99307799E-08 0.00000000E+00
1.5433E+04 2.03162606E-08 0.00000000E+00
1.5457E+04 1.85640586E-08 0.00000000E+00
1.5480E+04 1.86184127E-08 0.00000000E+00
1.5504E+04 1.99811183E-08 0.00000000E+00
1.5527E+04 1.89885412E-08 0.00000000E+00
1.5551E+04 1.77295312E-08 0.00000000E+00
1.5574E+04 1.88945414E-08 0.00000000E+00
1.5598E+04 1.92554557E-08 0.00000000E+00
1.5622E+04 1.75752368E-08 0.00000000E+00
1.5645E+04 1.75656211E-08 0.00000000E+00
1.5669E+04 1.88239669E-08 0.00000000E+00
1.5692E+04 1.78801037E-08 0.00000000E+00
1.5716E+04 1.66424282E-08 0.00000000E+00
1.5739E+04 1.76867878E-08 0.00000000E+00
1.5763E+04 1.80179840E-08 0.00000000E+00
1.5787E+04 1.64149721E-08 0.00000000E+00
1.5810E+04 1.63500023E-08 0.00000000E+00
1.5834E+04 1.75075639E-08 0.00000000E+00
1.5857E+04 1.66211352E-08 0.00000000E+00
1.5881E+04 1.54273631E-08 0.00000000E+00
1.5904E+04 1.63721689E-08 0.00000000E+00
1.5928E+04 1.66856819E-08 0.00000000E+00
1.5951E+04 1.51824020E-08 0.00000000E+00
1.5975E+04 1.50977791E-08 0.00000000E+00
1.5999E+04 1.61792926E-08 0.00000000E+00
1.6022E+04 1.53669331E-08 0.00000000E+00
1.6046E+04 1.42506228E-08 0.00000000E+00
1.6069E+04 1.51348433E-08 0.00000000E+00
1.6093E+04 1.54502098E-08 0.00000000E+00
1.6116E+04 1.40653917E-08 0.00000000E+00
1.6140E+04 1.39989031E-08 0.00000000E+00
1.6163E+04 1.50347506E-08 0.00000000E+00
1.6187E+04 1.43055992E-08 0.00000000E+00
1.6211E+04 1.32852315E-08 0.00000000E+00
1.6234E+04 1.41410796E-08 0.00000000E+00
1.6258E+04 1.44711384E-08 0.00000000E+00
1.6281E+04 1.32029015E-08 0.00000000E+00
1.6305E+04 1.31692913E-08 0.00000000E+00
1.6328E+04 1.41767305E-08 0.00000000E+00
1.6352E+04 1.35234146E-08 0.00000000E+00
1.6376E+04 1.25884701E-08 0.00000000E+00
1.6399E+04 1.34225718E-08 0.00000000E+00
1.6423E+04 1.37646866E-08 0.00000000E+00
1.6446E+04 1.25892797E-08 0.00000000E+00
1.6470E+04 1.25724417E-08 0.00000000E+00
1.6493E+04 1.35467392E-08 0.00000000E+00
1.6517E+04 1.29484535E-08 0.00000000E+00
1.6540E+04 1.20665188E-08 0.00000000E+00
1.6564E+04 1.28596519E-08 0.00000000E+00
1.6588E+04 1.31980622E-08 0.00000000E+00
1.6611E+04 1.20839948E-08 0.00000000E+00
1.6635E+04 1.20509242E-08 0.00000000E+00
1.6658E+04 1.29720406E-08 0.00000000E+00
1.6682E+04 1.24068183E-08 0.00000000E+00
1.6705E+04 1.15455125E-08 0.00000000E+00
1.6729E+04 1.22701198E-08 0.00000000E+00
1.6753E+04 1.25872242E-08 0.00000000E+00
1.6776E+04 1.15140440E-08 0.00000000E+00
1.6800E+04 1.14396230E-08 0.00000000E+00
1.6823E+04 1.22890471E-08 0.00000000E+00
1.6847E+04 1.17462451E-08 0.00000000E+00
1.6870E+04 1.08938662E-08 0.00000000E+00
1.6894E+04 1.15362277E-08 0.00000000E+00
1.6917E+04 1.18245910E-08 0.00000000E+00
1.6941E+04 1.07930535E-08 0.00000000E+00
1.6965E+04 1.06778288E-08 0.00000000E+00
1.6988E+04 1.14533805E-08 0.00000000E+00
1.7012E+04 1.09378215E-08 0.00000000E+00
1.7035E+04 1.01084724E-08 0.00000000E+00
1.7059E+04 1.06798727E-08 0.00000000E+00
1.7082E+04 1.09466728E-08 0.00000000E+00
1.7106E+04 9.97383507E-09 0.00000000E+00
1.7130E+04 9.84284213E-09 0.00000000E+00
1.7153E+04 1.05612823E-08 0.00000000E+00
1.7177E+04 1.00867473E-08 0.00000000E+00
1.7200E+04 9.30734620E-09 0.00000000E+00
1.7224E+04 9.83708093E-09 0.00000000E+00
1.7247E+04 1.00983416E-08 0.00000000E+00
1.7271E+04 9.20193831E-09 0.00000000E+00
1.7294E+04 9.08650854E-09 0.00000000E+00
1.7318E+04 9.77277773E-09 0.00000000E+00
1.7342E+04 9.34997667E-09 0.00000000E+00
1.7365E+04 8.63927817E-09 0.00000000E+00
1.7389E+04 9.15537400E-09 0.00000000E+00
1.7412E+04 9.42447822E-09 0.00000000E+00
1.7436E+04 8.60803551E-09 0.00000000E+00
1.7459E+04 8.52422931E-09 0.00000000E+00
1.7483E+04 9.19546847E-09 0.00000000E+00
1.7507E+04 8.82304291E-09 0.00000000E+00
1.7530E+04 8.17768695E-09 0.00000000E+00
1.7554E+04 8.68941607E-09 0.00000000E+00
1.7577E+04 8.96806467E-09 0.00000000E+00
1.7601E+04 8.21693877E-09 0.00000000E+00
1.7624E+04 8.15577019E-09 0.00000000E+00
1.7648E+04 8.81146030E-09 0.00000000E+00
1.7671E+04 8.47593732E-09 0.00000000E+00
1.7695E+04 7.87273824E-09 0.00000000E+00
1.7719E+04 8.36697315E-09 0.00000000E+00
1.7742E+04 8.64464528E-09 0.00000000E+00
1.7766E+04 7.93498177E-09 0.00000000E+00
1.7789E+04 7.87053275E-09 0.00000000E+00
1.7813E+04 8.49527400E-09 0.00000000E+00
1.7836E+04 8.17941055E-09 0.00000000E+00
1.7860E+04 7.59130056E-09 0.00000000E+00
1.7884E+04 8.04449717E-09 0.00000000E+00
1.7907E+04 8.30633691E-09 0.00000000E+00
1.7931E+04 7.61993764E-09 0.00000000E+00
1.7954E+04 7.52870963E-09 0.00000000E+00
1.7978E+04 8.10508333E-09 0.00000000E+00
1.8001E+04 7.79836943E-09 0.00000000E+00
1.8025E+04 7.21212694E-09 0.00000000E+00
1.8048E+04 7.60878471E-09 0.00000000E+00
1.8072E+04 7.84607316E-09 0.00000000E+00
1.8096E+04 7.18054598E-09 0.00000000E+00
1.8119E+04 7.05797907E-09 0.00000000E+00
1.8143E+04 7.58007908E-09 0.00000000E+00
1.8166E+04 7.28409350E-09 0.00000000E+00
1.8190E+04 6.70746458E-09 0.00000000E+00
1.8213E+04 7.05189736E-09 0.00000000E+00
1.8237E+04 7.26779009E-09 0.00000000E+00
1.8261E+04 6.63528678E-09 0.00000000E+00
1.8284E+04 6.49813562E-09 0.00000000E+00
1.8308E+04 6.97635594E-09 0.00000000E+00
1.8331E+04 6.70163910E-09 0.00000000E+00
1.8355E+04 6.15555970E-09 0.00000000E+00
1.8378E+04 6.46915893E-09 0.00000000E+00
1.8402E+04 6.67599025E-09 0.00000000E+00
1.8425E+04 6.09213421E-09 0.00000000E+00
1.8449E+04 5.96586477E-09 0.00000000E+00
1.8473E+04 6.42006783E-09 0.00000000E+00
1.8496E+04 6.17717878E-09 0.00000000E+00
1.8520E+04 5.67940200E-09 0.00000000E+00
1.8543E+04 5.98608524E-09 0.00000000E+00
1.8567E+04 6.19652349E-09 0.00000000E+00
1.8590E+04 5.66778696E-09 0.00000000E+00
1.8614E+04 5.56862476E-09 0.00000000E+00
1.8637E+04 6.01502108E-09 0.00000000E+00
1.8661E+04 5.80624252E-09 0.00000000E+00
1.8685E+04 5.35824297E-09 0.00000000E+00
1.8708E+04 5.66885360E-09 0.00000000E+00
1.8732E+04 5.88729147E-09 0.00000000E+00
1.8755E+04 5.40560341E-09 0.00000000E+00
1.8779E+04 5.33001641E-09 0.00000000E+00
1.8802E+04 5.77117419E-09 0.00000000E+00
1.8826E+04 5.58846591E-09 0.00000000E+00
1.8850E+04 5.17447801E-09 0.00000000E+00
1.8873E+04 5.48103899E-09 0.00000000E+00
1.8897E+04 5.70110622E-09 0.00000000E+00
1.8920E+04 5.24891304E-09 0.00000000E+00
1.8944E+04 5.17739553E-09 0.00000000E+00
1.8967E+04 5.60214851E-09 0.00000000E+00
1.8991E+04 5.43233182E-09 0.00000000E+00
1.9014E+04 5.03042828E-09 0.00000000E+00
1.9038E+04 5.31370969E-09 0.00000000E+00
1.9062E+04 5.52329870E-09 0.00000000E+00
1.9085E+04 5.08490453E-09 0.00000000E+00
1.9109E+04 4.99660650E-09 0.00000000E+00
1.9132E+04 5.38942967E-09 0.00000000E+00
1.9156E+04 5.22260854E-09 0.00000000E+00
1.9179E+04 4.81940978E-09 0.00000000E+00
1.9203E+04 5.06383976E-09 0.00000000E+00
1.9227E+04 5.25381840E-09 0.00000000E+00
1.9250E+04 4.82479411E-09 0.00000000E+00
1.9274E+04 4.71222225E-09 0.00000000E+00
1.9297E+04 5.06510844E-09 0.00000000E+00
1.9321E+04 4.90038833E-09 0.00000000E+00
1.9344E+04 4.49900042E-09 0.00000000E+00
1.9368E+04 4.70417123E-09 0.00000000E+00
1.9391E+04 4.87462065E-09 0.00000000E+00
1.9415E+04 4.46293190E-09 0.00000000E+00
1.9439E+04 4.33651532E-09 0.00000000E+00
1.9462E+04 4.65499423E-09 0.00000000E+00
1.9486E+04 4.49977202E-09 0.00000000E+00
1.9509E+04 4.11586738E-09 0.00000000E+00
1.9533E+04 4.29682555E-09 0.00000000E+00
1.9556E+04 4.45664085E-09 0.00000000E+00
1.9580E+04 4.07525183E-09 0.00000000E+00
1.9604E+04 3.95518125E-09 0.00000000E+00
1.9627E+04 4.25459789E-09 0.00000000E+00
1.9651E+04 4.11830521E-09 0.00000000E+00
1.9674E+04 3.76778285E-09 0.00000000E+00
1.9698E+04 3.94450463E-09 0.00000000E+00
1.9721E+04 4.10496117E-09 0.00000000E+00
1.9745E+04 3.76155513E-09 0.00000000E+00
1.9768E+04 3.66329650E-09 0.00000000E+00
1.9792E+04 3.95841971E-09 0.00000000E+00
1.9816E+04 3.84532393E-09 0.00000000E+00
1.9839E+04 3.53261476E-09 0.00000000E+00
1.9863E+04 3.71656997E-09 0.00000000E+00
1.9886E+04 3.88357595E-09 0.00000000E+00
1.9910E+04 3.57464802E-09 0.00000000E+00
1.9933E+04 3.49856399E-09 0.00000000E+00
1.9957E+04 3.79407161E-09 0.00000000E+00
1.9981E+04 3.70008917E-09 0.00000000E+00
2.0004E+04 3.41516406E-09 0.00000000E+00
2.0028E+04 3.60247207E-09 0.00000000E+00
2.0051E+04 3.77289228E-09 0.00000000E+00
2.0075E+04 3.48598023E-09 0.00000000E+00
2.0098E+04 3.41803277E-09 0.00000000E+00
2.0122E+04 3.70643233E-09 0.00000000E+00
2.0145E+04 3.62186178E-09 0.00000000E+00
2.0169E+04 3.34746716E-09 0.00000000E+00
2.0193E+04 3.52305086E-09 0.00000000E+00
2.0216E+04 3.68742108E-09 0.00000000E+00
2.0240E+04 3.40939551E-09 0.00000000E+00
2.0263E+04 3.33179742E-09 0.00000000E+00
2.0287E+04 3.59985633E-09 0.00000000E+00
2.0310E+04 3.51579663E-09 0.00000000E+00
2.0334E+04 3.23927018E-09 0.00000000E+00
2.0358E+04 3.38853070E-09 0.00000000E+00
2.0381E+04 3.53798419E-09 0.00000000E+00
2.0405E+04 3.26330076E-09 0.00000000E+00
2.0428E+04 3.16714457E-09 0.00000000E+00
2.0452E+04 3.40595138E-09 0.00000000E+00
2.0475E+04 3.31981325E-09 0.00000000E+00
2.0499E+04 3.04102047E-09 0.00000000E+00
2.0522E+04 3.16051714E-09 0.00000000E+00
2.0546E+04 3.29296373E-09 0.00000000E+00
2.0570E+04 3.02621367E-09 0.00000000E+00
2.0593E+04 2.91719741E-09 0.00000000E+00
2.0617E+04 3.12869681E-09 0.00000000E+00
2.0640E+04 3.04511928E-09 0.00000000E+00
2.0664E+04 2.77526053E-09 0.00000000E+00
2.0687E+04 2.87502578E-09 0.00000000E+00
2.0711E+04 2.99637467E-09 0.00000000E+00
2.0735E+04 2.74775491E-09 0.00000000E+00
2.0758E+04 2.64142754E-09 0.00000000E+00
2.0782E+04 2.83706596E-09 0.00000000E+00
2.0805E+04 2.76389677E-09 0.00000000E+00
2.0829E+04 2.51657160E-09 0.00000000E+00
2.0852E+04 2.61289894E-09 0.00000000E+00
2.0876E+04 2.73272017E-09 0.00000000E+00
2.0899E+04 2.50999584E-09 0.00000000E+00
2.0923E+04 2.42042749E-09 0.00000000E+00
2.0947E+04 2.61323742E-09 0.00000000E+00
2.0970E+04 2.55560822E-09 0.00000000E+00
2.0994E+04 2.33679790E-09 0.00000000E+00
2.1017E+04 2.44103072E-09 0.00000000E+00
2.1041E+04 2.56590469E-09 0.00000000E+00
2.1064E+04 2.36861145E-09 0.00000000E+00
2.1088E+04 2.29873832E-09 0.00000000E+00
2.1112E+04 2.49468445E-09 0.00000000E+00
2.1135E+04 2.45132103E-09 0.00000000E+00
2.1159E+04 2.25528974E-09 0.00000000E+00
2.1182E+04 2.36662565E-09 0.00000000E+00
2.1206E+04 2.49586689E-09 0.00000000E+00
2.1229E+04 2.31558215E-09 0.00000000E+00
2.1253E+04 2.25583817E-09 0.00000000E+00
2.1276E+04 2.45047313E-09 0.00000000E+00
2.1300E+04 2.41460683E-09 0.00000000E+00
2.1324E+04 2.22818806E-09 0.00000000E+00
2.1347E+04 2.33529015E-09 0.00000000E+00
2.1371E+04 2.46187162E-09 0.00000000E+00
2.1394E+04 2.28796071E-09 0.00000000E+00
2.1418E+04 2.22366660E-09 0.00000000E+00
2.1441E+04 2.40615648E-09 0.00000000E+00
2.1465E+04 2.37013237E-09 0.00000000E+00
2.1488E+04 2.18190767E-09 0.00000000E+00
2.1512E+04 2.27173070E-09 0.00000000E+00
2.1536E+04 2.38752271E-09 0.00000000E+00
2.1559E+04 2.21405010E-09 0.00000000E+00
2.1583E+04 2.13591973E-09 0.00000000E+00
2.1606E+04 2.29728336E-09 0.00000000E+00
2.1630E+04 2.25751078E-09 0.00000000E+00
2.1653E+04 2.06522383E-09 0.00000000E+00
2.1677E+04 2.13253334E-09 0.00000000E+00
2.1701E+04 2.23405073E-09 0.00000000E+00
2.1724E+04 2.06304050E-09 0.00000000E+00
2.1748E+04 1.97332838E-09 0.00000000E+00
2.1771E+04 2.11296649E-09 0.00000000E+00
2.1795E+04 2.07183439E-09 0.00000000E+00
2.1818E+04 1.88302456E-09 0.00000000E+00
2.1842E+04 1.93395349E-09 0.00000000E+00
2.1865E+04 2.02463623E-09 0.00000000E+00
2.1889E+04 1.86369189E-09 0.00000000E+00
2.1913E+04 1.77396644E-09 0.00000000E+00
2.1936E+04 1.90003113E-09 0.00000000E+00
2.1960E+04 1.86367240E-09 0.00000000E+00
2.1983E+04 1.68951496E-09 0.00000000E+00
2.2007E+04 1.73700211E-09 0.00000000E+00
2.2030E+04 1.82462155E-09 0.00000000E+00
2.2054E+04 1.68090997E-09 0.00000000E+00
2.2078E+04 1.60348479E-09 0.00000000E+00
2.2101E+04 1.72713122E-09 0.00000000E+00
2.2125E+04 1.70079812E-09 0.00000000E+00
2.2148E+04 1.54783333E-09 0.00000000E+00
2.2172E+04 1.60255173E-09 0.00000000E+00
2.2195E+04 1.69375230E-09 0.00000000E+00
2.2219E+04 1.56871176E-09 0.00000000E+00
2.2242E+04 1.50805344E-09 0.00000000E+00
2.2266E+04 1.63586694E-09 0.00000000E+00
2.2290E+04 1.62019398E-09 0.00000000E+00
2.2313E+04 1.48579407E-09 0.00000000E+00
2.2337E+04 1.54912371E-09 0.00000000E+00
2.2360E+04 1.64499228E-09 0.00000000E+00
2.2384E+04 1.53333895E-09 0.00000000E+00
2.2407E+04 1.48341960E-09 0.00000000E+00
2.2431E+04 1.61337263E-09 0.00000000E+00
2.2455E+04 1.60400802E-09 0.00000000E+00
2.2478E+04 1.47848059E-09 0.00000000E+00
2.2502E+04 1.54230578E-09 0.00000000E+00
2.2525E+04 1.63797410E-09 0.00000000E+00
2.2549E+04 1.53139858E-09 0.00000000E+00
2.2572E+04 1.48048554E-09 0.00000000E+00
2.2596E+04 1.60406148E-09 0.00000000E+00
2.2619E+04 1.59471680E-09 0.00000000E+00
2.2643E+04 1.46817177E-09 0.00000000E+00
2.2667E+04 1.52127734E-09 0.00000000E+00
2.2690E+04 1.60964298E-09 0.00000000E+00
2.2714E+04 1.50235019E-09 0.00000000E+00
2.2737E+04 1.44147370E-09 0.00000000E+00
2.2761E+04 1.55017886E-09 0.00000000E+00
2.2784E+04 1.53682572E-09 0.00000000E+00
2.2808E+04 1.40575814E-09 0.00000000E+00
2.2832E+04 1.44202189E-09 0.00000000E+00
2.2855E+04 1.51883304E-09 0.00000000E+00
2.2879E+04 1.41100967E-09 0.00000000E+00
2.2902E+04 1.34001598E-09 0.00000000E+00
2.2926E+04 1.43154203E-09 0.00000000E+00
2.2949E+04 1.41484425E-09 0.00000000E+00
2.2973E+04 1.28390188E-09 0.00000000E+00
2.2996E+04 1.30649150E-09 0.00000000E+00
2.3020E+04 1.37323145E-09 0.00000000E+00
2.3044E+04 1.27021018E-09 0.00000000E+00
2.3067E+04 1.19733980E-09 0.00000000E+00
2.3091E+04 1.27711482E-09 0.00000000E+00
2.3114E+04 1.26155221E-09 0.00000000E+00
2.3138E+04 1.13957278E-09 0.00000000E+00
2.3161E+04 1.15844385E-09 0.00000000E+00
2.3185E+04 1.22112979E-09 0.00000000E+00
2.3209E+04 1.12911188E-09 0.00000000E+00
2.3232E+04 1.06477438E-09 0.00000000E+00
2.3256E+04 1.14205009E-09 0.00000000E+00
2.3279E+04 1.13251811E-09 0.00000000E+00
2.3303E+04 1.02593697E-09 0.00000000E+00
2.3326E+04 1.05073128E-09 0.00000000E+00
2.3350E+04 1.11564103E-09 0.00000000E+00
2.3373E+04 1.03712939E-09 0.00000000E+00
2.3397E+04 9.86535749E-10 0.00000000E+00
2.3421E+04 1.06799574E-09 0.00000000E+00
2.3444E+04 1.06632755E-09 0.00000000E+00
2.3468E+04 9.74673315E-10 0.00000000E+00
2.3491E+04 1.00820569E-09 0.00000000E+00
2.3515E+04 1.07761722E-09 0.00000000E+00
2.3538E+04 1.00969669E-09 0.00000000E+00
2.3562E+04 9.69529765E-10 0.00000000E+00
2.3586E+04 1.05498363E-09 0.00000000E+00
2.3609E+04 1.05875496E-09 0.00000000E+00
2.3633E+04 9.75208924E-10 0.00000000E+00
2.3656E+04 1.01204265E-09 0.00000000E+00
2.3680E+04 1.08292490E-09 0.00000000E+00
2.3703E+04 1.01937163E-09 0.00000000E+00
2.3727E+04 9.80568140E-10 0.00000000E+00
2.3750E+04 1.06362415E-09 0.00000000E+00
2.3774E+04 1.06792129E-09 0.00000000E+00
2.3798E+04 9.84231028E-10 0.00000000E+00
2.3821E+04 1.01505810E-09 0.00000000E+00
2.3845E+04 1.08148224E-09 0.00000000E+00
2.3868E+04 1.01700348E-09 0.00000000E+00
2.3892E+04 9.71356707E-10 0.00000000E+00
2.3915E+04 1.04436077E-09 0.00000000E+00
2.3939E+04 1.04514527E-09 0.00000000E+00
2.3962E+04 9.57222571E-10 0.00000000E+00
2.3986E+04 9.75687901E-10 0.00000000E+00
2.4010E+04 1.03312497E-09 0.00000000E+00
2.4033E+04 9.66690839E-10 0.00000000E+00
2.4057E+04 9.12467857E-10 0.00000000E+00
2.4080E+04 9.72065879E-10 0.00000000E+00
2.4104E+04 9.68765054E-10 0.00000000E+00
2.4127E+04 8.79061066E-10 0.00000000E+00
2.4151E+04 8.86153560E-10 0.00000000E+00
2.4175E+04 9.34608047E-10 0.00000000E+00
2.4198E+04 8.69663410E-10 0.00000000E+00
2.4222E+04 8.12399338E-10 0.00000000E+00
2.4245E+04 8.61827594E-10 0.00000000E+00
2.4269E+04 8.57439522E-10 0.00000000E+00
2.4292E+04 7.72665700E-10 0.00000000E+00
2.4316E+04 7.75757075E-10 0.00000000E+00
2.4339E+04 8.19627912E-10 0.00000000E+00
2.4363E+04 7.61252073E-10 0.00000000E+00
2.4387E+04 7.09456358E-10 0.00000000E+00
2.4410E+04 7.56130814E-10 0.00000000E+00
2.4434E+04 7.54910881E-10 0.00000000E+00
2.4457E+04 6.80977453E-10 0.00000000E+00
2.4481E+04 6.88468308E-10 0.00000000E+00
2.4504E+04 7.33381944E-10 0.00000000E+00
2.4528E+04 6.84538183E-10 0.00000000E+00
2.4552E+04 6.43592353E-10 0.00000000E+00
2.4575E+04 6.93904101E-10 0.00000000E+00
2.4599E+04 6.98332552E-10 0.00000000E+00
2.4622E+04 6.36173396E-10 0.00000000E+00
2.4646E+04 6.51707478E-10 0.00000000E+00
2.4669E+04 7.00645614E-10 0.00000000E+00
2.4693E+04 6.60135142E-10 0.00000000E+00
2.4716E+04 6.28721067E-10 0.00000000E+00
2.4740E+04 6.83792946E-10 0.00000000E+00
2.4764E+04 6.92917084E-10 0.00000000E+00
2.4787E+04 6.38020830E-10 0.00000000E+00
2.4811E+04 6.58313894E-10 0.00000000E+00
2.4834E+04 7.09741275E-10 0.00000000E+00
2.4858E+04 6.73138804E-10 0.00000000E+00
2.4881E+04 6.44523788E-10 0.00000000E+00
2.4905E+04 6.99830805E-10 0.00000000E+00
2.4929E+04 7.10030901E-10 0.00000000E+00
2.4952E+04 6.55761311E-10 0.00000000E+00
2.4976E+04 6.73357644E-10 0.00000000E+00
2.4999E+04 7.22552456E-10 0.00000000E+00
2.5023E+04 6.85284335E-10 0.00000000E+00
2.5046E+04 6.52282586E-10 0.00000000E+00
2.5070E+04 7.01209285E-10 0.00000000E+00
2.5093E+04 7.08737794E-10 0.00000000E+00
2.5117E+04 6.50909261E-10 0.00000000E+00
2.5141E+04 6.59680180E-10 0.00000000E+00
2.5164E+04 7.02202669E-10 0.00000000E+00
2.5188E+04 6.62526936E-10 0.00000000E+00
2.5211E+04 6.22477671E-10 0.00000000E+00
2.5235E+04 6.61144296E-10 0.00000000E+00
2.5258E+04 6.64620314E-10 0.00000000E+00
2.5282E+04 6.04093963E-10 0.00000000E+00
2.5306E+04 6.03505466E-10 0.00000000E+00
2.5329E+04 6.38311620E-10 0.00000000E+00
2.5353E+04 5.98178574E-10 0.00000000E+00
2.5376E+04 5.54489005E-10 0.00000000E+00
2.5400E+04 5.84428753E-10 0.00000000E+00
2.5423E+04 5.85598493E-10 0.00000000E+00
2.5447E+04 5.27239918E-10 0.00000000E+00
2.5470E+04 5.22491284E-10 0.00000000E+00
2.5494E+04 5.52556944E-10 0.00000000E+00
2.5518E+04 5.15909063E-10 0.00000000E+00
2.5541E+04 4.75300288E-10 0.00000000E+00
2.5565E+04 5.02234454E-10 0.00000000E+00
2.5588E+04 5.04574468E-10 0.00000000E+00
2.5612E+04 4.53528937E-10 0.00000000E+00
2.5635E+04 4.51694905E-10 0.00000000E+00
2.5659E+04 4.81832197E-10 0.00000000E+00
2.5683E+04 4.51673042E-10 0.00000000E+00
2.5706E+04 4.19296538E-10 0.00000000E+00
2.5730E+04 4.49054833E-10 0.00000000E+00
2.5753E+04 4.55278532E-10 0.00000000E+00
2.5777E+04 4.13303314E-10 0.00000000E+00
2.5800E+04 4.18382036E-10 0.00000000E+00
2.5824E+04 4.51884691E-10 0.00000000E+00
2.5847E+04 4.28190578E-10 0.00000000E+00
2.5871E+04 4.04126672E-10 0.00000000E+00
2.5895E+04 4.38691798E-10 0.00000000E+00
2.5918E+04 4.48907806E-10 0.00000000E+00
2.5942E+04 4.13281045E-10 0.00000000E+00
2.5965E+04 4.23648835E-10 0.00000000E+00
2.5989E+04 4.60138763E-10 0.00000000E+00
2.6012E+04 4.39973709E-10 0.00000000E+00
2.6036E+04 4.19453726E-10 0.00000000E+00
2.6060E+04 4.55872808E-10 0.00000000E+00
2.6083E+04 4.67611389E-10 0.00000000E+00
2.6107E+04 4.33198838E-10 0.00000000E+00
2.6130E+04 4.43106785E-10 0.00000000E+00
2.6154E+04 4.79015779E-10 0.00000000E+00
2.6177E+04 4.58622579E-10 0.00000000E+00
2.6201E+04 4.35595902E-10 0.00000000E+00
2.6224E+04 4.68371217E-10 0.00000000E+00
2.6248E+04 4.78364094E-10 0.00000000E+00
2.6272E+04 4.41214260E-10 0.00000000E+00
2.6295E+04 4.45063221E-10 0.00000000E+00
2.6319E+04 4.76296181E-10 0.00000000E+00
2.6342E+04 4.53609999E-10 0.00000000E+00
2.6366E+04 4.24982965E-10 0.00000000E+00
2.6389E+04 4.50105381E-10 0.00000000E+00
2.6413E+04 4.56519324E-10 0.00000000E+00
2.6437E+04 4.16412552E-10 0.00000000E+00
2.6460E+04 4.12682253E-10 0.00000000E+00
2.6484E+04 4.37520570E-10 0.00000000E+00
2.6507E+04 4.13370044E-10 0.00000000E+00
2.6531E+04 3.80939331E-10 0.00000000E+00
2.6554E+04 3.98678479E-10 0.00000000E+00
2.6578E+04 4.02261969E-10 0.00000000E+00
2.6601E+04 3.62529225E-10 0.00000000E+00
2.6625E+04 3.54650591E-10 0.00000000E+00
2.6649E+04 3.74877045E-10 0.00000000E+00
2.6672E+04 3.52146994E-10 0.00000000E+00
2.6696E+04 3.21029182E-10 0.00000000E+00
2.6719E+04 3.35603917E-10 0.00000000E+00
2.6743E+04 3.39023429E-10 0.00000000E+00
2.6766E+04 3.03941126E-10 0.00000000E+00
2.6790E+04 2.97677011E-10 0.00000000E+00
2.6813E+04 3.17225624E-10 0.00000000E+00
2.6837E+04 2.98687281E-10 0.00000000E+00
2.6861E+04 2.73547351E-10 0.00000000E+00
2.6884E+04 2.90064084E-10 0.00000000E+00
2.6908E+04 2.95972502E-10 0.00000000E+00
2.6931E+04 2.67685302E-10 0.00000000E+00
2.6955E+04 2.67036215E-10 0.00000000E+00
2.6978E+04 2.89214421E-10 0.00000000E+00
2.7002E+04 2.75583271E-10 0.00000000E+00
2.7026E+04 2.57407962E-10 0.00000000E+00
2.7049E+04 2.78334955E-10 0.00000000E+00
2.7073E+04 2.87548403E-10 0.00000000E+00
2.7096E+04 2.64664879E-10 0.00000000E+00
2.7120E+04 2.69226564E-10 0.00000000E+00
2.7143E+04 2.94497806E-10 0.00000000E+00
2.7167E+04 2.84018849E-10 0.00000000E+00
2.7190E+04 2.69633703E-10 0.00000000E+00
2.7214E+04 2.93285700E-10 0.00000000E+00
2.7238E+04 3.04303398E-10 0.00000000E+00
2.7261E+04 2.83017004E-10 0.00000000E+00
2.7285E+04 2.88542403E-10 0.00000000E+00
2.7308E+04 3.14378090E-10 0.00000000E+00
2.7332E+04 3.04116855E-10 0.00000000E+00
2.7355E+04 2.88612131E-10 0.00000000E+00
2.7379E+04 3.10595045E-10 0.00000000E+00
2.7403E+04 3.20722221E-10 0.00000000E+00
2.7426E+04 2.97519541E-10 0.00000000E+00
2.7450E+04 2.99114047E-10 0.00000000E+00
2.7473E+04 3.21921322E-10 0.00000000E+00
2.7497E+04 3.09771733E-10 0.00000000E+00
2.7520E+04 2.89980095E-10 0.00000000E+00
2.7544E+04 3.06439946E-10 0.00000000E+00
2.7567E+04 3.13669578E-10 0.00000000E+00
2.7591E+04 2.87659921E-10 0.00000000E+00
2.7615E+04 2.83243038E-10 0.00000000E+00
2.7638E+04 3.00937804E-10 0.00000000E+00
2.7662E+04 2.86938530E-10 0.00000000E+00
2.7685E+04 2.63493322E-10 0.00000000E+00
2.7709E+04 2.73819212E-10 0.00000000E+00
2.7732E+04 2.78153763E-10 0.00000000E+00
2.7756E+04 2.51445196E-10 0.00000000E+00
2.7780E+04 2.43059935E-10 0.00000000E+00
2.7803E+04 2.56474191E-10 0.00000000E+00
2.7827E+04 2.42588557E-10 0.00000000E+00
2.7850E+04 2.19225653E-10 0.00000000E+00
2.7874E+04 2.26356597E-10 0.00000000E+00
2.7897E+04 2.29697218E-10 0.00000000E+00
2.7921E+04 2.05692303E-10 0.00000000E+00
2.7944E+04 1.97874934E-10 0.00000000E+00
2.7968E+04 2.10078286E-10 0.00000000E+00
2.7992E+04 1.98689830E-10 0.00000000E+00
2.8015E+04 1.79447437E-10 0.00000000E+00
2.8039E+04 1.87693444E-10 0.00000000E+00
2.8062E+04 1.92442063E-10 0.00000000E+00
2.8086E+04 1.73363588E-10 0.00000000E+00
2.8109E+04 1.69873551E-10 0.00000000E+00
2.8133E+04 1.83975789E-10 0.00000000E+00
2.8157E+04 1.76202651E-10 0.00000000E+00
2.8180E+04 1.62587560E-10 0.00000000E+00
2.8204E+04 1.74608483E-10 0.00000000E+00
2.8227E+04 1.81997818E-10 0.00000000E+00
2.8251E+04 1.67393443E-10 0.00000000E+00
2.8274E+04 1.68668222E-10 0.00000000E+00
2.8298E+04 1.85695782E-10 0.00000000E+00
2.8321E+04 1.80675354E-10 0.00000000E+00
2.8345E+04 1.70757000E-10 0.00000000E+00
2.8369E+04 1.85843145E-10 0.00000000E+00
2.8392E+04 1.95146385E-10 0.00000000E+00
2.8416E+04 1.82330800E-10 0.00000000E+00
2.8439E+04 1.85390638E-10 0.00000000E+00
2.8463E+04 2.03704685E-10 0.00000000E+00
2.8486E+04 1.99267770E-10 0.00000000E+00
2.8510E+04 1.89205403E-10 0.00000000E+00
2.8534E+04 2.03986682E-10 0.00000000E+00
2.8557E+04 2.13103617E-10 0.00000000E+00
2.8581E+04 1.99104001E-10 0.00000000E+00
2.8604E+04 1.99831705E-10 0.00000000E+00
2.8628E+04 2.16418362E-10 0.00000000E+00
2.8651E+04 2.10605333E-10 0.00000000E+00
2.8675E+04 1.97400499E-10 0.00000000E+00
2.8698E+04 2.08364367E-10 0.00000000E+00
2.8722E+04 2.15317544E-10 0.00000000E+00
2.8746E+04 1.98887156E-10 0.00000000E+00
2.8769E+04 1.94964562E-10 0.00000000E+00
2.8793E+04 2.07615306E-10 0.00000000E+00
2.8816E+04 1.99953462E-10 0.00000000E+00
2.8840E+04 1.83448595E-10 0.00000000E+00
2.8863E+04 1.89422711E-10 0.00000000E+00
2.8887E+04 1.93698483E-10 0.00000000E+00
2.8911E+04 1.76013179E-10 0.00000000E+00
2.8934E+04 1.68438717E-10 0.00000000E+00
2.8958E+04 1.77268575E-10 0.00000000E+00
2.8981E+04 1.68962780E-10 0.00000000E+00
2.9005E+04 1.51751381E-10 0.00000000E+00
2.9028E+04 1.54627603E-10 0.00000000E+00
2.9052E+04 1.57453975E-10 0.00000000E+00
2.9075E+04 1.41103525E-10 0.00000000E+00
2.9099E+04 1.33319351E-10 0.00000000E+00
2.9123E+04 1.40601948E-10 0.00000000E+00
2.9146E+04 1.33581299E-10 0.00000000E+00
2.9170E+04 1.19023010E-10 0.00000000E+00
2.9193E+04 1.22312058E-10 0.00000000E+00
2.9217E+04 1.25733894E-10 0.00000000E+00
2.9240E+04 1.12815633E-10 0.00000000E+00
2.9264E+04 1.08188390E-10 0.00000000E+00
2.9287E+04 1.16701803E-10 0.00000000E+00
2.9311E+04 1.12241085E-10 0.00000000E+00
2.9335E+04 1.02073500E-10 0.00000000E+00
2.9358E+04 1.08409333E-10 0.00000000E+00
2.9382E+04 1.13849716E-10 0.00000000E+00
2.9405E+04 1.04531455E-10 0.00000000E+00
2.9429E+04 1.04030815E-10 0.00000000E+00
2.9452E+04 1.15131754E-10 0.00000000E+00
2.9476E+04 1.13005996E-10 0.00000000E+00
2.9500E+04 1.06228955E-10 0.00000000E+00
2.9523E+04 1.15613030E-10 0.00000000E+00
2.9547E+04 1.22928840E-10 0.00000000E+00
2.9570E+04 1.15432427E-10 0.00000000E+00
2.9594E+04 1.17106690E-10 0.00000000E+00
2.9617E+04 1.29881079E-10 0.00000000E+00
2.9641E+04 1.28589682E-10 0.00000000E+00
2.9664E+04 1.22311788E-10 0.00000000E+00
2.9688E+04 1.32277852E-10 0.00000000E+00
2.9712E+04 1.39932218E-10 0.00000000E+00
2.9735E+04 1.31851848E-10 0.00000000E+00
2.9759E+04 1.32359524E-10 0.00000000E+00
2.9782E+04 1.44386658E-10 0.00000000E+00
2.9806E+04 1.42226654E-10 0.00000000E+00
2.9829E+04 1.33764862E-10 0.00000000E+00
2.9853E+04 1.41247597E-10 0.00000000E+00
2.9877E+04 1.47428316E-10 0.00000000E+00
2.9900E+04 1.37390141E-10 0.00000000E+00
2.9924E+04 1.34405389E-10 0.00000000E+00
2.9947E+04 1.43528532E-10 0.00000000E+00
2.9971E+04 1.39737345E-10 0.00000000E+00
2.9994E+04 1.28439950E-10 0.00000000E+00
3.0018E+04 1.31958836E-10 0.00000000E+00
3.0041E+04 1.35832630E-10 0.00000000E+00
3.0065E+04 1.24336387E-10 0.00000000E+00
3.0089E+04 1.18108674E-10 0.00000000E+00
3.0112E+04 1.23936719E-10 0.00000000E+00
3.0136E+04 1.19128152E-10 0.00000000E+00
3.0159E+04 1.06679441E-10 0.00000000E+00
3.0183E+04 1.07303620E-10 0.00000000E+00
3.0206E+04 1.09541462E-10 0.00000000E+00
3.0230E+04 9.84643231E-11 0.00000000E+00
3.0254E+04 9.14994881E-11 0.00000000E+00
3.0277E+04 9.56112507E-11 0.00000000E+00
3.0301E+04 9.12556748E-11 0.00000000E+00
3.0324E+04 8.03487009E-11 0.00000000E+00
3.0348E+04 8.08370833E-11 0.00000000E+00
3.0371E+04 8.30848253E-11 0.00000000E+00
3.0395E+04 7.42788006E-11 0.00000000E+00
3.0418E+04 6.94731504E-11 0.00000000E+00
3.0442E+04 7.42445987E-11 0.00000000E+00
3.0466E+04 7.16049894E-11 0.00000000E+00
3.0489E+04 6.40034561E-11 0.00000000E+00
3.0513E+04 6.68156721E-11 0.00000000E+00
3.0536E+04 7.05213996E-11 0.00000000E+00
3.0560E+04 6.45257321E-11 0.00000000E+00
3.0583E+04 6.31387915E-11 0.00000000E+00
3.0607E+04 7.00734286E-11 0.00000000E+00
3.0631E+04 6.93493662E-11 0.00000000E+00
3.0654E+04 6.47158203E-11 0.00000000E+00
3.0678E+04 7.03373428E-11 0.00000000E+00
3.0701E+04 7.57694490E-11 0.00000000E+00
3.0725E+04 7.15098483E-11 0.00000000E+00
3.0748E+04 7.23912341E-11 0.00000000E+00
3.0772E+04 8.11363457E-11 0.00000000E+00
3.0795E+04 8.13808333E-11 0.00000000E+00
3.0819E+04 7.76305446E-11 0.00000000E+00
3.0843E+04 8.43585787E-11 0.00000000E+00
3.0866E+04 9.04794064E-11 0.00000000E+00
3.0890E+04 8.60917895E-11 0.00000000E+00
3.0913E+04 8.66240239E-11 0.00000000E+00
3.0937E+04 9.53215397E-11 0.00000000E+00
3.0960E+04 9.51386663E-11 0.00000000E+00
3.0984E+04 8.99770869E-11 0.00000000E+00
3.1008E+04 9.52368121E-11 0.00000000E+00
3.1031E+04 1.00478333E-10 0.00000000E+00
3.1055E+04 9.46169761E-11 0.00000000E+00
3.1078E+04 9.26193021E-11 0.00000000E+00
3.1102E+04 9.92825482E-11 0.00000000E+00
3.1125E+04 9.77859947E-11 0.00000000E+00
3.1149E+04 9.02929379E-11 0.00000000E+00
3.1172E+04 9.24872662E-11 0.00000000E+00
3.1196E+04 9.58542934E-11 0.00000000E+00
3.1220E+04 8.85569184E-11 0.00000000E+00
3.1243E+04 8.37734918E-11 0.00000000E+00
3.1267E+04 8.76850680E-11 0.00000000E+00
3.1290E+04 8.50539616E-11 0.00000000E+00
3.1314E+04 7.62178246E-11 0.00000000E+00
3.1337E+04 7.57970764E-11 0.00000000E+00
3.1361E+04 7.75259423E-11 0.00000000E+00
3.1385E+04 7.00752868E-11 0.00000000E+00
3.1408E+04 6.42399491E-11 0.00000000E+00
3.1432E+04 6.64001935E-11 0.00000000E+00
3.1455E+04 6.36822154E-11 0.00000000E+00
3.1479E+04 5.55832372E-11 0.00000000E+00
3.1502E+04 5.46333312E-11 0.00000000E+00
3.1526E+04 5.59745659E-11 0.00000000E+00
3.1549E+04 4.99205993E-11 0.00000000E+00
3.1573E+04 4.54377061E-11 0.00000000E+00
3.1597E+04 4.77985607E-11 0.00000000E+00
3.1620E+04 4.61394350E-11 0.00000000E+00
3.1644E+04 4.04332677E-11 0.00000000E+00
3.1667E+04 4.11489171E-11 0.00000000E+00
3.1691E+04 4.34633096E-11 0.00000000E+00
3.1714E+04 3.95315785E-11 0.00000000E+00
3.1738E+04 3.77705096E-11 0.00000000E+00
3.1762E+04 4.18459019E-11 0.00000000E+00
3.1785E+04 4.17000118E-11 0.00000000E+00
3.1809E+04 3.84929851E-11 0.00000000E+00
3.1832E+04 4.16581632E-11 0.00000000E+00
3.1856E+04 4.54789407E-11 0.00000000E+00
3.1879E+04 4.31175079E-11 0.00000000E+00
3.1903E+04 4.35263465E-11 0.00000000E+00
3.1926E+04 4.93748550E-11 0.00000000E+00
3.1950E+04 5.02310541E-11 0.00000000E+00
3.1974E+04 4.80970476E-11 0.00000000E+00
3.1997E+04 5.26280841E-11 0.00000000E+00
3.2021E+04 5.73359319E-11 0.00000000E+00
3.2044E+04 5.51658484E-11 0.00000000E+00
3.2068E+04 5.57692623E-11 0.00000000E+00
3.2091E+04 6.20367295E-11 0.00000000E+00
3.2115E+04 6.28139034E-11 0.00000000E+00
3.2138E+04 5.98670688E-11 0.00000000E+00
3.2162E+04 6.36771522E-11 0.00000000E+00
3.2186E+04 6.79830068E-11 0.00000000E+00
3.2209E+04 6.47829269E-11 0.00000000E+00
3.2233E+04 6.36363974E-11 0.00000000E+00
3.2256E+04 6.85759568E-11 0.00000000E+00
3.2280E+04 6.83808257E-11 0.00000000E+00
3.2303E+04 6.35962501E-11 0.00000000E+00
3.2327E+04 6.51084514E-11 0.00000000E+00
3.2351E+04 6.79741294E-11 0.00000000E+00
3.2374E+04 6.34903564E-11 0.00000000E+00
3.2398E+04 6.00259703E-11 0.00000000E+00
3.2421E+04 6.27392377E-11 0.00000000E+00
3.2445E+04 6.14524493E-11 0.00000000E+00
3.2468E+04 5.53078440E-11 0.00000000E+00
3.2492E+04 5.45304500E-11 0.00000000E+00
3.2515E+04 5.58738025E-11 0.00000000E+00
3.2539E+04 5.09150364E-11 0.00000000E+00
3.2563E+04 4.62524075E-11 0.00000000E+00
3.2586E+04 4.72797020E-11 0.00000000E+00
3.2610E+04 4.55847788E-11 0.00000000E+00
3.2633E+04 3.96246170E-11 0.00000000E+00
3.2657E+04 3.80656702E-11 0.00000000E+00
3.2680E+04 3.87752822E-11 0.00000000E+00
3.2704E+04 3.45773736E-11 0.00000000E+00
3.2728E+04 3.06459274E-11 0.00000000E+00
3.2751E+04 3.15279884E-11 0.00000000E+00
3.2775E+04 3.03965791E-11 0.00000000E+00
3.2798E+04 2.60898900E-11 0.00000000E+00
3.2822E+04 2.56338731E-11 0.00000000E+00
3.2845E+04 2.69148035E-11 0.00000000E+00
3.2869E+04 2.42591770E-11 0.00000000E+00
3.2892E+04 2.24120233E-11 0.00000000E+00
3.2916E+04 2.45785026E-11 0.00000000E+00
3.2940E+04 2.45911736E-11 0.00000000E+00
3.2963E+04 2.23166657E-11 0.00000000E+00
3.2987E+04 2.39013622E-11 0.00000000E+00
3.3010E+04 2.64331612E-11 0.00000000E+00
3.3034E+04 2.51361715E-11 0.00000000E+00
3.3057E+04 2.52471008E-11 0.00000000E+00
3.3081E+04 2.90375585E-11 0.00000000E+00
3.3105E+04 3.00086382E-11 0.00000000E+00
3.3128E+04 2.88577424E-11 0.00000000E+00
3.3152E+04 3.18817718E-11 0.00000000E+00
3.3175E+04 3.53777436E-11 0.00000000E+00
3.3199E+04 3.44730204E-11 0.00000000E+00
3.3222E+04 3.51127590E-11 0.00000000E+00
3.3246E+04 3.96034795E-11 0.00000000E+00
3.3269E+04 4.07463911E-11 0.00000000E+00
3.3293E+04 3.92262181E-11 0.00000000E+00
3.3317E+04 4.20578786E-11 0.00000000E+00
3.3340E+04 4.55107388E-11 0.00000000E+00
3.3364E+04 4.39527460E-11 0.00000000E+00
3.3387E+04 4.34570430E-11 0.00000000E+00
3.3411E+04 4.71729797E-11 0.00000000E+00
3.3434E+04 4.76632195E-11 0.00000000E+00
3.3458E+04 4.47563998E-11 0.00000000E+00
3.3482E+04 4.59292461E-11 0.00000000E+00
3.3505E+04 4.83415799E-11 0.00000000E+00
3.3529E+04 4.57152399E-11 0.00000000E+00
3.3552E+04 4.33511204E-11 0.00000000E+00
3.3576E+04 4.53241475E-11 0.00000000E+00
3.3599E+04 4.48559318E-11 0.00000000E+00
3.3623E+04 4.06837578E-11 0.00000000E+00
3.3646E+04 3.99106588E-11 0.00000000E+00
3.3670E+04 4.09843293E-11 0.00000000E+00
3.3694E+04 3.77367718E-11 0.00000000E+00
3.3717E+04 3.41529581E-11 0.00000000E+00
3.3741E+04 3.45745394E-11 0.00000000E+00
3.3764E+04 3.35350280E-11 0.00000000E+00
3.3788E+04 2.91928592E-11 0.00000000E+00
3.3811E+04 2.75041772E-11 0.00000000E+00
3.3835E+04 2.78157195E-11 0.00000000E+00
3.3859E+04 2.48856289E-11 0.00000000E+00
3.3882E+04 2.15782538E-11 0.00000000E+00
3.3906E+04 2.16135700E-11 0.00000000E+00
3.3929E+04 2.07787524E-11 0.00000000E+00
3.3953E+04 1.75117537E-11 0.00000000E+00
3.3976E+04 1.64702841E-11 0.00000000E+00
3.4000E+04 1.70348455E-11 0.00000000E+00
3.4023E+04 1.51736173E-11 0.00000000E+00
3.4047E+04 1.33974054E-11 0.00000000E+00
3.4071E+04 1.43322661E-11 0.00000000E+00
3.4094E+04 1.43167440E-11 0.00000000E+00
3.4118E+04 1.26474068E-11 0.00000000E+00
3.4141E+04 1.32371748E-11 0.00000000E+00
3.4165E+04 1.47899762E-11 0.00000000E+00
3.4188E+04 1.40573575E-11 0.00000000E+00
3.4212E+04 1.39705574E-11 0.00000000E+00
3.4236E+04 1.63177084E-11 0.00000000E+00
3.4259E+04 1.71643564E-11 0.00000000E+00
3.4283E+04 1.65753262E-11 0.00000000E+00
3.4306E+04 1.85545353E-11 0.00000000E+00
3.4330E+04 2.10591143E-11 0.00000000E+00
3.4353E+04 2.08240456E-11 0.00000000E+00
3.4377E+04 2.14447806E-11 0.00000000E+00
3.4400E+04 2.46325405E-11 0.00000000E+00
3.4424E+04 2.58126317E-11 0.00000000E+00
3.4448E+04 2.51662645E-11 0.00000000E+00
3.4471E+04 2.73074424E-11 0.00000000E+00
3.4495E+04 3.00195969E-11 0.00000000E+00
3.4518E+04 2.94312494E-11 0.00000000E+00
3.4542E+04 2.93858392E-11 0.00000000E+00
3.4565E+04 3.22152782E-11 0.00000000E+00
3.4589E+04 3.30164586E-11 0.00000000E+00
3.4612E+04 3.13739367E-11 0.00000000E+00
3.4636E+04 3.23745980E-11 0.00000000E+00
3.4660E+04 3.43915887E-11 0.00000000E+00
3.4683E+04 3.29679706E-11 0.00000000E+00
3.4707E+04 3.14649746E-11 0.00000000E+00
3.4730E+04 3.29788118E-11 0.00000000E+00
3.4754E+04 3.29963788E-11 0.00000000E+00
3.4777E+04 3.02461108E-11 0.00000000E+00
3.4801E+04 2.96402457E-11 0.00000000E+00
3.4825E+04 3.05334054E-11 0.00000000E+00
3.4848E+04 2.84589931E-11 0.00000000E+00
3.4872E+04 2.58005298E-11 0.00000000E+00
3.4895E+04 2.59396831E-11 0.00000000E+00
3.4919E+04 2.53325246E-11 0.00000000E+00
3.4942E+04 2.22076892E-11 0.00000000E+00
3.4966E+04 2.06448953E-11 0.00000000E+00
3.4989E+04 2.07354199E-11 0.00000000E+00
3.5013E+04 1.86856815E-11 0.00000000E+00
3.5037E+04 1.59899664E-11 0.00000000E+00
3.5060E+04 1.55924396E-11 0.00000000E+00
3.5084E+04 1.49432579E-11 0.00000000E+00
3.5107E+04 1.24571843E-11 0.00000000E+00
3.5131E+04 1.11908875E-11 0.00000000E+00
3.5154E+04 1.12948165E-11 0.00000000E+00
3.5178E+04 9.93973750E-12 0.00000000E+00
3.5202E+04 8.31563705E-12 0.00000000E+00
3.5225E+04 8.49186690E-12 0.00000000E+00
3.5249E+04 8.38754198E-12 0.00000000E+00
3.5272E+04 7.11440432E-12 0.00000000E+00
3.5296E+04 7.09957194E-12 0.00000000E+00
3.5319E+04 7.94252437E-12 0.00000000E+00
3.5343E+04 7.48813943E-12 0.00000000E+00
3.5366E+04 7.26724240E-12 0.00000000E+00
3.5390E+04 8.61824381E-12 0.00000000E+00
3.5414E+04 9.24955356E-12 0.00000000E+00
3.5437E+04 8.95517012E-12 0.00000000E+00
3.5461E+04 1.02044730E-11 0.00000000E+00
3.5484E+04 1.19263905E-11 0.00000000E+00
3.5508E+04 1.20026082E-11 0.00000000E+00
3.5531E+04 1.25566115E-11 0.00000000E+00
3.5555E+04 1.47864306E-11 0.00000000E+00
3.5579E+04 1.58382007E-11 0.00000000E+00
3.5602E+04 1.56911738E-11 0.00000000E+00
3.5626E+04 1.73216905E-11 0.00000000E+00
3.5649E+04 1.94098945E-11 0.00000000E+00
3.5673E+04 1.93574494E-11 0.00000000E+00
3.5696E+04 1.95909484E-11 0.00000000E+00
3.5720E+04 2.17618996E-11 0.00000000E+00
3.5743E+04 2.26530645E-11 0.00000000E+00
3.5767E+04 2.18327445E-11 0.00000000E+00
3.5791E+04 2.27313948E-11 0.00000000E+00
3.5814E+04 2.44076845E-11 0.00000000E+00
3.5838E+04 2.37423346E-11 0.00000000E+00
3.5861E+04 2.28786400E-11 0.00000000E+00
3.5885E+04 2.40986124E-11 0.00000000E+00
3.5908E+04 2.43903001E-11 0.00000000E+00
3.5932E+04 2.26472114E-11 0.00000000E+00
3.5956E+04 2.22581457E-11 0.00000000E+00
3.5979E+04 2.30308359E-11 0.00000000E+00
3.6003E+04 2.17572079E-11 0.00000000E+00
3.6026E+04 1.98552828E-11 0.00000000E+00
3.6050E+04 1.98976997E-11 0.00000000E+00
3.6073E+04 1.95832091E-11 0.00000000E+00
3.6097E+04 1.73693425E-11 0.00000000E+00
3.6120E+04 1.60497356E-11 0.00000000E+00
3.6144E+04 1.60416003E-11 0.00000000E+00
3.6168E+04 1.46140205E-11 0.00000000E+00
3.6191E+04 1.24748545E-11 0.00000000E+00
3.6215E+04 1.19041645E-11 0.00000000E+00
3.6238E+04 1.13903023E-11 0.00000000E+00
3.6262E+04 9.49861232E-12 0.00000000E+00
3.6285E+04 8.21989159E-12 0.00000000E+00
3.6309E+04 8.05580680E-12 0.00000000E+00
3.6333E+04 7.03714956E-12 0.00000000E+00
3.6356E+04 5.60232490E-12 0.00000000E+00
3.6380E+04 5.34303948E-12 0.00000000E+00
3.6403E+04 5.15139428E-12 0.00000000E+00
3.6427E+04 4.14559354E-12 0.00000000E+00
3.6450E+04 3.78504144E-12 0.00000000E+00
3.6474E+04 4.13735199E-12 0.00000000E+00
3.6497E+04 3.80765114E-12 0.00000000E+00
3.6521E+04 3.49829120E-12 0.00000000E+00
3.6545E+04 4.17610072E-12 0.00000000E+00
3.6568E+04 4.58137851E-12 0.00000000E+00
3.6592E+04 4.42168562E-12 0.00000000E+00
3.6615E+04 5.16015324E-12 0.00000000E+00
3.6639E+04 6.28261142E-12 0.00000000E+00
3.6662E+04 6.46576881E-12 0.00000000E+00
3.6686E+04 6.92273672E-12 0.00000000E+00
3.6710E+04 8.44785306E-12 0.00000000E+00
3.6733E+04 9.30277277E-12 0.00000000E+00
3.6757E+04 9.41115626E-12 0.00000000E+00
3.6780E+04 1.06486632E-11 0.00000000E+00
3.6804E+04 1.22224110E-11 0.00000000E+00
3.6827E+04 1.24339342E-11 0.00000000E+00
3.6851E+04 1.28137319E-11 0.00000000E+00
3.6874E+04 1.44829589E-11 0.00000000E+00
3.6898E+04 1.53398229E-11 0.00000000E+00
3.6922E+04 1.50306443E-11 0.00000000E+00
3.6945E+04 1.58484618E-11 0.00000000E+00
3.6969E+04 1.72314891E-11 0.00000000E+00
3.6992E+04 1.70258050E-11 0.00000000E+00
3.7016E+04 1.66131548E-11 0.00000000E+00
3.7039E+04 1.76323345E-11 0.00000000E+00
3.7063E+04 1.80630847E-11 0.00000000E+00
3.7087E+04 1.70191142E-11 0.00000000E+00
3.7110E+04 1.68365264E-11 0.00000000E+00
3.7134E+04 1.75245337E-11 0.00000000E+00
3.7157E+04 1.67926733E-11 0.00000000E+00
3.7181E+04 1.54865230E-11 0.00000000E+00
3.7204E+04 1.55286976E-11 0.00000000E+00
3.7228E+04 1.54151841E-11 0.00000000E+00
3.7251E+04 1.38786486E-11 0.00000000E+00
3.7275E+04 1.28375102E-11 0.00000000E+00
3.7299E+04 1.28075221E-11 0.00000000E+00
3.7322E+04 1.18266172E-11 0.00000000E+00
3.7346E+04 1.01708478E-11 0.00000000E+00
3.7369E+04 9.58061097E-12 0.00000000E+00
3.7393E+04 9.17922590E-12 0.00000000E+00
3.7416E+04 7.74576191E-12 0.00000000E+00
3.7440E+04 6.57116010E-12 0.00000000E+00
3.7463E+04 6.27567344E-12 0.00000000E+00
3.7487E+04 5.49388720E-12 0.00000000E+00
3.7511E+04 4.25979861E-12 0.00000000E+00
3.7534E+04 3.78006550E-12 0.00000000E+00
3.7558E+04 3.52796966E-12 0.00000000E+00
3.7581E+04 2.71224561E-12 0.00000000E+00
3.7605E+04 2.17607698E-12 0.00000000E+00
3.7628E+04 2.20805933E-12 0.00000000E+00
3.7652E+04 1.92829106E-12 0.00000000E+00
3.7676E+04 1.56621726E-12 0.00000000E+00
3.7699E+04 1.80237600E-12 0.00000000E+00
3.7723E+04 2.00988827E-12 0.00000000E+00
3.7746E+04 1.89639315E-12 0.00000000E+00
3.7770E+04 2.27961960E-12 0.00000000E+00
3.7793E+04 2.95607803E-12 0.00000000E+00
3.7817E+04 3.13891006E-12 0.00000000E+00
3.7840E+04 3.48635770E-12 0.00000000E+00
3.7864E+04 4.49445723E-12 0.00000000E+00
3.7888E+04 5.13917654E-12 0.00000000E+00
3.7911E+04 5.35156643E-12 0.00000000E+00
3.7935E+04 6.27838298E-12 0.00000000E+00
3.7958E+04 7.43524949E-12 0.00000000E+00
3.7982E+04 7.74673771E-12 0.00000000E+00
3.8005E+04 8.17832337E-12 0.00000000E+00
3.8029E+04 9.45675850E-12 0.00000000E+00
3.8053E+04 1.02153121E-11 0.00000000E+00
3.8076E+04 1.02039635E-11 0.00000000E+00
3.8100E+04 1.09410222E-11 0.00000000E+00
3.8123E+04 1.20711446E-11 0.00000000E+00
3.8147E+04 1.21272307E-11 0.00000000E+00
3.8170E+04 1.20152225E-11 0.00000000E+00
3.8194E+04 1.28839198E-11 0.00000000E+00
3.8217E+04 1.33677741E-11 0.00000000E+00
3.8241E+04 1.27970818E-11 0.00000000E+00
3.8265E+04 1.27834430E-11 0.00000000E+00
3.8288E+04 1.34052361E-11 0.00000000E+00
3.8312E+04 1.30341086E-11 0.00000000E+00
3.8335E+04 1.21819105E-11 0.00000000E+00
3.8359E+04 1.22653256E-11 0.00000000E+00
3.8382E+04 1.22892514E-11 0.00000000E+00
3.8406E+04 1.12520154E-11 0.00000000E+00
3.8430E+04 1.04789073E-11 0.00000000E+00
3.8453E+04 1.04695313E-11 0.00000000E+00
3.8477E+04 9.81287635E-12 0.00000000E+00
3.8500E+04 8.56315337E-12 0.00000000E+00
3.8524E+04 8.03618773E-12 0.00000000E+00
3.8547E+04 7.73474692E-12 0.00000000E+00
3.8571E+04 6.65809592E-12 0.00000000E+00
3.8594E+04 5.64330233E-12 0.00000000E+00
3.8618E+04 5.30742287E-12 0.00000000E+00
3.8642E+04 4.70303868E-12 0.00000000E+00
3.8665E+04 3.66603136E-12 0.00000000E+00
3.8689E+04 3.10420281E-12 0.00000000E+00
3.8712E+04 2.82423512E-12 0.00000000E+00
3.8736E+04 2.15293634E-12 0.00000000E+00
3.8759E+04 1.55102031E-12 0.00000000E+00
3.8783E+04 1.38979104E-12 0.00000000E+00
3.8807E+04 1.12948862E-12 0.00000000E+00
3.8830E+04 7.43701557E-13 0.00000000E+00
3.8854E+04 7.02685417E-13 0.00000000E+00
3.8877E+04 7.55665482E-13 0.00000000E+00
3.8901E+04 6.45174889E-13 0.00000000E+00
3.8924E+04 7.85637996E-13 0.00000000E+00
3.8948E+04 1.14046584E-12 0.00000000E+00
3.8971E+04 1.27466499E-12 0.00000000E+00
3.8995E+04 1.51427986E-12 0.00000000E+00
3.9019E+04 2.14583583E-12 0.00000000E+00
3.9042E+04 2.59625576E-12 0.00000000E+00
3.9066E+04 2.82470784E-12 0.00000000E+00
3.9089E+04 3.50282548E-12 0.00000000E+00
3.9113E+04 4.32731819E-12 0.00000000E+00
3.9136E+04 4.64548990E-12 0.00000000E+00
3.9160E+04 5.06694822E-12 0.00000000E+00
3.9184E+04 6.03616127E-12 0.00000000E+00
3.9207E+04 6.66942850E-12 0.00000000E+00
3.9231E+04 6.81401321E-12 0.00000000E+00
3.9254E+04 7.46426778E-12 0.00000000E+00
3.9278E+04 8.37617606E-12 0.00000000E+00
3.9301E+04 8.56540344E-12 0.00000000E+00
3.9325E+04 8.63957738E-12 0.00000000E+00
3.9348E+04 9.38435543E-12 0.00000000E+00
3.9372E+04 9.86741833E-12 0.00000000E+00
3.9396E+04 9.60673551E-12 0.00000000E+00
3.9419E+04 9.71628946E-12 0.00000000E+00
3.9443E+04 1.02794417E-11 0.00000000E+00
3.9466E+04 1.01421832E-11 0.00000000E+00
3.9490E+04 9.62490622E-12 0.00000000E+00
3.9513E+04 9.75926601E-12 0.00000000E+00
3.9537E+04 9.87438009E-12 0.00000000E+00
3.9561E+04 9.20085441E-12 0.00000000E+00
3.9584E+04 8.66253614E-12 0.00000000E+00
3.9608E+04 8.69233324E-12 0.00000000E+00
3.9631E+04 8.27199037E-12 0.00000000E+00
3.9655E+04 7.35420619E-12 0.00000000E+00
3.9678E+04 6.92778993E-12 0.00000000E+00
3.9702E+04 6.71606116E-12 0.00000000E+00
3.9725E+04 5.91878679E-12 0.00000000E+00
3.9749E+04 5.08188841E-12 0.00000000E+00
3.9773E+04 4.76175051E-12 0.00000000E+00
3.9796E+04 4.29731594E-12 0.00000000E+00
3.9820E+04 3.44484733E-12 0.00000000E+00
3.9843E+04 2.88568949E-12 0.00000000E+00
3.9867E+04 2.60669157E-12 0.00000000E+00
3.9890E+04 2.05245208E-12 0.00000000E+00
3.9914E+04 1.45358013E-12 0.00000000E+00
3.9937E+04 1.19039349E-12 0.00000000E+00
3.9961E+04 9.42029583E-13 0.00000000E+00
3.9985E+04 5.55795632E-13 0.00000000E+00
