0.0000E+00 0.00000000E+00 0.00000000E+00
2.3562E+01 0.00000000E+00 0.00000000E+00
4.7124E+01 0.00000000E+00 0.00000000E+00
7.0686E+01 0.00000000E+00 0.00000000E+00
9.4248E+01 0.00000000E+00 0.00000000E+00
1.1781E+02 0.00000000E+00 0.00000000E+00
1.4137E+02 0.00000000E+00 0.00000000E+00
1.6493E+02 0.00000000E+00 0.00000000E+00
1.8850E+02 0.00000000E+00 0.00000000E+00
2.1206E+02 0.00000000E+00 0.00000000E+00
2.3562E+02 0.00000000E+00 0.00000000E+00
2.5918E+02 4.23552344E-272 0.00000000E+00
2.8274E+02 5.47224667E-219 0.00000000E+00
3.0631E+02 3.08953998E-176 0.00000000E+00
3.2987E+02 8.30745734E-141 0.00000000E+00
3.5343E+02 4.14477841E-111 0.00000000E+00
3.7699E+02 3.40348474E-86 0.00000000E+00
4.0055E+02 1.80715318E-65 0.00000000E+00
4.2412E+02 1.43004434E-48 0.00000000E+00
4.4768E+02 2.51949344E-35 0.00000000E+00
4.7124E+02 8.94898064E-26 0.00000000E+00
4.9480E+02 2.10251702E-20 0.00000000E+00
5.1836E+02 2.31881526E-19 0.00000000E+00
5.4192E+02 5.44473765E-19 0.00000000E+00
5.6549E+02 1.04106173E-18 0.00000000E+00
5.8905E+02 1.71715171E-18 0.00000000E+00
6.1261E+02 2.53292784E-18 0.00000000E+00
6.3617E+02 3.91925680E-18 0.00000000E+00
6.5973E+02 7.61898663E-18 0.00000000E+00
6.8330E+02 1.33260198E-17 0.00000000E+00
7.0686E+02 1.89712939E-17 0.00000000E+00
7.3042E+02 2.85372089E-17 0.00000000E+00
7.5398E+02 5.03685752E-17 0.00000000E+00
7.7754E+02 8.03980299E-17 0.00000000E+00
8.0111E+02 1.08431833E-16 0.00000000E+00
8.2467E+02 1.53867337E-16 0.00000000E+00
8.4823E+02 2.52803175E-16 0.00000000E+00
8.7179E+02 3.84503726E-16 0.00000000E+00
8.9535E+02 5.06575503E-16 0.00000000E+00
9.1892E+02 7.02604296E-16 0.00000000E+00
9.4248E+02 1.12651579E-15 0.00000000E+00
9.6604E+02 1.68027310E-15 0.00000000E+00
9.8960E+02 2.17408805E-15 0.00000000E+00
1.0132E+03 2.95058029E-15 0.00000000E+00
1.0367E+03 4.58129257E-15 0.00000000E+00
1.0603E+03 6.68031928E-15 0.00000000E+00
1.0838E+03 8.53391801E-15 0.00000000E+00
1.1074E+03 1.14193911E-14 0.00000000E+00
1.1310E+03 1.74019963E-14 0.00000000E+00
1.1545E+03 2.49909214E-14 0.00000000E+00
1.1781E+03 3.16004452E-14 0.00000000E+00
1.2017E+03 4.17660283E-14 0.00000000E+00
1.2252E+03 6.25312432E-14 0.00000000E+00
1.2488E+03 8.85084568E-14 0.00000000E+00
1.2723E+03 1.10877688E-13 0.00000000E+00
1.2959E+03 1.44911201E-13 0.00000000E+00
1.3195E+03 2.13620118E-13 0.00000000E+00
1.3430E+03 2.98609626E-13 0.00000000E+00
1.3666E+03 3.71023303E-13 0.00000000E+00
1.3902E+03 4.80089089E-13 0.00000000E+00
1.4137E+03 6.97595041E-13 0.00000000E+00
1.4373E+03 9.63433127E-13 0.00000000E+00
1.4608E+03 1.18758737E-12 0.00000000E+00
1.4844E+03 1.52186390E-12 0.00000000E+00
1.5080E+03 2.18106438E-12 0.00000000E+00
1.5315E+03 2.97784288E-12 0.00000000E+00
1.5551E+03 3.64293012E-12 0.00000000E+00
1.5787E+03 4.62532311E-12 0.00000000E+00
1.6022E+03 6.54113049E-12 0.00000000E+00
1.6258E+03 8.83126022E-12 0.00000000E+00
1.6493E+03 1.07238292E-11 0.00000000E+00
1.6729E+03 1.34927123E-11 0.00000000E+00
1.6965E+03 1.88338488E-11 0.00000000E+00
1.7200E+03 2.51499435E-11 0.00000000E+00
1.7436E+03 3.03183590E-11 0.00000000E+00
1.7671E+03 3.78089689E-11 0.00000000E+00
1.7907E+03 5.21041056E-11 0.00000000E+00
1.8143E+03 6.88297600E-11 0.00000000E+00
1.8378E+03 8.23826827E-11 0.00000000E+00
1.8614E+03 1.01839887E-10 0.00000000E+00
1.8850E+03 1.38582168E-10 0.00000000E+00
1.9085E+03 1.81125135E-10 0.00000000E+00
1.9321E+03 2.15264891E-10 0.00000000E+00
1.9556E+03 2.63814647E-10 0.00000000E+00
1.9792E+03 3.54548613E-10 0.00000000E+00
2.0028E+03 4.58538597E-10 0.00000000E+00
2.0263E+03 5.41187073E-10 0.00000000E+00
2.0499E+03 6.57602297E-10 0.00000000E+00
2.0735E+03 8.72964691E-10 0.00000000E+00
2.0970E+03 1.11733598E-09 0.00000000E+00
2.1206E+03 1.30970561E-09 0.00000000E+00
2.1441E+03 1.57806605E-09 0.00000000E+00
2.1677E+03 2.06959450E-09 0.00000000E+00
2.1913E+03 2.62192686E-09 0.00000000E+00
2.2148E+03 3.05261422E-09 0.00000000E+00
2.2384E+03 3.64758923E-09 0.00000000E+00
2.2619E+03 4.72677332E-09 0.00000000E+00
2.2855E+03 5.92804608E-09 0.00000000E+00
2.3091E+03 6.85597025E-09 0.00000000E+00
2.3326E+03 8.12519557E-09 0.00000000E+00
2.3562E+03 1.04055896E-08 0.00000000E+00
2.3798E+03 1.29208785E-08 0.00000000E+00
2.4033E+03 1.48457656E-08 0.00000000E+00
2.4269E+03 1.74521858E-08 0.00000000E+00
2.4504E+03 2.20920586E-08 0.00000000E+00
2.4740E+03 2.71650939E-08 0.00000000E+00
2.4976E+03 3.10116475E-08 0.00000000E+00
2.5211E+03 3.61667056E-08 0.00000000E+00
2.5447E+03 4.52619109E-08 0.00000000E+00
2.5683E+03 5.51230358E-08 0.00000000E+00
2.5918E+03 6.25320715E-08 0.00000000E+00
2.6154E+03 7.23572767E-08 0.00000000E+00
2.6389E+03 8.95433040E-08 0.00000000E+00
2.6625E+03 1.08028635E-07 0.00000000E+00
2.6861E+03 1.21792589E-07 0.00000000E+00
2.7096E+03 1.39848587E-07 0.00000000E+00
2.7332E+03 1.71171285E-07 0.00000000E+00
2.7567E+03 2.04610262E-07 0.00000000E+00
2.7803E+03 2.29288001E-07 0.00000000E+00
2.8039E+03 2.61302419E-07 0.00000000E+00
2.8274E+03 3.16401936E-07 0.00000000E+00
2.8510E+03 3.74814706E-07 0.00000000E+00
2.8746E+03 4.17547296E-07 0.00000000E+00
2.8981E+03 4.72350688E-07 0.00000000E+00
2.9217E+03 5.65965954E-07 0.00000000E+00
2.9452E+03 6.64575219E-07 0.00000000E+00
2.9688E+03 7.36097149E-07 0.00000000E+00
2.9924E+03 8.26737747E-07 0.00000000E+00
3.0159E+03 9.80476568E-07 0.00000000E+00
3.0395E+03 1.14147890E-06 0.00000000E+00
3.0631E+03 1.25727785E-06 0.00000000E+00
3.0866E+03 1.40223225E-06 0.00000000E+00
3.1102E+03 1.64646826E-06 0.00000000E+00
3.1337E+03 1.90093127E-06 0.00000000E+00
3.1573E+03 2.08245793E-06 0.00000000E+00
3.1809E+03 2.30679361E-06 0.00000000E+00
3.2044E+03 2.68245884E-06 0.00000000E+00
3.2280E+03 3.07212589E-06 0.00000000E+00
3.2515E+03 3.34790302E-06 0.00000000E+00
3.2751E+03 3.68419400E-06 0.00000000E+00
3.2987E+03 4.24415639E-06 0.00000000E+00
3.3222E+03 4.82286904E-06 0.00000000E+00
3.3458E+03 5.22930954E-06 0.00000000E+00
3.3694E+03 5.71807569E-06 0.00000000E+00
3.3929E+03 6.52775067E-06 0.00000000E+00
3.4165E+03 7.36216491E-06 0.00000000E+00
3.4400E+03 7.94389660E-06 0.00000000E+00
3.4636E+03 8.63334794E-06 0.00000000E+00
3.4872E+03 9.77021690E-06 0.00000000E+00
3.5107E+03 1.09395119E-05 0.00000000E+00
3.5343E+03 1.17490335E-05 0.00000000E+00
3.5579E+03 1.26939621E-05 0.00000000E+00
3.5814E+03 1.42457702E-05 0.00000000E+00
3.6050E+03 1.58401383E-05 0.00000000E+00
3.6285E+03 1.69366993E-05 0.00000000E+00
3.6521E+03 1.81964716E-05 0.00000000E+00
3.6757E+03 2.02580471E-05 0.00000000E+00
3.6992E+03 2.23759028E-05 0.00000000E+00
3.7228E+03 2.38236011E-05 0.00000000E+00
3.7463E+03 2.54593454E-05 0.00000000E+00
3.7699E+03 2.81281954E-05 0.00000000E+00
3.7935E+03 3.08722275E-05 0.00000000E+00
3.8170E+03 3.27374370E-05 0.00000000E+00
3.8406E+03 3.48086634E-05 0.00000000E+00
3.8642E+03 3.81797143E-05 0.00000000E+00
3.8877E+03 4.16520892E-05 0.00000000E+00
3.9113E+03 4.40004332E-05 0.00000000E+00
3.9348E+03 4.65614380E-05 0.00000000E+00
3.9584E+03 5.07214525E-05 0.00000000E+00
3.9820E+03 5.50186207E-05 0.00000000E+00
4.0055E+03 5.79117837E-05 0.00000000E+00
4.0291E+03 6.10082418E-05 0.00000000E+00
4.0527E+03 6.60305223E-05 0.00000000E+00
4.0762E+03 7.12381506E-05 0.00000000E+00
4.0998E+03 7.47308422E-05 0.00000000E+00
4.1233E+03 7.83969706E-05 0.00000000E+00
4.1469E+03 8.43369294E-05 0.00000000E+00
4.1705E+03 9.05254651E-05 0.00000000E+00
4.1940E+03 9.46628206E-05 0.00000000E+00
4.2176E+03 9.89194087E-05 0.00000000E+00
4.2412E+03 1.05811455E-04 0.00000000E+00
4.2647E+03 1.13032730E-04 0.00000000E+00
4.2883E+03 1.17848357E-04 0.00000000E+00
4.3118E+03 1.22701820E-04 0.00000000E+00
4.3354E+03 1.30557817E-04 0.00000000E+00
4.3590E+03 1.38842943E-04 0.00000000E+00
4.3825E+03 1.44357724E-04 0.00000000E+00
4.4061E+03 1.49800181E-04 0.00000000E+00
4.4296E+03 1.58609502E-04 0.00000000E+00
4.4532E+03 1.67968134E-04 0.00000000E+00
4.4768E+03 1.74189793E-04 0.00000000E+00
4.5003E+03 1.80200043E-04 0.00000000E+00
4.5239E+03 1.89931044E-04 0.00000000E+00
4.5475E+03 2.00351917E-04 0.00000000E+00
4.5710E+03 2.07275268E-04 0.00000000E+00
4.5946E+03 2.13820425E-04 0.00000000E+00
4.6181E+03 2.24423021E-04 0.00000000E+00
4.6417E+03 2.35875546E-04 0.00000000E+00
4.6653E+03 2.43483290E-04 0.00000000E+00
4.6888E+03 2.50520817E-04 0.00000000E+00
4.7124E+03 2.61929754E-04 0.00000000E+00
4.7360E+03 2.74366366E-04 0.00000000E+00
4.7595E+03 2.82630278E-04 0.00000000E+00
4.7831E+03 2.90110148E-04 0.00000000E+00
4.8066E+03 3.02248560E-04 0.00000000E+00
4.8302E+03 3.15607530E-04 0.00000000E+00
4.8538E+03 3.24489870E-04 0.00000000E+00
4.8773E+03 3.32356641E-04 0.00000000E+00
4.9009E+03 3.45139562E-04 0.00000000E+00
4.9244E+03 3.59347961E-04 0.00000000E+00
4.9480E+03 3.68802977E-04 0.00000000E+00
4.9716E+03 3.76997637E-04 0.00000000E+00
4.9951E+03 3.90335184E-04 0.00000000E+00
5.0187E+03 4.05311777E-04 0.00000000E+00
5.0423E+03 4.15287210E-04 0.00000000E+00
5.0658E+03 4.23748702E-04 0.00000000E+00
5.0894E+03 4.37548778E-04 0.00000000E+00
5.1129E+03 4.53206683E-04 0.00000000E+00
5.1365E+03 4.63645190E-04 0.00000000E+00
5.1601E+03 4.72311607E-04 0.00000000E+00
5.1836E+03 4.86482056E-04 0.00000000E+00
5.2072E+03 5.02731063E-04 0.00000000E+00
5.2308E+03 5.13571518E-04 0.00000000E+00
5.2543E+03 5.22380994E-04 0.00000000E+00
5.2779E+03 5.36831220E-04 0.00000000E+00
5.3014E+03 5.53579724E-04 0.00000000E+00
5.3250E+03 5.64758390E-04 0.00000000E+00
5.3486E+03 5.73649732E-04 0.00000000E+00
5.3721E+03 5.88291821E-04 0.00000000E+00
5.3957E+03 6.05448379E-04 0.00000000E+00
5.4192E+03 6.16899940E-04 0.00000000E+00
5.4428E+03 6.25813066E-04 0.00000000E+00
5.4664E+03 6.40562514E-04 0.00000000E+00
5.4899E+03 6.58037046E-04 0.00000000E+00
5.5135E+03 6.69695497E-04 0.00000000E+00
5.5371E+03 6.78571736E-04 0.00000000E+00
5.5606E+03 6.93347863E-04 0.00000000E+00
5.5842E+03 7.11052552E-04 0.00000000E+00
5.6077E+03 7.22851964E-04 0.00000000E+00
5.6313E+03 7.31634264E-04 0.00000000E+00
5.6549E+03 7.46360403E-04 0.00000000E+00
5.6784E+03 7.64210341E-04 0.00000000E+00
5.7020E+03 7.76085513E-04 0.00000000E+00
5.7256E+03 7.84718598E-04 0.00000000E+00
5.7491E+03 7.99322138E-04 0.00000000E+00
5.7727E+03 8.17235766E-04 0.00000000E+00
5.7962E+03 8.29122769E-04 0.00000000E+00
5.8198E+03 8.37553267E-04 0.00000000E+00
5.8434E+03 8.51965601E-04 0.00000000E+00
5.8669E+03 8.69865003E-04 0.00000000E+00
5.8905E+03 8.81701635E-04 0.00000000E+00
5.9140E+03 8.89878195E-04 0.00000000E+00
5.9376E+03 9.04034622E-04 0.00000000E+00
5.9612E+03 9.21845701E-04 0.00000000E+00
5.9847E+03 9.33571864E-04 0.00000000E+00
6.0083E+03 9.41445268E-04 0.00000000E+00
6.0319E+03 9.55284880E-04 0.00000000E+00
6.0554E+03 9.72937451E-04 0.00000000E+00
6.0790E+03 9.84495459E-04 0.00000000E+00
6.1025E+03 9.92018736E-04 0.00000000E+00
6.1261E+03 1.00548430E-03 0.00000000E+00
6.1497E+03 1.02291214E-03 0.00000000E+00
6.1732E+03 1.03424697E-03 0.00000000E+00
6.1968E+03 1.04137551E-03 0.00000000E+00
6.2204E+03 1.05441338E-03 0.00000000E+00
6.2439E+03 1.07155421E-03 0.00000000E+00
6.2675E+03 1.08261371E-03 0.00000000E+00
6.2910E+03 1.08930538E-03 0.00000000E+00
6.3146E+03 1.10186539E-03 0.00000000E+00
6.3382E+03 1.11866087E-03 0.00000000E+00
6.3617E+03 1.12939594E-03 0.00000000E+00
6.3853E+03 1.13561120E-03 0.00000000E+00
6.4088E+03 1.14764661E-03 0.00000000E+00
6.4324E+03 1.16404231E-03 0.00000000E+00
6.4560E+03 1.17440698E-03 0.00000000E+00
6.4795E+03 1.18010898E-03 0.00000000E+00
6.5031E+03 1.19157643E-03 0.00000000E+00
6.5267E+03 1.20752177E-03 0.00000000E+00
6.5502E+03 1.21747336E-03 0.00000000E+00
6.5738E+03 1.22262806E-03 0.00000000E+00
6.5973E+03 1.23348753E-03 0.00000000E+00
6.6209E+03 1.24893572E-03 0.00000000E+00
6.6445E+03 1.25843488E-03 0.00000000E+00
6.6680E+03 1.26301115E-03 0.00000000E+00
6.6916E+03 1.27322592E-03 0.00000000E+00
6.7152E+03 1.28813392E-03 0.00000000E+00
6.7387E+03 1.29714469E-03 0.00000000E+00
6.7623E+03 1.30111436E-03 0.00000000E+00
6.7858E+03 1.31065102E-03 0.00000000E+00
6.8094E+03 1.32497945E-03 0.00000000E+00
6.8330E+03 1.33346929E-03 0.00000000E+00
6.8565E+03 1.33680727E-03 0.00000000E+00
6.8801E+03 1.34563568E-03 0.00000000E+00
6.9036E+03 1.35934884E-03 0.00000000E+00
6.9272E+03 1.36728862E-03 0.00000000E+00
6.9508E+03 1.36997290E-03 0.00000000E+00
6.9743E+03 1.37806620E-03 0.00000000E+00
6.9979E+03 1.39113190E-03 0.00000000E+00
7.0215E+03 1.39849591E-03 0.00000000E+00
7.0450E+03 1.40050767E-03 0.00000000E+00
7.0686E+03 1.40784227E-03 0.00000000E+00
7.0921E+03 1.42023182E-03 0.00000000E+00
7.1157E+03 1.42699773E-03 0.00000000E+00
7.1393E+03 1.42832130E-03 0.00000000E+00
7.1628E+03 1.43487688E-03 0.00000000E+00
7.1864E+03 1.44656500E-03 0.00000000E+00
7.2100E+03 1.45271383E-03 0.00000000E+00
7.2335E+03 1.45333674E-03 0.00000000E+00
7.2571E+03 1.45909622E-03 0.00000000E+00
7.2806E+03 1.47006101E-03 0.00000000E+00
7.3042E+03 1.47557705E-03 0.00000000E+00
7.3278E+03 1.47549003E-03 0.00000000E+00
7.3513E+03 1.48043958E-03 0.00000000E+00
7.3749E+03 1.49066242E-03 0.00000000E+00
7.3985E+03 1.49553318E-03 0.00000000E+00
7.4220E+03 1.49473012E-03 0.00000000E+00
7.4456E+03 1.49885912E-03 0.00000000E+00
7.4691E+03 1.50832461E-03 0.00000000E+00
7.4927E+03 1.51254077E-03 0.00000000E+00
7.5163E+03 1.51101869E-03 0.00000000E+00
7.5398E+03 1.51431973E-03 0.00000000E+00
7.5634E+03 1.52301566E-03 0.00000000E+00
7.5869E+03 1.52657094E-03 0.00000000E+00
7.6105E+03 1.52432995E-03 0.00000000E+00
7.6341E+03 1.52679880E-03 0.00000000E+00
7.6576E+03 1.53471605E-03 0.00000000E+00
7.6812E+03 1.53760717E-03 0.00000000E+00
7.7048E+03 1.53465042E-03 0.00000000E+00
7.7283E+03 1.53628597E-03 0.00000000E+00
7.7519E+03 1.54341849E-03 0.00000000E+00
7.7754E+03 1.54564507E-03 0.00000000E+00
7.7990E+03 1.54197867E-03 0.00000000E+00
7.8226E+03 1.54278291E-03 0.00000000E+00
7.8461E+03 1.54912764E-03 0.00000000E+00
7.8697E+03 1.55069212E-03 0.00000000E+00
7.8933E+03 1.54632508E-03 0.00000000E+00
7.9168E+03 1.54630305E-03 0.00000000E+00
7.9404E+03 1.55185986E-03 0.00000000E+00
7.9639E+03 1.55276741E-03 0.00000000E+00
7.9875E+03 1.54771154E-03 0.00000000E+00
8.0111E+03 1.54687126E-03 0.00000000E+00
8.0346E+03 1.55164289E-03 0.00000000E+00
8.0582E+03 1.55190135E-03 0.00000000E+00
8.0817E+03 1.54617117E-03 0.00000000E+00
8.1053E+03 1.54452359E-03 0.00000000E+00
8.1289E+03 1.54851560E-03 0.00000000E+00
8.1524E+03 1.54813536E-03 0.00000000E+00
8.1760E+03 1.54174804E-03 0.00000000E+00
8.1996E+03 1.53930694E-03 0.00000000E+00
8.2231E+03 1.54252763E-03 0.00000000E+00
8.2467E+03 1.54152154E-03 0.00000000E+00
8.2702E+03 1.53449677E-03 0.00000000E+00
8.2938E+03 1.53127870E-03 0.00000000E+00
8.3174E+03 1.53373905E-03 0.00000000E+00
8.3409E+03 1.53212236E-03 0.00000000E+00
8.3645E+03 1.52448224E-03 0.00000000E+00
8.3881E+03 1.52050641E-03 0.00000000E+00
8.4116E+03 1.52221998E-03 0.00000000E+00
8.4352E+03 1.52001024E-03 0.00000000E+00
8.4587E+03 1.51177920E-03 0.00000000E+00
8.4823E+03 1.50706738E-03 0.00000000E+00
8.5059E+03 1.50805023E-03 0.00000000E+00
8.5294E+03 1.50526719E-03 0.00000000E+00
8.5530E+03 1.49647184E-03 0.00000000E+00
8.5765E+03 1.49104827E-03 0.00000000E+00
8.6001E+03 1.49131886E-03 0.00000000E+00
8.6237E+03 1.48798435E-03 0.00000000E+00
8.6472E+03 1.47865342E-03 0.00000000E+00
8.6708E+03 1.47254465E-03 0.00000000E+00
8.6944E+03 1.47212374E-03 0.00000000E+00
8.7179E+03 1.46826158E-03 0.00000000E+00
8.7415E+03 1.45842573E-03 0.00000000E+00
8.7650E+03 1.45166054E-03 0.00000000E+00
8.7886E+03 1.45057108E-03 0.00000000E+00
8.8122E+03 1.44620695E-03 0.00000000E+00
8.8357E+03 1.43589869E-03 0.00000000E+00
8.8593E+03 1.42850795E-03 0.00000000E+00
8.8829E+03 1.42677492E-03 0.00000000E+00
8.9064E+03 1.42193627E-03 0.00000000E+00
8.9300E+03 1.41118980E-03 0.00000000E+00
8.9535E+03 1.40320630E-03 0.00000000E+00
8.9771E+03 1.40085663E-03 0.00000000E+00
9.0007E+03 1.39557250E-03 0.00000000E+00
9.0242E+03 1.38442358E-03 0.00000000E+00
9.0478E+03 1.37588192E-03 0.00000000E+00
9.0713E+03 1.37294432E-03 0.00000000E+00
9.0949E+03 1.36724524E-03 0.00000000E+00
9.1185E+03 1.35573105E-03 0.00000000E+00
9.1420E+03 1.34666749E-03 0.00000000E+00
9.1656E+03 1.34317231E-03 0.00000000E+00
9.1892E+03 1.33709013E-03 0.00000000E+00
9.2127E+03 1.32524911E-03 0.00000000E+00
9.2363E+03 1.31570139E-03 0.00000000E+00
9.2598E+03 1.31168048E-03 0.00000000E+00
9.2834E+03 1.30524824E-03 0.00000000E+00
9.3070E+03 1.29311993E-03 0.00000000E+00
9.3305E+03 1.28312714E-03 0.00000000E+00
9.3541E+03 1.27861367E-03 0.00000000E+00
9.3777E+03 1.27186544E-03 0.00000000E+00
9.4012E+03 1.25949033E-03 0.00000000E+00
9.4248E+03 1.24909273E-03 0.00000000E+00
9.4483E+03 1.24412107E-03 0.00000000E+00
9.4719E+03 1.23709177E-03 0.00000000E+00
9.4955E+03 1.22451113E-03 0.00000000E+00
9.5190E+03 1.21375000E-03 0.00000000E+00
9.5426E+03 1.20835552E-03 0.00000000E+00
9.5661E+03 1.20108077E-03 0.00000000E+00
9.5897E+03 1.18833647E-03 0.00000000E+00
9.6133E+03 1.17725395E-03 0.00000000E+00
9.6368E+03 1.17147287E-03 0.00000000E+00
9.6604E+03 1.16398881E-03 0.00000000E+00
9.6840E+03 1.15112319E-03 0.00000000E+00
9.7075E+03 1.13976208E-03 0.00000000E+00
9.7311E+03 1.13363132E-03 0.00000000E+00
9.7546E+03 1.12597447E-03 0.00000000E+00
9.7782E+03 1.11303008E-03 0.00000000E+00
9.8018E+03 1.10143369E-03 0.00000000E+00
9.8253E+03 1.09499070E-03 0.00000000E+00
9.8489E+03 1.08719776E-03 0.00000000E+00
9.8725E+03 1.07421728E-03 0.00000000E+00
9.8960E+03 1.06242926E-03 0.00000000E+00
9.9196E+03 1.05571184E-03 0.00000000E+00
9.9431E+03 1.04781954E-03 0.00000000E+00
9.9667E+03 1.03484553E-03 0.00000000E+00
9.9903E+03 1.02290971E-03 0.00000000E+00
1.0014E+04 1.01595587E-03 0.00000000E+00
1.0037E+04 1.00800079E-03 0.00000000E+00
1.0061E+04 9.95075569E-04 0.00000000E+00
1.0085E+04 9.83035758E-04 0.00000000E+00
1.0108E+04 9.75883555E-04 0.00000000E+00
1.0132E+04 9.67901986E-04 0.00000000E+00
1.0155E+04 9.55067403E-04 0.00000000E+00
1.0179E+04 9.42967242E-04 0.00000000E+00
1.0202E+04 9.35654628E-04 0.00000000E+00
1.0226E+04 9.27682389E-04 0.00000000E+00
1.0249E+04 9.14979695E-04 0.00000000E+00
1.0273E+04 9.02862487E-04 0.00000000E+00
1.0297E+04 8.95427150E-04 0.00000000E+00
1.0320E+04 8.87499450E-04 0.00000000E+00
1.0344E+04 8.74969111E-04 0.00000000E+00
1.0367E+04 8.62877652E-04 0.00000000E+00
1.0391E+04 8.55356875E-04 0.00000000E+00
1.0414E+04 8.47508159E-04 0.00000000E+00
1.0438E+04 8.35189695E-04 0.00000000E+00
1.0462E+04 8.23166117E-04 0.00000000E+00
1.0485E+04 8.15596633E-04 0.00000000E+00
1.0509E+04 8.07860446E-04 0.00000000E+00
1.0532E+04 7.95792273E-04 0.00000000E+00
1.0556E+04 7.83877880E-04 0.00000000E+00
1.0579E+04 7.76295738E-04 0.00000000E+00
1.0603E+04 7.68704589E-04 0.00000000E+00
1.0626E+04 7.56923870E-04 0.00000000E+00
1.0650E+04 7.45158990E-04 0.00000000E+00
1.0674E+04 7.37599420E-04 0.00000000E+00
1.0697E+04 7.30184657E-04 0.00000000E+00
1.0721E+04 7.18727153E-04 0.00000000E+00
1.0744E+04 7.07150989E-04 0.00000000E+00
1.0768E+04 6.99648277E-04 0.00000000E+00
1.0791E+04 6.92439970E-04 0.00000000E+00
1.0815E+04 6.81339910E-04 0.00000000E+00
1.0838E+04 6.69990394E-04 0.00000000E+00
1.0862E+04 6.62577761E-04 0.00000000E+00
1.0886E+04 6.55604594E-04 0.00000000E+00
1.0909E+04 6.44894543E-04 0.00000000E+00
1.0933E+04 6.33808205E-04 0.00000000E+00
1.0956E+04 6.26517696E-04 0.00000000E+00
1.0980E+04 6.19806862E-04 0.00000000E+00
1.1003E+04 6.09517607E-04 0.00000000E+00
1.1027E+04 5.98729443E-04 0.00000000E+00
1.1051E+04 5.91591814E-04 0.00000000E+00
1.1074E+04 5.85168931E-04 0.00000000E+00
1.1098E+04 5.75329371E-04 0.00000000E+00
1.1121E+04 5.64872721E-04 0.00000000E+00
1.1145E+04 5.57917343E-04 0.00000000E+00
1.1168E+04 5.51806368E-04 0.00000000E+00
1.1192E+04 5.42443416E-04 0.00000000E+00
1.1215E+04 5.32349854E-04 0.00000000E+00
1.1239E+04 5.25604617E-04 0.00000000E+00
1.1263E+04 5.19827772E-04 0.00000000E+00
1.1286E+04 5.10966269E-04 0.00000000E+00
1.1310E+04 5.01265495E-04 0.00000000E+00
1.1333E+04 4.94756721E-04 0.00000000E+00
1.1357E+04 4.89334432E-04 0.00000000E+00
1.1380E+04 4.80997070E-04 0.00000000E+00
1.1404E+04 4.71716819E-04 0.00000000E+00
1.1428E+04 4.65469183E-04 0.00000000E+00
1.1451E+04 4.60420022E-04 0.00000000E+00
1.1475E+04 4.52627279E-04 0.00000000E+00
1.1498E+04 4.43793230E-04 0.00000000E+00
1.1522E+04 4.37829688E-04 0.00000000E+00
1.1545E+04 4.33170329E-04 0.00000000E+00
1.1569E+04 4.25940418E-04 0.00000000E+00
1.1592E+04 4.17576121E-04 0.00000000E+00
1.1616E+04 4.11917844E-04 0.00000000E+00
1.1640E+04 4.07663026E-04 0.00000000E+00
1.1663E+04 4.01011846E-04 0.00000000E+00
1.1687E+04 3.93138656E-04 0.00000000E+00
1.1710E+04 3.87804977E-04 0.00000000E+00
1.1734E+04 3.83967473E-04 0.00000000E+00
1.1757E+04 3.77908584E-04 0.00000000E+00
1.1781E+04 3.70545603E-04 0.00000000E+00
1.1805E+04 3.65553963E-04 0.00000000E+00
1.1828E+04 3.62144566E-04 0.00000000E+00
1.1852E+04 3.56689162E-04 0.00000000E+00
1.1875E+04 3.49853198E-04 0.00000000E+00
1.1899E+04 3.45219108E-04 0.00000000E+00
1.1922E+04 3.42246612E-04 0.00000000E+00
1.1946E+04 3.37403518E-04 0.00000000E+00
1.1969E+04 3.31109046E-04 0.00000000E+00
1.1993E+04 3.26846055E-04 0.00000000E+00
1.2017E+04 3.24317256E-04 0.00000000E+00
1.2040E+04 3.20092922E-04 0.00000000E+00
1.2064E+04 3.14352063E-04 0.00000000E+00
1.2087E+04 3.10471730E-04 0.00000000E+00
1.2111E+04 3.08391430E-04 0.00000000E+00
1.2134E+04 3.04789946E-04 0.00000000E+00
1.2158E+04 2.99612454E-04 0.00000000E+00
1.2182E+04 2.96124335E-04 0.00000000E+00
1.2205E+04 2.94495351E-04 0.00000000E+00
1.2229E+04 2.91518468E-04 0.00000000E+00
1.2252E+04 2.86911724E-04 0.00000000E+00
1.2276E+04 2.83823363E-04 0.00000000E+00
1.2299E+04 2.82646548E-04 0.00000000E+00
1.2323E+04 2.80293706E-04 0.00000000E+00
1.2346E+04 2.76262731E-04 0.00000000E+00
1.2370E+04 2.73579656E-04 0.00000000E+00
1.2394E+04 2.72853928E-04 0.00000000E+00
1.2417E+04 2.71122296E-04 0.00000000E+00
1.2441E+04 2.67669764E-04 0.00000000E+00
1.2464E+04 2.65395502E-04 0.00000000E+00
1.2488E+04 2.65117871E-04 0.00000000E+00
1.2511E+04 2.64002397E-04 0.00000000E+00
1.2535E+04 2.61128669E-04 0.00000000E+00
1.2559E+04 2.59264753E-04 0.00000000E+00
1.2582E+04 2.59430366E-04 0.00000000E+00
1.2606E+04 2.58923834E-04 0.00000000E+00
1.2629E+04 2.56626989E-04 0.00000000E+00
1.2653E+04 2.55172992E-04 0.00000000E+00
1.2676E+04 2.55775173E-04 0.00000000E+00
1.2700E+04 2.55868266E-04 0.00000000E+00
1.2723E+04 2.54144155E-04 0.00000000E+00
1.2747E+04 2.53097713E-04 0.00000000E+00
1.2771E+04 2.54128022E-04 0.00000000E+00
1.2794E+04 2.54809390E-04 0.00000000E+00
1.2818E+04 2.53651690E-04 0.00000000E+00
1.2841E+04 2.53008548E-04 0.00000000E+00
1.2865E+04 2.54456830E-04 0.00000000E+00
1.2888E+04 2.55713178E-04 0.00000000E+00
1.2912E+04 2.55113454E-04 0.00000000E+00
1.2936E+04 2.54867509E-04 0.00000000E+00
1.2959E+04 2.56721964E-04 0.00000000E+00
1.2983E+04 2.58538127E-04 0.00000000E+00
1.3006E+04 2.58485912E-04 0.00000000E+00
1.3030E+04 2.58629268E-04 0.00000000E+00
1.3053E+04 2.60876513E-04 0.00000000E+00
1.3077E+04 2.63235551E-04 0.00000000E+00
1.3100E+04 2.63718421E-04 0.00000000E+00
1.3124E+04 2.64241454E-04 0.00000000E+00
1.3148E+04 2.66866599E-04 0.00000000E+00
1.3171E+04 2.69749891E-04 0.00000000E+00
1.3195E+04 2.70753557E-04 0.00000000E+00
1.3218E+04 2.71644976E-04 0.00000000E+00
1.3242E+04 2.74631700E-04 0.00000000E+00
1.3265E+04 2.78019045E-04 0.00000000E+00
1.3289E+04 2.79527446E-04 0.00000000E+00
1.3312E+04 2.80774373E-04 0.00000000E+00
1.3336E+04 2.84105004E-04 0.00000000E+00
1.3360E+04 2.87974725E-04 0.00000000E+00
1.3383E+04 2.89970129E-04 0.00000000E+00
1.3407E+04 2.91558180E-04 0.00000000E+00
1.3430E+04 2.95213780E-04 0.00000000E+00
1.3454E+04 2.99542830E-04 0.00000000E+00
1.3477E+04 3.02005942E-04 0.00000000E+00
1.3501E+04 3.03919307E-04 0.00000000E+00
1.3525E+04 3.07879763E-04 0.00000000E+00
1.3548E+04 3.12643837E-04 0.00000000E+00
1.3572E+04 3.15553908E-04 0.00000000E+00
1.3595E+04 3.17775450E-04 0.00000000E+00
1.3619E+04 3.22019561E-04 0.00000000E+00
1.3642E+04 3.27193207E-04 0.00000000E+00
1.3666E+04 3.30528153E-04 0.00000000E+00
1.3689E+04 3.33039498E-04 0.00000000E+00
1.3713E+04 3.37545073E-04 0.00000000E+00
1.3737E+04 3.43101811E-04 0.00000000E+00
1.3760E+04 3.46838328E-04 0.00000000E+00
1.3784E+04 3.49619970E-04 0.00000000E+00
1.3807E+04 3.54363923E-04 0.00000000E+00
1.3831E+04 3.60276357E-04 0.00000000E+00
1.3854E+04 3.64390045E-04 0.00000000E+00
1.3878E+04 3.67421448E-04 0.00000000E+00
1.3902E+04 3.72379899E-04 0.00000000E+00
1.3925E+04 3.78619834E-04 0.00000000E+00
1.3949E+04 3.83085324E-04 0.00000000E+00
1.3972E+04 3.86345032E-04 0.00000000E+00
1.3996E+04 3.91493405E-04 0.00000000E+00
1.4019E+04 3.98031969E-04 0.00000000E+00
1.4043E+04 4.02823044E-04 0.00000000E+00
1.4066E+04 4.06288790E-04 0.00000000E+00
1.4090E+04 4.11601920E-04 0.00000000E+00
1.4114E+04 4.18409677E-04 0.00000000E+00
1.4137E+04 4.23499404E-04 0.00000000E+00
1.4161E+04 4.27148224E-04 0.00000000E+00
1.4184E+04 4.32600456E-04 0.00000000E+00
1.4208E+04 4.39647526E-04 0.00000000E+00
1.4231E+04 4.45008381E-04 0.00000000E+00
1.4255E+04 4.48816732E-04 0.00000000E+00
1.4279E+04 4.54382026E-04 0.00000000E+00
1.4302E+04 4.61638200E-04 0.00000000E+00
1.4326E+04 4.67242197E-04 0.00000000E+00
1.4349E+04 4.71186069E-04 0.00000000E+00
1.4373E+04 4.76838109E-04 0.00000000E+00
1.4396E+04 4.84272964E-04 0.00000000E+00
1.4420E+04 4.90091780E-04 0.00000000E+00
1.4443E+04 4.94146818E-04 0.00000000E+00
1.4467E+04 4.99859115E-04 0.00000000E+00
1.4491E+04 5.07442126E-04 0.00000000E+00
1.4514E+04 5.13447228E-04 0.00000000E+00
1.4538E+04 5.17588847E-04 0.00000000E+00
1.4561E+04 5.23334841E-04 0.00000000E+00
1.4585E+04 5.31035495E-04 0.00000000E+00
1.4608E+04 5.37198264E-04 0.00000000E+00
1.4632E+04 5.41401768E-04 0.00000000E+00
1.4656E+04 5.47154936E-04 0.00000000E+00
1.4679E+04 5.54942840E-04 0.00000000E+00
1.4703E+04 5.61234689E-04 0.00000000E+00
1.4726E+04 5.65475386E-04 0.00000000E+00
1.4750E+04 5.71209346E-04 0.00000000E+00
1.4773E+04 5.79054329E-04 0.00000000E+00
1.4797E+04 5.85446826E-04 0.00000000E+00
1.4820E+04 5.89700145E-04 0.00000000E+00
1.4844E+04 5.95388755E-04 0.00000000E+00
1.4868E+04 6.03260977E-04 0.00000000E+00
1.4891E+04 6.09725955E-04 0.00000000E+00
1.4915E+04 6.13967558E-04 0.00000000E+00
1.4938E+04 6.19585020E-04 0.00000000E+00
1.4962E+04 6.27455068E-04 0.00000000E+00
1.4985E+04 6.33964739E-04 0.00000000E+00
1.5009E+04 6.38170635E-04 0.00000000E+00
1.5033E+04 6.43691590E-04 0.00000000E+00
1.5056E+04 6.51530576E-04 0.00000000E+00
1.5080E+04 6.58057634E-04 0.00000000E+00
1.5103E+04 6.62204284E-04 0.00000000E+00
1.5127E+04 6.67603913E-04 0.00000000E+00
1.5150E+04 6.75383565E-04 0.00000000E+00
1.5174E+04 6.81901292E-04 0.00000000E+00
1.5197E+04 6.85965714E-04 0.00000000E+00
1.5221E+04 6.91219829E-04 0.00000000E+00
1.5245E+04 6.98912579E-04 0.00000000E+00
1.5268E+04 7.05394940E-04 0.00000000E+00
1.5292E+04 7.09354811E-04 0.00000000E+00
1.5315E+04 7.14439946E-04 0.00000000E+00
1.5339E+04 7.22019018E-04 0.00000000E+00
1.5362E+04 7.28440751E-04 0.00000000E+00
1.5386E+04 7.32274504E-04 0.00000000E+00
1.5410E+04 7.37168002E-04 0.00000000E+00
1.5433E+04 7.44607488E-04 0.00000000E+00
1.5457E+04 7.50944192E-04 0.00000000E+00
1.5480E+04 7.54631105E-04 0.00000000E+00
1.5504E+04 7.59311206E-04 0.00000000E+00
1.5527E+04 7.66586142E-04 0.00000000E+00
1.5551E+04 7.72814356E-04 0.00000000E+00
1.5574E+04 7.76334641E-04 0.00000000E+00
1.5598E+04 7.80780559E-04 0.00000000E+00
1.5622E+04 7.87866997E-04 0.00000000E+00
1.5645E+04 7.93964272E-04 0.00000000E+00
1.5669E+04 7.97299156E-04 0.00000000E+00
1.5692E+04 8.01491156E-04 0.00000000E+00
1.5716E+04 8.08366229E-04 0.00000000E+00
1.5739E+04 8.14311200E-04 0.00000000E+00
1.5763E+04 8.17442998E-04 0.00000000E+00
1.5787E+04 8.21362466E-04 0.00000000E+00
1.5810E+04 8.28004451E-04 0.00000000E+00
1.5834E+04 8.33776893E-04 0.00000000E+00
1.5857E+04 8.36689081E-04 0.00000000E+00
1.5881E+04 8.40318592E-04 0.00000000E+00
1.5904E+04 8.46706964E-04 0.00000000E+00
1.5928E+04 8.52287850E-04 0.00000000E+00
1.5951E+04 8.54965124E-04 0.00000000E+00
1.5975E+04 8.58288508E-04 0.00000000E+00
1.5999E+04 8.64403992E-04 0.00000000E+00
1.6022E+04 8.69775541E-04 0.00000000E+00
1.6046E+04 8.72203872E-04 0.00000000E+00
1.6069E+04 8.75206264E-04 0.00000000E+00
1.6093E+04 8.81030882E-04 0.00000000E+00
1.6116E+04 8.86176599E-04 0.00000000E+00
1.6140E+04 8.88343288E-04 0.00000000E+00
1.6163E+04 8.91011184E-04 0.00000000E+00
1.6187E+04 8.96528294E-04 0.00000000E+00
1.6211E+04 9.01433008E-04 0.00000000E+00
1.6234E+04 9.03326720E-04 0.00000000E+00
1.6258E+04 9.05648022E-04 0.00000000E+00
1.6281E+04 9.10842357E-04 0.00000000E+00
1.6305E+04 9.15492245E-04 0.00000000E+00
1.6328E+04 9.17103052E-04 0.00000000E+00
1.6352E+04 9.19067105E-04 0.00000000E+00
1.6376E+04 9.23924802E-04 0.00000000E+00
1.6399E+04 9.28307417E-04 0.00000000E+00
1.6423E+04 9.29626819E-04 0.00000000E+00
1.6446E+04 9.31224449E-04 0.00000000E+00
1.6470E+04 9.35733076E-04 0.00000000E+00
1.6493E+04 9.39837358E-04 0.00000000E+00
1.6517E+04 9.40858307E-04 0.00000000E+00
1.6540E+04 9.42081846E-04 0.00000000E+00
1.6564E+04 9.46230421E-04 0.00000000E+00
1.6588E+04 9.50046709E-04 0.00000000E+00
1.6611E+04 9.50763622E-04 0.00000000E+00
1.6635E+04 9.51606932E-04 0.00000000E+00
1.6658E+04 9.55385940E-04 0.00000000E+00
1.6682E+04 9.58905975E-04 0.00000000E+00
1.6705E+04 9.59314740E-04 0.00000000E+00
1.6729E+04 9.59773225E-04 0.00000000E+00
1.6753E+04 9.63174628E-04 0.00000000E+00
1.6776E+04 9.66391551E-04 0.00000000E+00
1.6800E+04 9.66489524E-04 0.00000000E+00
1.6823E+04 9.66560143E-04 0.00000000E+00
1.6847E+04 9.69577385E-04 0.00000000E+00
1.6870E+04 9.72485731E-04 0.00000000E+00
1.6894E+04 9.72271730E-04 0.00000000E+00
1.6917E+04 9.71952995E-04 0.00000000E+00
1.6941E+04 9.74581005E-04 0.00000000E+00
1.6965E+04 9.77176687E-04 0.00000000E+00
1.6988E+04 9.76650976E-04 0.00000000E+00
1.7012E+04 9.75942951E-04 0.00000000E+00
1.7035E+04 9.78178137E-04 0.00000000E+00
1.7059E+04 9.80458428E-04 0.00000000E+00
1.7082E+04 9.79622695E-04 0.00000000E+00
1.7106E+04 9.78526986E-04 0.00000000E+00
1.7130E+04 9.80367223E-04 0.00000000E+00
1.7153E+04 9.82330735E-04 0.00000000E+00
1.7177E+04 9.81188066E-04 0.00000000E+00
1.7200E+04 9.79707803E-04 0.00000000E+00
1.7224E+04 9.81152425E-04 0.00000000E+00
1.7247E+04 9.82799078E-04 0.00000000E+00
1.7271E+04 9.81353920E-04 0.00000000E+00
1.7294E+04 9.79493733E-04 0.00000000E+00
1.7318E+04 9.80543509E-04 0.00000000E+00
1.7342E+04 9.81874502E-04 0.00000000E+00
1.7365E+04 9.80132623E-04 0.00000000E+00
1.7389E+04 9.77898616E-04 0.00000000E+00
1.7412E+04 9.78555732E-04 0.00000000E+00
1.7436E+04 9.79573501E-04 0.00000000E+00
1.7459E+04 9.77541948E-04 0.00000000E+00
1.7483E+04 9.74941661E-04 0.00000000E+00
1.7507E+04 9.75209686E-04 0.00000000E+00
1.7530E+04 9.75917871E-04 0.00000000E+00
1.7554E+04 9.73604913E-04 0.00000000E+00
1.7577E+04 9.70647281E-04 0.00000000E+00
1.7601E+04 9.70531142E-04 0.00000000E+00
1.7624E+04 9.70934537E-04 0.00000000E+00
1.7648E+04 9.68349612E-04 0.00000000E+00
1.7671E+04 9.65044921E-04 0.00000000E+00
1.7695E+04 9.64550863E-04 0.00000000E+00
1.7719E+04 9.64655371E-04 0.00000000E+00
1.7742E+04 9.61809028E-04 0.00000000E+00
1.7766E+04 9.58168859E-04 0.00000000E+00
1.7789E+04 9.57304403E-04 0.00000000E+00
1.7813E+04 9.57116988E-04 0.00000000E+00
1.7836E+04 9.54020816E-04 0.00000000E+00
1.7860E+04 9.50057991E-04 0.00000000E+00
1.7884E+04 9.48831894E-04 0.00000000E+00
1.7907E+04 9.48360523E-04 0.00000000E+00
1.7931E+04 9.45027089E-04 0.00000000E+00
1.7954E+04 9.40755607E-04 0.00000000E+00
1.7978E+04 9.39177812E-04 0.00000000E+00
1.8001E+04 9.38431405E-04 0.00000000E+00
1.8025E+04 9.34874177E-04 0.00000000E+00
1.8048E+04 9.30309147E-04 0.00000000E+00
1.8072E+04 9.28390731E-04 0.00000000E+00
1.8096E+04 9.27379100E-04 0.00000000E+00
1.8119E+04 9.23612378E-04 0.00000000E+00
1.8143E+04 9.18769946E-04 0.00000000E+00
1.8166E+04 9.16523066E-04 0.00000000E+00
1.8190E+04 9.15256858E-04 0.00000000E+00
1.8213E+04 9.11295692E-04 0.00000000E+00
1.8237E+04 9.06192970E-04 0.00000000E+00
1.8261E+04 9.03630802E-04 0.00000000E+00
1.8284E+04 9.02121440E-04 0.00000000E+00
1.8308E+04 8.97981551E-04 0.00000000E+00
1.8331E+04 8.92636535E-04 0.00000000E+00
1.8355E+04 8.89773217E-04 0.00000000E+00
1.8378E+04 8.88032831E-04 0.00000000E+00
1.8402E+04 8.83730535E-04 0.00000000E+00
1.8425E+04 8.78162024E-04 0.00000000E+00
1.8449E+04 8.75012586E-04 0.00000000E+00
1.8473E+04 8.73053960E-04 0.00000000E+00
1.8496E+04 8.68606080E-04 0.00000000E+00
1.8520E+04 8.62833591E-04 0.00000000E+00
1.8543E+04 8.59413893E-04 0.00000000E+00
1.8567E+04 8.57250394E-04 0.00000000E+00
1.8590E+04 8.52674182E-04 0.00000000E+00
1.8614E+04 8.46717860E-04 0.00000000E+00
1.8637E+04 8.43044523E-04 0.00000000E+00
1.8661E+04 8.40690037E-04 0.00000000E+00
1.8685E+04 8.36003091E-04 0.00000000E+00
1.8708E+04 8.29883623E-04 0.00000000E+00
1.8732E+04 8.25973952E-04 0.00000000E+00
1.8755E+04 8.23442824E-04 0.00000000E+00
1.8779E+04 8.18663001E-04 0.00000000E+00
1.8802E+04 8.12401525E-04 0.00000000E+00
1.8826E+04 8.08273440E-04 0.00000000E+00
1.8850E+04 8.05580405E-04 0.00000000E+00
1.8873E+04 8.00725745E-04 0.00000000E+00
1.8897E+04 7.94343757E-04 0.00000000E+00
1.8920E+04 7.90015716E-04 0.00000000E+00
1.8944E+04 7.87175836E-04 0.00000000E+00
1.8967E+04 7.82264476E-04 0.00000000E+00
1.8991E+04 7.75783736E-04 0.00000000E+00
1.9014E+04 7.71274660E-04 0.00000000E+00
1.9038E+04 7.68303259E-04 0.00000000E+00
1.9062E+04 7.63353356E-04 0.00000000E+00
1.9085E+04 7.56795796E-04 0.00000000E+00
1.9109E+04 7.52124990E-04 0.00000000E+00
1.9132E+04 7.49037592E-04 0.00000000E+00
1.9156E+04 7.44067242E-04 0.00000000E+00
1.9179E+04 7.37454875E-04 0.00000000E+00
1.9203E+04 7.32641949E-04 0.00000000E+00
1.9227E+04 7.29454213E-04 0.00000000E+00
1.9250E+04 7.24481378E-04 0.00000000E+00
1.9274E+04 7.17836203E-04 0.00000000E+00
1.9297E+04 7.12900994E-04 0.00000000E+00
1.9321E+04 7.09628653E-04 0.00000000E+00
1.9344E+04 7.04671083E-04 0.00000000E+00
1.9368E+04 6.98014997E-04 0.00000000E+00
1.9391E+04 6.92977488E-04 0.00000000E+00
1.9415E+04 6.89636286E-04 0.00000000E+00
1.9439E+04 6.84711452E-04 0.00000000E+00
1.9462E+04 6.78066158E-04 0.00000000E+00
1.9486E+04 6.72946402E-04 0.00000000E+00
1.9509E+04 6.69552035E-04 0.00000000E+00
1.9533E+04 6.64677058E-04 0.00000000E+00
1.9556E+04 6.58063977E-04 0.00000000E+00
1.9580E+04 6.52882013E-04 0.00000000E+00
1.9604E+04 6.49450073E-04 0.00000000E+00
1.9627E+04 6.44641657E-04 0.00000000E+00
1.9651E+04 6.38081846E-04 0.00000000E+00
1.9674E+04 6.32857625E-04 0.00000000E+00
1.9698E+04 6.29403537E-04 0.00000000E+00
1.9721E+04 6.24677910E-04 0.00000000E+00
1.9745E+04 6.18191977E-04 0.00000000E+00
1.9768E+04 6.12945282E-04 0.00000000E+00
1.9792E+04 6.09484253E-04 0.00000000E+00
1.9816E+04 6.04857106E-04 0.00000000E+00
1.9839E+04 5.98465131E-04 0.00000000E+00
1.9863E+04 5.93215501E-04 0.00000000E+00
1.9886E+04 5.89762465E-04 0.00000000E+00
1.9910E+04 5.85248898E-04 0.00000000E+00
1.9933E+04 5.78970356E-04 0.00000000E+00
1.9957E+04 5.73737013E-04 0.00000000E+00
1.9981E+04 5.70306576E-04 0.00000000E+00
2.0004E+04 5.65921048E-04 0.00000000E+00
2.0028E+04 5.59774738E-04 0.00000000E+00
2.0051E+04 5.54576512E-04 0.00000000E+00
2.0075E+04 5.51182905E-04 0.00000000E+00
2.0098E+04 5.46939183E-04 0.00000000E+00
2.0122E+04 5.40943160E-04 0.00000000E+00
2.0145E+04 5.35798420E-04 0.00000000E+00
2.0169E+04 5.32455450E-04 0.00000000E+00
2.0193E+04 5.28366570E-04 0.00000000E+00
2.0216E+04 5.22538081E-04 0.00000000E+00
2.0240E+04 5.17464666E-04 0.00000000E+00
2.0263E+04 5.14185669E-04 0.00000000E+00
2.0287E+04 5.10263894E-04 0.00000000E+00
2.0310E+04 5.04619315E-04 0.00000000E+00
2.0334E+04 4.99634469E-04 0.00000000E+00
2.0358E+04 4.96432267E-04 0.00000000E+00
2.0381E+04 4.92689052E-04 0.00000000E+00
2.0405E+04 4.87243841E-04 0.00000000E+00
2.0428E+04 4.82364149E-04 0.00000000E+00
2.0452E+04 4.79251009E-04 0.00000000E+00
2.0475E+04 4.75696971E-04 0.00000000E+00
2.0499E+04 4.70465611E-04 0.00000000E+00
2.0522E+04 4.65706944E-04 0.00000000E+00
2.0546E+04 4.62694535E-04 0.00000000E+00
2.0570E+04 4.59339427E-04 0.00000000E+00
2.0593E+04 4.54335386E-04 0.00000000E+00
2.0617E+04 4.49712840E-04 0.00000000E+00
2.0640E+04 4.46812203E-04 0.00000000E+00
2.0664E+04 4.43664888E-04 0.00000000E+00
2.0687E+04 4.38900578E-04 0.00000000E+00
2.0711E+04 4.34428426E-04 0.00000000E+00
2.0735E+04 4.31649934E-04 0.00000000E+00
2.0758E+04 4.28718371E-04 0.00000000E+00
2.0782E+04 4.24205115E-04 0.00000000E+00
2.0805E+04 4.19896758E-04 0.00000000E+00
2.0829E+04 4.17250087E-04 0.00000000E+00
2.0852E+04 4.14541313E-04 0.00000000E+00
2.0876E+04 4.10289316E-04 0.00000000E+00
2.0899E+04 4.06157238E-04 0.00000000E+00
2.0923E+04 4.03651339E-04 0.00000000E+00
2.0947E+04 4.01171459E-04 0.00000000E+00
2.0970E+04 3.97189787E-04 0.00000000E+00
2.0994E+04 3.93245517E-04 0.00000000E+00
2.1017E+04 3.90888589E-04 0.00000000E+00
2.1041E+04 3.88642770E-04 0.00000000E+00
2.1064E+04 3.84939331E-04 0.00000000E+00
2.1088E+04 3.81193409E-04 0.00000000E+00
2.1112E+04 3.78992875E-04 0.00000000E+00
2.1135E+04 3.76985342E-04 0.00000000E+00
2.1159E+04 3.73566874E-04 0.00000000E+00
2.1182E+04 3.70028820E-04 0.00000000E+00
2.1206E+04 3.67991309E-04 0.00000000E+00
2.1229E+04 3.66225347E-04 0.00000000E+00
2.1253E+04 3.63097413E-04 0.00000000E+00
2.1276E+04 3.59775699E-04 0.00000000E+00
2.1300E+04 3.57907028E-04 0.00000000E+00
2.1324E+04 3.56384985E-04 0.00000000E+00
2.1347E+04 3.53551970E-04 0.00000000E+00
2.1371E+04 3.50454006E-04 0.00000000E+00
2.1394E+04 3.48759164E-04 0.00000000E+00
2.1418E+04 3.47482458E-04 0.00000000E+00
2.1441E+04 3.44947577E-04 0.00000000E+00
2.1465E+04 3.42079688E-04 0.00000000E+00
2.1488E+04 3.40562827E-04 0.00000000E+00
2.1512E+04 3.39531959E-04 0.00000000E+00
2.1536E+04 3.37297261E-04 0.00000000E+00
2.1559E+04 3.34664682E-04 0.00000000E+00
2.1583E+04 3.33329110E-04 0.00000000E+00
2.1606E+04 3.32543673E-04 0.00000000E+00
2.1630E+04 3.30610059E-04 0.00000000E+00
2.1653E+04 3.28216928E-04 0.00000000E+00
2.1677E+04 3.27065101E-04 0.00000000E+00
2.1701E+04 3.26523803E-04 0.00000000E+00
2.1724E+04 3.24891044E-04 0.00000000E+00
2.1748E+04 3.22740399E-04 0.00000000E+00
2.1771E+04 3.21773921E-04 0.00000000E+00
2.1795E+04 3.21474600E-04 0.00000000E+00
2.1818E+04 3.20141360E-04 0.00000000E+00
2.1842E+04 3.18235147E-04 0.00000000E+00
2.1865E+04 3.17454772E-04 0.00000000E+00
2.1889E+04 3.17394418E-04 0.00000000E+00
2.1913E+04 3.16358282E-04 0.00000000E+00
2.1936E+04 3.14697364E-04 0.00000000E+00
2.1960E+04 3.14102998E-04 0.00000000E+00
2.1983E+04 3.14277782E-04 0.00000000E+00
2.2007E+04 3.13535289E-04 0.00000000E+00
2.2030E+04 3.12119456E-04 0.00000000E+00
2.2054E+04 3.11710170E-04 0.00000000E+00
2.2078E+04 3.12115464E-04 0.00000000E+00
2.2101E+04 3.11662140E-04 0.00000000E+00
2.2125E+04 3.10490136E-04 0.00000000E+00
2.2148E+04 3.10264169E-04 0.00000000E+00
2.2172E+04 3.10894580E-04 0.00000000E+00
2.2195E+04 3.10724982E-04 0.00000000E+00
2.2219E+04 3.09794520E-04 0.00000000E+00
2.2242E+04 3.09749301E-04 0.00000000E+00
2.2266E+04 3.10598699E-04 0.00000000E+00
2.2290E+04 3.10706454E-04 0.00000000E+00
2.2313E+04 3.10014248E-04 0.00000000E+00
2.2337E+04 3.10146409E-04 0.00000000E+00
2.2360E+04 3.11207962E-04 0.00000000E+00
2.2384E+04 3.11585812E-04 0.00000000E+00
2.2407E+04 3.11127612E-04 0.00000000E+00
2.2431E+04 3.11433009E-04 0.00000000E+00
2.2455E+04 3.12699215E-04 0.00000000E+00
2.2478E+04 3.13339065E-04 0.00000000E+00
2.2502E+04 3.13109690E-04 0.00000000E+00
2.2525E+04 3.13583426E-04 0.00000000E+00
2.2549E+04 3.15046149E-04 0.00000000E+00
2.2572E+04 3.15939123E-04 0.00000000E+00
2.2596E+04 3.15932500E-04 0.00000000E+00
2.2619E+04 3.16568953E-04 0.00000000E+00
2.2643E+04 3.18219460E-04 0.00000000E+00
2.2667E+04 3.19355947E-04 0.00000000E+00
2.2690E+04 3.19565158E-04 0.00000000E+00
2.2714E+04 3.20358007E-04 0.00000000E+00
2.2737E+04 3.22187009E-04 0.00000000E+00
2.2761E+04 3.23556719E-04 0.00000000E+00
2.2784E+04 3.23974048E-04 0.00000000E+00
2.2808E+04 3.24916306E-04 0.00000000E+00
2.2832E+04 3.26913993E-04 0.00000000E+00
2.2855E+04 3.28506015E-04 0.00000000E+00
2.2879E+04 3.29122995E-04 0.00000000E+00
2.2902E+04 3.30207047E-04 0.00000000E+00
2.2926E+04 3.32363130E-04 0.00000000E+00
2.2949E+04 3.34165987E-04 0.00000000E+00
2.2973E+04 3.34973455E-04 0.00000000E+00
2.2996E+04 3.36191091E-04 0.00000000E+00
2.3020E+04 3.38494843E-04 0.00000000E+00
2.3044E+04 3.40496550E-04 0.00000000E+00
2.3067E+04 3.41484704E-04 0.00000000E+00
2.3091E+04 3.42827158E-04 0.00000000E+00
2.3114E+04 3.45267456E-04 0.00000000E+00
2.3138E+04 3.47455579E-04 0.00000000E+00
2.3161E+04 3.48614032E-04 0.00000000E+00
2.3185E+04 3.50072026E-04 0.00000000E+00
2.3209E+04 3.52637394E-04 0.00000000E+00
2.3232E+04 3.54999106E-04 0.00000000E+00
2.3256E+04 3.56316949E-04 0.00000000E+00
2.3279E+04 3.57880737E-04 0.00000000E+00
2.3303E+04 3.60559386E-04 0.00000000E+00
2.3326E+04 3.63081527E-04 0.00000000E+00
2.3350E+04 3.64547386E-04 0.00000000E+00
2.3373E+04 3.66206799E-04 0.00000000E+00
2.3397E+04 3.68986671E-04 0.00000000E+00
2.3421E+04 3.71655809E-04 0.00000000E+00
2.3444E+04 3.73257910E-04 0.00000000E+00
2.3468E+04 3.75002402E-04 0.00000000E+00
2.3491E+04 3.77871214E-04 0.00000000E+00
2.3515E+04 3.80673696E-04 0.00000000E+00
2.3538E+04 3.82399927E-04 0.00000000E+00
2.3562E+04 3.84218627E-04 0.00000000E+00
2.3586E+04 3.87163914E-04 0.00000000E+00
2.3609E+04 3.90085929E-04 0.00000000E+00
2.3633E+04 3.91923902E-04 0.00000000E+00
2.3656E+04 3.93805662E-04 0.00000000E+00
2.3680E+04 3.96814821E-04 0.00000000E+00
2.3703E+04 3.99842450E-04 0.00000000E+00
2.3727E+04 4.01779566E-04 0.00000000E+00
2.3750E+04 4.03713013E-04 0.00000000E+00
2.3774E+04 4.06773344E-04 0.00000000E+00
2.3798E+04 4.09892619E-04 0.00000000E+00
2.3821E+04 4.11916130E-04 0.00000000E+00
2.3845E+04 4.13889720E-04 0.00000000E+00
2.3868E+04 4.16988471E-04 0.00000000E+00
2.3892E+04 4.20185426E-04 0.00000000E+00
2.3915E+04 4.22282497E-04 0.00000000E+00
2.3939E+04 4.24284566E-04 0.00000000E+00
2.3962E+04 4.27408976E-04 0.00000000E+00
2.3986E+04 4.30669699E-04 0.00000000E+00
2.4010E+04 4.32827471E-04 0.00000000E+00
2.4033E+04 4.34846290E-04 0.00000000E+00
2.4057E+04 4.37983630E-04 0.00000000E+00
2.4080E+04 4.41294311E-04 0.00000000E+00
2.4104E+04 4.43499962E-04 0.00000000E+00
2.4127E+04 4.45523790E-04 0.00000000E+00
2.4151E+04 4.48661406E-04 0.00000000E+00
2.4175E+04 4.52008385E-04 0.00000000E+00
2.4198E+04 4.54249188E-04 0.00000000E+00
2.4222E+04 4.56266327E-04 0.00000000E+00
2.4245E+04 4.59391680E-04 0.00000000E+00
2.4269E+04 4.62761496E-04 0.00000000E+00
2.4292E+04 4.65024875E-04 0.00000000E+00
2.4316E+04 4.67023720E-04 0.00000000E+00
2.4339E+04 4.70124431E-04 0.00000000E+00
2.4363E+04 4.73503861E-04 0.00000000E+00
2.4387E+04 4.75777448E-04 0.00000000E+00
2.4410E+04 4.77746543E-04 0.00000000E+00
2.4434E+04 4.80810429E-04 0.00000000E+00
2.4457E+04 4.84186531E-04 0.00000000E+00
2.4481E+04 4.86458221E-04 0.00000000E+00
2.4504E+04 4.88386309E-04 0.00000000E+00
2.4528E+04 4.91401422E-04 0.00000000E+00
2.4552E+04 4.94761575E-04 0.00000000E+00
2.4575E+04 4.97019572E-04 0.00000000E+00
2.4599E+04 4.98895648E-04 0.00000000E+00
2.4622E+04 5.01850318E-04 0.00000000E+00
2.4646E+04 5.05182256E-04 0.00000000E+00
2.4669E+04 5.07415125E-04 0.00000000E+00
2.4693E+04 5.09228483E-04 0.00000000E+00
2.4716E+04 5.12111350E-04 0.00000000E+00
2.4740E+04 5.15403199E-04 0.00000000E+00
2.4764E+04 5.17599908E-04 0.00000000E+00
2.4787E+04 5.19340190E-04 0.00000000E+00
2.4811E+04 5.22140244E-04 0.00000000E+00
2.4834E+04 5.25380551E-04 0.00000000E+00
2.4858E+04 5.27530514E-04 0.00000000E+00
2.4881E+04 5.29187758E-04 0.00000000E+00
2.4905E+04 5.31894372E-04 0.00000000E+00
2.4929E+04 5.35072137E-04 0.00000000E+00
2.4952E+04 5.37165253E-04 0.00000000E+00
2.4976E+04 5.38729933E-04 0.00000000E+00
2.4999E+04 5.41332900E-04 0.00000000E+00
2.5023E+04 5.44437599E-04 0.00000000E+00
2.5046E+04 5.46464285E-04 0.00000000E+00
2.5070E+04 5.47927356E-04 0.00000000E+00
2.5093E+04 5.50416918E-04 0.00000000E+00
2.5117E+04 5.53438532E-04 0.00000000E+00
2.5141E+04 5.55389759E-04 0.00000000E+00
2.5164E+04 5.56742695E-04 0.00000000E+00
2.5188E+04 5.59109576E-04 0.00000000E+00
2.5211E+04 5.62038606E-04 0.00000000E+00
2.5235E+04 5.63905924E-04 0.00000000E+00
2.5258E+04 5.65140756E-04 0.00000000E+00
2.5282E+04 5.67376190E-04 0.00000000E+00
2.5306E+04 5.70203685E-04 0.00000000E+00
2.5329E+04 5.71979248E-04 0.00000000E+00
2.5353E+04 5.73088594E-04 0.00000000E+00
2.5376E+04 5.75184356E-04 0.00000000E+00
2.5400E+04 5.77901923E-04 0.00000000E+00
2.5423E+04 5.79578510E-04 0.00000000E+00
2.5447E+04 5.80555613E-04 0.00000000E+00
2.5470E+04 5.82504039E-04 0.00000000E+00
2.5494E+04 5.85103861E-04 0.00000000E+00
2.5518E+04 5.86674896E-04 0.00000000E+00
2.5541E+04 5.87513642E-04 0.00000000E+00
2.5565E+04 5.89307661E-04 0.00000000E+00
2.5588E+04 5.91782507E-04 0.00000000E+00
2.5612E+04 5.93242069E-04 0.00000000E+00
2.5635E+04 5.93937020E-04 0.00000000E+00
2.5659E+04 5.95570169E-04 0.00000000E+00
2.5683E+04 5.97913408E-04 0.00000000E+00
2.5706E+04 5.99256243E-04 0.00000000E+00
2.5730E+04 5.99802652E-04 0.00000000E+00
2.5753E+04 6.01269101E-04 0.00000000E+00
2.5777E+04 6.03474707E-04 0.00000000E+00
2.5800E+04 6.04696234E-04 0.00000000E+00
2.5824E+04 6.05090066E-04 0.00000000E+00
2.5847E+04 6.06384634E-04 0.00000000E+00
2.5871E+04 6.08447191E-04 0.00000000E+00
2.5895E+04 6.09543507E-04 0.00000000E+00
2.5918E+04 6.09781449E-04 0.00000000E+00
2.5942E+04 6.10899618E-04 0.00000000E+00
2.5965E+04 6.12814329E-04 0.00000000E+00
2.5989E+04 6.13782206E-04 0.00000000E+00
2.6012E+04 6.13861681E-04 0.00000000E+00
2.6036E+04 6.14799613E-04 0.00000000E+00
2.6060E+04 6.16562295E-04 0.00000000E+00
2.6083E+04 6.17399178E-04 0.00000000E+00
2.6107E+04 6.17318348E-04 0.00000000E+00
2.6130E+04 6.18072895E-04 0.00000000E+00
2.6154E+04 6.19679984E-04 0.00000000E+00
2.6177E+04 6.20383984E-04 0.00000000E+00
2.6201E+04 6.20141756E-04 0.00000000E+00
2.6224E+04 6.20710465E-04 0.00000000E+00
2.6248E+04 6.22159014E-04 0.00000000E+00
2.6272E+04 6.22728899E-04 0.00000000E+00
2.6295E+04 6.22324920E-04 0.00000000E+00
2.6319E+04 6.22706044E-04 0.00000000E+00
2.6342E+04 6.23993716E-04 0.00000000E+00
2.6366E+04 6.24428898E-04 0.00000000E+00
2.6389E+04 6.23863553E-04 0.00000000E+00
2.6413E+04 6.24056051E-04 0.00000000E+00
2.6437E+04 6.25181117E-04 0.00000000E+00
2.6460E+04 6.25481638E-04 0.00000000E+00
2.6484E+04 6.24756040E-04 0.00000000E+00
2.6507E+04 6.24759580E-04 0.00000000E+00
2.6531E+04 6.25720912E-04 0.00000000E+00
2.6554E+04 6.25887422E-04 0.00000000E+00
2.6578E+04 6.25003401E-04 0.00000000E+00
2.6601E+04 6.24818357E-04 0.00000000E+00
2.6625E+04 6.25615418E-04 0.00000000E+00
2.6649E+04 6.25649161E-04 0.00000000E+00
2.6672E+04 6.24609250E-04 0.00000000E+00
2.6696E+04 6.24236697E-04 0.00000000E+00
2.6719E+04 6.24869534E-04 0.00000000E+00
2.6743E+04 6.24772320E-04 0.00000000E+00
2.6766E+04 6.23579734E-04 0.00000000E+00
2.6790E+04 6.23021442E-04 0.00000000E+00
2.6813E+04 6.23490670E-04 0.00000000E+00
2.6837E+04 6.23264856E-04 0.00000000E+00
2.6861E+04 6.21923470E-04 0.00000000E+00
2.6884E+04 6.21181893E-04 0.00000000E+00
2.6908E+04 6.21488688E-04 0.00000000E+00
2.6931E+04 6.21137150E-04 0.00000000E+00
2.6955E+04 6.19651475E-04 0.00000000E+00
2.6978E+04 6.18729740E-04 0.00000000E+00
2.7002E+04 6.18875821E-04 0.00000000E+00
2.7026E+04 6.18401925E-04 0.00000000E+00
2.7049E+04 6.16777081E-04 0.00000000E+00
2.7073E+04 6.15678970E-04 0.00000000E+00
2.7096E+04 6.15666586E-04 0.00000000E+00
2.7120E+04 6.15074162E-04 0.00000000E+00
2.7143E+04 6.13315844E-04 0.00000000E+00
2.7167E+04 6.12045780E-04 0.00000000E+00
2.7190E+04 6.11877692E-04 0.00000000E+00
2.7214E+04 6.11171003E-04 0.00000000E+00
2.7238E+04 6.09285453E-04 0.00000000E+00
2.7261E+04 6.07848474E-04 0.00000000E+00
2.7285E+04 6.07527940E-04 0.00000000E+00
2.7308E+04 6.06711649E-04 0.00000000E+00
2.7332E+04 6.04705617E-04 0.00000000E+00
2.7355E+04 6.03107357E-04 0.00000000E+00
2.7379E+04 6.02638112E-04 0.00000000E+00
2.7403E+04 6.01717255E-04 0.00000000E+00
2.7426E+04 5.99597962E-04 0.00000000E+00
2.7450E+04 5.97844626E-04 0.00000000E+00
2.7473E+04 5.97230860E-04 0.00000000E+00
2.7497E+04 5.96210810E-04 0.00000000E+00
2.7520E+04 5.93985909E-04 0.00000000E+00
2.7544E+04 5.92084242E-04 0.00000000E+00
2.7567E+04 5.91330584E-04 0.00000000E+00
2.7591E+04 5.90217020E-04 0.00000000E+00
2.7615E+04 5.87894556E-04 0.00000000E+00
2.7638E+04 5.85851815E-04 0.00000000E+00
2.7662E+04 5.84963309E-04 0.00000000E+00
2.7685E+04 5.83762183E-04 0.00000000E+00
2.7709E+04 5.81350548E-04 0.00000000E+00
2.7732E+04 5.79174471E-04 0.00000000E+00
2.7756E+04 5.78156552E-04 0.00000000E+00
2.7780E+04 5.76874057E-04 0.00000000E+00
2.7803E+04 5.74381951E-04 0.00000000E+00
2.7827E+04 5.72080718E-04 0.00000000E+00
2.7850E+04 5.70939190E-04 0.00000000E+00
2.7874E+04 5.69581727E-04 0.00000000E+00
2.7897E+04 5.67018109E-04 0.00000000E+00
2.7921E+04 5.64600312E-04 0.00000000E+00
2.7944E+04 5.63341324E-04 0.00000000E+00
2.7968E+04 5.61915470E-04 0.00000000E+00
2.7992E+04 5.59289516E-04 0.00000000E+00
2.8015E+04 5.56764117E-04 0.00000000E+00
2.8039E+04 5.55394138E-04 0.00000000E+00
2.8062E+04 5.53906612E-04 0.00000000E+00
2.8086E+04 5.51227670E-04 0.00000000E+00
2.8109E+04 5.48603963E-04 0.00000000E+00
2.8133E+04 5.47129754E-04 0.00000000E+00
2.8157E+04 5.45587390E-04 0.00000000E+00
2.8180E+04 5.42864933E-04 0.00000000E+00
2.8204E+04 5.40152503E-04 0.00000000E+00
2.8227E+04 5.38581094E-04 0.00000000E+00
2.8251E+04 5.36990805E-04 0.00000000E+00
2.8274E+04 5.34234388E-04 0.00000000E+00
2.8298E+04 5.31443070E-04 0.00000000E+00
2.8321E+04 5.29781730E-04 0.00000000E+00
2.8345E+04 5.28150481E-04 0.00000000E+00
2.8369E+04 5.25369695E-04 0.00000000E+00
2.8392E+04 5.22509531E-04 0.00000000E+00
2.8416E+04 5.20765739E-04 0.00000000E+00
2.8439E+04 5.19100521E-04 0.00000000E+00
2.8463E+04 5.16304947E-04 0.00000000E+00
2.8486E+04 5.13386143E-04 0.00000000E+00
2.8510E+04 5.11567564E-04 0.00000000E+00
2.8534E+04 5.09875358E-04 0.00000000E+00
2.8557E+04 5.07074529E-04 0.00000000E+00
2.8581E+04 5.04107409E-04 0.00000000E+00
2.8604E+04 5.02221861E-04 0.00000000E+00
2.8628E+04 5.00509619E-04 0.00000000E+00
2.8651E+04 4.97712972E-04 0.00000000E+00
2.8675E+04 4.94707936E-04 0.00000000E+00
2.8698E+04 4.92763362E-04 0.00000000E+00
2.8722E+04 4.91037976E-04 0.00000000E+00
2.8746E+04 4.88254818E-04 0.00000000E+00
2.8769E+04 4.85222294E-04 0.00000000E+00
2.8793E+04 4.83226734E-04 0.00000000E+00
2.8816E+04 4.81495013E-04 0.00000000E+00
2.8840E+04 4.78734474E-04 0.00000000E+00
2.8863E+04 4.75684878E-04 0.00000000E+00
2.8887E+04 4.73646437E-04 0.00000000E+00
2.8911E+04 4.71915082E-04 0.00000000E+00
2.8934E+04 4.69186084E-04 0.00000000E+00
2.8958E+04 4.66129773E-04 0.00000000E+00
2.8981E+04 4.64056590E-04 0.00000000E+00
2.9005E+04 4.62332174E-04 0.00000000E+00
2.9028E+04 4.59643392E-04 0.00000000E+00
2.9052E+04 4.56590621E-04 0.00000000E+00
2.9075E+04 4.54490842E-04 0.00000000E+00
2.9099E+04 4.52779786E-04 0.00000000E+00
2.9123E+04 4.50139613E-04 0.00000000E+00
2.9146E+04 4.47100494E-04 0.00000000E+00
2.9170E+04 4.44982239E-04 0.00000000E+00
2.9193E+04 4.43290793E-04 0.00000000E+00
2.9217E+04 4.40707312E-04 0.00000000E+00
2.9240E+04 4.37691769E-04 0.00000000E+00
2.9264E+04 4.35563104E-04 0.00000000E+00
2.9287E+04 4.33897327E-04 0.00000000E+00
2.9311E+04 4.31378280E-04 0.00000000E+00
2.9335E+04 4.28396011E-04 0.00000000E+00
2.9358E+04 4.26264915E-04 0.00000000E+00
2.9382E+04 4.24630660E-04 0.00000000E+00
2.9405E+04 4.22183419E-04 0.00000000E+00
2.9429E+04 4.19243855E-04 0.00000000E+00
2.9452E+04 4.17118194E-04 0.00000000E+00
2.9476E+04 4.15521089E-04 0.00000000E+00
2.9500E+04 4.13152635E-04 0.00000000E+00
2.9523E+04 4.10264905E-04 0.00000000E+00
2.9547E+04 4.08152399E-04 0.00000000E+00
2.9570E+04 4.06597833E-04 0.00000000E+00
2.9594E+04 4.04314731E-04 0.00000000E+00
2.9617E+04 4.01487622E-04 0.00000000E+00
2.9641E+04 3.99395821E-04 0.00000000E+00
2.9664E+04 3.97888928E-04 0.00000000E+00
2.9688E+04 3.95697308E-04 0.00000000E+00
2.9712E+04 3.92939237E-04 0.00000000E+00
2.9735E+04 3.90875487E-04 0.00000000E+00
2.9759E+04 3.89421135E-04 0.00000000E+00
2.9782E+04 3.87326676E-04 0.00000000E+00
2.9806E+04 3.84645654E-04 0.00000000E+00
2.9829E+04 3.82617073E-04 0.00000000E+00
2.9853E+04 3.81219854E-04 0.00000000E+00
2.9877E+04 3.79227768E-04 0.00000000E+00
2.9900E+04 3.76631370E-04 0.00000000E+00
2.9924E+04 3.74644822E-04 0.00000000E+00
2.9947E+04 3.73309037E-04 0.00000000E+00
2.9971E+04 3.71424058E-04 0.00000000E+00
2.9994E+04 3.68919400E-04 0.00000000E+00
3.0018E+04 3.66981468E-04 0.00000000E+00
3.0041E+04 3.65711120E-04 0.00000000E+00
3.0065E+04 3.63937494E-04 0.00000000E+00
3.0089E+04 3.61531205E-04 0.00000000E+00
3.0112E+04 3.59648167E-04 0.00000000E+00
3.0136E+04 3.58446952E-04 0.00000000E+00
3.0159E+04 3.56788432E-04 0.00000000E+00
3.0183E+04 3.54486633E-04 0.00000000E+00
3.0206E+04 3.52664438E-04 0.00000000E+00
3.0230E+04 3.51535737E-04 0.00000000E+00
3.0254E+04 3.49995576E-04 0.00000000E+00
3.0277E+04 3.47803863E-04 0.00000000E+00
3.0301E+04 3.46048110E-04 0.00000000E+00
3.0324E+04 3.44994983E-04 0.00000000E+00
3.0348E+04 3.43575934E-04 0.00000000E+00
3.0371E+04 3.41499358E-04 0.00000000E+00
3.0395E+04 3.39815275E-04 0.00000000E+00
3.0418E+04 3.38840456E-04 0.00000000E+00
3.0442E+04 3.37544771E-04 0.00000000E+00
3.0466E+04 3.35587829E-04 0.00000000E+00
3.0489E+04 3.33980253E-04 0.00000000E+00
3.0513E+04 3.33086144E-04 0.00000000E+00
3.0536E+04 3.31915577E-04 0.00000000E+00
3.0560E+04 3.30082199E-04 0.00000000E+00
3.0583E+04 3.28555561E-04 0.00000000E+00
3.0607E+04 3.27744228E-04 0.00000000E+00
3.0631E+04 3.26700040E-04 0.00000000E+00
3.0654E+04 3.24993581E-04 0.00000000E+00
3.0678E+04 3.23551889E-04 0.00000000E+00
3.0701E+04 3.22825062E-04 0.00000000E+00
3.0725E+04 3.21908028E-04 0.00000000E+00
3.0748E+04 3.20331263E-04 0.00000000E+00
3.0772E+04 3.18978088E-04 0.00000000E+00
3.0795E+04 3.18337157E-04 0.00000000E+00
3.0819E+04 3.17547573E-04 0.00000000E+00
3.0843E+04 3.16102699E-04 0.00000000E+00
3.0866E+04 3.14841164E-04 0.00000000E+00
3.0890E+04 3.14287176E-04 0.00000000E+00
3.0913E+04 3.13624872E-04 0.00000000E+00
3.0937E+04 3.12313506E-04 0.00000000E+00
3.0960E+04 3.11146275E-04 0.00000000E+00
3.0984E+04 3.10679937E-04 0.00000000E+00
3.1008E+04 3.10144287E-04 0.00000000E+00
3.1031E+04 3.08967470E-04 0.00000000E+00
3.1055E+04 3.07896742E-04 0.00000000E+00
3.1078E+04 3.07518422E-04 0.00000000E+00
3.1102E+04 3.07108358E-04 0.00000000E+00
3.1125E+04 3.06066563E-04 0.00000000E+00
3.1149E+04 3.05094066E-04 0.00000000E+00
3.1172E+04 3.04803791E-04 0.00000000E+00
3.1196E+04 3.04517818E-04 0.00000000E+00
3.1220E+04 3.03610958E-04 0.00000000E+00
3.1243E+04 3.02737944E-04 0.00000000E+00
3.1267E+04 3.02535405E-04 0.00000000E+00
3.1290E+04 3.02371620E-04 0.00000000E+00
3.1314E+04 3.01599062E-04 0.00000000E+00
3.1337E+04 3.00826307E-04 0.00000000E+00
3.1361E+04 3.00710862E-04 0.00000000E+00
3.1385E+04 3.00666965E-04 0.00000000E+00
3.1408E+04 3.00027544E-04 0.00000000E+00
3.1432E+04 2.99355351E-04 0.00000000E+00
3.1455E+04 2.99326026E-04 0.00000000E+00
3.1479E+04 2.99399346E-04 0.00000000E+00
3.1502E+04 2.98891380E-04 0.00000000E+00
3.1526E+04 2.98319577E-04 0.00000000E+00
3.1549E+04 2.98375077E-04 0.00000000E+00
3.1573E+04 2.98562585E-04 0.00000000E+00
3.1597E+04 2.98183897E-04 0.00000000E+00
3.1620E+04 2.97711847E-04 0.00000000E+00
3.1644E+04 2.97850557E-04 0.00000000E+00
3.1667E+04 2.98148888E-04 0.00000000E+00
3.1691E+04 2.97896824E-04 0.00000000E+00
3.1714E+04 2.97523433E-04 0.00000000E+00
3.1738E+04 2.97743423E-04 0.00000000E+00
3.1762E+04 2.98148900E-04 0.00000000E+00
3.1785E+04 2.98020354E-04 0.00000000E+00
3.1809E+04 2.97744077E-04 0.00000000E+00
3.1832E+04 2.98043116E-04 0.00000000E+00
3.1856E+04 2.98551764E-04 0.00000000E+00
3.1879E+04 2.98543202E-04 0.00000000E+00
3.1903E+04 2.98362059E-04 0.00000000E+00
3.1926E+04 2.98737617E-04 0.00000000E+00
3.1950E+04 2.99345190E-04 0.00000000E+00
3.1974E+04 2.99452678E-04 0.00000000E+00
3.1997E+04 2.99364266E-04 0.00000000E+00
3.2021E+04 2.99813525E-04 0.00000000E+00
3.2044E+04 3.00515527E-04 0.00000000E+00
3.2068E+04 3.00734753E-04 0.00000000E+00
3.2091E+04 3.00736264E-04 0.00000000E+00
3.2115E+04 3.01256131E-04 0.00000000E+00
3.2138E+04 3.02047833E-04 0.00000000E+00
3.2162E+04 3.02374144E-04 0.00000000E+00
3.2186E+04 3.02462380E-04 0.00000000E+00
3.2209E+04 3.03049495E-04 0.00000000E+00
3.2233E+04 3.03925961E-04 0.00000000E+00
3.2256E+04 3.04354386E-04 0.00000000E+00
3.2280E+04 3.04525782E-04 0.00000000E+00
3.2303E+04 3.05176530E-04 0.00000000E+00
3.2327E+04 3.06132637E-04 0.00000000E+00
3.2351E+04 3.06657921E-04 0.00000000E+00
3.2374E+04 3.06908566E-04 0.00000000E+00
3.2398E+04 3.07619091E-04 0.00000000E+00
3.2421E+04 3.08649552E-04 0.00000000E+00
3.2445E+04 3.09266184E-04 0.00000000E+00
3.2468E+04 3.09591845E-04 0.00000000E+00
3.2492E+04 3.10358062E-04 0.00000000E+00
3.2515E+04 3.11457445E-04 0.00000000E+00
3.2539E+04 3.12159693E-04 0.00000000E+00
3.2563E+04 3.12555836E-04 0.00000000E+00
3.2586E+04 3.13373449E-04 0.00000000E+00
3.2610E+04 3.14536199E-04 0.00000000E+00
3.2633E+04 3.15318139E-04 0.00000000E+00
3.2657E+04 3.15779961E-04 0.00000000E+00
3.2680E+04 3.16644475E-04 0.00000000E+00
3.2704E+04 3.17864933E-04 0.00000000E+00
3.2728E+04 3.18720482E-04 0.00000000E+00
3.2751E+04 3.19242933E-04 0.00000000E+00
3.2775E+04 3.20149671E-04 0.00000000E+00
3.2798E+04 3.21422097E-04 0.00000000E+00
3.2822E+04 3.22345045E-04 0.00000000E+00
3.2845E+04 3.22922861E-04 0.00000000E+00
3.2869E+04 3.23866981E-04 0.00000000E+00
3.2892E+04 3.25185570E-04 0.00000000E+00
3.2916E+04 3.26169610E-04 0.00000000E+00
3.2940E+04 3.26797340E-04 0.00000000E+00
3.2963E+04 3.27773855E-04 0.00000000E+00
3.2987E+04 3.29132759E-04 0.00000000E+00
3.3010E+04 3.30171516E-04 0.00000000E+00
3.3034E+04 3.30843552E-04 0.00000000E+00
3.3057E+04 3.31847345E-04 0.00000000E+00
3.3081E+04 3.33240691E-04 0.00000000E+00
3.3105E+04 3.34327757E-04 0.00000000E+00
3.3128E+04 3.35038365E-04 0.00000000E+00
3.3152E+04 3.36064212E-04 0.00000000E+00
3.3175E+04 3.37486117E-04 0.00000000E+00
3.3199E+04 3.38615075E-04 0.00000000E+00
3.3222E+04 3.39358427E-04 0.00000000E+00
3.3246E+04 3.40401013E-04 0.00000000E+00
3.3269E+04 3.41845608E-04 0.00000000E+00
3.3293E+04 3.43010063E-04 0.00000000E+00
3.3317E+04 3.43780266E-04 0.00000000E+00
3.3340E+04 3.44834210E-04 0.00000000E+00
3.3364E+04 3.46295650E-04 0.00000000E+00
3.3387E+04 3.47489256E-04 0.00000000E+00
3.3411E+04 3.48280383E-04 0.00000000E+00
3.3434E+04 3.49340256E-04 0.00000000E+00
3.3458E+04 3.50812741E-04 0.00000000E+00
3.3482E+04 3.52029226E-04 0.00000000E+00
3.3505E+04 3.52835351E-04 0.00000000E+00
3.3529E+04 3.53895696E-04 0.00000000E+00
3.3552E+04 3.55373484E-04 0.00000000E+00
3.3576E+04 3.56606676E-04 0.00000000E+00
3.3599E+04 3.57421901E-04 0.00000000E+00
3.3623E+04 3.58477259E-04 0.00000000E+00
3.3646E+04 3.59954684E-04 0.00000000E+00
3.3670E+04 3.61198531E-04 0.00000000E+00
3.3694E+04 3.62017017E-04 0.00000000E+00
3.3717E+04 3.63061948E-04 0.00000000E+00
3.3741E+04 3.64533430E-04 0.00000000E+00
3.3764E+04 3.65782028E-04 0.00000000E+00
3.3788E+04 3.66598023E-04 0.00000000E+00
3.3811E+04 3.67627126E-04 0.00000000E+00
3.3835E+04 3.69087191E-04 0.00000000E+00
3.3859E+04 3.70334799E-04 0.00000000E+00
3.3882E+04 3.71142669E-04 0.00000000E+00
3.3906E+04 3.72150606E-04 0.00000000E+00
3.3929E+04 3.73593895E-04 0.00000000E+00
3.3953E+04 3.74834954E-04 0.00000000E+00
3.3976E+04 3.75629210E-04 0.00000000E+00
3.4000E+04 3.76610730E-04 0.00000000E+00
3.4023E+04 3.78032014E-04 0.00000000E+00
3.4047E+04 3.79261167E-04 0.00000000E+00
3.4071E+04 3.80036490E-04 0.00000000E+00
3.4094E+04 3.80986446E-04 0.00000000E+00
3.4118E+04 3.82380639E-04 0.00000000E+00
3.4141E+04 3.83592745E-04 0.00000000E+00
3.4165E+04 3.84344011E-04 0.00000000E+00
3.4188E+04 3.85257390E-04 0.00000000E+00
3.4212E+04 3.86619559E-04 0.00000000E+00
3.4236E+04 3.87809706E-04 0.00000000E+00
3.4259E+04 3.88532011E-04 0.00000000E+00
3.4283E+04 3.89403948E-04 0.00000000E+00
3.4306E+04 3.90729327E-04 0.00000000E+00
3.4330E+04 3.91892846E-04 0.00000000E+00
3.4353E+04 3.92581526E-04 0.00000000E+00
3.4377E+04 3.93407332E-04 0.00000000E+00
3.4400E+04 3.94691330E-04 0.00000000E+00
3.4424E+04 3.95823803E-04 0.00000000E+00
3.4448E+04 3.96474456E-04 0.00000000E+00
3.4471E+04 3.97249633E-04 0.00000000E+00
3.4495E+04 3.98487848E-04 0.00000000E+00
3.4518E+04 3.99585121E-04 0.00000000E+00
3.4542E+04 4.00193624E-04 0.00000000E+00
3.4565E+04 4.00913888E-04 0.00000000E+00
3.4589E+04 4.02102114E-04 0.00000000E+00
3.4612E+04 4.03160300E-04 0.00000000E+00
3.4636E+04 4.03722828E-04 0.00000000E+00
3.4660E+04 4.04384128E-04 0.00000000E+00
3.4683E+04 4.05518367E-04 0.00000000E+00
3.4707E+04 4.06533854E-04 0.00000000E+00
3.4730E+04 4.07046891E-04 0.00000000E+00
3.4754E+04 4.07645428E-04 0.00000000E+00
3.4777E+04 4.08721898E-04 0.00000000E+00
3.4801E+04 4.09691352E-04 0.00000000E+00
3.4825E+04 4.10151707E-04 0.00000000E+00
3.4848E+04 4.10683950E-04 0.00000000E+00
3.4872E+04 4.11699093E-04 0.00000000E+00
3.4895E+04 4.12619464E-04 0.00000000E+00
3.4919E+04 4.13024278E-04 0.00000000E+00
3.4942E+04 4.13486981E-04 0.00000000E+00
3.4966E+04 4.14437474E-04 0.00000000E+00
3.4989E+04 4.15305994E-04 0.00000000E+00
3.5013E+04 4.15652751E-04 0.00000000E+00
3.5037E+04 4.16042967E-04 0.00000000E+00
3.5060E+04 4.16925727E-04 0.00000000E+00
3.5084E+04 4.17739911E-04 0.00000000E+00
3.5107E+04 4.18026446E-04 0.00000000E+00
3.5131E+04 4.18341541E-04 0.00000000E+00
3.5154E+04 4.19153734E-04 0.00000000E+00
3.5178E+04 4.19911381E-04 0.00000000E+00
3.5202E+04 4.20135880E-04 0.00000000E+00
3.5225E+04 4.20373547E-04 0.00000000E+00
3.5249E+04 4.21112592E-04 0.00000000E+00
3.5272E+04 4.21811782E-04 0.00000000E+00
3.5296E+04 4.21972787E-04 0.00000000E+00
3.5319E+04 4.22131053E-04 0.00000000E+00
3.5343E+04 4.22794632E-04 0.00000000E+00
3.5366E+04 4.23433721E-04 0.00000000E+00
3.5390E+04 4.23530130E-04 0.00000000E+00
3.5414E+04 4.23607370E-04 0.00000000E+00
3.5437E+04 4.24193431E-04 0.00000000E+00
3.5461E+04 4.24771049E-04 0.00000000E+00
3.5484E+04 4.24802114E-04 0.00000000E+00
3.5508E+04 4.24797054E-04 0.00000000E+00
3.5531E+04 4.25303817E-04 0.00000000E+00
3.5555E+04 4.25818862E-04 0.00000000E+00
3.5579E+04 4.25784183E-04 0.00000000E+00
3.5602E+04 4.25695909E-04 0.00000000E+00
3.5626E+04 4.26121871E-04 0.00000000E+00
3.5649E+04 4.26573502E-04 0.00000000E+00
3.5673E+04 4.26473027E-04 0.00000000E+00
3.5696E+04 4.26300986E-04 0.00000000E+00
3.5720E+04 4.26644924E-04 0.00000000E+00
3.5743E+04 4.27032559E-04 0.00000000E+00
3.5767E+04 4.26866568E-04 0.00000000E+00
3.5791E+04 4.26610574E-04 0.00000000E+00
3.5814E+04 4.26871548E-04 0.00000000E+00
3.5838E+04 4.27194850E-04 0.00000000E+00
3.5861E+04 4.26963955E-04 0.00000000E+00
3.5885E+04 4.26624185E-04 0.00000000E+00
3.5908E+04 4.26801541E-04 0.00000000E+00
3.5932E+04 4.27060418E-04 0.00000000E+00
3.5956E+04 4.26765545E-04 0.00000000E+00
3.5979E+04 4.26342542E-04 0.00000000E+00
3.6003E+04 4.26435911E-04 0.00000000E+00
3.6026E+04 4.26630502E-04 0.00000000E+00
3.6050E+04 4.26272884E-04 0.00000000E+00
3.6073E+04 4.25767549E-04 0.00000000E+00
3.6097E+04 4.25776854E-04 0.00000000E+00
3.6120E+04 4.25907523E-04 0.00000000E+00
3.6144E+04 4.25488682E-04 0.00000000E+00
3.6168E+04 4.24902271E-04 0.00000000E+00
3.6191E+04 4.24827721E-04 0.00000000E+00
3.6215E+04 4.24895047E-04 0.00000000E+00
3.6238E+04 4.24416782E-04 0.00000000E+00
3.6262E+04 4.23750903E-04 0.00000000E+00
3.6285E+04 4.23592994E-04 0.00000000E+00
3.6309E+04 4.23597764E-04 0.00000000E+00
3.6333E+04 4.23062133E-04 0.00000000E+00
3.6356E+04 4.22318730E-04 0.00000000E+00
3.6380E+04 4.22078244E-04 0.00000000E+00
3.6403E+04 4.22021441E-04 0.00000000E+00
3.6427E+04 4.21430745E-04 0.00000000E+00
3.6450E+04 4.20612094E-04 0.00000000E+00
3.6474E+04 4.20290095E-04 0.00000000E+00
3.6497E+04 4.20172892E-04 0.00000000E+00
3.6521E+04 4.19529657E-04 0.00000000E+00
3.6545E+04 4.18638349E-04 0.00000000E+00
3.6568E+04 4.18236181E-04 0.00000000E+00
3.6592E+04 4.18059927E-04 0.00000000E+00
3.6615E+04 4.17366886E-04 0.00000000E+00
3.6639E+04 4.16405814E-04 0.00000000E+00
3.6662E+04 4.15925096E-04 0.00000000E+00
3.6686E+04 4.15691311E-04 0.00000000E+00
3.6710E+04 4.14951383E-04 0.00000000E+00
3.6733E+04 4.13923731E-04 0.00000000E+00
3.6757E+04 4.13366348E-04 0.00000000E+00
3.6780E+04 4.13076712E-04 0.00000000E+00
3.6804E+04 4.12292982E-04 0.00000000E+00
3.6827E+04 4.11202203E-04 0.00000000E+00
3.6851E+04 4.10570306E-04 0.00000000E+00
3.6874E+04 4.10226647E-04 0.00000000E+00
3.6898E+04 4.09402349E-04 0.00000000E+00
3.6922E+04 4.08252150E-04 0.00000000E+00
3.6945E+04 4.07548141E-04 0.00000000E+00
3.6969E+04 4.07152431E-04 0.00000000E+00
3.6992E+04 4.06290925E-04 0.00000000E+00
3.7016E+04 4.05085246E-04 0.00000000E+00
3.7039E+04 4.04311775E-04 0.00000000E+00
3.7063E+04 4.03866113E-04 0.00000000E+00
3.7087E+04 4.02970868E-04 0.00000000E+00
3.7110E+04 4.01713862E-04 0.00000000E+00
3.7134E+04 4.00873812E-04 0.00000000E+00
3.7157E+04 4.00380425E-04 0.00000000E+00
3.7181E+04 3.99454992E-04 0.00000000E+00
3.7204E+04 3.98151004E-04 0.00000000E+00
3.7228E+04 3.97247487E-04 0.00000000E+00
3.7251E+04 3.96708710E-04 0.00000000E+00
3.7275E+04 3.95756712E-04 0.00000000E+00
3.7299E+04 3.94410256E-04 0.00000000E+00
3.7322E+04 3.93446594E-04 0.00000000E+00
3.7346E+04 3.92864869E-04 0.00000000E+00
3.7369E+04 3.91889972E-04 0.00000000E+00
3.7393E+04 3.90505710E-04 0.00000000E+00
3.7416E+04 3.89485425E-04 0.00000000E+00
3.7440E+04 3.88863289E-04 0.00000000E+00
3.7463E+04 3.87869189E-04 0.00000000E+00
3.7487E+04 3.86451905E-04 0.00000000E+00
3.7511E+04 3.85378708E-04 0.00000000E+00
3.7534E+04 3.84718783E-04 0.00000000E+00
3.7558E+04 3.83709185E-04 0.00000000E+00
3.7581E+04 3.82263760E-04 0.00000000E+00
3.7605E+04 3.81141532E-04 0.00000000E+00
3.7628E+04 3.80446519E-04 0.00000000E+00
3.7652E+04 3.79425121E-04 0.00000000E+00
3.7676E+04 3.77956511E-04 0.00000000E+00
3.7699E+04 3.76789290E-04 0.00000000E+00
3.7723E+04 3.76061959E-04 0.00000000E+00
3.7746E+04 3.75032431E-04 0.00000000E+00
3.7770E+04 3.73545643E-04 0.00000000E+00
3.7793E+04 3.72337607E-04 0.00000000E+00
3.7817E+04 3.71580787E-04 0.00000000E+00
3.7840E+04 3.70546759E-04 0.00000000E+00
3.7864E+04 3.69046823E-04 0.00000000E+00
3.7888E+04 3.67802273E-04 0.00000000E+00
3.7911E+04 3.67018846E-04 0.00000000E+00
3.7935E+04 3.65983890E-04 0.00000000E+00
3.7958E+04 3.64475838E-04 0.00000000E+00
3.7982E+04 3.63199180E-04 0.00000000E+00
3.8005E+04 3.62392071E-04 0.00000000E+00
3.8029E+04 3.61359687E-04 0.00000000E+00
3.8053E+04 3.59848528E-04 0.00000000E+00
3.8076E+04 3.58544253E-04 0.00000000E+00
3.8100E+04 3.57716423E-04 0.00000000E+00
3.8123E+04 3.56690024E-04 0.00000000E+00
3.8147E+04 3.55180719E-04 0.00000000E+00
3.8170E+04 3.53853388E-04 0.00000000E+00
3.8194E+04 3.53007822E-04 0.00000000E+00
3.8217E+04 3.51990725E-04 0.00000000E+00
3.8241E+04 3.50488166E-04 0.00000000E+00
3.8265E+04 3.49142387E-04 0.00000000E+00
3.8288E+04 3.48282090E-04 0.00000000E+00
3.8312E+04 3.47277500E-04 0.00000000E+00
3.8335E+04 3.45786486E-04 0.00000000E+00
3.8359E+04 3.44426895E-04 0.00000000E+00
3.8382E+04 3.43554880E-04 0.00000000E+00
3.8406E+04 3.42565884E-04 0.00000000E+00
3.8430E+04 3.41091099E-04 0.00000000E+00
3.8453E+04 3.39722343E-04 0.00000000E+00
3.8477E+04 3.38841623E-04 0.00000000E+00
3.8500E+04 3.37871178E-04 0.00000000E+00
3.8524E+04 3.36417173E-04 0.00000000E+00
3.8547E+04 3.35043885E-04 0.00000000E+00
3.8571E+04 3.34157466E-04 0.00000000E+00
3.8594E+04 3.33208390E-04 0.00000000E+00
3.8618E+04 3.31779561E-04 0.00000000E+00
3.8642E+04 3.30406343E-04 0.00000000E+00
3.8665E+04 3.29517215E-04 0.00000000E+00
3.8689E+04 3.28592181E-04 0.00000000E+00
3.8712E+04 3.27192752E-04 0.00000000E+00
3.8736E+04 3.25824155E-04 0.00000000E+00
3.8759E+04 3.24935281E-04 0.00000000E+00
3.8783E+04 3.24036811E-04 0.00000000E+00
3.8807E+04 3.22670816E-04 0.00000000E+00
3.8830E+04 3.21311319E-04 0.00000000E+00
3.8854E+04 3.20425629E-04 0.00000000E+00
3.8877E+04 3.19556088E-04 0.00000000E+00
3.8901E+04 3.18227357E-04 0.00000000E+00
3.8924E+04 3.16881347E-04 0.00000000E+00
3.8948E+04 3.16001726E-04 0.00000000E+00
3.8971E+04 3.15163319E-04 0.00000000E+00
3.8995E+04 3.13875461E-04 0.00000000E+00
3.9019E+04 3.12547217E-04 0.00000000E+00
3.9042E+04 3.11676499E-04 0.00000000E+00
3.9066E+04 3.10871265E-04 0.00000000E+00
3.9089E+04 3.09627657E-04 0.00000000E+00
3.9113E+04 3.08321327E-04 0.00000000E+00
3.9136E+04 3.07462284E-04 0.00000000E+00
3.9160E+04 3.06692098E-04 0.00000000E+00
3.9184E+04 3.05495873E-04 0.00000000E+00
3.9207E+04 3.04215459E-04 0.00000000E+00
3.9231E+04 3.03370795E-04 0.00000000E+00
3.9254E+04 3.02637361E-04 0.00000000E+00
3.9278E+04 3.01491399E-04 0.00000000E+00
3.9301E+04 3.00240738E-04 0.00000000E+00
3.9325E+04 2.99413075E-04 0.00000000E+00
3.9348E+04 2.98717931E-04 0.00000000E+00
3.9372E+04 2.97624851E-04 0.00000000E+00
3.9396E+04 2.96407600E-04 0.00000000E+00
3.9419E+04 2.95599473E-04 0.00000000E+00
3.9443E+04 2.94943987E-04 0.00000000E+00
3.9466E+04 2.93906138E-04 0.00000000E+00
3.9490E+04 2.92725758E-04 0.00000000E+00
3.9513E+04 2.91939605E-04 0.00000000E+00
3.9537E+04 2.91324977E-04 0.00000000E+00
3.9561E+04 2.90344435E-04 0.00000000E+00
3.9584E+04 2.89204178E-04 0.00000000E+00
3.9608E+04 2.88442330E-04 0.00000000E+00
3.9631E+04 2.87869593E-04 0.00000000E+00
3.9655E+04 2.86948159E-04 0.00000000E+00
3.9678E+04 2.85851051E-04 0.00000000E+00
3.9702E+04 2.85115726E-04 0.00000000E+00
3.9725E+04 2.84585748E-04 0.00000000E+00
3.9749E+04 2.83724944E-04 0.00000000E+00
3.9773E+04 2.82673776E-04 0.00000000E+00
3.9796E+04 2.81967068E-04 0.00000000E+00
3.9820E+04 2.81480555E-04 0.00000000E+00
3.9843E+04 2.80681625E-04 0.00000000E+00
3.9867E+04 2.79678941E-04 0.00000000E+00
3.9890E+04 2.79002814E-04 0.00000000E+00
3.9914E+04 2.78560312E-04 0.00000000E+00
3.9937E+04 2.77824220E-04 0.00000000E+00
3.9961E+04 2.76872310E-04 0.00000000E+00
3.9985E+04 2.76228587E-04 0.00000000E+00
