0.0000E+00 0.00000000E+00 0.00000000E+00
2.3562E+01 0.00000000E+00 0.00000000E+00
4.7124E+01 0.00000000E+00 0.00000000E+00
7.0686E+01 0.00000000E+00 0.00000000E+00
9.4248E+01 0.00000000E+00 0.00000000E+00
1.1781E+02 0.00000000E+00 0.00000000E+00
1.4137E+02 0.00000000E+00 0.00000000E+00
1.6493E+02 0.00000000E+00 0.00000000E+00
1.8850E+02 0.00000000E+00 0.00000000E+00
2.1206E+02 0.00000000E+00 0.00000000E+00
2.3562E+02 0.00000000E+00 0.00000000E+00
2.5918E+02 2.61487175E-272 0.00000000E+00
2.8274E+02 3.34420030E-219 0.00000000E+00
3.0631E+02 1.86606815E-176 0.00000000E+00
3.2987E+02 4.94867779E-141 0.00000000E+00
3.5343E+02 2.42776664E-111 0.00000000E+00
3.7699E+02 1.95151892E-86 0.00000000E+00
4.0055E+02 1.00713691E-65 0.00000000E+00
4.2412E+02 7.64924113E-49 0.00000000E+00
4.4768E+02 1.26015691E-35 0.00000000E+00
4.7124E+02 3.89161302E-26 0.00000000E+00
4.9480E+02 5.17613184E-21 0.00000000E+00
5.1836E+02 2.63644639E-19 0.00000000E+00
5.4192E+02 5.18380911E-19 0.00000000E+00
5.6549E+02 9.75558247E-19 0.00000000E+00
5.8905E+02 1.59493515E-18 0.00000000E+00
6.1261E+02 2.53793793E-18 0.00000000E+00
6.3617E+02 3.58158051E-18 0.00000000E+00
6.5973E+02 6.34929007E-18 0.00000000E+00
6.8330E+02 1.20001769E-17 0.00000000E+00
7.0686E+02 1.77779589E-17 0.00000000E+00
7.3042E+02 2.49357133E-17 0.00000000E+00
7.5398E+02 4.27679928E-17 0.00000000E+00
7.7754E+02 7.00757117E-17 0.00000000E+00
8.0111E+02 9.41533423E-17 0.00000000E+00
8.2467E+02 1.29622655E-16 0.00000000E+00
8.4823E+02 2.11509014E-16 0.00000000E+00
8.7179E+02 3.15855020E-16 0.00000000E+00
8.9535E+02 4.05706217E-16 0.00000000E+00
9.1892E+02 5.68494417E-16 0.00000000E+00
9.4248E+02 9.12961021E-16 0.00000000E+00
9.6604E+02 1.29164315E-15 0.00000000E+00
9.8960E+02 1.62150930E-15 0.00000000E+00
1.0132E+03 2.32342665E-15 0.00000000E+00
1.0367E+03 3.59156647E-15 0.00000000E+00
1.0603E+03 4.78556007E-15 0.00000000E+00
1.0838E+03 5.99774027E-15 0.00000000E+00
1.1074E+03 8.79840402E-15 0.00000000E+00
1.1310E+03 1.31092893E-14 0.00000000E+00
1.1545E+03 1.67065677E-14 0.00000000E+00
1.1781E+03 2.12627187E-14 0.00000000E+00
1.2017E+03 3.16369238E-14 0.00000000E+00
1.2252E+03 4.50390046E-14 0.00000000E+00
1.2488E+03 5.55177664E-14 0.00000000E+00
1.2723E+03 7.25599835E-14 0.00000000E+00
1.2959E+03 1.07961584E-13 0.00000000E+00
1.3195E+03 1.46392132E-13 0.00000000E+00
1.3430E+03 1.77314093E-13 0.00000000E+00
1.3666E+03 2.38931423E-13 0.00000000E+00
1.3902E+03 3.50199448E-13 0.00000000E+00
1.4137E+03 4.52870601E-13 0.00000000E+00
1.4373E+03 5.47428753E-13 0.00000000E+00
1.4608E+03 7.57636836E-13 0.00000000E+00
1.4844E+03 1.07908495E-12 0.00000000E+00
1.5080E+03 1.33857287E-12 0.00000000E+00
1.5315E+03 1.63771358E-12 0.00000000E+00
1.5551E+03 2.30466105E-12 0.00000000E+00
1.5787E+03 3.15922935E-12 0.00000000E+00
1.6022E+03 3.79647459E-12 0.00000000E+00
1.6258E+03 4.74727268E-12 0.00000000E+00
1.6493E+03 6.70125443E-12 0.00000000E+00
1.6729E+03 8.79765255E-12 0.00000000E+00
1.6965E+03 1.03715883E-11 0.00000000E+00
1.7200E+03 1.33060488E-11 0.00000000E+00
1.7436E+03 1.85744681E-11 0.00000000E+00
1.7671E+03 2.33515335E-11 0.00000000E+00
1.7907E+03 2.73748144E-11 0.00000000E+00
1.8143E+03 3.59432591E-11 0.00000000E+00
1.8378E+03 4.90013521E-11 0.00000000E+00
1.8614E+03 5.92483320E-11 0.00000000E+00
1.8850E+03 6.99250432E-11 0.00000000E+00
1.9085E+03 9.32373581E-11 0.00000000E+00
1.9321E+03 1.22999605E-10 0.00000000E+00
1.9556E+03 1.44180817E-10 0.00000000E+00
1.9792E+03 1.72876112E-10 0.00000000E+00
2.0028E+03 2.31503125E-10 0.00000000E+00
2.0263E+03 2.94003913E-10 0.00000000E+00
2.0499E+03 3.37641874E-10 0.00000000E+00
2.0735E+03 4.13091324E-10 0.00000000E+00
2.0970E+03 5.48865256E-10 0.00000000E+00
2.1206E+03 6.70389951E-10 0.00000000E+00
2.1441E+03 7.63026574E-10 0.00000000E+00
2.1677E+03 9.51716411E-10 0.00000000E+00
2.1913E+03 1.24080290E-09 0.00000000E+00
2.2148E+03 1.46185988E-09 0.00000000E+00
2.2384E+03 1.66696431E-09 0.00000000E+00
2.2619E+03 2.10800674E-09 0.00000000E+00
2.2855E+03 2.67365720E-09 0.00000000E+00
2.3091E+03 3.05735442E-09 0.00000000E+00
2.3326E+03 3.52228488E-09 0.00000000E+00
2.3562E+03 4.47674457E-09 0.00000000E+00
2.3798E+03 5.49456150E-09 0.00000000E+00
2.4033E+03 6.15059854E-09 0.00000000E+00
2.4269E+03 7.19267833E-09 0.00000000E+00
2.4504E+03 9.09594587E-09 0.00000000E+00
2.4740E+03 1.07845267E-08 0.00000000E+00
2.4976E+03 1.19321601E-08 0.00000000E+00
2.5211E+03 1.41698696E-08 0.00000000E+00
2.5447E+03 1.76581363E-08 0.00000000E+00
2.5683E+03 2.02582411E-08 0.00000000E+00
2.5918E+03 2.23621404E-08 0.00000000E+00
2.6154E+03 2.68708085E-08 0.00000000E+00
2.6389E+03 3.27375078E-08 0.00000000E+00
2.6625E+03 3.65084222E-08 0.00000000E+00
2.6861E+03 4.05155861E-08 0.00000000E+00
2.7096E+03 4.89399579E-08 0.00000000E+00
2.7332E+03 5.79833589E-08 0.00000000E+00
2.7567E+03 6.32804097E-08 0.00000000E+00
2.7803E+03 7.09441614E-08 0.00000000E+00
2.8039E+03 8.54484260E-08 0.00000000E+00
2.8274E+03 9.82170708E-08 0.00000000E+00
2.8510E+03 1.05734659E-07 0.00000000E+00
2.8746E+03 1.19922765E-07 0.00000000E+00
2.8981E+03 1.42841098E-07 0.00000000E+00
2.9217E+03 1.59372875E-07 0.00000000E+00
2.9452E+03 1.70602336E-07 0.00000000E+00
2.9688E+03 1.95371989E-07 0.00000000E+00
2.9924E+03 2.28489532E-07 0.00000000E+00
3.0159E+03 2.48237794E-07 0.00000000E+00
3.0395E+03 2.66065444E-07 0.00000000E+00
3.0631E+03 3.06215994E-07 0.00000000E+00
3.0866E+03 3.49786823E-07 0.00000000E+00
3.1102E+03 3.71957357E-07 0.00000000E+00
3.1337E+03 4.01130390E-07 0.00000000E+00
3.1573E+03 4.61011701E-07 0.00000000E+00
3.1809E+03 5.12863317E-07 0.00000000E+00
3.2044E+03 5.37266278E-07 0.00000000E+00
3.2280E+03 5.84276186E-07 0.00000000E+00
3.2515E+03 6.65901429E-07 0.00000000E+00
3.2751E+03 7.21155586E-07 0.00000000E+00
3.2987E+03 7.49386057E-07 0.00000000E+00
3.3222E+03 8.21314866E-07 0.00000000E+00
3.3458E+03 9.22257693E-07 0.00000000E+00
3.3694E+03 9.74148739E-07 0.00000000E+00
3.3929E+03 1.01055059E-06 0.00000000E+00
3.4165E+03 1.11272223E-06 0.00000000E+00
3.4400E+03 1.22468061E-06 0.00000000E+00
3.4636E+03 1.26657983E-06 0.00000000E+00
3.4872E+03 1.31823724E-06 0.00000000E+00
3.5107E+03 1.45109899E-06 0.00000000E+00
3.5343E+03 1.56010928E-06 0.00000000E+00
3.5579E+03 1.58825299E-06 0.00000000E+00
3.5814E+03 1.66341690E-06 0.00000000E+00
3.6050E+03 1.81971880E-06 0.00000000E+00
3.6285E+03 1.90860585E-06 0.00000000E+00
3.6521E+03 1.92445955E-06 0.00000000E+00
3.6757E+03 2.02941864E-06 0.00000000E+00
3.6992E+03 2.19309642E-06 0.00000000E+00
3.7228E+03 2.24589217E-06 0.00000000E+00
3.7463E+03 2.25691838E-06 0.00000000E+00
3.7699E+03 2.39216632E-06 0.00000000E+00
3.7935E+03 2.54005470E-06 0.00000000E+00
3.8170E+03 2.54714385E-06 0.00000000E+00
3.8406E+03 2.56518771E-06 0.00000000E+00
3.8642E+03 2.72240313E-06 0.00000000E+00
3.8877E+03 2.82897956E-06 0.00000000E+00
3.9113E+03 2.79112542E-06 0.00000000E+00
3.9348E+03 2.82858336E-06 0.00000000E+00
3.9584E+03 2.99000806E-06 0.00000000E+00
3.9820E+03 3.03412062E-06 0.00000000E+00
4.0055E+03 2.96366404E-06 0.00000000E+00
4.0291E+03 3.02864205E-06 0.00000000E+00
4.0527E+03 3.16975522E-06 0.00000000E+00
4.0762E+03 3.14128460E-06 0.00000000E+00
4.0998E+03 3.05972208E-06 0.00000000E+00
4.1233E+03 3.15200543E-06 0.00000000E+00
4.1469E+03 3.24717432E-06 0.00000000E+00
4.1705E+03 3.15131987E-06 0.00000000E+00
4.1940E+03 3.08379095E-06 0.00000000E+00
4.2176E+03 3.19330387E-06 0.00000000E+00
4.2412E+03 3.22286487E-06 0.00000000E+00
4.2647E+03 3.08039874E-06 0.00000000E+00
4.2883E+03 3.04877443E-06 0.00000000E+00
4.3118E+03 3.15734166E-06 0.00000000E+00
4.3354E+03 3.11387976E-06 0.00000000E+00
4.3590E+03 2.95702600E-06 0.00000000E+00
4.3825E+03 2.97380085E-06 0.00000000E+00
4.4061E+03 3.05981315E-06 0.00000000E+00
4.4296E+03 2.95155636E-06 0.00000000E+00
4.4532E+03 2.81658789E-06 0.00000000E+00
4.4768E+03 2.88146495E-06 0.00000000E+00
4.5003E+03 2.92600992E-06 0.00000000E+00
4.5239E+03 2.77615921E-06 0.00000000E+00
4.5475E+03 2.69481410E-06 0.00000000E+00
4.5710E+03 2.79492286E-06 0.00000000E+00
4.5946E+03 2.78746608E-06 0.00000000E+00
4.6181E+03 2.62955515E-06 0.00000000E+00
4.6417E+03 2.62163466E-06 0.00000000E+00
4.6653E+03 2.73515043E-06 0.00000000E+00
4.6888E+03 2.67705867E-06 0.00000000E+00
4.7124E+03 2.54760108E-06 0.00000000E+00
4.7360E+03 2.61662953E-06 0.00000000E+00
4.7595E+03 2.71859559E-06 0.00000000E+00
4.7831E+03 2.62352577E-06 0.00000000E+00
4.8066E+03 2.55389504E-06 0.00000000E+00
4.8302E+03 2.68675348E-06 0.00000000E+00
4.8538E+03 2.75541750E-06 0.00000000E+00
4.8773E+03 2.64654064E-06 0.00000000E+00
4.9009E+03 2.65609994E-06 0.00000000E+00
4.9244E+03 2.82645732E-06 0.00000000E+00
4.9480E+03 2.84847742E-06 0.00000000E+00
4.9716E+03 2.75334816E-06 0.00000000E+00
4.9951E+03 2.84538183E-06 0.00000000E+00
5.0187E+03 3.01985267E-06 0.00000000E+00
5.0423E+03 2.99319135E-06 0.00000000E+00
5.0658E+03 2.93759774E-06 0.00000000E+00
5.0894E+03 3.09880980E-06 0.00000000E+00
5.1129E+03 3.24425528E-06 0.00000000E+00
5.1365E+03 3.17825877E-06 0.00000000E+00
5.1601E+03 3.18051933E-06 0.00000000E+00
5.1836E+03 3.38400090E-06 0.00000000E+00
5.2072E+03 3.47430533E-06 0.00000000E+00
5.2308E+03 3.38716131E-06 0.00000000E+00
5.2543E+03 3.45411630E-06 0.00000000E+00
5.2779E+03 3.66495000E-06 0.00000000E+00
5.3014E+03 3.68588640E-06 0.00000000E+00
5.3250E+03 3.60021062E-06 0.00000000E+00
5.3486E+03 3.72569121E-06 0.00000000E+00
5.3721E+03 3.90788585E-06 0.00000000E+00
5.3957E+03 3.85921496E-06 0.00000000E+00
5.4192E+03 3.79684888E-06 0.00000000E+00
5.4428E+03 3.96283358E-06 0.00000000E+00
5.4664E+03 4.08612159E-06 0.00000000E+00
5.4899E+03 3.98070760E-06 0.00000000E+00
5.5135E+03 3.95788570E-06 0.00000000E+00
5.5371E+03 4.13799346E-06 0.00000000E+00
5.5606E+03 4.18316488E-06 0.00000000E+00
5.5842E+03 4.04350840E-06 0.00000000E+00
5.6077E+03 4.06739355E-06 0.00000000E+00
5.6313E+03 4.23192053E-06 0.00000000E+00
5.6549E+03 4.19375175E-06 0.00000000E+00
5.6784E+03 4.04682343E-06 0.00000000E+00
5.7020E+03 4.11406613E-06 0.00000000E+00
5.7256E+03 4.23551702E-06 0.00000000E+00
5.7491E+03 4.12288598E-06 0.00000000E+00
5.7727E+03 3.99441749E-06 0.00000000E+00
5.7962E+03 4.09194835E-06 0.00000000E+00
5.8198E+03 4.14997608E-06 0.00000000E+00
5.8434E+03 3.98332756E-06 0.00000000E+00
5.8669E+03 3.89274465E-06 0.00000000E+00
5.8905E+03 4.00054970E-06 0.00000000E+00
5.9140E+03 3.98538976E-06 0.00000000E+00
5.9376E+03 3.79221520E-06 0.00000000E+00
5.9612E+03 3.74919104E-06 0.00000000E+00
5.9847E+03 3.84443486E-06 0.00000000E+00
6.0083E+03 3.75825765E-06 0.00000000E+00
6.0319E+03 3.56759217E-06 0.00000000E+00
6.0554E+03 3.57081326E-06 0.00000000E+00
6.0790E+03 3.63243467E-06 0.00000000E+00
6.1025E+03 3.48846693E-06 0.00000000E+00
6.1261E+03 3.32552836E-06 0.00000000E+00
6.1497E+03 3.36378467E-06 0.00000000E+00
6.1732E+03 3.37663414E-06 0.00000000E+00
6.1968E+03 3.19633257E-06 0.00000000E+00
6.2204E+03 3.07832159E-06 0.00000000E+00
6.2439E+03 3.13355860E-06 0.00000000E+00
6.2675E+03 3.09127668E-06 0.00000000E+00
6.2910E+03 2.90018942E-06 0.00000000E+00
6.3146E+03 2.83397256E-06 0.00000000E+00
6.3382E+03 2.88556863E-06 0.00000000E+00
6.3617E+03 2.79168714E-06 0.00000000E+00
6.3853E+03 2.61484851E-06 0.00000000E+00
6.4088E+03 2.59682648E-06 0.00000000E+00
6.4324E+03 2.62615459E-06 0.00000000E+00
6.4560E+03 2.49327271E-06 0.00000000E+00
6.4795E+03 2.35101207E-06 0.00000000E+00
6.5031E+03 2.36902551E-06 0.00000000E+00
6.5267E+03 2.36335449E-06 0.00000000E+00
6.5502E+03 2.21062408E-06 0.00000000E+00
6.5738E+03 2.11553378E-06 0.00000000E+00
6.5973E+03 2.15226875E-06 0.00000000E+00
6.6209E+03 2.10724559E-06 0.00000000E+00
6.6445E+03 1.95671735E-06 0.00000000E+00
6.6680E+03 1.91225530E-06 0.00000000E+00
6.6916E+03 1.94935394E-06 0.00000000E+00
6.7152E+03 1.86963720E-06 0.00000000E+00
6.7387E+03 1.74221297E-06 0.00000000E+00
6.7623E+03 1.74307265E-06 0.00000000E+00
6.7858E+03 1.76507361E-06 0.00000000E+00
6.8094E+03 1.66308313E-06 0.00000000E+00
6.8330E+03 1.57485833E-06 0.00000000E+00
6.8565E+03 1.60889446E-06 0.00000000E+00
6.8801E+03 1.60622665E-06 0.00000000E+00
6.9036E+03 1.49935951E-06 0.00000000E+00
6.9272E+03 1.45902407E-06 0.00000000E+00
6.9508E+03 1.51024335E-06 0.00000000E+00
6.9743E+03 1.48074089E-06 0.00000000E+00
6.9979E+03 1.38768060E-06 0.00000000E+00
7.0215E+03 1.39540743E-06 0.00000000E+00
7.0450E+03 1.44736838E-06 0.00000000E+00
7.0686E+03 1.39611535E-06 0.00000000E+00
7.0921E+03 1.33302791E-06 0.00000000E+00
7.1157E+03 1.38097121E-06 0.00000000E+00
7.1393E+03 1.41991100E-06 0.00000000E+00
7.1628E+03 1.35756552E-06 0.00000000E+00
7.1864E+03 1.33493504E-06 0.00000000E+00
7.2100E+03 1.40914504E-06 0.00000000E+00
7.2335E+03 1.42626008E-06 0.00000000E+00
7.2571E+03 1.36631256E-06 0.00000000E+00
7.2806E+03 1.38701681E-06 0.00000000E+00
7.3042E+03 1.47032481E-06 0.00000000E+00
7.3278E+03 1.46284476E-06 0.00000000E+00
7.3513E+03 1.41844460E-06 0.00000000E+00
7.3749E+03 1.47738348E-06 0.00000000E+00
7.3985E+03 1.55265061E-06 0.00000000E+00
7.4220E+03 1.52360435E-06 0.00000000E+00
7.4456E+03 1.50463285E-06 0.00000000E+00
7.4691E+03 1.58990620E-06 0.00000000E+00
7.4927E+03 1.64300926E-06 0.00000000E+00
7.5163E+03 1.59985673E-06 0.00000000E+00
7.5398E+03 1.61083398E-06 0.00000000E+00
7.5634E+03 1.70615743E-06 0.00000000E+00
7.5869E+03 1.72817321E-06 0.00000000E+00
7.6105E+03 1.68067513E-06 0.00000000E+00
7.6341E+03 1.71987840E-06 0.00000000E+00
7.6576E+03 1.80770601E-06 0.00000000E+00
7.6812E+03 1.79595344E-06 0.00000000E+00
7.7048E+03 1.75378140E-06 0.00000000E+00
7.7283E+03 1.81368812E-06 0.00000000E+00
7.7519E+03 1.87840472E-06 0.00000000E+00
7.7754E+03 1.83624590E-06 0.00000000E+00
7.7990E+03 1.80683872E-06 0.00000000E+00
7.8226E+03 1.87573188E-06 0.00000000E+00
7.8461E+03 1.90630422E-06 0.00000000E+00
7.8697E+03 1.84185199E-06 0.00000000E+00
7.8933E+03 1.82893939E-06 0.00000000E+00
7.9168E+03 1.89329223E-06 0.00000000E+00
7.9404E+03 1.88491379E-06 0.00000000E+00
7.9639E+03 1.80899159E-06 0.00000000E+00
7.9875E+03 1.81203520E-06 0.00000000E+00
8.0111E+03 1.85915895E-06 0.00000000E+00
8.0346E+03 1.81364728E-06 0.00000000E+00
8.0582E+03 1.73746268E-06 0.00000000E+00
8.0817E+03 1.75206051E-06 0.00000000E+00
8.1053E+03 1.77247959E-06 0.00000000E+00
8.1289E+03 1.69744251E-06 0.00000000E+00
8.1524E+03 1.63045187E-06 0.00000000E+00
8.1760E+03 1.64955229E-06 0.00000000E+00
8.1996E+03 1.63865631E-06 0.00000000E+00
8.2231E+03 1.54567829E-06 0.00000000E+00
8.2467E+03 1.49404040E-06 0.00000000E+00
8.2702E+03 1.50965774E-06 0.00000000E+00
8.2938E+03 1.46835179E-06 0.00000000E+00
8.3174E+03 1.37062012E-06 0.00000000E+00
8.3409E+03 1.33648598E-06 0.00000000E+00
8.3645E+03 1.34152732E-06 0.00000000E+00
8.3881E+03 1.27581340E-06 0.00000000E+00
8.4116E+03 1.18567875E-06 0.00000000E+00
8.4352E+03 1.16737498E-06 0.00000000E+00
8.4587E+03 1.15719222E-06 0.00000000E+00
8.4823E+03 1.07682869E-06 0.00000000E+00
8.5059E+03 1.00376595E-06 0.00000000E+00
8.5294E+03 9.96745809E-07 0.00000000E+00
8.5530E+03 9.70105824E-07 0.00000000E+00
8.5765E+03 8.86659036E-07 0.00000000E+00
8.6001E+03 8.35977250E-07 0.00000000E+00
8.6237E+03 8.34267754E-07 0.00000000E+00
8.6472E+03 7.93571987E-07 0.00000000E+00
8.6708E+03 7.18270759E-07 0.00000000E+00
8.6944E+03 6.90745575E-07 0.00000000E+00
8.7179E+03 6.88541586E-07 0.00000000E+00
8.7415E+03 6.39287506E-07 0.00000000E+00
8.7650E+03 5.81098618E-07 0.00000000E+00
8.7886E+03 5.73504103E-07 0.00000000E+00
8.8122E+03 5.66558994E-07 0.00000000E+00
8.8357E+03 5.16189517E-07 0.00000000E+00
8.8593E+03 4.80459252E-07 0.00000000E+00
8.8829E+03 4.86802148E-07 0.00000000E+00
8.9064E+03 4.73335221E-07 0.00000000E+00
8.9300E+03 4.29736404E-07 0.00000000E+00
8.9535E+03 4.17607159E-07 0.00000000E+00
8.9771E+03 4.30745433E-07 0.00000000E+00
9.0007E+03 4.11708651E-07 0.00000000E+00
9.0242E+03 3.81670832E-07 0.00000000E+00
9.0478E+03 3.90316585E-07 0.00000000E+00
9.0713E+03 4.03597529E-07 0.00000000E+00
9.0949E+03 3.82290266E-07 0.00000000E+00
9.1185E+03 3.70237047E-07 0.00000000E+00
9.1420E+03 3.93800125E-07 0.00000000E+00
9.1656E+03 4.02383657E-07 0.00000000E+00
9.1892E+03 3.83541658E-07 0.00000000E+00
9.2127E+03 3.90760384E-07 0.00000000E+00
9.2363E+03 4.21747098E-07 0.00000000E+00
9.2598E+03 4.23375214E-07 0.00000000E+00
9.2834E+03 4.11962517E-07 0.00000000E+00
9.3070E+03 4.36457834E-07 0.00000000E+00
9.3305E+03 4.67283421E-07 0.00000000E+00
9.3541E+03 4.62392532E-07 0.00000000E+00
9.3777E+03 4.62373132E-07 0.00000000E+00
9.4012E+03 4.99336580E-07 0.00000000E+00
9.4248E+03 5.23709059E-07 0.00000000E+00
9.4483E+03 5.14927385E-07 0.00000000E+00
9.4719E+03 5.28281578E-07 0.00000000E+00
9.4955E+03 5.71051540E-07 0.00000000E+00
9.5190E+03 5.84944672E-07 0.00000000E+00
9.5426E+03 5.76141474E-07 0.00000000E+00
9.5661E+03 6.02326159E-07 0.00000000E+00
9.5897E+03 6.43626508E-07 0.00000000E+00
9.6133E+03 6.45696573E-07 0.00000000E+00
9.6368E+03 6.40830182E-07 0.00000000E+00
9.6604E+03 6.76779809E-07 0.00000000E+00
9.6840E+03 7.09987088E-07 0.00000000E+00
9.7075E+03 7.01412352E-07 0.00000000E+00
9.7311E+03 7.03446543E-07 0.00000000E+00
9.7546E+03 7.44095369E-07 0.00000000E+00
9.7782E+03 7.64297009E-07 0.00000000E+00
9.8018E+03 7.48136141E-07 0.00000000E+00
9.8253E+03 7.58259126E-07 0.00000000E+00
9.8489E+03 7.97460152E-07 0.00000000E+00
9.8725E+03 8.02124406E-07 0.00000000E+00
9.8960E+03 7.82377461E-07 0.00000000E+00
9.9196E+03 7.99676480E-07 0.00000000E+00
9.9431E+03 8.31318555E-07 0.00000000E+00
9.9667E+03 8.20485067E-07 0.00000000E+00
9.9903E+03 8.01083142E-07 0.00000000E+00
1.0014E+04 8.22719977E-07 0.00000000E+00
1.0037E+04 8.41815213E-07 0.00000000E+00
1.0061E+04 8.17814174E-07 0.00000000E+00
1.0085E+04 8.01756562E-07 0.00000000E+00
1.0108E+04 8.23579877E-07 0.00000000E+00
1.0132E+04 8.27111289E-07 0.00000000E+00
1.0155E+04 7.93908488E-07 0.00000000E+00
1.0179E+04 7.82714480E-07 0.00000000E+00
1.0202E+04 8.00156014E-07 0.00000000E+00
1.0226E+04 7.87534108E-07 0.00000000E+00
1.0249E+04 7.49861958E-07 0.00000000E+00
1.0273E+04 7.43423091E-07 0.00000000E+00
1.0297E+04 7.52473411E-07 0.00000000E+00
1.0320E+04 7.25535400E-07 0.00000000E+00
1.0344E+04 6.87996029E-07 0.00000000E+00
1.0367E+04 6.84822035E-07 0.00000000E+00
1.0391E+04 6.82875985E-07 0.00000000E+00
1.0414E+04 6.45453931E-07 0.00000000E+00
1.0438E+04 6.11767617E-07 0.00000000E+00
1.0462E+04 6.09536021E-07 0.00000000E+00
1.0485E+04 5.95935944E-07 0.00000000E+00
1.0509E+04 5.53101489E-07 0.00000000E+00
1.0532E+04 5.25627603E-07 0.00000000E+00
1.0556E+04 5.21889084E-07 0.00000000E+00
1.0579E+04 4.98065035E-07 0.00000000E+00
1.0603E+04 4.55212916E-07 0.00000000E+00
1.0626E+04 4.34803585E-07 0.00000000E+00
1.0650E+04 4.27672768E-07 0.00000000E+00
1.0674E+04 3.96866432E-07 0.00000000E+00
1.0697E+04 3.58817941E-07 0.00000000E+00
1.0721E+04 3.44991587E-07 0.00000000E+00
1.0744E+04 3.33668236E-07 0.00000000E+00
1.0768E+04 3.00312157E-07 0.00000000E+00
1.0791E+04 2.70601903E-07 0.00000000E+00
1.0815E+04 2.61960279E-07 0.00000000E+00
1.0838E+04 2.46972533E-07 0.00000000E+00
1.0862E+04 2.15861691E-07 0.00000000E+00
1.0886E+04 1.96322561E-07 0.00000000E+00
1.0909E+04 1.91092838E-07 0.00000000E+00
1.0933E+04 1.74220636E-07 0.00000000E+00
1.0956E+04 1.49647190E-07 0.00000000E+00
1.0980E+04 1.40341467E-07 0.00000000E+00
1.1003E+04 1.36911011E-07 0.00000000E+00
1.1027E+04 1.20818844E-07 0.00000000E+00
1.1051E+04 1.05838401E-07 0.00000000E+00
1.1074E+04 1.05312130E-07 0.00000000E+00
1.1098E+04 1.02638562E-07 0.00000000E+00
1.1121E+04 9.03071622E-08 0.00000000E+00
1.1145E+04 8.62691109E-08 0.00000000E+00
1.1168E+04 9.20464765E-08 0.00000000E+00
1.1192E+04 8.98637700E-08 0.00000000E+00
1.1215E+04 8.39486042E-08 0.00000000E+00
1.1239E+04 9.03632769E-08 0.00000000E+00
1.1263E+04 9.95592387E-08 0.00000000E+00
1.1286E+04 9.83523159E-08 0.00000000E+00
1.1310E+04 1.00606207E-07 0.00000000E+00
1.1333E+04 1.15351579E-07 0.00000000E+00
1.1357E+04 1.25270051E-07 0.00000000E+00
1.1380E+04 1.26043759E-07 0.00000000E+00
1.1404E+04 1.36921606E-07 0.00000000E+00
1.1428E+04 1.56726584E-07 0.00000000E+00
1.1451E+04 1.65328130E-07 0.00000000E+00
1.1475E+04 1.69240257E-07 0.00000000E+00
1.1498E+04 1.87761387E-07 0.00000000E+00
1.1522E+04 2.08854220E-07 0.00000000E+00
1.1545E+04 2.15015755E-07 0.00000000E+00
1.1569E+04 2.22969483E-07 0.00000000E+00
1.1592E+04 2.46857743E-07 0.00000000E+00
1.1616E+04 2.65645197E-07 0.00000000E+00
1.1640E+04 2.69184880E-07 0.00000000E+00
1.1663E+04 2.81479610E-07 0.00000000E+00
1.1687E+04 3.07544947E-07 0.00000000E+00
1.1710E+04 3.21193120E-07 0.00000000E+00
1.1734E+04 3.22685176E-07 0.00000000E+00
1.1757E+04 3.38806736E-07 0.00000000E+00
1.1781E+04 3.63486181E-07 0.00000000E+00
1.1805E+04 3.70304040E-07 0.00000000E+00
1.1828E+04 3.70749940E-07 0.00000000E+00
1.1852E+04 3.89346983E-07 0.00000000E+00
1.1875E+04 4.09296147E-07 0.00000000E+00
1.1899E+04 4.08870060E-07 0.00000000E+00
1.1922E+04 4.09316462E-07 0.00000000E+00
1.1946E+04 4.28367560E-07 0.00000000E+00
1.1969E+04 4.40990098E-07 0.00000000E+00
1.1993E+04 4.34070901E-07 0.00000000E+00
1.2017E+04 4.35267669E-07 0.00000000E+00
1.2040E+04 4.52402436E-07 0.00000000E+00
1.2064E+04 4.56223668E-07 0.00000000E+00
1.2087E+04 4.44416066E-07 0.00000000E+00
1.2111E+04 4.46590352E-07 0.00000000E+00
1.2134E+04 4.59496534E-07 0.00000000E+00
1.2158E+04 4.54323141E-07 0.00000000E+00
1.2182E+04 4.39661182E-07 0.00000000E+00
1.2205E+04 4.42451422E-07 0.00000000E+00
1.2229E+04 4.49283988E-07 0.00000000E+00
1.2252E+04 4.36136315E-07 0.00000000E+00
1.2276E+04 4.20642545E-07 0.00000000E+00
1.2299E+04 4.23197040E-07 0.00000000E+00
1.2323E+04 4.22907513E-07 0.00000000E+00
1.2346E+04 4.03754852E-07 0.00000000E+00
1.2370E+04 3.89073654E-07 0.00000000E+00
1.2394E+04 3.90280984E-07 0.00000000E+00
1.2417E+04 3.82803900E-07 0.00000000E+00
1.2441E+04 3.60167737E-07 0.00000000E+00
1.2464E+04 3.47338303E-07 0.00000000E+00
1.2488E+04 3.46129050E-07 0.00000000E+00
1.2511E+04 3.32392942E-07 0.00000000E+00
1.2535E+04 3.08902280E-07 0.00000000E+00
1.2559E+04 2.98300524E-07 0.00000000E+00
1.2582E+04 2.93946755E-07 0.00000000E+00
1.2606E+04 2.75712538E-07 0.00000000E+00
1.2629E+04 2.53696588E-07 0.00000000E+00
1.2653E+04 2.45136391E-07 0.00000000E+00
1.2676E+04 2.37479028E-07 0.00000000E+00
1.2700E+04 2.17041693E-07 0.00000000E+00
1.2723E+04 1.98229662E-07 0.00000000E+00
1.2747E+04 1.91180492E-07 0.00000000E+00
1.2771E+04 1.80733187E-07 0.00000000E+00
1.2794E+04 1.60546901E-07 0.00000000E+00
1.2818E+04 1.45916769E-07 0.00000000E+00
1.2841E+04 1.39773519E-07 0.00000000E+00
1.2865E+04 1.27680206E-07 0.00000000E+00
1.2888E+04 1.09977967E-07 0.00000000E+00
1.2912E+04 9.97627254E-08 0.00000000E+00
1.2936E+04 9.40979048E-08 0.00000000E+00
1.2959E+04 8.19533213E-08 0.00000000E+00
1.2983E+04 6.84289168E-08 0.00000000E+00
1.3006E+04 6.22568623E-08 0.00000000E+00
1.3030E+04 5.69952170E-08 0.00000000E+00
1.3053E+04 4.65663470E-08 0.00000000E+00
1.3077E+04 3.81701524E-08 0.00000000E+00
1.3100E+04 3.52918260E-08 0.00000000E+00
1.3124E+04 3.07696707E-08 0.00000000E+00
1.3148E+04 2.36756296E-08 0.00000000E+00
1.3171E+04 2.05508421E-08 0.00000000E+00
1.3195E+04 2.00932656E-08 0.00000000E+00
1.3218E+04 1.69936618E-08 0.00000000E+00
1.3242E+04 1.44083921E-08 0.00000000E+00
1.3265E+04 1.59661424E-08 0.00000000E+00
1.3289E+04 1.71564662E-08 0.00000000E+00
1.3312E+04 1.63403596E-08 0.00000000E+00
1.3336E+04 1.87759422E-08 0.00000000E+00
1.3360E+04 2.38821490E-08 0.00000000E+00
1.3383E+04 2.61962231E-08 0.00000000E+00
1.3407E+04 2.84724816E-08 0.00000000E+00
1.3430E+04 3.56829611E-08 0.00000000E+00
1.3454E+04 4.29115926E-08 0.00000000E+00
1.3477E+04 4.61244598E-08 0.00000000E+00
1.3501E+04 5.20140131E-08 0.00000000E+00
1.3525E+04 6.30346297E-08 0.00000000E+00
1.3548E+04 7.09342090E-08 0.00000000E+00
1.3572E+04 7.50738946E-08 0.00000000E+00
1.3595E+04 8.46228722E-08 0.00000000E+00
1.3619E+04 9.79329122E-08 0.00000000E+00
1.3642E+04 1.05256318E-07 0.00000000E+00
1.3666E+04 1.10484167E-07 0.00000000E+00
1.3689E+04 1.23168848E-07 0.00000000E+00
1.3713E+04 1.36943414E-07 0.00000000E+00
1.3737E+04 1.42803685E-07 0.00000000E+00
1.3760E+04 1.49259439E-07 0.00000000E+00
1.3784E+04 1.64005143E-07 0.00000000E+00
1.3807E+04 1.76406310E-07 0.00000000E+00
1.3831E+04 1.80339910E-07 0.00000000E+00
1.3854E+04 1.87995035E-07 0.00000000E+00
1.3878E+04 2.03306616E-07 0.00000000E+00
1.3902E+04 2.12760089E-07 0.00000000E+00
1.3925E+04 2.14699629E-07 0.00000000E+00
1.3949E+04 2.23257694E-07 0.00000000E+00
1.3972E+04 2.37436254E-07 0.00000000E+00
1.3996E+04 2.42846008E-07 0.00000000E+00
1.4019E+04 2.43022357E-07 0.00000000E+00
1.4043E+04 2.51892238E-07 0.00000000E+00
1.4066E+04 2.63295824E-07 0.00000000E+00
1.4090E+04 2.64164139E-07 0.00000000E+00
1.4114E+04 2.62969896E-07 0.00000000E+00
1.4137E+04 2.71319486E-07 0.00000000E+00
1.4161E+04 2.78617924E-07 0.00000000E+00
1.4184E+04 2.75058362E-07 0.00000000E+00
1.4208E+04 2.72908696E-07 0.00000000E+00
1.4231E+04 2.79788024E-07 0.00000000E+00
1.4255E+04 2.82164708E-07 0.00000000E+00
1.4279E+04 2.74816385E-07 0.00000000E+00
1.4302E+04 2.72039324E-07 0.00000000E+00
1.4326E+04 2.76546334E-07 0.00000000E+00
1.4349E+04 2.73811761E-07 0.00000000E+00
1.4373E+04 2.63680710E-07 0.00000000E+00
1.4396E+04 2.60458489E-07 0.00000000E+00
1.4420E+04 2.61911616E-07 0.00000000E+00
1.4443E+04 2.54511592E-07 0.00000000E+00
1.4467E+04 2.42775899E-07 0.00000000E+00
1.4491E+04 2.39144794E-07 0.00000000E+00
1.4514E+04 2.37225313E-07 0.00000000E+00
1.4538E+04 2.26147310E-07 0.00000000E+00
1.4561E+04 2.13965402E-07 0.00000000E+00
1.4585E+04 2.09866958E-07 0.00000000E+00
1.4608E+04 2.04700806E-07 0.00000000E+00
1.4632E+04 1.91300544E-07 0.00000000E+00
1.4656E+04 1.79656766E-07 0.00000000E+00
1.4679E+04 1.75021540E-07 0.00000000E+00
1.4703E+04 1.67183162E-07 0.00000000E+00
1.4726E+04 1.52966652E-07 0.00000000E+00
1.4750E+04 1.42576795E-07 0.00000000E+00
1.4773E+04 1.37415128E-07 0.00000000E+00
1.4797E+04 1.27851845E-07 0.00000000E+00
1.4820E+04 1.14253678E-07 0.00000000E+00
1.4844E+04 1.05538316E-07 0.00000000E+00
1.4868E+04 1.00012257E-07 0.00000000E+00
1.4891E+04 8.99033788E-08 0.00000000E+00
1.4915E+04 7.80993743E-08 0.00000000E+00
1.4938E+04 7.12181073E-08 0.00000000E+00
1.4962E+04 6.56740908E-08 0.00000000E+00
1.4985E+04 5.62512659E-08 0.00000000E+00
1.5009E+04 4.70338958E-08 0.00000000E+00
1.5033E+04 4.19618268E-08 0.00000000E+00
1.5056E+04 3.69136360E-08 0.00000000E+00
1.5080E+04 2.92754609E-08 0.00000000E+00
1.5103E+04 2.30062091E-08 0.00000000E+00
1.5127E+04 1.96274717E-08 0.00000000E+00
1.5150E+04 1.56908389E-08 0.00000000E+00
1.5174E+04 1.06445809E-08 0.00000000E+00
1.5197E+04 7.28169912E-09 0.00000000E+00
1.5221E+04 5.47441873E-09 0.00000000E+00
1.5245E+04 3.26584079E-09 0.00000000E+00
1.5268E+04 1.22261273E-09 0.00000000E+00
1.5292E+04 4.08890076E-10 0.00000000E+00
1.5315E+04 1.01195614E-10 0.00000000E+00
1.5339E+04 1.21671520E-10 0.00000000E+00
1.5362E+04 1.06023718E-09 0.00000000E+00
1.5386E+04 2.24593487E-09 0.00000000E+00
1.5410E+04 3.43191952E-09 0.00000000E+00
1.5433E+04 5.95981708E-09 0.00000000E+00
1.5457E+04 9.46084689E-09 0.00000000E+00
1.5480E+04 1.20333817E-08 0.00000000E+00
1.5504E+04 1.47488956E-08 0.00000000E+00
1.5527E+04 1.97644527E-08 0.00000000E+00
1.5551E+04 2.51042439E-08 0.00000000E+00
1.5574E+04 2.84986918E-08 0.00000000E+00
1.5598E+04 3.27670116E-08 0.00000000E+00
1.5622E+04 3.99246375E-08 0.00000000E+00
1.5645E+04 4.62075075E-08 0.00000000E+00
1.5669E+04 4.99794660E-08 0.00000000E+00
1.5692E+04 5.57440458E-08 0.00000000E+00
1.5716E+04 6.43990991E-08 0.00000000E+00
1.5739E+04 7.07025313E-08 0.00000000E+00
1.5763E+04 7.45553170E-08 0.00000000E+00
1.5787E+04 8.16196006E-08 0.00000000E+00
1.5810E+04 9.09057391E-08 0.00000000E+00
1.5834E+04 9.64125326E-08 0.00000000E+00
1.5857E+04 1.00181648E-07 0.00000000E+00
1.5881E+04 1.08173951E-07 0.00000000E+00
1.5904E+04 1.17117648E-07 0.00000000E+00
1.5928E+04 1.21214328E-07 0.00000000E+00
1.5951E+04 1.24821259E-07 0.00000000E+00
1.5975E+04 1.33196695E-07 0.00000000E+00
1.5999E+04 1.40848938E-07 0.00000000E+00
1.6022E+04 1.43178130E-07 0.00000000E+00
1.6046E+04 1.46571056E-07 0.00000000E+00
1.6069E+04 1.54653892E-07 0.00000000E+00
1.6093E+04 1.60216560E-07 0.00000000E+00
1.6116E+04 1.60680951E-07 0.00000000E+00
1.6140E+04 1.63781002E-07 0.00000000E+00
1.6163E+04 1.70841652E-07 0.00000000E+00
1.6187E+04 1.73767939E-07 0.00000000E+00
1.6211E+04 1.72492753E-07 0.00000000E+00
1.6234E+04 1.75161155E-07 0.00000000E+00
1.6258E+04 1.80514263E-07 0.00000000E+00
1.6281E+04 1.80568068E-07 0.00000000E+00
1.6305E+04 1.77835892E-07 0.00000000E+00
1.6328E+04 1.79870821E-07 0.00000000E+00
1.6352E+04 1.82976111E-07 0.00000000E+00
1.6376E+04 1.80243387E-07 0.00000000E+00
1.6399E+04 1.76418521E-07 0.00000000E+00
1.6423E+04 1.77582316E-07 0.00000000E+00
1.6446E+04 1.78129042E-07 0.00000000E+00
1.6470E+04 1.72982859E-07 0.00000000E+00
1.6493E+04 1.68441838E-07 0.00000000E+00
1.6517E+04 1.68511451E-07 0.00000000E+00
1.6540E+04 1.66470326E-07 0.00000000E+00
1.6564E+04 1.59499210E-07 0.00000000E+00
1.6588E+04 1.54580248E-07 0.00000000E+00
1.6611E+04 1.53407985E-07 0.00000000E+00
1.6635E+04 1.49040729E-07 0.00000000E+00
1.6658E+04 1.40955253E-07 0.00000000E+00
1.6682E+04 1.35933232E-07 0.00000000E+00
1.6705E+04 1.33502285E-07 0.00000000E+00
1.6729E+04 1.27326918E-07 0.00000000E+00
1.6753E+04 1.18861692E-07 0.00000000E+00
1.6776E+04 1.13948491E-07 0.00000000E+00
1.6800E+04 1.10408774E-07 0.00000000E+00
1.6823E+04 1.03126943E-07 0.00000000E+00
1.6847E+04 9.49539825E-08 0.00000000E+00
1.6870E+04 9.03179410E-08 0.00000000E+00
1.6894E+04 8.59920305E-08 0.00000000E+00
1.6917E+04 7.83912666E-08 0.00000000E+00
1.6941E+04 7.10566837E-08 0.00000000E+00
1.6965E+04 6.68510660E-08 0.00000000E+00
1.6988E+04 6.22064773E-08 0.00000000E+00
1.7012E+04 5.50542221E-08 0.00000000E+00
1.7035E+04 4.89444145E-08 0.00000000E+00
1.7059E+04 4.53335527E-08 0.00000000E+00
1.7082E+04 4.09247779E-08 0.00000000E+00
1.7106E+04 3.48716065E-08 0.00000000E+00
1.7130E+04 3.02088458E-08 0.00000000E+00
1.7153E+04 2.73822522E-08 0.00000000E+00
1.7177E+04 2.37723396E-08 0.00000000E+00
1.7200E+04 1.92791615E-08 0.00000000E+00
1.7224E+04 1.61410522E-08 0.00000000E+00
1.7247E+04 1.43096385E-08 0.00000000E+00
1.7271E+04 1.19853454E-08 0.00000000E+00
1.7294E+04 9.28418939E-09 0.00000000E+00
1.7318E+04 7.63784729E-09 0.00000000E+00
1.7342E+04 7.01146382E-09 0.00000000E+00
1.7365E+04 6.30734733E-09 0.00000000E+00
1.7389E+04 5.39879191E-09 0.00000000E+00
1.7412E+04 5.13933700E-09 0.00000000E+00
1.7436E+04 5.88992376E-09 0.00000000E+00
1.7459E+04 6.93499533E-09 0.00000000E+00
1.7483E+04 7.61874242E-09 0.00000000E+00
1.7507E+04 8.60280667E-09 0.00000000E+00
1.7530E+04 1.08214031E-08 0.00000000E+00
1.7554E+04 1.35176189E-08 0.00000000E+00
1.7577E+04 1.54473778E-08 0.00000000E+00
1.7601E+04 1.75153042E-08 0.00000000E+00
1.7624E+04 2.11731423E-08 0.00000000E+00
1.7648E+04 2.52090171E-08 0.00000000E+00
1.7671E+04 2.79596771E-08 0.00000000E+00
1.7695E+04 3.09440954E-08 0.00000000E+00
1.7719E+04 3.58676373E-08 0.00000000E+00
1.7742E+04 4.07638910E-08 0.00000000E+00
1.7766E+04 4.38983342E-08 0.00000000E+00
1.7789E+04 4.76208489E-08 0.00000000E+00
1.7813E+04 5.34880683E-08 0.00000000E+00
1.7836E+04 5.86667047E-08 0.00000000E+00
1.7860E+04 6.17914196E-08 0.00000000E+00
1.7884E+04 6.60523277E-08 0.00000000E+00
1.7907E+04 7.24133805E-08 0.00000000E+00
1.7931E+04 7.72779651E-08 0.00000000E+00
1.7954E+04 8.00802657E-08 0.00000000E+00
1.7978E+04 8.46478806E-08 0.00000000E+00
1.8001E+04 9.09684800E-08 0.00000000E+00
1.8025E+04 9.49822065E-08 0.00000000E+00
1.8048E+04 9.72464362E-08 0.00000000E+00
1.8072E+04 1.01852463E-07 0.00000000E+00
1.8096E+04 1.07573782E-07 0.00000000E+00
1.8119E+04 1.10323259E-07 0.00000000E+00
1.8143E+04 1.11927842E-07 0.00000000E+00
1.8166E+04 1.16273468E-07 0.00000000E+00
1.8190E+04 1.20879146E-07 0.00000000E+00
1.8213E+04 1.22115257E-07 0.00000000E+00
1.8237E+04 1.23015948E-07 0.00000000E+00
1.8261E+04 1.26790379E-07 0.00000000E+00
1.8284E+04 1.29869821E-07 0.00000000E+00
1.8308E+04 1.29521712E-07 0.00000000E+00
1.8331E+04 1.29728287E-07 0.00000000E+00
1.8355E+04 1.32638096E-07 0.00000000E+00
1.8378E+04 1.33935941E-07 0.00000000E+00
1.8402E+04 1.32099144E-07 0.00000000E+00
1.8425E+04 1.31652824E-07 0.00000000E+00
1.8449E+04 1.33457498E-07 0.00000000E+00
1.8473E+04 1.32901656E-07 0.00000000E+00
1.8496E+04 1.29805655E-07 0.00000000E+00
1.8520E+04 1.28762973E-07 0.00000000E+00
1.8543E+04 1.29310025E-07 0.00000000E+00
1.8567E+04 1.27014551E-07 0.00000000E+00
1.8590E+04 1.22977910E-07 0.00000000E+00
1.8614E+04 1.21404015E-07 0.00000000E+00
1.8637E+04 1.20656551E-07 0.00000000E+00
1.8661E+04 1.16899918E-07 0.00000000E+00
1.8685E+04 1.12282089E-07 0.00000000E+00
1.8708E+04 1.10253356E-07 0.00000000E+00
1.8732E+04 1.08303959E-07 0.00000000E+00
1.8755E+04 1.03487347E-07 0.00000000E+00
1.8779E+04 9.86453975E-08 0.00000000E+00
1.8802E+04 9.62584309E-08 0.00000000E+00
1.8826E+04 9.33255835E-08 0.00000000E+00
1.8850E+04 8.79186842E-08 0.00000000E+00
1.8873E+04 8.31748838E-08 0.00000000E+00
1.8897E+04 8.05571833E-08 0.00000000E+00
1.8920E+04 7.69635625E-08 0.00000000E+00
1.8944E+04 7.14468549E-08 0.00000000E+00
1.8967E+04 6.70698625E-08 0.00000000E+00
1.8991E+04 6.43868977E-08 0.00000000E+00
1.9014E+04 6.05221985E-08 0.00000000E+00
1.9038E+04 5.53343420E-08 0.00000000E+00
1.9062E+04 5.15334986E-08 0.00000000E+00
1.9085E+04 4.89878237E-08 0.00000000E+00
1.9109E+04 4.52615425E-08 0.00000000E+00
1.9132E+04 4.07588068E-08 0.00000000E+00
1.9156E+04 3.76883613E-08 0.00000000E+00
1.9179E+04 3.55083649E-08 0.00000000E+00
1.9203E+04 3.22997476E-08 0.00000000E+00
1.9227E+04 2.87315995E-08 0.00000000E+00
1.9250E+04 2.65001434E-08 0.00000000E+00
1.9274E+04 2.49186240E-08 0.00000000E+00
1.9297E+04 2.25313969E-08 0.00000000E+00
1.9321E+04 2.00331834E-08 0.00000000E+00
1.9344E+04 1.87133203E-08 0.00000000E+00
1.9368E+04 1.79386843E-08 0.00000000E+00
1.9391E+04 1.65672259E-08 0.00000000E+00
1.9415E+04 1.51679340E-08 0.00000000E+00
1.9439E+04 1.48022031E-08 0.00000000E+00
1.9462E+04 1.49871115E-08 0.00000000E+00
1.9486E+04 1.46986284E-08 0.00000000E+00
1.9509E+04 1.43395181E-08 0.00000000E+00
1.9533E+04 1.49404648E-08 0.00000000E+00
1.9556E+04 1.61537710E-08 0.00000000E+00
1.9580E+04 1.68882460E-08 0.00000000E+00
1.9604E+04 1.74470667E-08 0.00000000E+00
1.9627E+04 1.89916051E-08 0.00000000E+00
1.9651E+04 2.11992163E-08 0.00000000E+00
1.9674E+04 2.27859621E-08 0.00000000E+00
1.9698E+04 2.41015571E-08 0.00000000E+00
1.9721E+04 2.65218279E-08 0.00000000E+00
1.9745E+04 2.95807411E-08 0.00000000E+00
1.9768E+04 3.17678594E-08 0.00000000E+00
1.9792E+04 3.36610665E-08 0.00000000E+00
1.9816E+04 3.68353895E-08 0.00000000E+00
1.9839E+04 4.05028957E-08 0.00000000E+00
1.9863E+04 4.29942356E-08 0.00000000E+00
1.9886E+04 4.52827498E-08 0.00000000E+00
1.9910E+04 4.90306895E-08 0.00000000E+00
1.9933E+04 5.29880764E-08 0.00000000E+00
1.9957E+04 5.54816572E-08 0.00000000E+00
1.9981E+04 5.79884751E-08 0.00000000E+00
2.0004E+04 6.20734221E-08 0.00000000E+00
2.0028E+04 6.59609599E-08 0.00000000E+00
2.0051E+04 6.81832832E-08 0.00000000E+00
2.0075E+04 7.07400496E-08 0.00000000E+00
2.0098E+04 7.48812203E-08 0.00000000E+00
2.0122E+04 7.83392865E-08 0.00000000E+00
2.0145E+04 8.00713295E-08 0.00000000E+00
2.0169E+04 8.25189983E-08 0.00000000E+00
2.0193E+04 8.64127383E-08 0.00000000E+00
2.0216E+04 8.91229669E-08 0.00000000E+00
2.0240E+04 9.02155680E-08 0.00000000E+00
2.0263E+04 9.24050927E-08 0.00000000E+00
2.0287E+04 9.57532792E-08 0.00000000E+00
2.0310E+04 9.74737564E-08 0.00000000E+00
2.0334E+04 9.78521681E-08 0.00000000E+00
2.0358E+04 9.96474539E-08 0.00000000E+00
2.0381E+04 1.02189088E-07 0.00000000E+00
2.0405E+04 1.02778784E-07 0.00000000E+00
2.0428E+04 1.02437964E-07 0.00000000E+00
2.0452E+04 1.03722231E-07 0.00000000E+00
2.0475E+04 1.05263363E-07 0.00000000E+00
2.0499E+04 1.04692923E-07 0.00000000E+00
2.0522E+04 1.03686356E-07 0.00000000E+00
2.0546E+04 1.04371682E-07 0.00000000E+00
2.0570E+04 1.04808794E-07 0.00000000E+00
2.0593E+04 1.03157112E-07 0.00000000E+00
2.0617E+04 1.01582439E-07 0.00000000E+00
2.0640E+04 1.01620944E-07 0.00000000E+00
2.0664E+04 1.00953854E-07 0.00000000E+00
2.0687E+04 9.83920779E-08 0.00000000E+00
2.0711E+04 9.63765641E-08 0.00000000E+00
2.0735E+04 9.57707573E-08 0.00000000E+00
2.0758E+04 9.41027771E-08 0.00000000E+00
2.0782E+04 9.08691572E-08 0.00000000E+00
2.0805E+04 8.85572054E-08 0.00000000E+00
2.0829E+04 8.73666853E-08 0.00000000E+00
2.0852E+04 8.48918576E-08 0.00000000E+00
2.0876E+04 8.12618551E-08 0.00000000E+00
2.0899E+04 7.88056269E-08 0.00000000E+00
2.0923E+04 7.71477100E-08 0.00000000E+00
2.0947E+04 7.41270167E-08 0.00000000E+00
2.0970E+04 7.03832650E-08 0.00000000E+00
2.0994E+04 6.79363142E-08 0.00000000E+00
2.1017E+04 6.59791041E-08 0.00000000E+00
2.1041E+04 6.27092643E-08 0.00000000E+00
2.1064E+04 5.91153230E-08 0.00000000E+00
2.1088E+04 5.68282376E-08 0.00000000E+00
2.1112E+04 5.47760297E-08 0.00000000E+00
2.1135E+04 5.15555095E-08 0.00000000E+00
2.1159E+04 4.83361359E-08 0.00000000E+00
2.1182E+04 4.63527211E-08 0.00000000E+00
2.1206E+04 4.44251078E-08 0.00000000E+00
2.1229E+04 4.15221596E-08 0.00000000E+00
2.1253E+04 3.88513044E-08 0.00000000E+00
2.1276E+04 3.73038859E-08 0.00000000E+00
2.1300E+04 3.57112032E-08 0.00000000E+00
2.1324E+04 3.33381220E-08 0.00000000E+00
2.1347E+04 3.13343753E-08 0.00000000E+00
2.1371E+04 3.03373138E-08 0.00000000E+00
2.1394E+04 2.92558845E-08 0.00000000E+00
2.1418E+04 2.75523904E-08 0.00000000E+00
2.1441E+04 2.62804432E-08 0.00000000E+00
2.1465E+04 2.59217592E-08 0.00000000E+00
2.1488E+04 2.54725825E-08 0.00000000E+00
2.1512E+04 2.44995878E-08 0.00000000E+00
2.1536E+04 2.39756106E-08 0.00000000E+00
2.1559E+04 2.43075115E-08 0.00000000E+00
2.1583E+04 2.45415860E-08 0.00000000E+00
2.1606E+04 2.42849080E-08 0.00000000E+00
2.1630E+04 2.44836549E-08 0.00000000E+00
2.1653E+04 2.55135006E-08 0.00000000E+00
2.1677E+04 2.64059439E-08 0.00000000E+00
2.1701E+04 2.67880864E-08 0.00000000E+00
2.1724E+04 2.76499353E-08 0.00000000E+00
2.1748E+04 2.93335825E-08 0.00000000E+00
2.1771E+04 3.07873265E-08 0.00000000E+00
2.1795E+04 3.16845083E-08 0.00000000E+00
2.1818E+04 3.31213895E-08 0.00000000E+00
2.1842E+04 3.53608123E-08 0.00000000E+00
2.1865E+04 3.72191741E-08 0.00000000E+00
2.1889E+04 3.84804386E-08 0.00000000E+00
2.1913E+04 4.03804581E-08 0.00000000E+00
2.1936E+04 4.30270480E-08 0.00000000E+00
2.1960E+04 4.50931610E-08 0.00000000E+00
2.1983E+04 4.65586579E-08 0.00000000E+00
2.2007E+04 4.87899683E-08 0.00000000E+00
2.2030E+04 5.16540604E-08 0.00000000E+00
2.2054E+04 5.37142325E-08 0.00000000E+00
2.2078E+04 5.52304793E-08 0.00000000E+00
2.2101E+04 5.76454092E-08 0.00000000E+00
2.2125E+04 6.05115375E-08 0.00000000E+00
2.2148E+04 6.23592116E-08 0.00000000E+00
2.2172E+04 6.37901336E-08 0.00000000E+00
2.2195E+04 6.62306594E-08 0.00000000E+00
2.2219E+04 6.88770175E-08 0.00000000E+00
2.2242E+04 7.03341799E-08 0.00000000E+00
2.2266E+04 7.15677427E-08 0.00000000E+00
2.2290E+04 7.38730757E-08 0.00000000E+00
2.2313E+04 7.60928599E-08 0.00000000E+00
2.2337E+04 7.70264011E-08 0.00000000E+00
2.2360E+04 7.79774913E-08 0.00000000E+00
2.2384E+04 7.99939521E-08 0.00000000E+00
2.2407E+04 8.16158425E-08 0.00000000E+00
2.2431E+04 8.19473581E-08 0.00000000E+00
2.2455E+04 8.25580829E-08 0.00000000E+00
2.2478E+04 8.41506956E-08 0.00000000E+00
2.2502E+04 8.50557720E-08 0.00000000E+00
2.2525E+04 8.47644099E-08 0.00000000E+00
2.2549E+04 8.50031064E-08 0.00000000E+00
2.2572E+04 8.60676638E-08 0.00000000E+00
2.2596E+04 8.62005430E-08 0.00000000E+00
2.2619E+04 8.53195334E-08 0.00000000E+00
2.2643E+04 8.51795505E-08 0.00000000E+00
2.2667E+04 8.56534335E-08 0.00000000E+00
2.2690E+04 8.50262635E-08 0.00000000E+00
2.2714E+04 8.36345544E-08 0.00000000E+00
2.2737E+04 8.31333826E-08 0.00000000E+00
2.2761E+04 8.30032983E-08 0.00000000E+00
2.2784E+04 8.16922883E-08 0.00000000E+00
2.2808E+04 7.99031324E-08 0.00000000E+00
2.2832E+04 7.90818833E-08 0.00000000E+00
2.2855E+04 7.83869440E-08 0.00000000E+00
2.2879E+04 7.65221663E-08 0.00000000E+00
2.2902E+04 7.44705557E-08 0.00000000E+00
2.2926E+04 7.33932787E-08 0.00000000E+00
2.2949E+04 7.22224505E-08 0.00000000E+00
2.2973E+04 6.99725368E-08 0.00000000E+00
2.2996E+04 6.78030944E-08 0.00000000E+00
2.3020E+04 6.65551160E-08 0.00000000E+00
2.3044E+04 6.50388993E-08 0.00000000E+00
2.3067E+04 6.25928355E-08 0.00000000E+00
2.3091E+04 6.04492713E-08 0.00000000E+00
2.3114E+04 5.91337100E-08 0.00000000E+00
2.3138E+04 5.74308236E-08 0.00000000E+00
2.3161E+04 5.49792475E-08 0.00000000E+00
2.3185E+04 5.29958996E-08 0.00000000E+00
2.3209E+04 5.17277754E-08 0.00000000E+00
2.3232E+04 5.00084203E-08 0.00000000E+00
2.3256E+04 4.77266413E-08 0.00000000E+00
2.3279E+04 4.60220973E-08 0.00000000E+00
2.3303E+04 4.49199354E-08 0.00000000E+00
2.3326E+04 4.33477712E-08 0.00000000E+00
2.3350E+04 4.13822392E-08 0.00000000E+00
2.3373E+04 4.00546645E-08 0.00000000E+00
2.3397E+04 3.92300903E-08 0.00000000E+00
2.3421E+04 3.79452613E-08 0.00000000E+00
2.3444E+04 3.64045167E-08 0.00000000E+00
2.3468E+04 3.55281696E-08 0.00000000E+00
2.3491E+04 3.50745578E-08 0.00000000E+00
2.3515E+04 3.41799305E-08 0.00000000E+00
2.3538E+04 3.31303177E-08 0.00000000E+00
2.3562E+04 3.27528043E-08 0.00000000E+00
2.3586E+04 3.27344489E-08 0.00000000E+00
2.3609E+04 3.22867049E-08 0.00000000E+00
2.3633E+04 3.17524645E-08 0.00000000E+00
2.3656E+04 3.18925157E-08 0.00000000E+00
2.3680E+04 3.23359324E-08 0.00000000E+00
2.3703E+04 3.23424088E-08 0.00000000E+00
2.3727E+04 3.23092721E-08 0.00000000E+00
2.3750E+04 3.29551383E-08 0.00000000E+00
2.3774E+04 3.38439549E-08 0.00000000E+00
2.3798E+04 3.42652689E-08 0.00000000E+00
2.3821E+04 3.46864320E-08 0.00000000E+00
2.3845E+04 3.57952737E-08 0.00000000E+00
2.3868E+04 3.70697217E-08 0.00000000E+00
2.3892E+04 3.78274185E-08 0.00000000E+00
2.3915E+04 3.86307637E-08 0.00000000E+00
2.3939E+04 4.01295849E-08 0.00000000E+00
2.3962E+04 4.16909645E-08 0.00000000E+00
2.3986E+04 4.26788028E-08 0.00000000E+00
2.4010E+04 4.37744240E-08 0.00000000E+00
2.4033E+04 4.55630947E-08 0.00000000E+00
2.4057E+04 4.72828516E-08 0.00000000E+00
2.4080E+04 4.83799906E-08 0.00000000E+00
2.4104E+04 4.96673854E-08 0.00000000E+00
2.4127E+04 5.16241103E-08 0.00000000E+00
2.4151E+04 5.33564753E-08 0.00000000E+00
2.4175E+04 5.44407755E-08 0.00000000E+00
2.4198E+04 5.58153971E-08 0.00000000E+00
2.4222E+04 5.78046468E-08 0.00000000E+00
2.4245E+04 5.94012694E-08 0.00000000E+00
2.4269E+04 6.03611442E-08 0.00000000E+00
2.4292E+04 6.17202812E-08 0.00000000E+00
2.4316E+04 6.36027774E-08 0.00000000E+00
2.4339E+04 6.49275134E-08 0.00000000E+00
2.4363E+04 6.56711981E-08 0.00000000E+00
2.4387E+04 6.69193104E-08 0.00000000E+00
2.4410E+04 6.85632330E-08 0.00000000E+00
2.4434E+04 6.95052743E-08 0.00000000E+00
2.4457E+04 6.99669144E-08 0.00000000E+00
2.4481E+04 7.10205707E-08 0.00000000E+00
2.4504E+04 7.23128335E-08 0.00000000E+00
2.4528E+04 7.27966630E-08 0.00000000E+00
2.4552E+04 7.29391529E-08 0.00000000E+00
2.4575E+04 7.37316186E-08 0.00000000E+00
2.4599E+04 7.45879054E-08 0.00000000E+00
2.4622E+04 7.45790697E-08 0.00000000E+00
2.4646E+04 7.43940118E-08 0.00000000E+00
2.4669E+04 7.48793545E-08 0.00000000E+00
2.4693E+04 7.52516605E-08 0.00000000E+00
2.4716E+04 7.47579792E-08 0.00000000E+00
2.4740E+04 7.42634073E-08 0.00000000E+00
2.4764E+04 7.44197981E-08 0.00000000E+00
2.4787E+04 7.43004899E-08 0.00000000E+00
2.4811E+04 7.33689425E-08 0.00000000E+00
2.4834E+04 7.26055548E-08 0.00000000E+00
2.4858E+04 7.24373065E-08 0.00000000E+00
2.4881E+04 7.18591420E-08 0.00000000E+00
2.4905E+04 7.05692047E-08 0.00000000E+00
2.4929E+04 6.95957893E-08 0.00000000E+00
2.4952E+04 6.91336370E-08 0.00000000E+00
2.4976E+04 6.81657158E-08 0.00000000E+00
2.4999E+04 6.66202748E-08 0.00000000E+00
2.5023E+04 6.55088334E-08 0.00000000E+00
2.5046E+04 6.48080623E-08 0.00000000E+00
2.5070E+04 6.35482098E-08 0.00000000E+00
2.5093E+04 6.18633217E-08 0.00000000E+00
2.5117E+04 6.06941816E-08 0.00000000E+00
2.5141E+04 5.98304236E-08 0.00000000E+00
2.5164E+04 5.83949657E-08 0.00000000E+00
2.5188E+04 5.66896770E-08 0.00000000E+00
2.5211E+04 5.55466780E-08 0.00000000E+00
2.5235E+04 5.46095105E-08 0.00000000E+00
2.5258E+04 5.31216958E-08 0.00000000E+00
2.5282E+04 5.15089064E-08 0.00000000E+00
2.5306E+04 5.04746258E-08 0.00000000E+00
2.5329E+04 4.95594458E-08 0.00000000E+00
2.5353E+04 4.81378809E-08 0.00000000E+00
2.5376E+04 4.67169125E-08 0.00000000E+00
2.5400E+04 4.58678663E-08 0.00000000E+00
2.5423E+04 4.50668174E-08 0.00000000E+00
2.5447E+04 4.38151887E-08 0.00000000E+00
2.5470E+04 4.26663674E-08 0.00000000E+00
2.5494E+04 4.20681985E-08 0.00000000E+00
2.5518E+04 4.14611372E-08 0.00000000E+00
2.5541E+04 4.04602326E-08 0.00000000E+00
2.5565E+04 3.96414875E-08 0.00000000E+00
2.5588E+04 3.93442937E-08 0.00000000E+00
2.5612E+04 3.89908481E-08 0.00000000E+00
2.5635E+04 3.82935124E-08 0.00000000E+00
2.5659E+04 3.78387728E-08 0.00000000E+00
2.5683E+04 3.78728951E-08 0.00000000E+00
2.5706E+04 3.78065746E-08 0.00000000E+00
2.5730E+04 3.74358094E-08 0.00000000E+00
2.5753E+04 3.73548774E-08 0.00000000E+00
2.5777E+04 3.77276022E-08 0.00000000E+00
2.5800E+04 3.79526756E-08 0.00000000E+00
2.5824E+04 3.79026952E-08 0.00000000E+00
2.5847E+04 3.81822695E-08 0.00000000E+00
2.5871E+04 3.88759541E-08 0.00000000E+00
2.5895E+04 3.93674619E-08 0.00000000E+00
2.5918E+04 3.96071974E-08 0.00000000E+00
2.5942E+04 4.02127997E-08 0.00000000E+00
2.5965E+04 4.11848853E-08 0.00000000E+00
2.5989E+04 4.18917454E-08 0.00000000E+00
2.6012E+04 4.23700935E-08 0.00000000E+00
2.6036E+04 4.32487572E-08 0.00000000E+00
2.6060E+04 4.44339698E-08 0.00000000E+00
2.6083E+04 4.52847456E-08 0.00000000E+00
2.6107E+04 4.59367903E-08 0.00000000E+00
2.6130E+04 4.70204678E-08 0.00000000E+00
2.6154E+04 4.83352586E-08 0.00000000E+00
2.6177E+04 4.92458385E-08 0.00000000E+00
2.6201E+04 4.99993272E-08 0.00000000E+00
2.6224E+04 5.12090194E-08 0.00000000E+00
2.6248E+04 5.25579957E-08 0.00000000E+00
2.6272E+04 5.34402330E-08 0.00000000E+00
2.6295E+04 5.42217245E-08 0.00000000E+00
2.6319E+04 5.54723171E-08 0.00000000E+00
2.6342E+04 5.67561188E-08 0.00000000E+00
2.6366E+04 5.75264258E-08 0.00000000E+00
2.6389E+04 5.82667085E-08 0.00000000E+00
2.6413E+04 5.94724107E-08 0.00000000E+00
2.6437E+04 6.05962522E-08 0.00000000E+00
2.6460E+04 6.11832226E-08 0.00000000E+00
2.6484E+04 6.18217826E-08 0.00000000E+00
2.6507E+04 6.29019333E-08 0.00000000E+00
2.6531E+04 6.37838947E-08 0.00000000E+00
2.6554E+04 6.41342315E-08 0.00000000E+00
2.6578E+04 6.46226940E-08 0.00000000E+00
2.6601E+04 6.55075539E-08 0.00000000E+00
2.6625E+04 6.60857063E-08 0.00000000E+00
2.6649E+04 6.61680016E-08 0.00000000E+00
2.6672E+04 6.64725646E-08 0.00000000E+00
2.6696E+04 6.71085952E-08 0.00000000E+00
2.6719E+04 6.73461710E-08 0.00000000E+00
2.6743E+04 6.71523867E-08 0.00000000E+00
2.6766E+04 6.72552969E-08 0.00000000E+00
2.6790E+04 6.76093753E-08 0.00000000E+00
2.6813E+04 6.74974398E-08 0.00000000E+00
2.6837E+04 6.70422091E-08 0.00000000E+00
2.6861E+04 6.69423230E-08 0.00000000E+00
2.6884E+04 6.70043740E-08 0.00000000E+00
2.6908E+04 6.65617654E-08 0.00000000E+00
2.6931E+04 6.58798546E-08 0.00000000E+00
2.6955E+04 6.55922928E-08 0.00000000E+00
2.6978E+04 6.53759454E-08 0.00000000E+00
2.7002E+04 6.46465908E-08 0.00000000E+00
2.7026E+04 6.37889906E-08 0.00000000E+00
2.7049E+04 6.33438642E-08 0.00000000E+00
2.7073E+04 6.28849450E-08 0.00000000E+00
2.7096E+04 6.19329642E-08 0.00000000E+00
2.7120E+04 6.09621283E-08 0.00000000E+00
2.7143E+04 6.04023155E-08 0.00000000E+00
2.7167E+04 5.97552467E-08 0.00000000E+00
2.7190E+04 5.86584873E-08 0.00000000E+00
2.7214E+04 5.76432065E-08 0.00000000E+00
2.7238E+04 5.70211935E-08 0.00000000E+00
2.7261E+04 5.62536233E-08 0.00000000E+00
2.7285E+04 5.50964040E-08 0.00000000E+00
2.7308E+04 5.41067256E-08 0.00000000E+00
2.7332E+04 5.34806039E-08 0.00000000E+00
2.7355E+04 5.26668290E-08 0.00000000E+00
2.7379E+04 5.15326800E-08 0.00000000E+00
2.7403E+04 5.06351767E-08 0.00000000E+00
2.7426E+04 5.00640010E-08 0.00000000E+00
2.7450E+04 4.92778905E-08 0.00000000E+00
2.7473E+04 4.82429963E-08 0.00000000E+00
2.7497E+04 4.74965922E-08 0.00000000E+00
2.7520E+04 4.70354157E-08 0.00000000E+00
2.7544E+04 4.63436090E-08 0.00000000E+00
2.7567E+04 4.54714934E-08 0.00000000E+00
2.7591E+04 4.49239714E-08 0.00000000E+00
2.7615E+04 4.46189784E-08 0.00000000E+00
2.7638E+04 4.40750791E-08 0.00000000E+00
2.7662E+04 4.34128626E-08 0.00000000E+00
2.7685E+04 4.30981364E-08 0.00000000E+00
2.7709E+04 4.29823457E-08 0.00000000E+00
2.7732E+04 4.26226902E-08 0.00000000E+00
2.7756E+04 4.21990381E-08 0.00000000E+00
2.7780E+04 4.21352514E-08 0.00000000E+00
2.7803E+04 4.22252595E-08 0.00000000E+00
2.7827E+04 4.20666267E-08 0.00000000E+00
2.7850E+04 4.18913152E-08 0.00000000E+00
2.7874E+04 4.20798341E-08 0.00000000E+00
2.7897E+04 4.23739933E-08 0.00000000E+00
2.7921E+04 4.24133702E-08 0.00000000E+00
2.7944E+04 4.24782626E-08 0.00000000E+00
2.7968E+04 4.29036314E-08 0.00000000E+00
2.7992E+04 4.33819181E-08 0.00000000E+00
2.8015E+04 4.35981925E-08 0.00000000E+00
2.8039E+04 4.38793340E-08 0.00000000E+00
2.8062E+04 4.45102558E-08 0.00000000E+00
2.8086E+04 4.51359006E-08 0.00000000E+00
2.8109E+04 4.54931432E-08 0.00000000E+00
2.8133E+04 4.59536635E-08 0.00000000E+00
2.8157E+04 4.67450303E-08 0.00000000E+00
2.8180E+04 4.74677792E-08 0.00000000E+00
2.8204E+04 4.79196347E-08 0.00000000E+00
2.8227E+04 4.85131626E-08 0.00000000E+00
2.8251E+04 4.94090964E-08 0.00000000E+00
2.8274E+04 5.01697769E-08 0.00000000E+00
2.8298E+04 5.06644173E-08 0.00000000E+00
2.8321E+04 5.13387600E-08 0.00000000E+00
2.8345E+04 5.22765327E-08 0.00000000E+00
2.8369E+04 5.30124488E-08 0.00000000E+00
2.8392E+04 5.34975525E-08 0.00000000E+00
2.8416E+04 5.41984388E-08 0.00000000E+00
2.8439E+04 5.51130375E-08 0.00000000E+00
2.8463E+04 5.57636228E-08 0.00000000E+00
2.8486E+04 5.61909186E-08 0.00000000E+00
2.8510E+04 5.68656452E-08 0.00000000E+00
2.8534E+04 5.76946479E-08 0.00000000E+00
2.8557E+04 5.82067948E-08 0.00000000E+00
2.8581E+04 5.85358221E-08 0.00000000E+00
2.8604E+04 5.91366634E-08 0.00000000E+00
2.8628E+04 5.98250187E-08 0.00000000E+00
2.8651E+04 6.01575547E-08 0.00000000E+00
2.8675E+04 6.03584302E-08 0.00000000E+00
2.8698E+04 6.08456709E-08 0.00000000E+00
2.8722E+04 6.13499457E-08 0.00000000E+00
2.8746E+04 6.14768495E-08 0.00000000E+00
2.8769E+04 6.15319549E-08 0.00000000E+00
2.8793E+04 6.18763985E-08 0.00000000E+00
2.8816E+04 6.21680785E-08 0.00000000E+00
2.8840E+04 6.20801902E-08 0.00000000E+00
2.8863E+04 6.19848037E-08 0.00000000E+00
2.8887E+04 6.21695968E-08 0.00000000E+00
2.8911E+04 6.22371059E-08 0.00000000E+00
2.8934E+04 6.19422638E-08 0.00000000E+00
2.8958E+04 6.17042318E-08 0.00000000E+00
2.8981E+04 6.17258507E-08 0.00000000E+00
2.9005E+04 6.15750795E-08 0.00000000E+00
2.9028E+04 6.10967849E-08 0.00000000E+00
2.9052E+04 6.07353707E-08 0.00000000E+00
2.9075E+04 6.06036428E-08 0.00000000E+00
2.9099E+04 6.02569357E-08 0.00000000E+00
2.9123E+04 5.96317869E-08 0.00000000E+00
2.9146E+04 5.91758471E-08 0.00000000E+00
2.9170E+04 5.89129405E-08 0.00000000E+00
2.9193E+04 5.84066550E-08 0.00000000E+00
2.9217E+04 5.76808859E-08 0.00000000E+00
2.9240E+04 5.71665247E-08 0.00000000E+00
2.9264E+04 5.68049196E-08 0.00000000E+00
2.9287E+04 5.61858283E-08 0.00000000E+00
2.9311E+04 5.54113309E-08 0.00000000E+00
2.9335E+04 5.48791726E-08 0.00000000E+00
2.9358E+04 5.44587350E-08 0.00000000E+00
2.9382E+04 5.37796547E-08 0.00000000E+00
2.9405E+04 5.30098611E-08 0.00000000E+00
2.9429E+04 5.25020818E-08 0.00000000E+00
2.9452E+04 5.20664626E-08 0.00000000E+00
2.9476E+04 5.13815652E-08 0.00000000E+00
2.9500E+04 5.06675232E-08 0.00000000E+00
2.9523E+04 5.02247869E-08 0.00000000E+00
2.9547E+04 4.98174611E-08 0.00000000E+00
2.9570E+04 4.91777310E-08 0.00000000E+00
2.9594E+04 4.85646404E-08 0.00000000E+00
2.9617E+04 4.82231037E-08 0.00000000E+00
2.9641E+04 4.78834230E-08 0.00000000E+00
2.9664E+04 4.73326812E-08 0.00000000E+00
2.9688E+04 4.68570816E-08 0.00000000E+00
2.9712E+04 4.66456475E-08 0.00000000E+00
2.9735E+04 4.64052980E-08 0.00000000E+00
2.9759E+04 4.59771223E-08 0.00000000E+00
2.9782E+04 4.56648477E-08 0.00000000E+00
2.9806E+04 4.56028666E-08 0.00000000E+00
2.9829E+04 4.54830881E-08 0.00000000E+00
2.9853E+04 4.51988405E-08 0.00000000E+00
2.9877E+04 4.50637939E-08 0.00000000E+00
2.9900E+04 4.51594052E-08 0.00000000E+00
2.9924E+04 4.51692525E-08 0.00000000E+00
2.9947E+04 4.50372937E-08 0.00000000E+00
2.9971E+04 4.50810423E-08 0.00000000E+00
2.9994E+04 4.53303305E-08 0.00000000E+00
3.0018E+04 4.54661406E-08 0.00000000E+00
3.0041E+04 4.54821870E-08 0.00000000E+00
3.0065E+04 4.56943459E-08 0.00000000E+00
3.0089E+04 4.60814319E-08 0.00000000E+00
3.0112E+04 4.63275263E-08 0.00000000E+00
3.0136E+04 4.64760039E-08 0.00000000E+00
3.0159E+04 4.68353473E-08 0.00000000E+00
3.0183E+04 4.73334630E-08 0.00000000E+00
3.0206E+04 4.76639789E-08 0.00000000E+00
3.0230E+04 4.79201551E-08 0.00000000E+00
3.0254E+04 4.83963734E-08 0.00000000E+00
3.0277E+04 4.89698726E-08 0.00000000E+00
3.0301E+04 4.93514975E-08 0.00000000E+00
3.0324E+04 4.96841358E-08 0.00000000E+00
3.0348E+04 5.02401327E-08 0.00000000E+00
3.0371E+04 5.08472971E-08 0.00000000E+00
3.0395E+04 5.12425926E-08 0.00000000E+00
3.0418E+04 5.16168675E-08 0.00000000E+00
3.0442E+04 5.22114669E-08 0.00000000E+00
3.0466E+04 5.28078720E-08 0.00000000E+00
3.0489E+04 5.31788310E-08 0.00000000E+00
3.0513E+04 5.35592612E-08 0.00000000E+00
3.0536E+04 5.41501637E-08 0.00000000E+00
3.0560E+04 5.46923025E-08 0.00000000E+00
3.0583E+04 5.50037823E-08 0.00000000E+00
3.0607E+04 5.53569749E-08 0.00000000E+00
3.0631E+04 5.59037753E-08 0.00000000E+00
3.0654E+04 5.63526032E-08 0.00000000E+00
3.0678E+04 5.65753173E-08 0.00000000E+00
3.0701E+04 5.68723596E-08 0.00000000E+00
3.0725E+04 5.73394192E-08 0.00000000E+00
3.0748E+04 5.76634846E-08 0.00000000E+00
3.0772E+04 5.77763107E-08 0.00000000E+00
3.0795E+04 5.79946877E-08 0.00000000E+00
3.0819E+04 5.83536435E-08 0.00000000E+00
3.0843E+04 5.85315142E-08 0.00000000E+00
3.0866E+04 5.85229638E-08 0.00000000E+00
3.0890E+04 5.86479214E-08 0.00000000E+00
3.0913E+04 5.88796296E-08 0.00000000E+00
3.0937E+04 5.89013994E-08 0.00000000E+00
3.0960E+04 5.87701925E-08 0.00000000E+00
3.0984E+04 5.87954971E-08 0.00000000E+00
3.1008E+04 5.88912403E-08 0.00000000E+00
3.1031E+04 5.87590020E-08 0.00000000E+00
3.1055E+04 5.85137764E-08 0.00000000E+00
3.1078E+04 5.84418517E-08 0.00000000E+00
3.1102E+04 5.84036971E-08 0.00000000E+00
3.1125E+04 5.81309753E-08 0.00000000E+00
3.1149E+04 5.77892322E-08 0.00000000E+00
3.1172E+04 5.76306810E-08 0.00000000E+00
3.1196E+04 5.74709487E-08 0.00000000E+00
3.1220E+04 5.70811937E-08 0.00000000E+00
3.1243E+04 5.66676297E-08 0.00000000E+00
3.1267E+04 5.64401766E-08 0.00000000E+00
3.1290E+04 5.61800622E-08 0.00000000E+00
3.1314E+04 5.57043892E-08 0.00000000E+00
3.1337E+04 5.52487927E-08 0.00000000E+00
3.1361E+04 5.49757141E-08 0.00000000E+00
3.1385E+04 5.46431918E-08 0.00000000E+00
3.1408E+04 5.41176139E-08 0.00000000E+00
3.1432E+04 5.36525092E-08 0.00000000E+00
3.1455E+04 5.33606519E-08 0.00000000E+00
3.1479E+04 5.29878567E-08 0.00000000E+00
3.1502E+04 5.24502853E-08 0.00000000E+00
3.1526E+04 5.20085013E-08 0.00000000E+00
3.1549E+04 5.17260241E-08 0.00000000E+00
3.1573E+04 5.13463634E-08 0.00000000E+00
3.1597E+04 5.08336483E-08 0.00000000E+00
3.1620E+04 5.04459714E-08 0.00000000E+00
3.1644E+04 5.01999746E-08 0.00000000E+00
3.1667E+04 4.98452417E-08 0.00000000E+00
3.1691E+04 4.93904921E-08 0.00000000E+00
3.1714E+04 4.90835410E-08 0.00000000E+00
3.1738E+04 4.88977719E-08 0.00000000E+00
3.1762E+04 4.85955278E-08 0.00000000E+00
3.1785E+04 4.82259053E-08 0.00000000E+00
3.1809E+04 4.80203456E-08 0.00000000E+00
3.1832E+04 4.79131695E-08 0.00000000E+00
3.1856E+04 4.76846248E-08 0.00000000E+00
3.1879E+04 4.74197371E-08 0.00000000E+00
3.1903E+04 4.73289301E-08 0.00000000E+00
3.1926E+04 4.73117495E-08 0.00000000E+00
3.1950E+04 4.71703161E-08 0.00000000E+00
3.1974E+04 4.70212784E-08 0.00000000E+00
3.1997E+04 4.70504387E-08 0.00000000E+00
3.2021E+04 4.71267078E-08 0.00000000E+00
3.2044E+04 4.70773171E-08 0.00000000E+00
3.2068E+04 4.70464886E-08 0.00000000E+00
3.2091E+04 4.71924004E-08 0.00000000E+00
3.2115E+04 4.73573321E-08 0.00000000E+00
3.2138E+04 4.73965354E-08 0.00000000E+00
3.2162E+04 4.74778889E-08 0.00000000E+00
3.2186E+04 4.77292034E-08 0.00000000E+00
3.2209E+04 4.79702044E-08 0.00000000E+00
3.2233E+04 4.80869940E-08 0.00000000E+00
3.2256E+04 4.82670407E-08 0.00000000E+00
3.2280E+04 4.86051455E-08 0.00000000E+00
3.2303E+04 4.89029401E-08 0.00000000E+00
3.2327E+04 4.90801684E-08 0.00000000E+00
3.2351E+04 4.93393355E-08 0.00000000E+00
3.2374E+04 4.97397459E-08 0.00000000E+00
3.2398E+04 5.00700863E-08 0.00000000E+00
3.2421E+04 5.02863138E-08 0.00000000E+00
3.2445E+04 5.06006539E-08 0.00000000E+00
3.2468E+04 5.10348405E-08 0.00000000E+00
3.2492E+04 5.13706379E-08 0.00000000E+00
3.2515E+04 5.16022181E-08 0.00000000E+00
3.2539E+04 5.19453274E-08 0.00000000E+00
3.2563E+04 5.23828500E-08 0.00000000E+00
3.2586E+04 5.26965249E-08 0.00000000E+00
3.2610E+04 5.29197335E-08 0.00000000E+00
3.2633E+04 5.32647470E-08 0.00000000E+00
3.2657E+04 5.36755363E-08 0.00000000E+00
3.2680E+04 5.39413668E-08 0.00000000E+00
3.2704E+04 5.41343966E-08 0.00000000E+00
3.2728E+04 5.44559343E-08 0.00000000E+00
3.2751E+04 5.48125407E-08 0.00000000E+00
3.2775E+04 5.50087929E-08 0.00000000E+00
3.2798E+04 5.51534671E-08 0.00000000E+00
3.2822E+04 5.54294089E-08 0.00000000E+00
3.2845E+04 5.57090316E-08 0.00000000E+00
3.2869E+04 5.58196890E-08 0.00000000E+00
3.2892E+04 5.59027817E-08 0.00000000E+00
3.2916E+04 5.61157561E-08 0.00000000E+00
3.2940E+04 5.63018820E-08 0.00000000E+00
3.2963E+04 5.63178331E-08 0.00000000E+00
3.2987E+04 5.63319285E-08 0.00000000E+00
3.3010E+04 5.64704176E-08 0.00000000E+00
3.3034E+04 5.65539288E-08 0.00000000E+00
3.3057E+04 5.64735340E-08 0.00000000E+00
3.3081E+04 5.64173932E-08 0.00000000E+00
3.3105E+04 5.64763762E-08 0.00000000E+00
3.3128E+04 5.64560353E-08 0.00000000E+00
3.3152E+04 5.62850555E-08 0.00000000E+00
3.3175E+04 5.61634965E-08 0.00000000E+00
3.3199E+04 5.61445849E-08 0.00000000E+00
3.3222E+04 5.60268638E-08 0.00000000E+00
3.3246E+04 5.57777908E-08 0.00000000E+00
3.3269E+04 5.56011185E-08 0.00000000E+00
3.3293E+04 5.55121703E-08 0.00000000E+00
3.3317E+04 5.53104515E-08 0.00000000E+00
3.3340E+04 5.50013325E-08 0.00000000E+00
3.3364E+04 5.47843786E-08 0.00000000E+00
3.3387E+04 5.46386219E-08 0.00000000E+00
3.3411E+04 5.43718605E-08 0.00000000E+00
3.3434E+04 5.40247421E-08 0.00000000E+00
3.3458E+04 5.37855962E-08 0.00000000E+00
3.3482E+04 5.36003316E-08 0.00000000E+00
3.3505E+04 5.32913136E-08 0.00000000E+00
3.3529E+04 5.29304548E-08 0.00000000E+00
3.3552E+04 5.26889810E-08 0.00000000E+00
3.3576E+04 5.24839742E-08 0.00000000E+00
3.3599E+04 5.21573405E-08 0.00000000E+00
3.3623E+04 5.18073448E-08 0.00000000E+00
3.3646E+04 5.15835920E-08 0.00000000E+00
3.3670E+04 5.13792939E-08 0.00000000E+00
3.3694E+04 5.10595126E-08 0.00000000E+00
3.3717E+04 5.07435269E-08 0.00000000E+00
3.3741E+04 5.05561438E-08 0.00000000E+00
3.3764E+04 5.03718960E-08 0.00000000E+00
3.3788E+04 5.00813610E-08 0.00000000E+00
3.3811E+04 4.98194659E-08 0.00000000E+00
3.3835E+04 4.96842351E-08 0.00000000E+00
3.3859E+04 4.95366202E-08 0.00000000E+00
3.3882E+04 4.92940298E-08 0.00000000E+00
3.3906E+04 4.91019245E-08 0.00000000E+00
3.3929E+04 4.90305228E-08 0.00000000E+00
3.3953E+04 4.89320048E-08 0.00000000E+00
3.3976E+04 4.87511396E-08 0.00000000E+00
3.4000E+04 4.86391943E-08 0.00000000E+00
3.4023E+04 4.86382739E-08 0.00000000E+00
3.4047E+04 4.85962445E-08 0.00000000E+00
3.4071E+04 4.84852173E-08 0.00000000E+00
3.4094E+04 4.84579381E-08 0.00000000E+00
3.4118E+04 4.85286022E-08 0.00000000E+00
3.4141E+04 4.85449103E-08 0.00000000E+00
3.4165E+04 4.85059157E-08 0.00000000E+00
3.4188E+04 4.85618367E-08 0.00000000E+00
3.4212E+04 4.86995547E-08 0.00000000E+00
3.4236E+04 4.87705447E-08 0.00000000E+00
3.4259E+04 4.88000897E-08 0.00000000E+00
3.4283E+04 4.89320825E-08 0.00000000E+00
3.4306E+04 4.91270559E-08 0.00000000E+00
3.4330E+04 4.92440949E-08 0.00000000E+00
3.4353E+04 4.93336557E-08 0.00000000E+00
3.4377E+04 4.95296198E-08 0.00000000E+00
3.4400E+04 4.97675722E-08 0.00000000E+00
3.4424E+04 4.99179978E-08 0.00000000E+00
3.4448E+04 5.00550178E-08 0.00000000E+00
3.4471E+04 5.02988972E-08 0.00000000E+00
3.4495E+04 5.05622250E-08 0.00000000E+00
3.4518E+04 5.07306097E-08 0.00000000E+00
3.4542E+04 5.08997375E-08 0.00000000E+00
3.4565E+04 5.11727853E-08 0.00000000E+00
3.4589E+04 5.14419742E-08 0.00000000E+00
3.4612E+04 5.16115790E-08 0.00000000E+00
3.4636E+04 5.17960366E-08 0.00000000E+00
3.4660E+04 5.20782380E-08 0.00000000E+00
3.4683E+04 5.23334235E-08 0.00000000E+00
3.4707E+04 5.24877037E-08 0.00000000E+00
3.4730E+04 5.26706748E-08 0.00000000E+00
3.4754E+04 5.29422267E-08 0.00000000E+00
3.4777E+04 5.31647661E-08 0.00000000E+00
3.4801E+04 5.32887940E-08 0.00000000E+00
3.4825E+04 5.34547329E-08 0.00000000E+00
3.4848E+04 5.36974734E-08 0.00000000E+00
3.4872E+04 5.38713949E-08 0.00000000E+00
3.4895E+04 5.39530842E-08 0.00000000E+00
3.4919E+04 5.40888567E-08 0.00000000E+00
3.4942E+04 5.42875398E-08 0.00000000E+00
3.4966E+04 5.44007465E-08 0.00000000E+00
3.4989E+04 5.44317859E-08 0.00000000E+00
3.5013E+04 5.45275721E-08 0.00000000E+00
3.5037E+04 5.46708926E-08 0.00000000E+00
3.5060E+04 5.47160254E-08 0.00000000E+00
3.5084E+04 5.46924622E-08 0.00000000E+00
3.5107E+04 5.47423682E-08 0.00000000E+00
3.5131E+04 5.48236617E-08 0.00000000E+00
3.5154E+04 5.47985558E-08 0.00000000E+00
3.5178E+04 5.47210024E-08 0.00000000E+00
3.5202E+04 5.47233506E-08 0.00000000E+00
3.5225E+04 5.47409150E-08 0.00000000E+00
3.5249E+04 5.46486250E-08 0.00000000E+00
3.5272E+04 5.45220945E-08 0.00000000E+00
3.5296E+04 5.44793815E-08 0.00000000E+00
3.5319E+04 5.44364010E-08 0.00000000E+00
3.5343E+04 5.42848087E-08 0.00000000E+00
3.5366E+04 5.41182124E-08 0.00000000E+00
3.5390E+04 5.40367462E-08 0.00000000E+00
3.5414E+04 5.39408296E-08 0.00000000E+00
3.5437E+04 5.37418829E-08 0.00000000E+00
3.5461E+04 5.35472461E-08 0.00000000E+00
3.5484E+04 5.34364963E-08 0.00000000E+00
3.5508E+04 5.32988751E-08 0.00000000E+00
3.5531E+04 5.30675394E-08 0.00000000E+00
3.5555E+04 5.28590071E-08 0.00000000E+00
3.5579E+04 5.27307195E-08 0.00000000E+00
3.5602E+04 5.25651817E-08 0.00000000E+00
3.5626E+04 5.23182007E-08 0.00000000E+00
3.5649E+04 5.21109160E-08 0.00000000E+00
3.5673E+04 5.19780629E-08 0.00000000E+00
3.5696E+04 5.17997195E-08 0.00000000E+00
3.5720E+04 5.15542962E-08 0.00000000E+00
3.5743E+04 5.13632359E-08 0.00000000E+00
3.5767E+04 5.12388861E-08 0.00000000E+00
3.5791E+04 5.10628801E-08 0.00000000E+00
3.5814E+04 5.08353852E-08 0.00000000E+00
3.5838E+04 5.06742373E-08 0.00000000E+00
3.5861E+04 5.05704359E-08 0.00000000E+00
3.5885E+04 5.04107065E-08 0.00000000E+00
3.5908E+04 5.02155142E-08 0.00000000E+00
3.5932E+04 5.00956755E-08 0.00000000E+00
3.5956E+04 5.00224260E-08 0.00000000E+00
3.5979E+04 4.98906309E-08 0.00000000E+00
3.6003E+04 4.97391625E-08 0.00000000E+00
3.6026E+04 4.96689237E-08 0.00000000E+00
3.6050E+04 4.96333557E-08 0.00000000E+00
3.6073E+04 4.95380382E-08 0.00000000E+00
3.6097E+04 4.94380741E-08 0.00000000E+00
3.6120E+04 4.94220463E-08 0.00000000E+00
3.6144E+04 4.94278390E-08 0.00000000E+00
3.6168E+04 4.93738972E-08 0.00000000E+00
3.6191E+04 4.93291917E-08 0.00000000E+00
3.6215E+04 4.93680130E-08 0.00000000E+00
3.6238E+04 4.94151214E-08 0.00000000E+00
3.6262E+04 4.94036111E-08 0.00000000E+00
3.6285E+04 4.94138217E-08 0.00000000E+00
3.6309E+04 4.95041604E-08 0.00000000E+00
3.6333E+04 4.95888638E-08 0.00000000E+00
3.6356E+04 4.96171335E-08 0.00000000E+00
3.6380E+04 4.96780505E-08 0.00000000E+00
3.6403E+04 4.98129038E-08 0.00000000E+00
3.6427E+04 4.99281707E-08 0.00000000E+00
3.6450E+04 4.99902969E-08 0.00000000E+00
3.6474E+04 5.00943430E-08 0.00000000E+00
3.6497E+04 5.02636057E-08 0.00000000E+00
3.6521E+04 5.03997363E-08 0.00000000E+00
3.6545E+04 5.04872075E-08 0.00000000E+00
3.6568E+04 5.06241559E-08 0.00000000E+00
3.6592E+04 5.08154168E-08 0.00000000E+00
3.6615E+04 5.09609029E-08 0.00000000E+00
3.6639E+04 5.10634788E-08 0.00000000E+00
3.6662E+04 5.12213302E-08 0.00000000E+00
3.6686E+04 5.14208319E-08 0.00000000E+00
3.6710E+04 5.15633549E-08 0.00000000E+00
3.6733E+04 5.16700205E-08 0.00000000E+00
3.6757E+04 5.18359694E-08 0.00000000E+00
3.6780E+04 5.20296576E-08 0.00000000E+00
3.6804E+04 5.21571339E-08 0.00000000E+00
3.6827E+04 5.22570653E-08 0.00000000E+00
3.6851E+04 5.24184835E-08 0.00000000E+00
3.6874E+04 5.25930625E-08 0.00000000E+00
3.6898E+04 5.26946447E-08 0.00000000E+00
3.6922E+04 5.27781092E-08 0.00000000E+00
3.6945E+04 5.29234753E-08 0.00000000E+00
3.6969E+04 5.30673850E-08 0.00000000E+00
3.6992E+04 5.31343354E-08 0.00000000E+00
3.7016E+04 5.31934571E-08 0.00000000E+00
3.7039E+04 5.33131665E-08 0.00000000E+00
3.7063E+04 5.34174053E-08 0.00000000E+00
3.7087E+04 5.34437703E-08 0.00000000E+00
3.7110E+04 5.34731109E-08 0.00000000E+00
3.7134E+04 5.35601106E-08 0.00000000E+00
3.7157E+04 5.36188389E-08 0.00000000E+00
3.7181E+04 5.36018776E-08 0.00000000E+00
3.7204E+04 5.35987952E-08 0.00000000E+00
3.7228E+04 5.36490013E-08 0.00000000E+00
3.7251E+04 5.36598819E-08 0.00000000E+00
3.7275E+04 5.36002203E-08 0.00000000E+00
3.7299E+04 5.35649921E-08 0.00000000E+00
3.7322E+04 5.35774629E-08 0.00000000E+00
3.7346E+04 5.35417171E-08 0.00000000E+00
3.7369E+04 5.34432298E-08 0.00000000E+00
3.7393E+04 5.33789376E-08 0.00000000E+00
3.7416E+04 5.33557961E-08 0.00000000E+00
3.7440E+04 5.32779793E-08 0.00000000E+00
3.7463E+04 5.31474175E-08 0.00000000E+00
3.7487E+04 5.30596169E-08 0.00000000E+00
3.7511E+04 5.30057340E-08 0.00000000E+00
3.7534E+04 5.28932569E-08 0.00000000E+00
3.7558E+04 5.27396660E-08 0.00000000E+00
3.7581E+04 5.26358695E-08 0.00000000E+00
3.7605E+04 5.25583394E-08 0.00000000E+00
3.7628E+04 5.24207849E-08 0.00000000E+00
3.7652E+04 5.22547651E-08 0.00000000E+00
3.7676E+04 5.21437864E-08 0.00000000E+00
3.7699E+04 5.20512403E-08 0.00000000E+00
3.7723E+04 5.18995383E-08 0.00000000E+00
3.7746E+04 5.17324136E-08 0.00000000E+00
3.7770E+04 5.16236234E-08 0.00000000E+00
3.7793E+04 5.15254428E-08 0.00000000E+00
3.7817E+04 5.13709779E-08 0.00000000E+00
3.7840E+04 5.12139392E-08 0.00000000E+00
3.7864E+04 5.11164936E-08 0.00000000E+00
3.7888E+04 5.10219899E-08 0.00000000E+00
3.7911E+04 5.08757153E-08 0.00000000E+00
3.7935E+04 5.07390040E-08 0.00000000E+00
3.7958E+04 5.06611022E-08 0.00000000E+00
3.7982E+04 5.05787326E-08 0.00000000E+00
3.8005E+04 5.04503623E-08 0.00000000E+00
3.8029E+04 5.03425521E-08 0.00000000E+00
3.8053E+04 5.02907821E-08 0.00000000E+00
3.8076E+04 5.02274660E-08 0.00000000E+00
3.8100E+04 5.01248055E-08 0.00000000E+00
3.8123E+04 5.00522295E-08 0.00000000E+00
3.8147E+04 5.00310497E-08 0.00000000E+00
3.8170E+04 4.99916414E-08 0.00000000E+00
3.8194E+04 4.99201015E-08 0.00000000E+00
3.8217E+04 4.98864628E-08 0.00000000E+00
3.8241E+04 4.98978594E-08 0.00000000E+00
3.8265E+04 4.98848151E-08 0.00000000E+00
3.8288E+04 4.98471377E-08 0.00000000E+00
3.8312E+04 4.98533217E-08 0.00000000E+00
3.8335E+04 4.98966676E-08 0.00000000E+00
3.8359E+04 4.99099303E-08 0.00000000E+00
3.8382E+04 4.99061348E-08 0.00000000E+00
3.8406E+04 4.99502317E-08 0.00000000E+00
3.8430E+04 5.00223552E-08 0.00000000E+00
3.8453E+04 5.00594576E-08 0.00000000E+00
3.8477E+04 5.00869989E-08 0.00000000E+00
3.8500E+04 5.01645274E-08 0.00000000E+00
3.8524E+04 5.02599845E-08 0.00000000E+00
3.8547E+04 5.03163544E-08 0.00000000E+00
3.8571E+04 5.03704688E-08 0.00000000E+00
3.8594E+04 5.04747796E-08 0.00000000E+00
3.8618E+04 5.05863052E-08 0.00000000E+00
3.8642E+04 5.06557371E-08 0.00000000E+00
3.8665E+04 5.07299392E-08 0.00000000E+00
3.8689E+04 5.08527634E-08 0.00000000E+00
3.8712E+04 5.09718632E-08 0.00000000E+00
3.8736E+04 5.10471119E-08 0.00000000E+00
3.8759E+04 5.11337950E-08 0.00000000E+00
3.8783E+04 5.12658957E-08 0.00000000E+00
3.8807E+04 5.13835282E-08 0.00000000E+00
3.8830E+04 5.14569674E-08 0.00000000E+00
3.8854E+04 5.15480587E-08 0.00000000E+00
3.8877E+04 5.16799335E-08 0.00000000E+00
3.8901E+04 5.17872257E-08 0.00000000E+00
3.8924E+04 5.18515140E-08 0.00000000E+00
3.8948E+04 5.19391305E-08 0.00000000E+00
3.8971E+04 5.20617140E-08 0.00000000E+00
3.8995E+04 5.21506512E-08 0.00000000E+00
3.9019E+04 5.21993502E-08 0.00000000E+00
3.9042E+04 5.22764080E-08 0.00000000E+00
3.9066E+04 5.23817191E-08 0.00000000E+00
3.9089E+04 5.24457530E-08 0.00000000E+00
3.9113E+04 5.24738490E-08 0.00000000E+00
3.9136E+04 5.25345808E-08 0.00000000E+00
3.9160E+04 5.26162696E-08 0.00000000E+00
3.9184E+04 5.26507967E-08 0.00000000E+00
3.9207E+04 5.26550864E-08 0.00000000E+00
3.9231E+04 5.26954336E-08 0.00000000E+00
3.9254E+04 5.27491861E-08 0.00000000E+00
3.9278E+04 5.27518612E-08 0.00000000E+00
3.9301E+04 5.27311774E-08 0.00000000E+00
3.9325E+04 5.27490312E-08 0.00000000E+00
3.9348E+04 5.27728054E-08 0.00000000E+00
3.9372E+04 5.27436687E-08 0.00000000E+00
3.9396E+04 5.26989344E-08 0.00000000E+00
3.9419E+04 5.26942137E-08 0.00000000E+00
3.9443E+04 5.26882918E-08 0.00000000E+00
3.9466E+04 5.26297066E-08 0.00000000E+00
3.9490E+04 5.25638193E-08 0.00000000E+00
3.9513E+04 5.25383846E-08 0.00000000E+00
3.9537E+04 5.25052438E-08 0.00000000E+00
3.9561E+04 5.24216542E-08 0.00000000E+00
3.9584E+04 5.23392175E-08 0.00000000E+00
3.9608E+04 5.22966329E-08 0.00000000E+00
3.9631E+04 5.22406486E-08 0.00000000E+00
3.9655E+04 5.21381855E-08 0.00000000E+00
3.9678E+04 5.20451130E-08 0.00000000E+00
3.9702E+04 5.19902792E-08 0.00000000E+00
3.9725E+04 5.19172918E-08 0.00000000E+00
3.9749E+04 5.18032623E-08 0.00000000E+00
3.9773E+04 5.17062901E-08 0.00000000E+00
3.9796E+04 5.16449801E-08 0.00000000E+00
3.9820E+04 5.15617641E-08 0.00000000E+00
3.9843E+04 5.14440702E-08 0.00000000E+00
3.9867E+04 5.13502173E-08 0.00000000E+00
3.9890E+04 5.12885562E-08 0.00000000E+00
3.9914E+04 5.12022384E-08 0.00000000E+00
3.9937E+04 5.10887730E-08 0.00000000E+00
3.9961E+04 5.10047921E-08 0.00000000E+00
3.9985E+04 5.09487221E-08 0.00000000E+00
