0.0000E+00 0.00000000E+00 0.00000000E+00
2.3562E+01 0.00000000E+00 0.00000000E+00
4.7124E+01 0.00000000E+00 0.00000000E+00
7.0686E+01 0.00000000E+00 0.00000000E+00
9.4248E+01 0.00000000E+00 0.00000000E+00
1.1781E+02 0.00000000E+00 0.00000000E+00
1.4137E+02 0.00000000E+00 0.00000000E+00
1.6493E+02 0.00000000E+00 0.00000000E+00
1.8850E+02 0.00000000E+00 0.00000000E+00
2.1206E+02 0.00000000E+00 0.00000000E+00
2.3562E+02 0.00000000E+00 0.00000000E+00
2.5918E+02 3.40257457E-272 0.00000000E+00
2.8274E+02 4.42247965E-219 0.00000000E+00
3.0631E+02 2.51400579E-176 0.00000000E+00
3.2987E+02 6.81429539E-141 0.00000000E+00
3.5343E+02 3.43284118E-111 0.00000000E+00
3.7699E+02 2.85327046E-86 0.00000000E+00
4.0055E+02 1.53946689E-65 0.00000000E+00
4.2412E+02 1.24629290E-48 0.00000000E+00
4.4768E+02 2.27725158E-35 0.00000000E+00
4.7124E+02 8.69621267E-26 0.00000000E+00
4.9480E+02 2.60909465E-20 0.00000000E+00
5.1836E+02 2.20139787E-19 0.00000000E+00
5.4192E+02 6.31333104E-19 0.00000000E+00
5.6549E+02 8.90003940E-19 0.00000000E+00
5.8905E+02 1.13081986E-18 0.00000000E+00
6.1261E+02 1.82452425E-18 0.00000000E+00
6.3617E+02 3.16445888E-18 0.00000000E+00
6.5973E+02 4.40782291E-18 0.00000000E+00
6.8330E+02 6.05474511E-18 0.00000000E+00
7.0686E+02 1.05698424E-17 0.00000000E+00
7.3042E+02 1.56874790E-17 0.00000000E+00
7.5398E+02 1.92090437E-17 0.00000000E+00
7.7754E+02 2.93348241E-17 0.00000000E+00
8.0111E+02 4.59593121E-17 0.00000000E+00
8.2467E+02 5.63964340E-17 0.00000000E+00
8.4823E+02 7.58310239E-17 0.00000000E+00
8.7179E+02 1.24150172E-16 0.00000000E+00
8.9535E+02 1.65011354E-16 0.00000000E+00
9.1892E+02 2.01939804E-16 0.00000000E+00
9.4248E+02 3.17848093E-16 0.00000000E+00
9.6604E+02 4.69340495E-16 0.00000000E+00
9.8960E+02 5.60036791E-16 0.00000000E+00
1.0132E+03 7.96047493E-16 0.00000000E+00
1.0367E+03 1.26442679E-15 0.00000000E+00
1.0603E+03 1.58830209E-15 0.00000000E+00
1.0838E+03 1.99537592E-15 0.00000000E+00
1.1074E+03 3.15526440E-15 0.00000000E+00
1.1310E+03 4.32883984E-15 0.00000000E+00
1.1545E+03 5.07937734E-15 0.00000000E+00
1.1781E+03 7.40954917E-15 0.00000000E+00
1.2017E+03 1.10575329E-14 0.00000000E+00
1.2252E+03 1.31541628E-14 0.00000000E+00
1.2488E+03 1.70178055E-14 0.00000000E+00
1.2723E+03 2.63089962E-14 0.00000000E+00
1.2959E+03 3.36637948E-14 0.00000000E+00
1.3195E+03 3.96007872E-14 0.00000000E+00
1.3430E+03 5.88003840E-14 0.00000000E+00
1.3666E+03 8.23385377E-14 0.00000000E+00
1.3902E+03 9.46029210E-14 0.00000000E+00
1.4137E+03 1.26831413E-13 0.00000000E+00
1.4373E+03 1.89042408E-13 0.00000000E+00
1.4608E+03 2.27674434E-13 0.00000000E+00
1.4844E+03 2.73337788E-13 0.00000000E+00
1.5080E+03 4.06605720E-13 0.00000000E+00
1.5315E+03 5.32844070E-13 0.00000000E+00
1.5551E+03 6.02791448E-13 0.00000000E+00
1.5787E+03 8.32725407E-13 0.00000000E+00
1.6022E+03 1.17983413E-12 0.00000000E+00
1.6258E+03 1.35324282E-12 0.00000000E+00
1.6493E+03 1.67358842E-12 0.00000000E+00
1.6729E+03 2.44586095E-12 0.00000000E+00
1.6965E+03 3.00311507E-12 0.00000000E+00
1.7200E+03 3.40427157E-12 0.00000000E+00
1.7436E+03 4.78486598E-12 0.00000000E+00
1.7671E+03 6.38559281E-12 0.00000000E+00
1.7907E+03 7.08256234E-12 0.00000000E+00
1.8143E+03 9.04701146E-12 0.00000000E+00
1.8378E+03 1.27745501E-11 0.00000000E+00
1.8614E+03 1.47975376E-11 0.00000000E+00
1.8850E+03 1.70670225E-11 0.00000000E+00
1.9085E+03 2.40197943E-11 0.00000000E+00
1.9321E+03 3.00839056E-11 0.00000000E+00
1.9556E+03 3.28365044E-11 0.00000000E+00
1.9792E+03 4.31202688E-11 0.00000000E+00
2.0028E+03 5.80428584E-11 0.00000000E+00
2.0263E+03 6.41441523E-11 0.00000000E+00
2.0499E+03 7.60220690E-11 0.00000000E+00
2.0735E+03 1.05265382E-10 0.00000000E+00
2.0970E+03 1.23894743E-10 0.00000000E+00
2.1206E+03 1.35396390E-10 0.00000000E+00
2.1441E+03 1.80749119E-10 0.00000000E+00
2.1677E+03 2.29855472E-10 0.00000000E+00
2.1913E+03 2.45920489E-10 0.00000000E+00
2.2148E+03 3.00392440E-10 0.00000000E+00
2.2384E+03 4.02614536E-10 0.00000000E+00
2.2619E+03 4.48097759E-10 0.00000000E+00
2.2855E+03 4.97568155E-10 0.00000000E+00
2.3091E+03 6.65042869E-10 0.00000000E+00
2.3326E+03 7.95827146E-10 0.00000000E+00
2.3562E+03 8.38301034E-10 0.00000000E+00
2.3798E+03 1.05103164E-09 0.00000000E+00
2.4033E+03 1.34576998E-09 0.00000000E+00
2.4269E+03 1.43168132E-09 0.00000000E+00
2.4504E+03 1.63131109E-09 0.00000000E+00
2.4740E+03 2.14686535E-09 0.00000000E+00
2.4976E+03 2.42023821E-09 0.00000000E+00
2.5211E+03 2.55294232E-09 0.00000000E+00
2.5447E+03 3.25152890E-09 0.00000000E+00
2.5683E+03 3.94229618E-09 0.00000000E+00
2.5918E+03 4.06707620E-09 0.00000000E+00
2.6154E+03 4.77114147E-09 0.00000000E+00
2.6389E+03 6.08583740E-09 0.00000000E+00
2.6625E+03 6.50305836E-09 0.00000000E+00
2.6861E+03 6.97036493E-09 0.00000000E+00
2.7096E+03 8.88835966E-09 0.00000000E+00
2.7332E+03 1.01641637E-08 0.00000000E+00
2.7567E+03 1.03401390E-08 0.00000000E+00
2.7803E+03 1.24424266E-08 0.00000000E+00
2.8039E+03 1.51864070E-08 0.00000000E+00
2.8274E+03 1.55480681E-08 0.00000000E+00
2.8510E+03 1.71035327E-08 0.00000000E+00
2.8746E+03 2.14852901E-08 0.00000000E+00
2.8981E+03 2.32011615E-08 0.00000000E+00
2.9217E+03 2.36743315E-08 0.00000000E+00
2.9452E+03 2.89326324E-08 0.00000000E+00
2.9688E+03 3.34991841E-08 0.00000000E+00
2.9924E+03 3.33462943E-08 0.00000000E+00
3.0159E+03 3.77776877E-08 0.00000000E+00
3.0395E+03 4.60362709E-08 0.00000000E+00
3.0631E+03 4.72468936E-08 0.00000000E+00
3.0866E+03 4.90772267E-08 0.00000000E+00
3.1102E+03 6.00547154E-08 0.00000000E+00
3.1337E+03 6.57197389E-08 0.00000000E+00
3.1573E+03 6.47065272E-08 0.00000000E+00
3.1809E+03 7.52202652E-08 0.00000000E+00
3.2044E+03 8.78144133E-08 0.00000000E+00
3.2280E+03 8.66297283E-08 0.00000000E+00
3.2515E+03 9.25255531E-08 0.00000000E+00
3.2751E+03 1.11570640E-07 0.00000000E+00
3.2987E+03 1.15599380E-07 0.00000000E+00
3.3222E+03 1.14560489E-07 0.00000000E+00
3.3458E+03 1.35294857E-07 0.00000000E+00
3.3694E+03 1.50075594E-07 0.00000000E+00
3.3929E+03 1.44528777E-07 0.00000000E+00
3.4165E+03 1.59244720E-07 0.00000000E+00
3.4400E+03 1.86383296E-07 0.00000000E+00
3.4636E+03 1.84171911E-07 0.00000000E+00
3.4872E+03 1.86489548E-07 0.00000000E+00
3.5107E+03 2.20558539E-07 0.00000000E+00
3.5343E+03 2.31774934E-07 0.00000000E+00
3.5579E+03 2.21851771E-07 0.00000000E+00
3.5814E+03 2.51126335E-07 0.00000000E+00
3.6050E+03 2.81870987E-07 0.00000000E+00
3.6285E+03 2.68961718E-07 0.00000000E+00
3.6521E+03 2.80997662E-07 0.00000000E+00
3.6757E+03 3.27529679E-07 0.00000000E+00
3.6992E+03 3.26983961E-07 0.00000000E+00
3.7228E+03 3.16719867E-07 0.00000000E+00
3.7463E+03 3.64409221E-07 0.00000000E+00
3.7699E+03 3.89364511E-07 0.00000000E+00
3.7935E+03 3.64781181E-07 0.00000000E+00
3.8170E+03 3.94157326E-07 0.00000000E+00
3.8406E+03 4.46143608E-07 0.00000000E+00
3.8642E+03 4.26795425E-07 0.00000000E+00
3.8877E+03 4.24553720E-07 0.00000000E+00
3.9113E+03 4.89181446E-07 0.00000000E+00
3.9348E+03 4.96693672E-07 0.00000000E+00
3.9584E+03 4.65491774E-07 0.00000000E+00
3.9820E+03 5.17400086E-07 0.00000000E+00
4.0055E+03 5.62353565E-07 0.00000000E+00
4.0291E+03 5.22633218E-07 0.00000000E+00
4.0527E+03 5.38511441E-07 0.00000000E+00
4.0762E+03 6.11518184E-07 0.00000000E+00
4.0998E+03 5.92536746E-07 0.00000000E+00
4.1233E+03 5.65431518E-07 0.00000000E+00
4.1469E+03 6.38916904E-07 0.00000000E+00
4.1705E+03 6.62731045E-07 0.00000000E+00
4.1940E+03 6.08829462E-07 0.00000000E+00
4.2176E+03 6.50204649E-07 0.00000000E+00
4.2412E+03 7.17473145E-07 0.00000000E+00
4.2647E+03 6.69998133E-07 0.00000000E+00
4.2883E+03 6.59784536E-07 0.00000000E+00
4.3118E+03 7.46357163E-07 0.00000000E+00
4.3354E+03 7.38558295E-07 0.00000000E+00
4.3590E+03 6.83113408E-07 0.00000000E+00
4.3825E+03 7.50798128E-07 0.00000000E+00
4.4061E+03 7.96962976E-07 0.00000000E+00
4.4296E+03 7.27600686E-07 0.00000000E+00
4.4532E+03 7.44230975E-07 0.00000000E+00
4.4768E+03 8.29747267E-07 0.00000000E+00
4.5003E+03 7.87447267E-07 0.00000000E+00
4.5239E+03 7.45345220E-07 0.00000000E+00
4.5475E+03 8.32408144E-07 0.00000000E+00
4.5710E+03 8.45799599E-07 0.00000000E+00
4.5946E+03 7.67818920E-07 0.00000000E+00
4.6181E+03 8.14660088E-07 0.00000000E+00
4.6417E+03 8.83448855E-07 0.00000000E+00
4.6653E+03 8.12309785E-07 0.00000000E+00
4.6888E+03 7.95829097E-07 0.00000000E+00
4.7124E+03 8.89404934E-07 0.00000000E+00
4.7360E+03 8.65434967E-07 0.00000000E+00
4.7595E+03 7.94632752E-07 0.00000000E+00
4.7831E+03 8.67370736E-07 0.00000000E+00
4.8066E+03 9.06616764E-07 0.00000000E+00
4.8302E+03 8.18927199E-07 0.00000000E+00
4.8538E+03 8.34286944E-07 0.00000000E+00
4.8773E+03 9.19184969E-07 0.00000000E+00
4.9009E+03 8.61191959E-07 0.00000000E+00
4.9244E+03 8.11535008E-07 0.00000000E+00
4.9480E+03 8.99615728E-07 0.00000000E+00
4.9716E+03 9.02399825E-07 0.00000000E+00
4.9951E+03 8.13550032E-07 0.00000000E+00
5.0187E+03 8.59732533E-07 0.00000000E+00
5.0423E+03 9.22243632E-07 0.00000000E+00
5.0658E+03 8.40107048E-07 0.00000000E+00
5.0894E+03 8.20582219E-07 0.00000000E+00
5.1129E+03 9.10130200E-07 0.00000000E+00
5.1365E+03 8.76531868E-07 0.00000000E+00
5.1601E+03 8.01319133E-07 0.00000000E+00
5.1836E+03 8.70925213E-07 0.00000000E+00
5.2072E+03 9.01700669E-07 0.00000000E+00
5.2308E+03 8.09170211E-07 0.00000000E+00
5.2543E+03 8.22359842E-07 0.00000000E+00
5.2779E+03 8.99418506E-07 0.00000000E+00
5.3014E+03 8.35897241E-07 0.00000000E+00
5.3250E+03 7.85607259E-07 0.00000000E+00
5.3486E+03 8.66991041E-07 0.00000000E+00
5.3721E+03 8.62545076E-07 0.00000000E+00
5.3957E+03 7.74217396E-07 0.00000000E+00
5.4192E+03 8.16455786E-07 0.00000000E+00
5.4428E+03 8.69743758E-07 0.00000000E+00
5.4664E+03 7.87353922E-07 0.00000000E+00
5.4899E+03 7.68013648E-07 0.00000000E+00
5.5135E+03 8.47928606E-07 0.00000000E+00
5.5371E+03 8.10788042E-07 0.00000000E+00
5.5606E+03 7.39388592E-07 0.00000000E+00
5.5842E+03 8.02080544E-07 0.00000000E+00
5.6077E+03 8.24847782E-07 0.00000000E+00
5.6313E+03 7.36865473E-07 0.00000000E+00
5.6549E+03 7.48708918E-07 0.00000000E+00
5.6784E+03 8.14874256E-07 0.00000000E+00
5.7020E+03 7.52623447E-07 0.00000000E+00
5.7256E+03 7.06987245E-07 0.00000000E+00
5.7491E+03 7.78623270E-07 0.00000000E+00
5.7727E+03 7.69461117E-07 0.00000000E+00
5.7962E+03 6.88919367E-07 0.00000000E+00
5.8198E+03 7.26925631E-07 0.00000000E+00
5.8434E+03 7.70100943E-07 0.00000000E+00
5.8669E+03 6.93660148E-07 0.00000000E+00
5.8905E+03 6.77617052E-07 0.00000000E+00
5.9140E+03 7.46044945E-07 0.00000000E+00
5.9376E+03 7.08679434E-07 0.00000000E+00
5.9612E+03 6.46218541E-07 0.00000000E+00
5.9847E+03 7.01478625E-07 0.00000000E+00
6.0083E+03 7.16784396E-07 0.00000000E+00
6.0319E+03 6.38303703E-07 0.00000000E+00
6.0554E+03 6.50528339E-07 0.00000000E+00
6.0790E+03 7.05086260E-07 0.00000000E+00
6.1025E+03 6.47320235E-07 0.00000000E+00
6.1261E+03 6.09665136E-07 0.00000000E+00
6.1497E+03 6.71261684E-07 0.00000000E+00
6.1732E+03 6.58625658E-07 0.00000000E+00
6.1968E+03 5.89385779E-07 0.00000000E+00
6.2204E+03 6.24131959E-07 0.00000000E+00
6.2439E+03 6.57314519E-07 0.00000000E+00
6.2675E+03 5.89388968E-07 0.00000000E+00
6.2910E+03 5.78638911E-07 0.00000000E+00
6.3146E+03 6.35676876E-07 0.00000000E+00
6.3382E+03 5.99426322E-07 0.00000000E+00
6.3617E+03 5.48093527E-07 0.00000000E+00
6.3853E+03 5.96599229E-07 0.00000000E+00
6.4088E+03 6.05026280E-07 0.00000000E+00
6.4324E+03 5.37731328E-07 0.00000000E+00
6.4560E+03 5.51495233E-07 0.00000000E+00
6.4795E+03 5.94925018E-07 0.00000000E+00
6.5031E+03 5.42675460E-07 0.00000000E+00
6.5267E+03 5.14163873E-07 0.00000000E+00
6.5502E+03 5.66418734E-07 0.00000000E+00
6.5738E+03 5.51008702E-07 0.00000000E+00
6.5973E+03 4.93882961E-07 0.00000000E+00
6.6209E+03 5.26148224E-07 0.00000000E+00
6.6445E+03 5.50088966E-07 0.00000000E+00
6.6680E+03 4.91182798E-07 0.00000000E+00
6.6916E+03 4.86251296E-07 0.00000000E+00
6.7152E+03 5.32786390E-07 0.00000000E+00
6.7387E+03 4.98180173E-07 0.00000000E+00
6.7623E+03 4.58091181E-07 0.00000000E+00
6.7858E+03 5.00601127E-07 0.00000000E+00
6.8094E+03 5.02986276E-07 0.00000000E+00
6.8330E+03 4.46789665E-07 0.00000000E+00
6.8565E+03 4.62366152E-07 0.00000000E+00
6.8801E+03 4.95758672E-07 0.00000000E+00
6.9036E+03 4.49168008E-07 0.00000000E+00
6.9272E+03 4.29477485E-07 0.00000000E+00
6.9508E+03 4.73334422E-07 0.00000000E+00
6.9743E+03 4.55844167E-07 0.00000000E+00
6.9979E+03 4.10209559E-07 0.00000000E+00
7.0215E+03 4.40317086E-07 0.00000000E+00
7.0450E+03 4.56188355E-07 0.00000000E+00
7.0686E+03 4.05929884E-07 0.00000000E+00
7.0921E+03 4.06331893E-07 0.00000000E+00
7.1157E+03 4.43533641E-07 0.00000000E+00
7.1393E+03 4.10901019E-07 0.00000000E+00
7.1628E+03 3.81048090E-07 0.00000000E+00
7.1864E+03 4.18120185E-07 0.00000000E+00
7.2100E+03 4.15517137E-07 0.00000000E+00
7.2335E+03 3.69520411E-07 0.00000000E+00
7.2571E+03 3.86514362E-07 0.00000000E+00
7.2806E+03 4.11178095E-07 0.00000000E+00
7.3042E+03 3.70063938E-07 0.00000000E+00
7.3278E+03 3.58026688E-07 0.00000000E+00
7.3513E+03 3.94347887E-07 0.00000000E+00
7.3749E+03 3.75509789E-07 0.00000000E+00
7.3985E+03 3.40057479E-07 0.00000000E+00
7.4220E+03 3.67908121E-07 0.00000000E+00
7.4456E+03 3.77003760E-07 0.00000000E+00
7.4691E+03 3.34672760E-07 0.00000000E+00
7.4927E+03 3.39343925E-07 0.00000000E+00
7.5163E+03 3.68354376E-07 0.00000000E+00
7.5398E+03 3.37967765E-07 0.00000000E+00
7.5634E+03 3.16851292E-07 0.00000000E+00
7.5869E+03 3.48812815E-07 0.00000000E+00
7.6105E+03 3.42329102E-07 0.00000000E+00
7.6341E+03 3.05368922E-07 0.00000000E+00
7.6576E+03 3.23063075E-07 0.00000000E+00
7.6812E+03 3.40313910E-07 0.00000000E+00
7.7048E+03 3.04434446E-07 0.00000000E+00
7.7283E+03 2.98620786E-07 0.00000000E+00
7.7519E+03 3.28185037E-07 0.00000000E+00
7.7754E+03 3.08762076E-07 0.00000000E+00
7.7990E+03 2.82059331E-07 0.00000000E+00
7.8226E+03 3.07440489E-07 0.00000000E+00
7.8461E+03 3.11076708E-07 0.00000000E+00
7.8697E+03 2.75939511E-07 0.00000000E+00
7.8933E+03 2.83748773E-07 0.00000000E+00
7.9168E+03 3.05702599E-07 0.00000000E+00
7.9404E+03 2.77853991E-07 0.00000000E+00
7.9639E+03 2.63973934E-07 0.00000000E+00
7.9875E+03 2.91149935E-07 0.00000000E+00
8.0111E+03 2.81893979E-07 0.00000000E+00
8.0346E+03 2.52831939E-07 0.00000000E+00
8.0582E+03 2.70541615E-07 0.00000000E+00
8.0817E+03 2.81678888E-07 0.00000000E+00
8.1053E+03 2.50788695E-07 0.00000000E+00
8.1289E+03 2.49824466E-07 0.00000000E+00
8.1524E+03 2.73408196E-07 0.00000000E+00
8.1760E+03 2.54110721E-07 0.00000000E+00
8.1996E+03 2.34759805E-07 0.00000000E+00
8.2231E+03 2.57489460E-07 0.00000000E+00
8.2467E+03 2.56901658E-07 0.00000000E+00
8.2702E+03 2.28199484E-07 0.00000000E+00
8.2938E+03 2.38067040E-07 0.00000000E+00
8.3174E+03 2.54029922E-07 0.00000000E+00
8.3409E+03 2.28917242E-07 0.00000000E+00
8.3645E+03 2.20812482E-07 0.00000000E+00
8.3881E+03 2.43503951E-07 0.00000000E+00
8.4116E+03 2.32446686E-07 0.00000000E+00
8.4352E+03 2.10136106E-07 0.00000000E+00
8.4587E+03 2.27207964E-07 0.00000000E+00
8.4823E+03 2.33398603E-07 0.00000000E+00
8.5059E+03 2.07176609E-07 0.00000000E+00
8.5294E+03 2.09757107E-07 0.00000000E+00
8.5530E+03 2.28065026E-07 0.00000000E+00
8.5765E+03 2.09468517E-07 0.00000000E+00
8.6001E+03 1.96136265E-07 0.00000000E+00
8.6237E+03 2.16060567E-07 0.00000000E+00
8.6472E+03 2.12335058E-07 0.00000000E+00
8.6708E+03 1.89317672E-07 0.00000000E+00
8.6944E+03 2.00288253E-07 0.00000000E+00
8.7179E+03 2.11235288E-07 0.00000000E+00
8.7415E+03 1.88983186E-07 0.00000000E+00
8.7650E+03 1.85355751E-07 0.00000000E+00
8.7886E+03 2.03895423E-07 0.00000000E+00
8.8122E+03 1.91881501E-07 0.00000000E+00
8.8357E+03 1.75290185E-07 0.00000000E+00
8.8593E+03 1.91233693E-07 0.00000000E+00
8.8829E+03 1.93544659E-07 0.00000000E+00
8.9064E+03 1.71673522E-07 0.00000000E+00
8.9300E+03 1.76721995E-07 0.00000000E+00
8.9535E+03 1.90467194E-07 0.00000000E+00
8.9771E+03 1.73048542E-07 0.00000000E+00
9.0007E+03 1.64586044E-07 0.00000000E+00
9.0242E+03 1.81693118E-07 0.00000000E+00
9.0478E+03 1.75792413E-07 0.00000000E+00
9.0713E+03 1.57764776E-07 0.00000000E+00
9.0949E+03 1.69102873E-07 0.00000000E+00
9.1185E+03 1.75953647E-07 0.00000000E+00
9.1420E+03 1.56603215E-07 0.00000000E+00
9.1656E+03 1.56348038E-07 0.00000000E+00
9.1892E+03 1.71128551E-07 0.00000000E+00
9.2127E+03 1.58846725E-07 0.00000000E+00
9.2363E+03 1.47019287E-07 0.00000000E+00
9.2598E+03 1.61493085E-07 0.00000000E+00
9.2834E+03 1.60858380E-07 0.00000000E+00
9.3070E+03 1.42956405E-07 0.00000000E+00
9.3305E+03 1.49557820E-07 0.00000000E+00
9.3541E+03 1.59411689E-07 0.00000000E+00
9.3777E+03 1.43486251E-07 0.00000000E+00
9.4012E+03 1.38840045E-07 0.00000000E+00
9.4248E+03 1.53180398E-07 0.00000000E+00
9.4483E+03 1.45890017E-07 0.00000000E+00
9.4719E+03 1.32144235E-07 0.00000000E+00
9.4955E+03 1.43243444E-07 0.00000000E+00
9.5190E+03 1.46804469E-07 0.00000000E+00
9.5426E+03 1.30283748E-07 0.00000000E+00
9.5661E+03 1.32428127E-07 0.00000000E+00
9.5897E+03 1.43840642E-07 0.00000000E+00
9.6133E+03 1.31817590E-07 0.00000000E+00
9.6368E+03 1.23871979E-07 0.00000000E+00
9.6604E+03 1.36645433E-07 0.00000000E+00
9.6840E+03 1.33863177E-07 0.00000000E+00
9.7075E+03 1.19527424E-07 0.00000000E+00
9.7311E+03 1.26941692E-07 0.00000000E+00
9.7546E+03 1.33536481E-07 0.00000000E+00
9.7782E+03 1.19314852E-07 0.00000000E+00
9.8018E+03 1.17591201E-07 0.00000000E+00
9.8253E+03 1.29304597E-07 0.00000000E+00
9.8489E+03 1.21281260E-07 0.00000000E+00
9.8725E+03 1.11180460E-07 0.00000000E+00
9.8960E+03 1.21621831E-07 0.00000000E+00
9.9196E+03 1.22627846E-07 0.00000000E+00
9.9431E+03 1.08821463E-07 0.00000000E+00
9.9667E+03 1.12595197E-07 0.00000000E+00
9.9903E+03 1.21071842E-07 0.00000000E+00
1.0014E+04 1.09715961E-07 0.00000000E+00
1.0037E+04 1.04895095E-07 0.00000000E+00
1.0061E+04 1.15884557E-07 0.00000000E+00
1.0085E+04 1.11641102E-07 0.00000000E+00
1.0108E+04 1.00466762E-07 0.00000000E+00
1.0132E+04 1.08138974E-07 0.00000000E+00
1.0155E+04 1.12074019E-07 0.00000000E+00
1.0179E+04 9.96578576E-08 0.00000000E+00
1.0202E+04 1.00097943E-07 0.00000000E+00
1.0226E+04 1.09390839E-07 0.00000000E+00
1.0249E+04 1.01146581E-07 0.00000000E+00
1.0273E+04 9.40802741E-08 0.00000000E+00
1.0297E+04 1.03573896E-07 0.00000000E+00
1.0320E+04 1.02657287E-07 0.00000000E+00
1.0344E+04 9.13669948E-08 0.00000000E+00
1.0367E+04 9.61242611E-08 0.00000000E+00
1.0391E+04 1.02082149E-07 0.00000000E+00
1.0414E+04 9.16586451E-08 0.00000000E+00
1.0438E+04 8.92669312E-08 0.00000000E+00
1.0462E+04 9.84589774E-08 0.00000000E+00
1.0485E+04 9.33062038E-08 0.00000000E+00
1.0509E+04 8.48629300E-08 0.00000000E+00
1.0532E+04 9.23546364E-08 0.00000000E+00
1.0556E+04 9.41620857E-08 0.00000000E+00
1.0579E+04 8.35559584E-08 0.00000000E+00
1.0603E+04 8.55088696E-08 0.00000000E+00
1.0626E+04 9.26154851E-08 0.00000000E+00
1.0650E+04 8.45401077E-08 0.00000000E+00
1.0674E+04 7.99490321E-08 0.00000000E+00
1.0697E+04 8.83155426E-08 0.00000000E+00
1.0721E+04 8.60208993E-08 0.00000000E+00
1.0744E+04 7.70217872E-08 0.00000000E+00
1.0768E+04 8.22617771E-08 0.00000000E+00
1.0791E+04 8.61126432E-08 0.00000000E+00
1.0815E+04 7.68001879E-08 0.00000000E+00
1.0838E+04 7.62565966E-08 0.00000000E+00
1.0862E+04 8.37262956E-08 0.00000000E+00
1.0886E+04 7.81215573E-08 0.00000000E+00
1.0909E+04 7.20134184E-08 0.00000000E+00
1.0933E+04 7.90328981E-08 0.00000000E+00
1.0956E+04 7.92016670E-08 0.00000000E+00
1.0980E+04 7.03575944E-08 0.00000000E+00
1.1003E+04 7.33103336E-08 0.00000000E+00
1.1027E+04 7.85047545E-08 0.00000000E+00
1.1051E+04 7.08885754E-08 0.00000000E+00
1.1074E+04 6.82803949E-08 0.00000000E+00
1.1098E+04 7.54477848E-08 0.00000000E+00
1.1121E+04 7.22352918E-08 0.00000000E+00
1.1145E+04 6.52752430E-08 0.00000000E+00
1.1168E+04 7.06187323E-08 0.00000000E+00
1.1192E+04 7.27519457E-08 0.00000000E+00
1.1215E+04 6.46332142E-08 0.00000000E+00
1.1239E+04 6.54338889E-08 0.00000000E+00
1.1263E+04 7.13037631E-08 0.00000000E+00
1.1286E+04 6.55944178E-08 0.00000000E+00
1.1310E+04 6.14260505E-08 0.00000000E+00
1.1333E+04 6.77694475E-08 0.00000000E+00
1.1357E+04 6.67173437E-08 0.00000000E+00
1.1380E+04 5.95179759E-08 0.00000000E+00
1.1404E+04 6.30404203E-08 0.00000000E+00
1.1428E+04 6.65921268E-08 0.00000000E+00
1.1451E+04 5.96227666E-08 0.00000000E+00
1.1475E+04 5.85452662E-08 0.00000000E+00
1.1498E+04 6.44992312E-08 0.00000000E+00
1.1522E+04 6.07403278E-08 0.00000000E+00
1.1545E+04 5.55490622E-08 0.00000000E+00
1.1569E+04 6.07075743E-08 0.00000000E+00
1.1592E+04 6.14767274E-08 0.00000000E+00
1.1616E+04 5.45687860E-08 0.00000000E+00
1.1640E+04 5.62926254E-08 0.00000000E+00
1.1663E+04 6.07189969E-08 0.00000000E+00
1.1687E+04 5.51721724E-08 0.00000000E+00
1.1710E+04 5.25867943E-08 0.00000000E+00
1.1734E+04 5.81404340E-08 0.00000000E+00
1.1757E+04 5.62324531E-08 0.00000000E+00
1.1781E+04 5.05401900E-08 0.00000000E+00
1.1805E+04 5.43094009E-08 0.00000000E+00
1.1828E+04 5.64940271E-08 0.00000000E+00
1.1852E+04 5.02958802E-08 0.00000000E+00
1.1875E+04 5.03728982E-08 0.00000000E+00
1.1899E+04 5.51670538E-08 0.00000000E+00
1.1922E+04 5.11663636E-08 0.00000000E+00
1.1946E+04 4.74865427E-08 0.00000000E+00
1.1969E+04 5.22712044E-08 0.00000000E+00
1.1993E+04 5.20002208E-08 0.00000000E+00
1.2017E+04 4.62715613E-08 0.00000000E+00
1.2040E+04 4.85814438E-08 0.00000000E+00
1.2064E+04 5.17461383E-08 0.00000000E+00
1.2087E+04 4.65515918E-08 0.00000000E+00
1.2111E+04 4.52227845E-08 0.00000000E+00
1.2134E+04 4.99395413E-08 0.00000000E+00
1.2158E+04 4.74776439E-08 0.00000000E+00
1.2182E+04 4.31227928E-08 0.00000000E+00
1.2205E+04 4.68879412E-08 0.00000000E+00
1.2229E+04 4.79619031E-08 0.00000000E+00
1.2252E+04 4.25863097E-08 0.00000000E+00
1.2276E+04 4.34841742E-08 0.00000000E+00
1.2299E+04 4.72003631E-08 0.00000000E+00
1.2323E+04 4.31854579E-08 0.00000000E+00
1.2346E+04 4.07551712E-08 0.00000000E+00
1.2370E+04 4.50341717E-08 0.00000000E+00
1.2394E+04 4.39996207E-08 0.00000000E+00
1.2417E+04 3.93723811E-08 0.00000000E+00
1.2441E+04 4.19887164E-08 0.00000000E+00
1.2464E+04 4.40737325E-08 0.00000000E+00
1.2488E+04 3.93557258E-08 0.00000000E+00
1.2511E+04 3.89896428E-08 0.00000000E+00
1.2535E+04 4.28677906E-08 0.00000000E+00
1.2559E+04 4.00993768E-08 0.00000000E+00
1.2582E+04 3.69067049E-08 0.00000000E+00
1.2606E+04 4.04871978E-08 0.00000000E+00
1.2629E+04 4.06894832E-08 0.00000000E+00
1.2653E+04 3.61487192E-08 0.00000000E+00
1.2676E+04 3.75980196E-08 0.00000000E+00
1.2700E+04 4.03488580E-08 0.00000000E+00
1.2723E+04 3.64964993E-08 0.00000000E+00
1.2747E+04 3.50841127E-08 0.00000000E+00
1.2771E+04 3.87934513E-08 0.00000000E+00
1.2794E+04 3.72389195E-08 0.00000000E+00
1.2818E+04 3.36206788E-08 0.00000000E+00
1.2841E+04 3.63385442E-08 0.00000000E+00
1.2865E+04 3.75320337E-08 0.00000000E+00
1.2888E+04 3.33683162E-08 0.00000000E+00
1.2912E+04 3.37184093E-08 0.00000000E+00
1.2936E+04 3.68012461E-08 0.00000000E+00
1.2959E+04 3.39244222E-08 0.00000000E+00
1.2983E+04 3.17190953E-08 0.00000000E+00
1.3006E+04 3.49959169E-08 0.00000000E+00
1.3030E+04 3.45412336E-08 0.00000000E+00
1.3053E+04 3.08062600E-08 0.00000000E+00
1.3077E+04 3.25848165E-08 0.00000000E+00
1.3100E+04 3.44943797E-08 0.00000000E+00
1.3124E+04 3.09229637E-08 0.00000000E+00
1.3148E+04 3.03080781E-08 0.00000000E+00
1.3171E+04 3.34211736E-08 0.00000000E+00
1.3195E+04 3.15435625E-08 0.00000000E+00
1.3218E+04 2.88148747E-08 0.00000000E+00
1.3242E+04 3.14713182E-08 0.00000000E+00
1.3265E+04 3.19450145E-08 0.00000000E+00
1.3289E+04 2.83631136E-08 0.00000000E+00
1.3312E+04 2.92090505E-08 0.00000000E+00
1.3336E+04 3.15566134E-08 0.00000000E+00
1.3360E+04 2.87190039E-08 0.00000000E+00
1.3383E+04 2.73259273E-08 0.00000000E+00
1.3407E+04 3.02195480E-08 0.00000000E+00
1.3430E+04 2.92929654E-08 0.00000000E+00
1.3454E+04 2.63093384E-08 0.00000000E+00
1.3477E+04 2.82392040E-08 0.00000000E+00
1.3501E+04 2.94352018E-08 0.00000000E+00
1.3525E+04 2.62247222E-08 0.00000000E+00
1.3548E+04 2.62169081E-08 0.00000000E+00
1.3572E+04 2.87435189E-08 0.00000000E+00
1.3595E+04 2.67073605E-08 0.00000000E+00
1.3619E+04 2.47519941E-08 0.00000000E+00
1.3642E+04 2.72384504E-08 0.00000000E+00
1.3666E+04 2.71561074E-08 0.00000000E+00
1.3689E+04 2.41607589E-08 0.00000000E+00
1.3713E+04 2.53308849E-08 0.00000000E+00
1.3737E+04 2.70274269E-08 0.00000000E+00
1.3760E+04 2.43428997E-08 0.00000000E+00
1.3784E+04 2.36084932E-08 0.00000000E+00
1.3807E+04 2.60867844E-08 0.00000000E+00
1.3831E+04 2.48500830E-08 0.00000000E+00
1.3854E+04 2.25505115E-08 0.00000000E+00
1.3878E+04 2.45019934E-08 0.00000000E+00
1.3902E+04 2.51139867E-08 0.00000000E+00
1.3925E+04 2.23081842E-08 0.00000000E+00
1.3949E+04 2.27430404E-08 0.00000000E+00
1.3972E+04 2.47187487E-08 0.00000000E+00
1.3996E+04 2.26504440E-08 0.00000000E+00
1.4019E+04 2.13453285E-08 0.00000000E+00
1.4043E+04 2.35877995E-08 0.00000000E+00
1.4066E+04 2.30919069E-08 0.00000000E+00
1.4090E+04 2.06545091E-08 0.00000000E+00
1.4114E+04 2.20017491E-08 0.00000000E+00
1.4137E+04 2.31337616E-08 0.00000000E+00
1.4161E+04 2.06737978E-08 0.00000000E+00
1.4184E+04 2.04476160E-08 0.00000000E+00
1.4208E+04 2.24985005E-08 0.00000000E+00
1.4231E+04 2.10802823E-08 0.00000000E+00
1.4255E+04 1.93790852E-08 0.00000000E+00
1.4279E+04 2.12483992E-08 0.00000000E+00
1.4302E+04 2.13936872E-08 0.00000000E+00
1.4326E+04 1.90052155E-08 0.00000000E+00
1.4349E+04 1.97381800E-08 0.00000000E+00
1.4373E+04 2.12100977E-08 0.00000000E+00
1.4396E+04 1.92053461E-08 0.00000000E+00
1.4420E+04 1.84329942E-08 0.00000000E+00
1.4443E+04 2.03873163E-08 0.00000000E+00
1.4467E+04 1.96032604E-08 0.00000000E+00
1.4491E+04 1.76844216E-08 0.00000000E+00
1.4514E+04 1.90975306E-08 0.00000000E+00
1.4538E+04 1.97570838E-08 0.00000000E+00
1.4561E+04 1.75717039E-08 0.00000000E+00
1.4585E+04 1.77298459E-08 0.00000000E+00
1.4608E+04 1.93696766E-08 0.00000000E+00
1.4632E+04 1.78789158E-08 0.00000000E+00
1.4656E+04 1.66964109E-08 0.00000000E+00
1.4679E+04 1.84200173E-08 0.00000000E+00
1.4703E+04 1.82114079E-08 0.00000000E+00
1.4726E+04 1.62379232E-08 0.00000000E+00
1.4750E+04 1.71583709E-08 0.00000000E+00
1.4773E+04 1.81897403E-08 0.00000000E+00
1.4797E+04 1.63194602E-08 0.00000000E+00
1.4820E+04 1.59746398E-08 0.00000000E+00
1.4844E+04 1.76264141E-08 0.00000000E+00
1.4868E+04 1.66607408E-08 0.00000000E+00
1.4891E+04 1.52080139E-08 0.00000000E+00
1.4915E+04 1.66035817E-08 0.00000000E+00
1.4938E+04 1.68798643E-08 0.00000000E+00
1.4962E+04 1.49901141E-08 0.00000000E+00
1.4985E+04 1.54203248E-08 0.00000000E+00
1.5009E+04 1.66774470E-08 0.00000000E+00
1.5033E+04 1.51935975E-08 0.00000000E+00
1.5056E+04 1.44408192E-08 0.00000000E+00
1.5080E+04 1.59726796E-08 0.00000000E+00
1.5103E+04 1.55050979E-08 0.00000000E+00
1.5127E+04 1.39197847E-08 0.00000000E+00
1.5150E+04 1.49297726E-08 0.00000000E+00
1.5174E+04 1.55818943E-08 0.00000000E+00
1.5197E+04 1.38884922E-08 0.00000000E+00
1.5221E+04 1.38679881E-08 0.00000000E+00
1.5245E+04 1.52142663E-08 0.00000000E+00
1.5268E+04 1.41517807E-08 0.00000000E+00
1.5292E+04 1.31036628E-08 0.00000000E+00
1.5315E+04 1.44168760E-08 0.00000000E+00
1.5339E+04 1.43915636E-08 0.00000000E+00
1.5362E+04 1.28020414E-08 0.00000000E+00
1.5386E+04 1.34100532E-08 0.00000000E+00
1.5410E+04 1.43224455E-08 0.00000000E+00
1.5433E+04 1.29078615E-08 0.00000000E+00
1.5457E+04 1.25057131E-08 0.00000000E+00
1.5480E+04 1.38236713E-08 0.00000000E+00
1.5504E+04 1.31828533E-08 0.00000000E+00
1.5527E+04 1.19564622E-08 0.00000000E+00
1.5551E+04 1.29869616E-08 0.00000000E+00
1.5574E+04 1.33267873E-08 0.00000000E+00
1.5598E+04 1.18403730E-08 0.00000000E+00
1.5622E+04 1.20624061E-08 0.00000000E+00
1.5645E+04 1.31210739E-08 0.00000000E+00
1.5669E+04 1.20333017E-08 0.00000000E+00
1.5692E+04 1.13330602E-08 0.00000000E+00
1.5716E+04 1.25267051E-08 0.00000000E+00
1.5739E+04 1.22771378E-08 0.00000000E+00
1.5763E+04 1.09804723E-08 0.00000000E+00
1.5787E+04 1.16931508E-08 0.00000000E+00
1.5810E+04 1.23072629E-08 0.00000000E+00
1.5834E+04 1.10044731E-08 0.00000000E+00
1.5857E+04 1.08785196E-08 0.00000000E+00
1.5881E+04 1.19766756E-08 0.00000000E+00
1.5904E+04 1.12321422E-08 0.00000000E+00
1.5928E+04 1.03227601E-08 0.00000000E+00
1.5951E+04 1.13187995E-08 0.00000000E+00
1.5975E+04 1.14074258E-08 0.00000000E+00
1.5999E+04 1.01357430E-08 0.00000000E+00
1.6022E+04 1.05224877E-08 0.00000000E+00
1.6046E+04 1.13153848E-08 0.00000000E+00
1.6069E+04 1.02521247E-08 0.00000000E+00
1.6093E+04 9.83531999E-09 0.00000000E+00
1.6116E+04 1.08809211E-08 0.00000000E+00
1.6140E+04 1.04709123E-08 0.00000000E+00
1.6163E+04 9.44430679E-09 0.00000000E+00
1.6187E+04 1.01967991E-08 0.00000000E+00
1.6211E+04 1.05567877E-08 0.00000000E+00
1.6234E+04 9.39127306E-09 0.00000000E+00
1.6258E+04 9.47143954E-09 0.00000000E+00
1.6281E+04 1.03522905E-08 0.00000000E+00
1.6305E+04 9.56084409E-09 0.00000000E+00
1.6328E+04 8.92523149E-09 0.00000000E+00
1.6352E+04 9.84759177E-09 0.00000000E+00
1.6376E+04 9.74273983E-09 0.00000000E+00
1.6399E+04 8.68671725E-09 0.00000000E+00
1.6423E+04 9.17743525E-09 0.00000000E+00
1.6446E+04 9.73516515E-09 0.00000000E+00
1.6470E+04 8.73719367E-09 0.00000000E+00
1.6493E+04 8.55058379E-09 0.00000000E+00
1.6517E+04 9.43876427E-09 0.00000000E+00
1.6540E+04 8.92697648E-09 0.00000000E+00
1.6564E+04 8.14828843E-09 0.00000000E+00
1.6588E+04 8.89779343E-09 0.00000000E+00
1.6611E+04 9.05197265E-09 0.00000000E+00
1.6635E+04 8.04073612E-09 0.00000000E+00
1.6658E+04 8.27203859E-09 0.00000000E+00
1.6682E+04 8.95177700E-09 0.00000000E+00
1.6705E+04 8.15955023E-09 0.00000000E+00
1.6729E+04 7.75605935E-09 0.00000000E+00
1.6753E+04 8.58244981E-09 0.00000000E+00
1.6776E+04 8.33646722E-09 0.00000000E+00
1.6800E+04 7.48607347E-09 0.00000000E+00
1.6823E+04 8.03118699E-09 0.00000000E+00
1.6847E+04 8.38695104E-09 0.00000000E+00
1.6870E+04 7.47871135E-09 0.00000000E+00
1.6894E+04 7.46877499E-09 0.00000000E+00
1.6917E+04 8.19743490E-09 0.00000000E+00
1.6941E+04 7.62891876E-09 0.00000000E+00
1.6965E+04 7.06511830E-09 0.00000000E+00
1.6988E+04 7.77502785E-09 0.00000000E+00
1.7012E+04 7.76521305E-09 0.00000000E+00
1.7035E+04 6.90937140E-09 0.00000000E+00
1.7059E+04 7.23808663E-09 0.00000000E+00
1.7082E+04 7.73351062E-09 0.00000000E+00
1.7106E+04 6.97207580E-09 0.00000000E+00
1.7130E+04 6.75500386E-09 0.00000000E+00
1.7153E+04 7.46860535E-09 0.00000000E+00
1.7177E+04 7.12502312E-09 0.00000000E+00
1.7200E+04 6.46264609E-09 0.00000000E+00
1.7224E+04 7.02026928E-09 0.00000000E+00
1.7247E+04 7.20649549E-09 0.00000000E+00
1.7271E+04 6.40382783E-09 0.00000000E+00
1.7294E+04 6.52407441E-09 0.00000000E+00
1.7318E+04 7.09882594E-09 0.00000000E+00
1.7342E+04 6.51211814E-09 0.00000000E+00
1.7365E+04 6.13353312E-09 0.00000000E+00
1.7389E+04 6.78127692E-09 0.00000000E+00
1.7412E+04 6.64852975E-09 0.00000000E+00
1.7436E+04 5.94733435E-09 0.00000000E+00
1.7459E+04 6.33482497E-09 0.00000000E+00
1.7483E+04 6.67019539E-09 0.00000000E+00
1.7507E+04 5.96587495E-09 0.00000000E+00
1.7530E+04 5.89912493E-09 0.00000000E+00
1.7554E+04 6.49734586E-09 0.00000000E+00
1.7577E+04 6.09584520E-09 0.00000000E+00
1.7601E+04 5.60414391E-09 0.00000000E+00
1.7624E+04 6.14744933E-09 0.00000000E+00
1.7648E+04 6.19836436E-09 0.00000000E+00
1.7671E+04 5.50960229E-09 0.00000000E+00
1.7695E+04 5.72217886E-09 0.00000000E+00
1.7719E+04 6.15612409E-09 0.00000000E+00
1.7742E+04 5.58017817E-09 0.00000000E+00
1.7766E+04 5.35552043E-09 0.00000000E+00
1.7789E+04 5.92725272E-09 0.00000000E+00
1.7813E+04 5.70647630E-09 0.00000000E+00
1.7836E+04 5.14915199E-09 0.00000000E+00
1.7860E+04 5.56124117E-09 0.00000000E+00
1.7884E+04 5.75985453E-09 0.00000000E+00
1.7907E+04 5.12608309E-09 0.00000000E+00
1.7931E+04 5.17117382E-09 0.00000000E+00
1.7954E+04 5.65375885E-09 0.00000000E+00
1.7978E+04 5.22357648E-09 0.00000000E+00
1.8001E+04 4.87739464E-09 0.00000000E+00
1.8025E+04 5.38233312E-09 0.00000000E+00
1.8048E+04 5.32684236E-09 0.00000000E+00
1.8072E+04 4.75055690E-09 0.00000000E+00
1.8096E+04 5.01917804E-09 0.00000000E+00
1.8119E+04 5.32560330E-09 0.00000000E+00
1.8143E+04 4.78093815E-09 0.00000000E+00
1.8166E+04 4.67883359E-09 0.00000000E+00
1.8190E+04 5.16569649E-09 0.00000000E+00
1.8213E+04 4.88710573E-09 0.00000000E+00
1.8237E+04 4.46101585E-09 0.00000000E+00
1.8261E+04 4.87169732E-09 0.00000000E+00
1.8284E+04 4.95777000E-09 0.00000000E+00
1.8308E+04 4.40466494E-09 0.00000000E+00
1.8331E+04 4.53147253E-09 0.00000000E+00
1.8355E+04 4.90544752E-09 0.00000000E+00
1.8378E+04 4.47276496E-09 0.00000000E+00
1.8402E+04 4.25187833E-09 0.00000000E+00
1.8425E+04 4.70623428E-09 0.00000000E+00
1.8449E+04 4.57340345E-09 0.00000000E+00
1.8473E+04 4.10775914E-09 0.00000000E+00
1.8496E+04 4.40784278E-09 0.00000000E+00
1.8520E+04 4.60541778E-09 0.00000000E+00
1.8543E+04 4.10835767E-09 0.00000000E+00
1.8567E+04 4.10372400E-09 0.00000000E+00
1.8590E+04 4.50614962E-09 0.00000000E+00
1.8614E+04 4.19598751E-09 0.00000000E+00
1.8637E+04 3.88696341E-09 0.00000000E+00
1.8661E+04 4.27891273E-09 0.00000000E+00
1.8685E+04 4.27612645E-09 0.00000000E+00
1.8708E+04 3.80645898E-09 0.00000000E+00
1.8732E+04 3.98823360E-09 0.00000000E+00
1.8755E+04 4.26344039E-09 0.00000000E+00
1.8779E+04 3.84587553E-09 0.00000000E+00
1.8802E+04 3.72653094E-09 0.00000000E+00
1.8826E+04 4.12140804E-09 0.00000000E+00
1.8850E+04 3.93430457E-09 0.00000000E+00
1.8873E+04 3.56921320E-09 0.00000000E+00
1.8897E+04 3.87714469E-09 0.00000000E+00
1.8920E+04 3.98219964E-09 0.00000000E+00
1.8944E+04 3.53993765E-09 0.00000000E+00
1.8967E+04 3.60554984E-09 0.00000000E+00
1.8991E+04 3.92443623E-09 0.00000000E+00
1.9014E+04 3.60198533E-09 0.00000000E+00
1.9038E+04 3.39172666E-09 0.00000000E+00
1.9062E+04 3.74978626E-09 0.00000000E+00
1.9085E+04 3.67854894E-09 0.00000000E+00
1.9109E+04 3.29048859E-09 0.00000000E+00
1.9132E+04 3.50356318E-09 0.00000000E+00
1.9156E+04 3.69087649E-09 0.00000000E+00
1.9179E+04 3.30217292E-09 0.00000000E+00
1.9203E+04 3.26356678E-09 0.00000000E+00
1.9227E+04 3.59537968E-09 0.00000000E+00
1.9250E+04 3.37524768E-09 0.00000000E+00
1.9274E+04 3.10200895E-09 0.00000000E+00
1.9297E+04 3.40235259E-09 0.00000000E+00
1.9321E+04 3.43305785E-09 0.00000000E+00
1.9344E+04 3.05195759E-09 0.00000000E+00
1.9368E+04 3.16850199E-09 0.00000000E+00
1.9391E+04 3.41095829E-09 0.00000000E+00
1.9415E+04 3.09371729E-09 0.00000000E+00
1.9439E+04 2.96810368E-09 0.00000000E+00
1.9462E+04 3.28599041E-09 0.00000000E+00
1.9486E+04 3.16651346E-09 0.00000000E+00
1.9509E+04 2.85727844E-09 0.00000000E+00
1.9533E+04 3.08561984E-09 0.00000000E+00
1.9556E+04 3.19884440E-09 0.00000000E+00
1.9580E+04 2.84839802E-09 0.00000000E+00
1.9604E+04 2.87241552E-09 0.00000000E+00
1.9627E+04 3.14247694E-09 0.00000000E+00
1.9651E+04 2.90617768E-09 0.00000000E+00
1.9674E+04 2.71291322E-09 0.00000000E+00
1.9698E+04 2.99398722E-09 0.00000000E+00
1.9721E+04 2.96637938E-09 0.00000000E+00
1.9745E+04 2.64600696E-09 0.00000000E+00
1.9768E+04 2.79423770E-09 0.00000000E+00
1.9792E+04 2.96735842E-09 0.00000000E+00
1.9816E+04 2.66582980E-09 0.00000000E+00
1.9839E+04 2.60699391E-09 0.00000000E+00
1.9863E+04 2.87898178E-09 0.00000000E+00
1.9886E+04 2.72660273E-09 0.00000000E+00
1.9910E+04 2.48774379E-09 0.00000000E+00
1.9933E+04 2.71533092E-09 0.00000000E+00
1.9957E+04 2.76614965E-09 0.00000000E+00
1.9981E+04 2.45795262E-09 0.00000000E+00
2.0004E+04 2.52593601E-09 0.00000000E+00
2.0028E+04 2.73602807E-09 0.00000000E+00
2.0051E+04 2.49666761E-09 0.00000000E+00
2.0075E+04 2.37074928E-09 0.00000000E+00
2.0098E+04 2.62368663E-09 0.00000000E+00
2.0122E+04 2.55253033E-09 0.00000000E+00
2.0145E+04 2.29149082E-09 0.00000000E+00
2.0169E+04 2.45661868E-09 0.00000000E+00
2.0193E+04 2.56945054E-09 0.00000000E+00
2.0216E+04 2.29300731E-09 0.00000000E+00
2.0240E+04 2.28750565E-09 0.00000000E+00
2.0263E+04 2.51317448E-09 0.00000000E+00
2.0287E+04 2.34282394E-09 0.00000000E+00
2.0310E+04 2.16828936E-09 0.00000000E+00
2.0334E+04 2.38628087E-09 0.00000000E+00
2.0358E+04 2.38815377E-09 0.00000000E+00
2.0381E+04 2.12582811E-09 0.00000000E+00
2.0405E+04 2.22518996E-09 0.00000000E+00
2.0428E+04 2.38157316E-09 0.00000000E+00
2.0452E+04 2.15041338E-09 0.00000000E+00
2.0475E+04 2.08143969E-09 0.00000000E+00
2.0499E+04 2.30298076E-09 0.00000000E+00
2.0522E+04 2.20193443E-09 0.00000000E+00
2.0546E+04 1.99669308E-09 0.00000000E+00
2.0570E+04 2.16773794E-09 0.00000000E+00
2.0593E+04 2.23005184E-09 0.00000000E+00
2.0617E+04 1.98348417E-09 0.00000000E+00
2.0640E+04 2.01775701E-09 0.00000000E+00
2.0664E+04 2.19831888E-09 0.00000000E+00
2.0687E+04 2.02055287E-09 0.00000000E+00
2.0711E+04 1.90045644E-09 0.00000000E+00
2.0735E+04 2.10070197E-09 0.00000000E+00
2.0758E+04 2.06438322E-09 0.00000000E+00
2.0782E+04 1.84607018E-09 0.00000000E+00
2.0805E+04 1.96299202E-09 0.00000000E+00
2.0829E+04 2.07078442E-09 0.00000000E+00
2.0852E+04 1.85416209E-09 0.00000000E+00
2.0876E+04 1.82910935E-09 0.00000000E+00
2.0899E+04 2.01580383E-09 0.00000000E+00
2.0923E+04 1.89532859E-09 0.00000000E+00
2.0947E+04 1.73951620E-09 0.00000000E+00
2.0970E+04 1.90606768E-09 0.00000000E+00
2.0994E+04 1.92652795E-09 0.00000000E+00
2.1017E+04 1.71235688E-09 0.00000000E+00
2.1041E+04 1.77418218E-09 0.00000000E+00
2.1064E+04 1.91206677E-09 0.00000000E+00
2.1088E+04 1.73608013E-09 0.00000000E+00
2.1112E+04 1.66214335E-09 0.00000000E+00
2.1135E+04 1.84004636E-09 0.00000000E+00
2.1159E+04 1.77638012E-09 0.00000000E+00
2.1182E+04 1.60118136E-09 0.00000000E+00
2.1206E+04 1.72679249E-09 0.00000000E+00
2.1229E+04 1.79342744E-09 0.00000000E+00
2.1253E+04 1.59764470E-09 0.00000000E+00
2.1276E+04 1.60782775E-09 0.00000000E+00
2.1300E+04 1.76080779E-09 0.00000000E+00
2.1324E+04 1.63119149E-09 0.00000000E+00
2.1347E+04 1.52027372E-09 0.00000000E+00
2.1371E+04 1.67725571E-09 0.00000000E+00
2.1394E+04 1.66553786E-09 0.00000000E+00
2.1418E+04 1.48529549E-09 0.00000000E+00
2.1441E+04 1.56604895E-09 0.00000000E+00
2.1465E+04 1.66618294E-09 0.00000000E+00
2.1488E+04 1.49880166E-09 0.00000000E+00
2.1512E+04 1.46288741E-09 0.00000000E+00
2.1536E+04 1.61651850E-09 0.00000000E+00
2.1559E+04 1.53443379E-09 0.00000000E+00
2.1583E+04 1.39843662E-09 0.00000000E+00
2.1606E+04 1.52481299E-09 0.00000000E+00
2.1630E+04 1.55695308E-09 0.00000000E+00
2.1653E+04 1.38401120E-09 0.00000000E+00
2.1677E+04 1.41913733E-09 0.00000000E+00
2.1701E+04 1.53927153E-09 0.00000000E+00
2.1724E+04 1.40707443E-09 0.00000000E+00
2.1748E+04 1.33314794E-09 0.00000000E+00
2.1771E+04 1.47487700E-09 0.00000000E+00
2.1795E+04 1.43828292E-09 0.00000000E+00
2.1818E+04 1.28989990E-09 0.00000000E+00
2.1842E+04 1.37993820E-09 0.00000000E+00
2.1865E+04 1.44619034E-09 0.00000000E+00
2.1889E+04 1.29148910E-09 0.00000000E+00
2.1913E+04 1.28458059E-09 0.00000000E+00
2.1936E+04 1.41223080E-09 0.00000000E+00
2.1960E+04 1.31914429E-09 0.00000000E+00
2.1983E+04 1.21802125E-09 0.00000000E+00
2.2007E+04 1.33885898E-09 0.00000000E+00
2.2030E+04 1.34315631E-09 0.00000000E+00
2.2054E+04 1.19490523E-09 0.00000000E+00
2.2078E+04 1.24737178E-09 0.00000000E+00
2.2101E+04 1.33742106E-09 0.00000000E+00
2.2125E+04 1.20918508E-09 0.00000000E+00
2.2148E+04 1.16699249E-09 0.00000000E+00
2.2172E+04 1.29152708E-09 0.00000000E+00
2.2195E+04 1.23798433E-09 0.00000000E+00
2.2219E+04 1.12077905E-09 0.00000000E+00
2.2242E+04 1.21487595E-09 0.00000000E+00
2.2266E+04 1.25312119E-09 0.00000000E+00
2.2290E+04 1.11507818E-09 0.00000000E+00
2.2313E+04 1.13131717E-09 0.00000000E+00
2.2337E+04 1.23455370E-09 0.00000000E+00
2.2360E+04 1.13727204E-09 0.00000000E+00
2.2384E+04 1.06723989E-09 0.00000000E+00
2.2407E+04 1.17939327E-09 0.00000000E+00
2.2431E+04 1.16251436E-09 0.00000000E+00
2.2455E+04 1.03897729E-09 0.00000000E+00
2.2478E+04 1.10245615E-09 0.00000000E+00
2.2502E+04 1.16593806E-09 0.00000000E+00
2.2525E+04 1.04548525E-09 0.00000000E+00
2.2549E+04 1.02843319E-09 0.00000000E+00
2.2572E+04 1.13436831E-09 0.00000000E+00
2.2596E+04 1.06956419E-09 0.00000000E+00
2.2619E+04 9.79723494E-10 0.00000000E+00
2.2643E+04 1.07200516E-09 0.00000000E+00
2.2667E+04 1.08671484E-09 0.00000000E+00
2.2690E+04 9.65906591E-10 0.00000000E+00
2.2714E+04 9.97616685E-10 0.00000000E+00
2.2737E+04 1.07708575E-09 0.00000000E+00
2.2761E+04 9.79812721E-10 0.00000000E+00
2.2784E+04 9.34959478E-10 0.00000000E+00
2.2808E+04 1.03466226E-09 0.00000000E+00
2.2832E+04 1.00175739E-09 0.00000000E+00
2.2855E+04 9.01320732E-10 0.00000000E+00
2.2879E+04 9.69447840E-10 0.00000000E+00
2.2902E+04 1.00950001E-09 0.00000000E+00
2.2926E+04 8.99721951E-10 0.00000000E+00
2.2949E+04 9.01967841E-10 0.00000000E+00
2.2973E+04 9.88887376E-10 0.00000000E+00
2.2996E+04 9.18259654E-10 0.00000000E+00
2.3020E+04 8.53109587E-10 0.00000000E+00
2.3044E+04 9.40123183E-10 0.00000000E+00
2.3067E+04 9.36478821E-10 0.00000000E+00
2.3091E+04 8.34319702E-10 0.00000000E+00
2.3114E+04 8.76968384E-10 0.00000000E+00
2.3138E+04 9.35402324E-10 0.00000000E+00
2.3161E+04 8.42704399E-10 0.00000000E+00
2.3185E+04 8.19626906E-10 0.00000000E+00
2.3209E+04 9.06350769E-10 0.00000000E+00
2.3232E+04 8.63053381E-10 0.00000000E+00
2.3256E+04 7.84944180E-10 0.00000000E+00
2.3279E+04 8.54514176E-10 0.00000000E+00
2.3303E+04 8.75516922E-10 0.00000000E+00
2.3326E+04 7.78606665E-10 0.00000000E+00
2.3350E+04 7.95852299E-10 0.00000000E+00
2.3373E+04 8.65114695E-10 0.00000000E+00
2.3397E+04 7.92910453E-10 0.00000000E+00
2.3421E+04 7.49052344E-10 0.00000000E+00
2.3444E+04 8.28551227E-10 0.00000000E+00
2.3468E+04 8.10940352E-10 0.00000000E+00
2.3491E+04 7.26531123E-10 0.00000000E+00
2.3515E+04 7.75226597E-10 0.00000000E+00
2.3538E+04 8.14950175E-10 0.00000000E+00
2.3562E+04 7.28795677E-10 0.00000000E+00
2.3586E+04 7.22185985E-10 0.00000000E+00
2.3609E+04 7.94797835E-10 0.00000000E+00
2.3633E+04 7.44729457E-10 0.00000000E+00
2.3656E+04 6.85667694E-10 0.00000000E+00
2.3680E+04 7.52398699E-10 0.00000000E+00
2.3703E+04 7.57420527E-10 0.00000000E+00
2.3727E+04 6.73447033E-10 0.00000000E+00
2.3750E+04 7.00243031E-10 0.00000000E+00
2.3774E+04 7.52478969E-10 0.00000000E+00
2.3798E+04 6.81599133E-10 0.00000000E+00
2.3821E+04 6.54978470E-10 0.00000000E+00
2.3845E+04 7.24738802E-10 0.00000000E+00
2.3868E+04 6.96982968E-10 0.00000000E+00
2.3892E+04 6.29371750E-10 0.00000000E+00
2.3915E+04 6.80246333E-10 0.00000000E+00
2.3939E+04 7.03937384E-10 0.00000000E+00
2.3962E+04 6.26532891E-10 0.00000000E+00
2.3986E+04 6.32863651E-10 0.00000000E+00
2.4010E+04 6.91789036E-10 0.00000000E+00
2.4033E+04 6.38969471E-10 0.00000000E+00
2.4057E+04 5.97384369E-10 0.00000000E+00
2.4080E+04 6.59615320E-10 0.00000000E+00
2.4104E+04 6.52630860E-10 0.00000000E+00
2.4127E+04 5.82555170E-10 0.00000000E+00
2.4151E+04 6.16198507E-10 0.00000000E+00
2.4175E+04 6.53797241E-10 0.00000000E+00
2.4198E+04 5.87243419E-10 0.00000000E+00
2.4222E+04 5.75435491E-10 0.00000000E+00
2.4245E+04 6.35480707E-10 0.00000000E+00
2.4269E+04 6.01386621E-10 0.00000000E+00
2.4292E+04 5.49543737E-10 0.00000000E+00
2.4316E+04 6.00384448E-10 0.00000000E+00
2.4339E+04 6.11087478E-10 0.00000000E+00
2.4363E+04 5.43334124E-10 0.00000000E+00
2.4387E+04 5.59171964E-10 0.00000000E+00
2.4410E+04 6.05311967E-10 0.00000000E+00
2.4434E+04 5.52217715E-10 0.00000000E+00
2.4457E+04 5.25039466E-10 0.00000000E+00
2.4481E+04 5.80966594E-10 0.00000000E+00
2.4504E+04 5.64767024E-10 0.00000000E+00
2.4528E+04 5.07316068E-10 0.00000000E+00
2.4552E+04 5.43994460E-10 0.00000000E+00
2.4575E+04 5.68442558E-10 0.00000000E+00
2.4599E+04 5.07199335E-10 0.00000000E+00
2.4622E+04 5.06125181E-10 0.00000000E+00
2.4646E+04 5.55605504E-10 0.00000000E+00
2.4669E+04 5.17585112E-10 0.00000000E+00
2.4693E+04 4.79033856E-10 0.00000000E+00
2.4716E+04 5.26913145E-10 0.00000000E+00
2.4740E+04 5.26872899E-10 0.00000000E+00
2.4764E+04 4.68836151E-10 0.00000000E+00
2.4787E+04 4.90604080E-10 0.00000000E+00
2.4811E+04 5.24708268E-10 0.00000000E+00
2.4834E+04 4.73519976E-10 0.00000000E+00
2.4858E+04 4.58240924E-10 0.00000000E+00
2.4881E+04 5.06819944E-10 0.00000000E+00
2.4905E+04 4.84346727E-10 0.00000000E+00
2.4929E+04 4.39124483E-10 0.00000000E+00
2.4952E+04 4.76726050E-10 0.00000000E+00
2.4976E+04 4.90318346E-10 0.00000000E+00
2.4999E+04 4.36064981E-10 0.00000000E+00
2.5023E+04 4.43697285E-10 0.00000000E+00
2.5046E+04 4.83447316E-10 0.00000000E+00
2.5070E+04 4.44390281E-10 0.00000000E+00
2.5093E+04 4.18131552E-10 0.00000000E+00
2.5117E+04 4.62344295E-10 0.00000000E+00
2.5141E+04 4.54476972E-10 0.00000000E+00
2.5164E+04 4.06611697E-10 0.00000000E+00
2.5188E+04 4.32548691E-10 0.00000000E+00
2.5211E+04 4.56468325E-10 0.00000000E+00
2.5235E+04 4.08954807E-10 0.00000000E+00
2.5258E+04 4.03591908E-10 0.00000000E+00
2.5282E+04 4.44898244E-10 0.00000000E+00
2.5306E+04 4.18557401E-10 0.00000000E+00
2.5329E+04 3.84294927E-10 0.00000000E+00
2.5353E+04 4.21059923E-10 0.00000000E+00
2.5376E+04 4.25764417E-10 0.00000000E+00
2.5400E+04 3.78589209E-10 0.00000000E+00
2.5423E+04 3.92077513E-10 0.00000000E+00
2.5447E+04 4.22564141E-10 0.00000000E+00
2.5470E+04 3.83841817E-10 0.00000000E+00
2.5494E+04 3.67243730E-10 0.00000000E+00
2.5518E+04 4.06314841E-10 0.00000000E+00
2.5541E+04 3.92401375E-10 0.00000000E+00
2.5565E+04 3.53492809E-10 0.00000000E+00
2.5588E+04 3.80747822E-10 0.00000000E+00
2.5612E+04 3.95485924E-10 0.00000000E+00
2.5635E+04 3.52229273E-10 0.00000000E+00
2.5659E+04 3.53888201E-10 0.00000000E+00
2.5683E+04 3.87424358E-10 0.00000000E+00
2.5706E+04 3.58966899E-10 0.00000000E+00
2.5730E+04 3.34050439E-10 0.00000000E+00
2.5753E+04 3.68195912E-10 0.00000000E+00
2.5777E+04 3.65785338E-10 0.00000000E+00
2.5800E+04 3.25924692E-10 0.00000000E+00
2.5824E+04 3.43158127E-10 0.00000000E+00
2.5847E+04 3.65262649E-10 0.00000000E+00
2.5871E+04 3.28589179E-10 0.00000000E+00
2.5895E+04 3.20262607E-10 0.00000000E+00
2.5918E+04 3.53943173E-10 0.00000000E+00
2.5942E+04 3.36250066E-10 0.00000000E+00
2.5965E+04 3.06208070E-10 0.00000000E+00
2.5989E+04 3.33755918E-10 0.00000000E+00
2.6012E+04 3.41198695E-10 0.00000000E+00
2.6036E+04 3.03368342E-10 0.00000000E+00
2.6060E+04 3.10845170E-10 0.00000000E+00
2.6083E+04 3.37500376E-10 0.00000000E+00
2.6107E+04 3.08870148E-10 0.00000000E+00
2.6130E+04 2.92483213E-10 0.00000000E+00
2.6154E+04 3.23679967E-10 0.00000000E+00
2.6177E+04 3.16152308E-10 0.00000000E+00
2.6201E+04 2.83578832E-10 0.00000000E+00
2.6224E+04 3.03202108E-10 0.00000000E+00
2.6248E+04 3.18189938E-10 0.00000000E+00
2.6272E+04 2.84431914E-10 0.00000000E+00
2.6295E+04 2.82601146E-10 0.00000000E+00
2.6319E+04 3.10816744E-10 0.00000000E+00
2.6342E+04 2.90759877E-10 0.00000000E+00
2.6366E+04 2.68226876E-10 0.00000000E+00
2.6389E+04 2.94565390E-10 0.00000000E+00
2.6413E+04 2.95916291E-10 0.00000000E+00
2.6437E+04 2.63214800E-10 0.00000000E+00
2.6460E+04 2.74194064E-10 0.00000000E+00
2.6484E+04 2.94159982E-10 0.00000000E+00
2.6507E+04 2.66137593E-10 0.00000000E+00
2.6531E+04 2.56218881E-10 0.00000000E+00
2.6554E+04 2.83350468E-10 0.00000000E+00
2.6578E+04 2.71918515E-10 0.00000000E+00
2.6601E+04 2.45735934E-10 0.00000000E+00
2.6625E+04 2.65792930E-10 0.00000000E+00
2.6649E+04 2.74448200E-10 0.00000000E+00
2.6672E+04 2.44099210E-10 0.00000000E+00
2.6696E+04 2.46926438E-10 0.00000000E+00
2.6719E+04 2.69547416E-10 0.00000000E+00
2.6743E+04 2.48507546E-10 0.00000000E+00
2.6766E+04 2.32608995E-10 0.00000000E+00
2.6790E+04 2.56844658E-10 0.00000000E+00
2.6813E+04 2.53566565E-10 0.00000000E+00
2.6837E+04 2.26363927E-10 0.00000000E+00
2.6861E+04 2.39756369E-10 0.00000000E+00
2.6884E+04 2.53962934E-10 0.00000000E+00
2.6908E+04 2.27865747E-10 0.00000000E+00
2.6931E+04 2.23698735E-10 0.00000000E+00
2.6955E+04 2.46943358E-10 0.00000000E+00
2.6978E+04 2.33284644E-10 0.00000000E+00
2.7002E+04 2.13456756E-10 0.00000000E+00
2.7026E+04 2.33470885E-10 0.00000000E+00
2.7049E+04 2.37230954E-10 0.00000000E+00
2.7073E+04 2.10961518E-10 0.00000000E+00
2.7096E+04 2.17593109E-10 0.00000000E+00
2.7120E+04 2.35334232E-10 0.00000000E+00
2.7143E+04 2.14486028E-10 0.00000000E+00
2.7167E+04 2.04387672E-10 0.00000000E+00
2.7190E+04 2.26240326E-10 0.00000000E+00
2.7214E+04 2.19589070E-10 0.00000000E+00
2.7238E+04 1.97496607E-10 0.00000000E+00
2.7261E+04 2.12109720E-10 0.00000000E+00
2.7285E+04 2.21314053E-10 0.00000000E+00
2.7308E+04 1.97435508E-10 0.00000000E+00
2.7332E+04 1.97426379E-10 0.00000000E+00
2.7355E+04 2.16558736E-10 0.00000000E+00
2.7379E+04 2.01470297E-10 0.00000000E+00
2.7403E+04 1.86746565E-10 0.00000000E+00
2.7426E+04 2.05467102E-10 0.00000000E+00
2.7450E+04 2.05070119E-10 0.00000000E+00
2.7473E+04 1.82520295E-10 0.00000000E+00
2.7497E+04 1.91206296E-10 0.00000000E+00
2.7520E+04 2.04163946E-10 0.00000000E+00
2.7544E+04 1.84040465E-10 0.00000000E+00
2.7567E+04 1.78313101E-10 0.00000000E+00
2.7591E+04 1.97063900E-10 0.00000000E+00
2.7615E+04 1.87964597E-10 0.00000000E+00
2.7638E+04 1.70485920E-10 0.00000000E+00
2.7662E+04 1.85147344E-10 0.00000000E+00
2.7685E+04 1.90057353E-10 0.00000000E+00
2.7709E+04 1.68907485E-10 0.00000000E+00
2.7732E+04 1.72051917E-10 0.00000000E+00
2.7756E+04 1.87243674E-10 0.00000000E+00
2.7780E+04 1.71846455E-10 0.00000000E+00
2.7803E+04 1.61859916E-10 0.00000000E+00
2.7827E+04 1.78991062E-10 0.00000000E+00
2.7850E+04 1.75631323E-10 0.00000000E+00
2.7874E+04 1.57176606E-10 0.00000000E+00
2.7897E+04 1.67427422E-10 0.00000000E+00
2.7921E+04 1.76459937E-10 0.00000000E+00
2.7944E+04 1.57986867E-10 0.00000000E+00
2.7968E+04 1.56215288E-10 0.00000000E+00
2.7992E+04 1.72171713E-10 0.00000000E+00
2.8015E+04 1.61771732E-10 0.00000000E+00
2.8039E+04 1.48758704E-10 0.00000000E+00
2.8062E+04 1.63174921E-10 0.00000000E+00
2.8086E+04 1.64780280E-10 0.00000000E+00
2.8109E+04 1.46596553E-10 0.00000000E+00
2.8133E+04 1.52133017E-10 0.00000000E+00
2.8157E+04 1.63831701E-10 0.00000000E+00
2.8180E+04 1.48730282E-10 0.00000000E+00
2.8204E+04 1.42595225E-10 0.00000000E+00
2.8227E+04 1.57786939E-10 0.00000000E+00
2.8251E+04 1.52184588E-10 0.00000000E+00
2.8274E+04 1.37254961E-10 0.00000000E+00
2.8298E+04 1.47995935E-10 0.00000000E+00
2.8321E+04 1.53502177E-10 0.00000000E+00
2.8345E+04 1.36691105E-10 0.00000000E+00
2.8369E+04 1.37535983E-10 0.00000000E+00
2.8392E+04 1.50417576E-10 0.00000000E+00
2.8416E+04 1.39190753E-10 0.00000000E+00
2.8439E+04 1.29658945E-10 0.00000000E+00
2.8463E+04 1.42885059E-10 0.00000000E+00
2.8486E+04 1.41692271E-10 0.00000000E+00
2.8510E+04 1.26241491E-10 0.00000000E+00
2.8534E+04 1.32991593E-10 0.00000000E+00
2.8557E+04 1.41326754E-10 0.00000000E+00
2.8581E+04 1.26986679E-10 0.00000000E+00
2.8604E+04 1.23862233E-10 0.00000000E+00
2.8628E+04 1.36775642E-10 0.00000000E+00
2.8651E+04 1.29704803E-10 0.00000000E+00
2.8675E+04 1.18145236E-10 0.00000000E+00
2.8698E+04 1.28811750E-10 0.00000000E+00
2.8722E+04 1.31459764E-10 0.00000000E+00
2.8746E+04 1.16813248E-10 0.00000000E+00
2.8769E+04 1.19828952E-10 0.00000000E+00
2.8793E+04 1.29984931E-10 0.00000000E+00
2.8816E+04 1.18807188E-10 0.00000000E+00
2.8840E+04 1.12645522E-10 0.00000000E+00
2.8863E+04 1.24702232E-10 0.00000000E+00
2.8887E+04 1.21629010E-10 0.00000000E+00
2.8911E+04 1.09168860E-10 0.00000000E+00
2.8934E+04 1.16905572E-10 0.00000000E+00
2.8958E+04 1.22563266E-10 0.00000000E+00
2.8981E+04 1.09535375E-10 0.00000000E+00
2.9005E+04 1.09064792E-10 0.00000000E+00
2.9028E+04 1.19945672E-10 0.00000000E+00
2.9052E+04 1.12103722E-10 0.00000000E+00
2.9075E+04 1.03602084E-10 0.00000000E+00
2.9099E+04 1.13893086E-10 0.00000000E+00
2.9123E+04 1.14284021E-10 0.00000000E+00
2.9146E+04 1.01730163E-10 0.00000000E+00
2.9170E+04 1.06165844E-10 0.00000000E+00
2.9193E+04 1.13794797E-10 0.00000000E+00
2.9217E+04 1.02908566E-10 0.00000000E+00
2.9240E+04 9.92500244E-11 0.00000000E+00
2.9264E+04 1.09733817E-10 0.00000000E+00
2.9287E+04 1.05169830E-10 0.00000000E+00
2.9311E+04 9.51290938E-11 0.00000000E+00
2.9335E+04 1.02946027E-10 0.00000000E+00
2.9358E+04 1.06129706E-10 0.00000000E+00
2.9382E+04 9.43595789E-11 0.00000000E+00
2.9405E+04 9.55354169E-11 0.00000000E+00
2.9429E+04 1.04155333E-10 0.00000000E+00
2.9452E+04 9.58896415E-11 0.00000000E+00
2.9476E+04 8.98022752E-11 0.00000000E+00
2.9500E+04 9.91102673E-11 0.00000000E+00
2.9523E+04 9.76626286E-11 0.00000000E+00
2.9547E+04 8.71550309E-11 0.00000000E+00
2.9570E+04 9.23425236E-11 0.00000000E+00
2.9594E+04 9.76582248E-11 0.00000000E+00
2.9617E+04 8.75146735E-11 0.00000000E+00
2.9641E+04 8.59749914E-11 0.00000000E+00
2.9664E+04 9.48448104E-11 0.00000000E+00
2.9688E+04 8.94490996E-11 0.00000000E+00
2.9712E+04 8.18799639E-11 0.00000000E+00
2.9735E+04 8.96080217E-11 0.00000000E+00
2.9759E+04 9.09180017E-11 0.00000000E+00
2.9782E+04 8.08274417E-11 0.00000000E+00
2.9806E+04 8.34977583E-11 0.00000000E+00
2.9829E+04 9.02483504E-11 0.00000000E+00
2.9853E+04 8.21793323E-11 0.00000000E+00
2.9877E+04 7.84491186E-11 0.00000000E+00
2.9900E+04 8.68887972E-11 0.00000000E+00
2.9924E+04 8.42399004E-11 0.00000000E+00
2.9947E+04 7.58540199E-11 0.00000000E+00
2.9971E+04 8.16119671E-11 0.00000000E+00
2.9994E+04 8.50807051E-11 0.00000000E+00
3.0018E+04 7.59149514E-11 0.00000000E+00
3.0041E+04 7.60885171E-11 0.00000000E+00
3.0065E+04 8.34487304E-11 0.00000000E+00
3.0089E+04 7.75793786E-11 0.00000000E+00
3.0112E+04 7.20476047E-11 0.00000000E+00
3.0136E+04 7.93279958E-11 0.00000000E+00
3.0159E+04 7.90793820E-11 0.00000000E+00
3.0183E+04 7.04372802E-11 0.00000000E+00
3.0206E+04 7.38906879E-11 0.00000000E+00
3.0230E+04 7.88043339E-11 0.00000000E+00
3.0254E+04 7.09977701E-11 0.00000000E+00
3.0277E+04 6.88784146E-11 0.00000000E+00
3.0301E+04 7.60677899E-11 0.00000000E+00
3.0324E+04 7.24462366E-11 0.00000000E+00
3.0348E+04 6.57406557E-11 0.00000000E+00
3.0371E+04 7.13934188E-11 0.00000000E+00
3.0395E+04 7.31529494E-11 0.00000000E+00
3.0418E+04 6.49667266E-11 0.00000000E+00
3.0442E+04 6.62047827E-11 0.00000000E+00
3.0466E+04 7.19461044E-11 0.00000000E+00
3.0489E+04 6.59223986E-11 0.00000000E+00
3.0513E+04 6.21083094E-11 0.00000000E+00
3.0536E+04 6.86459001E-11 0.00000000E+00
3.0560E+04 6.72280950E-11 0.00000000E+00
3.0583E+04 6.01398948E-11 0.00000000E+00
3.0607E+04 6.40956739E-11 0.00000000E+00
3.0631E+04 6.74547974E-11 0.00000000E+00
3.0654E+04 6.03253797E-11 0.00000000E+00
3.0678E+04 5.97157791E-11 0.00000000E+00
3.0701E+04 6.57919647E-11 0.00000000E+00
3.0725E+04 6.17277597E-11 0.00000000E+00
3.0748E+04 5.68173828E-11 0.00000000E+00
3.0772E+04 6.23889471E-11 0.00000000E+00
3.0795E+04 6.29258373E-11 0.00000000E+00
3.0819E+04 5.59975072E-11 0.00000000E+00
3.0843E+04 5.82373452E-11 0.00000000E+00
3.0866E+04 6.26882783E-11 0.00000000E+00
3.0890E+04 5.68828282E-11 0.00000000E+00
3.0913E+04 5.46667501E-11 0.00000000E+00
3.0937E+04 6.05335382E-11 0.00000000E+00
3.0960E+04 5.83299225E-11 0.00000000E+00
3.0984E+04 5.26956567E-11 0.00000000E+00
3.1008E+04 5.69213088E-11 0.00000000E+00
3.1031E+04 5.89835477E-11 0.00000000E+00
3.1055E+04 5.25467926E-11 0.00000000E+00
3.1078E+04 5.29908079E-11 0.00000000E+00
3.1102E+04 5.79243887E-11 0.00000000E+00
3.1125E+04 5.35611740E-11 0.00000000E+00
3.1149E+04 4.99805321E-11 0.00000000E+00
3.1172E+04 5.50895449E-11 0.00000000E+00
3.1196E+04 5.45485894E-11 0.00000000E+00
3.1220E+04 4.86242432E-11 0.00000000E+00
3.1243E+04 5.12633186E-11 0.00000000E+00
3.1267E+04 5.43881741E-11 0.00000000E+00
3.1290E+04 4.88255778E-11 0.00000000E+00
3.1314E+04 4.76596166E-11 0.00000000E+00
3.1337E+04 5.25681163E-11 0.00000000E+00
3.1361E+04 4.97582871E-11 0.00000000E+00
3.1385E+04 4.53245588E-11 0.00000000E+00
3.1408E+04 4.94006450E-11 0.00000000E+00
3.1432E+04 5.03125360E-11 0.00000000E+00
3.1455E+04 4.46617570E-11 0.00000000E+00
3.1479E+04 4.58309845E-11 0.00000000E+00
3.1502E+04 4.96429416E-11 0.00000000E+00
3.1526E+04 4.52938416E-11 0.00000000E+00
3.1549E+04 4.29636620E-11 0.00000000E+00
3.1573E+04 4.75510812E-11 0.00000000E+00
3.1597E+04 4.62923887E-11 0.00000000E+00
3.1620E+04 4.15473467E-11 0.00000000E+00
3.1644E+04 4.45416776E-11 0.00000000E+00
3.1667E+04 4.66395245E-11 0.00000000E+00
3.1691E+04 4.16513167E-11 0.00000000E+00
3.1714E+04 4.15528980E-11 0.00000000E+00
3.1738E+04 4.56990798E-11 0.00000000E+00
3.1762E+04 4.26631173E-11 0.00000000E+00
3.1785E+04 3.94999201E-11 0.00000000E+00
3.1809E+04 4.34894884E-11 0.00000000E+00
3.1832E+04 4.35936542E-11 0.00000000E+00
3.1856E+04 3.88427670E-11 0.00000000E+00
3.1879E+04 4.06441286E-11 0.00000000E+00
3.1903E+04 4.35454838E-11 0.00000000E+00
3.1926E+04 3.93757744E-11 0.00000000E+00
3.1950E+04 3.80832818E-11 0.00000000E+00
3.1974E+04 4.21272087E-11 0.00000000E+00
3.1997E+04 4.03377452E-11 0.00000000E+00
3.2021E+04 3.65564591E-11 0.00000000E+00
3.2044E+04 3.96172314E-11 0.00000000E+00
3.2068E+04 4.07904164E-11 0.00000000E+00
3.2091E+04 3.62810177E-11 0.00000000E+00
3.2115E+04 3.67994825E-11 0.00000000E+00
3.2138E+04 4.00762974E-11 0.00000000E+00
3.2162E+04 3.68572599E-11 0.00000000E+00
3.2186E+04 3.45605550E-11 0.00000000E+00
3.2209E+04 3.81244295E-11 0.00000000E+00
3.2233E+04 3.74948472E-11 0.00000000E+00
3.2256E+04 3.34597080E-11 0.00000000E+00
3.2280E+04 3.54565569E-11 0.00000000E+00
3.2303E+04 3.74206984E-11 0.00000000E+00
3.2327E+04 3.34873967E-11 0.00000000E+00
3.2351E+04 3.29081773E-11 0.00000000E+00
3.2374E+04 3.62527193E-11 0.00000000E+00
3.2398E+04 3.41150875E-11 0.00000000E+00
3.2421E+04 3.12215990E-11 0.00000000E+00
3.2445E+04 3.41601016E-11 0.00000000E+00
3.2468E+04 3.45846018E-11 0.00000000E+00
3.2492E+04 3.07136914E-11 0.00000000E+00
3.2515E+04 3.17538008E-11 0.00000000E+00
3.2539E+04 3.42784177E-11 0.00000000E+00
3.2563E+04 3.11616617E-11 0.00000000E+00
3.2586E+04 2.97816686E-11 0.00000000E+00
3.2610E+04 3.29962663E-11 0.00000000E+00
3.2633E+04 3.19370409E-11 0.00000000E+00
3.2657E+04 2.87787895E-11 0.00000000E+00
3.2680E+04 3.10242467E-11 0.00000000E+00
3.2704E+04 3.23110118E-11 0.00000000E+00
3.2728E+04 2.88280594E-11 0.00000000E+00
3.2751E+04 2.89787218E-11 0.00000000E+00
3.2775E+04 3.17900197E-11 0.00000000E+00
3.2798E+04 2.95321899E-11 0.00000000E+00
3.2822E+04 2.75016517E-11 0.00000000E+00
3.2845E+04 3.03325471E-11 0.00000000E+00
3.2869E+04 3.02076086E-11 0.00000000E+00
3.2892E+04 2.69488653E-11 0.00000000E+00
3.2916E+04 2.83485946E-11 0.00000000E+00
3.2940E+04 3.02113771E-11 0.00000000E+00
3.2963E+04 2.72205929E-11 0.00000000E+00
3.2987E+04 2.64825000E-11 0.00000000E+00
3.3010E+04 2.92445642E-11 0.00000000E+00
3.3034E+04 2.78196536E-11 0.00000000E+00
3.3057E+04 2.52879482E-11 0.00000000E+00
3.3081E+04 2.74816060E-11 0.00000000E+00
3.3105E+04 2.81075876E-11 0.00000000E+00
3.3128E+04 2.49618058E-11 0.00000000E+00
3.3152E+04 2.54639353E-11 0.00000000E+00
3.3175E+04 2.76235094E-11 0.00000000E+00
3.3199E+04 2.52704542E-11 0.00000000E+00
3.3222E+04 2.38213069E-11 0.00000000E+00
3.3246E+04 2.63004175E-11 0.00000000E+00
3.3269E+04 2.56941853E-11 0.00000000E+00
3.3293E+04 2.29708529E-11 0.00000000E+00
3.3317E+04 2.44771126E-11 0.00000000E+00
3.3340E+04 2.56996895E-11 0.00000000E+00
3.3364E+04 2.29420019E-11 0.00000000E+00
3.3387E+04 2.27168714E-11 0.00000000E+00
3.3411E+04 2.49960188E-11 0.00000000E+00
3.3434E+04 2.33961844E-11 0.00000000E+00
3.3458E+04 2.15364196E-11 0.00000000E+00
3.3482E+04 2.36559903E-11 0.00000000E+00
3.3505E+04 2.38105645E-11 0.00000000E+00
3.3529E+04 2.11757055E-11 0.00000000E+00
3.3552E+04 2.20620939E-11 0.00000000E+00
3.3576E+04 2.37279733E-11 0.00000000E+00
3.3599E+04 2.15043725E-11 0.00000000E+00
3.3623E+04 2.07154761E-11 0.00000000E+00
3.3646E+04 2.29603115E-11 0.00000000E+00
3.3670E+04 2.20952969E-11 0.00000000E+00
3.3694E+04 1.99982001E-11 0.00000000E+00
3.3717E+04 2.16610411E-11 0.00000000E+00
3.3741E+04 2.24272679E-11 0.00000000E+00
3.3764E+04 1.99941971E-11 0.00000000E+00
3.3788E+04 2.02380902E-11 0.00000000E+00
3.3811E+04 2.21262782E-11 0.00000000E+00
3.3835E+04 2.04507931E-11 0.00000000E+00
3.3859E+04 1.91474100E-11 0.00000000E+00
3.3882E+04 2.11344898E-11 0.00000000E+00
3.3906E+04 2.09023667E-11 0.00000000E+00
3.3929E+04 1.86660448E-11 0.00000000E+00
3.3953E+04 1.97245174E-11 0.00000000E+00
3.3976E+04 2.08987017E-11 0.00000000E+00
3.4000E+04 1.87591720E-11 0.00000000E+00
3.4023E+04 1.83519574E-11 0.00000000E+00
3.4047E+04 2.02228690E-11 0.00000000E+00
3.4071E+04 1.91095202E-11 0.00000000E+00
3.4094E+04 1.74245750E-11 0.00000000E+00
3.4118E+04 1.89869364E-11 0.00000000E+00
3.4141E+04 1.92893120E-11 0.00000000E+00
3.4165E+04 1.71100426E-11 0.00000000E+00
3.4188E+04 1.75617036E-11 0.00000000E+00
3.4212E+04 1.89781248E-11 0.00000000E+00
3.4236E+04 1.72766604E-11 0.00000000E+00
3.4259E+04 1.63870581E-11 0.00000000E+00
3.4283E+04 1.81128546E-11 0.00000000E+00
3.4306E+04 1.75831908E-11 0.00000000E+00
3.4330E+04 1.57660079E-11 0.00000000E+00
3.4353E+04 1.69029224E-11 0.00000000E+00
3.4377E+04 1.76576711E-11 0.00000000E+00
3.4400E+04 1.57397102E-11 0.00000000E+00
3.4424E+04 1.57180226E-11 0.00000000E+00
3.4448E+04 1.72724367E-11 0.00000000E+00
3.4471E+04 1.60892747E-11 0.00000000E+00
3.4495E+04 1.49118308E-11 0.00000000E+00
3.4518E+04 1.64390051E-11 0.00000000E+00
3.4542E+04 1.64499432E-11 0.00000000E+00
3.4565E+04 1.46625386E-11 0.00000000E+00
3.4589E+04 1.53898685E-11 0.00000000E+00
3.4612E+04 1.64810240E-11 0.00000000E+00
3.4636E+04 1.48960895E-11 0.00000000E+00
3.4660E+04 1.44610754E-11 0.00000000E+00
3.4683E+04 1.60179924E-11 0.00000000E+00
3.4707E+04 1.53231606E-11 0.00000000E+00
3.4730E+04 1.39283928E-11 0.00000000E+00
3.4754E+04 1.51406863E-11 0.00000000E+00
3.4777E+04 1.55750116E-11 0.00000000E+00
3.4801E+04 1.38720085E-11 0.00000000E+00
3.4825E+04 1.41249924E-11 0.00000000E+00
3.4848E+04 1.53775765E-11 0.00000000E+00
3.4872E+04 1.41369946E-11 0.00000000E+00
3.4895E+04 1.32996283E-11 0.00000000E+00
3.4919E+04 1.46791455E-11 0.00000000E+00
3.4942E+04 1.44128297E-11 0.00000000E+00
3.4966E+04 1.28804771E-11 0.00000000E+00
3.4989E+04 1.36662198E-11 0.00000000E+00
3.5013E+04 1.43918076E-11 0.00000000E+00
3.5037E+04 1.28695066E-11 0.00000000E+00
3.5060E+04 1.26612606E-11 0.00000000E+00
3.5084E+04 1.39215718E-11 0.00000000E+00
3.5107E+04 1.30687769E-11 0.00000000E+00
3.5131E+04 1.19605878E-11 0.00000000E+00
3.5154E+04 1.30725243E-11 0.00000000E+00
3.5178E+04 1.31939886E-11 0.00000000E+00
3.5202E+04 1.16989779E-11 0.00000000E+00
3.5225E+04 1.20922402E-11 0.00000000E+00
3.5249E+04 1.30203151E-11 0.00000000E+00
3.5272E+04 1.18039626E-11 0.00000000E+00
3.5296E+04 1.12804018E-11 0.00000000E+00
3.5319E+04 1.24857469E-11 0.00000000E+00
3.5343E+04 1.20493772E-11 0.00000000E+00
3.5366E+04 1.08512168E-11 0.00000000E+00
3.5390E+04 1.17094976E-11 0.00000000E+00
3.5414E+04 1.21708621E-11 0.00000000E+00
3.5437E+04 1.08445326E-11 0.00000000E+00
3.5461E+04 1.09275750E-11 0.00000000E+00
3.5484E+04 1.19868352E-11 0.00000000E+00
3.5508E+04 1.11172872E-11 0.00000000E+00
3.5531E+04 1.03801334E-11 0.00000000E+00
3.5555E+04 1.14749700E-11 0.00000000E+00
3.5579E+04 1.14131531E-11 0.00000000E+00
3.5602E+04 1.01996229E-11 0.00000000E+00
3.5626E+04 1.07747705E-11 0.00000000E+00
3.5649E+04 1.14798121E-11 0.00000000E+00
3.5673E+04 1.03476347E-11 0.00000000E+00
3.5696E+04 1.01152263E-11 0.00000000E+00
3.5720E+04 1.11836198E-11 0.00000000E+00
3.5743E+04 1.06311165E-11 0.00000000E+00
3.5767E+04 9.69922159E-12 0.00000000E+00
3.5791E+04 1.05680693E-11 0.00000000E+00
3.5814E+04 1.07945747E-11 0.00000000E+00
3.5838E+04 9.60093750E-12 0.00000000E+00
3.5861E+04 9.82533041E-12 0.00000000E+00
3.5885E+04 1.06448881E-11 0.00000000E+00
3.5908E+04 9.73062702E-12 0.00000000E+00
3.5932E+04 9.19462271E-12 0.00000000E+00
3.5956E+04 1.01440015E-11 0.00000000E+00
3.5979E+04 9.88617055E-12 0.00000000E+00
3.6003E+04 8.84230141E-12 0.00000000E+00
3.6026E+04 9.42096195E-12 0.00000000E+00
3.6050E+04 9.86123280E-12 0.00000000E+00
3.6073E+04 8.78774531E-12 0.00000000E+00
3.6097E+04 8.70091145E-12 0.00000000E+00
3.6120E+04 9.54907948E-12 0.00000000E+00
3.6144E+04 8.90916716E-12 0.00000000E+00
3.6168E+04 8.19403093E-12 0.00000000E+00
3.6191E+04 8.98897424E-12 0.00000000E+00
3.6215E+04 9.01670163E-12 0.00000000E+00
3.6238E+04 8.00281954E-12 0.00000000E+00
3.6262E+04 8.33901369E-12 0.00000000E+00
3.6285E+04 8.94833198E-12 0.00000000E+00
3.6309E+04 8.08736810E-12 0.00000000E+00
3.6333E+04 7.79742886E-12 0.00000000E+00
3.6356E+04 8.64213359E-12 0.00000000E+00
3.6380E+04 8.29504922E-12 0.00000000E+00
3.6403E+04 7.51251046E-12 0.00000000E+00
3.6427E+04 8.15763516E-12 0.00000000E+00
3.6450E+04 8.43445342E-12 0.00000000E+00
3.6474E+04 7.51859051E-12 0.00000000E+00
3.6497E+04 7.64273920E-12 0.00000000E+00
3.6521E+04 8.36087201E-12 0.00000000E+00
3.6545E+04 7.72206000E-12 0.00000000E+00
3.6568E+04 7.26183493E-12 0.00000000E+00
3.6592E+04 8.03878785E-12 0.00000000E+00
3.6615E+04 7.94344009E-12 0.00000000E+00
3.6639E+04 7.11537949E-12 0.00000000E+00
3.6662E+04 7.55394592E-12 0.00000000E+00
3.6686E+04 7.99975434E-12 0.00000000E+00
3.6710E+04 7.18825917E-12 0.00000000E+00
3.6733E+04 7.06704615E-12 0.00000000E+00
3.6757E+04 7.79042234E-12 0.00000000E+00
3.6780E+04 7.35529818E-12 0.00000000E+00
3.6804E+04 6.73011015E-12 0.00000000E+00
3.6827E+04 7.34316985E-12 0.00000000E+00
3.6851E+04 7.44442515E-12 0.00000000E+00
3.6874E+04 6.60936770E-12 0.00000000E+00
3.6898E+04 6.79494540E-12 0.00000000E+00
3.6922E+04 7.32457716E-12 0.00000000E+00
3.6945E+04 6.65679253E-12 0.00000000E+00
3.6969E+04 6.31914712E-12 0.00000000E+00
3.6992E+04 6.97005621E-12 0.00000000E+00
3.7016E+04 6.74351706E-12 0.00000000E+00
3.7039E+04 6.04073888E-12 0.00000000E+00
3.7063E+04 6.46815301E-12 0.00000000E+00
3.7087E+04 6.73189193E-12 0.00000000E+00
3.7110E+04 5.98393648E-12 0.00000000E+00
3.7134E+04 5.97127234E-12 0.00000000E+00
3.7157E+04 6.54439069E-12 0.00000000E+00
3.7181E+04 6.07346210E-12 0.00000000E+00
3.7204E+04 5.62370840E-12 0.00000000E+00
3.7228E+04 6.19612361E-12 0.00000000E+00
3.7251E+04 6.17996193E-12 0.00000000E+00
3.7275E+04 5.49970704E-12 0.00000000E+00
3.7299E+04 5.78181944E-12 0.00000000E+00
3.7322E+04 6.18258739E-12 0.00000000E+00
3.7346E+04 5.57672509E-12 0.00000000E+00
3.7369E+04 5.42921116E-12 0.00000000E+00
3.7393E+04 6.02126787E-12 0.00000000E+00
3.7416E+04 5.74987550E-12 0.00000000E+00
3.7440E+04 5.24042252E-12 0.00000000E+00
3.7463E+04 5.71979913E-12 0.00000000E+00
3.7487E+04 5.87941408E-12 0.00000000E+00
3.7511E+04 5.24455114E-12 0.00000000E+00
3.7534E+04 5.37144645E-12 0.00000000E+00
3.7558E+04 5.85275795E-12 0.00000000E+00
3.7581E+04 5.38164488E-12 0.00000000E+00
3.7605E+04 5.09180798E-12 0.00000000E+00
3.7628E+04 5.63498269E-12 0.00000000E+00
3.7652E+04 5.52831374E-12 0.00000000E+00
3.7676E+04 4.95930603E-12 0.00000000E+00
3.7699E+04 5.28273849E-12 0.00000000E+00
3.7723E+04 5.55631596E-12 0.00000000E+00
3.7746E+04 4.97379517E-12 0.00000000E+00
3.7770E+04 4.91238332E-12 0.00000000E+00
3.7793E+04 5.39547504E-12 0.00000000E+00
3.7817E+04 5.05735507E-12 0.00000000E+00
3.7840E+04 4.63857574E-12 0.00000000E+00
3.7864E+04 5.06675331E-12 0.00000000E+00
3.7888E+04 5.09755461E-12 0.00000000E+00
3.7911E+04 4.51767234E-12 0.00000000E+00
3.7935E+04 4.66780441E-12 0.00000000E+00
3.7958E+04 5.00762825E-12 0.00000000E+00
3.7982E+04 4.52643610E-12 0.00000000E+00
3.8005E+04 4.32160998E-12 0.00000000E+00
3.8029E+04 4.76930244E-12 0.00000000E+00
3.8053E+04 4.58329544E-12 0.00000000E+00
3.8076E+04 4.11851143E-12 0.00000000E+00
3.8100E+04 4.43766344E-12 0.00000000E+00
3.8123E+04 4.59487481E-12 0.00000000E+00
3.8147E+04 4.08051846E-12 0.00000000E+00
3.8170E+04 4.11105988E-12 0.00000000E+00
3.8194E+04 4.50111714E-12 0.00000000E+00
3.8217E+04 4.15977061E-12 0.00000000E+00
3.8241E+04 3.88514161E-12 0.00000000E+00
3.8265E+04 4.29956041E-12 0.00000000E+00
3.8288E+04 4.26552220E-12 0.00000000E+00
3.8312E+04 3.81197690E-12 0.00000000E+00
3.8335E+04 4.04265352E-12 0.00000000E+00
3.8359E+04 4.30529406E-12 0.00000000E+00
3.8382E+04 3.87871931E-12 0.00000000E+00
3.8406E+04 3.81192096E-12 0.00000000E+00
3.8430E+04 4.22435809E-12 0.00000000E+00
3.8453E+04 4.01284480E-12 0.00000000E+00
3.8477E+04 3.67905640E-12 0.00000000E+00
3.8500E+04 4.02856599E-12 0.00000000E+00
3.8524E+04 4.11326392E-12 0.00000000E+00
3.8547E+04 3.66958829E-12 0.00000000E+00
3.8571E+04 3.77943729E-12 0.00000000E+00
3.8594E+04 4.09618809E-12 0.00000000E+00
3.8618E+04 3.74720771E-12 0.00000000E+00
3.8642E+04 3.56143138E-12 0.00000000E+00
3.8665E+04 3.93454547E-12 0.00000000E+00
3.8689E+04 3.82984227E-12 0.00000000E+00
3.8712E+04 3.43702745E-12 0.00000000E+00
3.8736E+04 3.66943675E-12 0.00000000E+00
3.8759E+04 3.83133558E-12 0.00000000E+00
3.8783E+04 3.41468873E-12 0.00000000E+00
3.8807E+04 3.38650631E-12 0.00000000E+00
3.8830E+04 3.70587371E-12 0.00000000E+00
3.8854E+04 3.44813645E-12 0.00000000E+00
3.8877E+04 3.17113398E-12 0.00000000E+00
3.8901E+04 3.46989789E-12 0.00000000E+00
3.8924E+04 3.46554154E-12 0.00000000E+00
3.8948E+04 3.06843941E-12 0.00000000E+00
3.8971E+04 3.19088303E-12 0.00000000E+00
3.8995E+04 3.40926271E-12 0.00000000E+00
3.9019E+04 3.06829757E-12 0.00000000E+00
3.9042E+04 2.95262073E-12 0.00000000E+00
3.9066E+04 3.26353937E-12 0.00000000E+00
3.9089E+04 3.11822069E-12 0.00000000E+00
3.9113E+04 2.81745538E-12 0.00000000E+00
3.9136E+04 3.05866945E-12 0.00000000E+00
3.9160E+04 3.15237710E-12 0.00000000E+00
3.9184E+04 2.80241698E-12 0.00000000E+00
3.9207E+04 2.85436980E-12 0.00000000E+00
3.9231E+04 3.12140503E-12 0.00000000E+00
3.9254E+04 2.87578285E-12 0.00000000E+00
3.9278E+04 2.71241489E-12 0.00000000E+00
3.9301E+04 3.01211684E-12 0.00000000E+00
3.9325E+04 2.97228889E-12 0.00000000E+00
3.9348E+04 2.66926839E-12 0.00000000E+00
3.9372E+04 2.85140516E-12 0.00000000E+00
3.9396E+04 3.02095856E-12 0.00000000E+00
3.9419E+04 2.71837026E-12 0.00000000E+00
3.9443E+04 2.69257327E-12 0.00000000E+00
3.9466E+04 2.97589807E-12 0.00000000E+00
3.9490E+04 2.81036474E-12 0.00000000E+00
3.9513E+04 2.58815849E-12 0.00000000E+00
3.9537E+04 2.83678389E-12 0.00000000E+00
3.9561E+04 2.87419223E-12 0.00000000E+00
3.9584E+04 2.56139667E-12 0.00000000E+00
3.9608E+04 2.64744585E-12 0.00000000E+00
3.9631E+04 2.85109140E-12 0.00000000E+00
3.9655E+04 2.59249999E-12 0.00000000E+00
3.9678E+04 2.47157815E-12 0.00000000E+00
3.9702E+04 2.72376129E-12 0.00000000E+00
3.9725E+04 2.62923324E-12 0.00000000E+00
3.9749E+04 2.35885404E-12 0.00000000E+00
3.9773E+04 2.52378376E-12 0.00000000E+00
3.9796E+04 2.61608930E-12 0.00000000E+00
3.9820E+04 2.32131479E-12 0.00000000E+00
3.9843E+04 2.31349756E-12 0.00000000E+00
3.9867E+04 2.52421266E-12 0.00000000E+00
3.9890E+04 2.33252367E-12 0.00000000E+00
3.9914E+04 2.15433347E-12 0.00000000E+00
3.9937E+04 2.36491771E-12 0.00000000E+00
3.9961E+04 2.34662925E-12 0.00000000E+00
3.9985E+04 2.07993962E-12 0.00000000E+00
