0.0000E+00 0.00000000E+00 0.00000000E+00
2.3562E+01 0.00000000E+00 0.00000000E+00
4.7124E+01 0.00000000E+00 0.00000000E+00
7.0686E+01 0.00000000E+00 0.00000000E+00
9.4248E+01 0.00000000E+00 0.00000000E+00
1.1781E+02 0.00000000E+00 0.00000000E+00
1.4137E+02 0.00000000E+00 0.00000000E+00
1.6493E+02 0.00000000E+00 0.00000000E+00
1.8850E+02 0.00000000E+00 0.00000000E+00
2.1206E+02 0.00000000E+00 0.00000000E+00
2.3562E+02 0.00000000E+00 0.00000000E+00
2.5918E+02 2.22906203E-274 0.00000000E+00
2.8274E+02 2.40399704E-221 0.00000000E+00
3.0631E+02 1.07888602E-178 0.00000000E+00
3.2987E+02 2.13204098E-143 0.00000000E+00
3.5343E+02 6.78872070E-114 0.00000000E+00
3.7699E+02 2.60958486E-89 0.00000000E+00
4.0055E+02 2.11627717E-69 0.00000000E+00
4.2412E+02 2.46944963E-52 0.00000000E+00
4.4768E+02 6.65757435E-38 0.00000000E+00
4.7124E+02 1.45628060E-27 0.00000000E+00
4.9480E+02 3.26857500E-21 0.00000000E+00
5.1836E+02 2.95400413E-19 0.00000000E+00
5.4192E+02 6.09876012E-19 0.00000000E+00
5.6549E+02 8.27259495E-19 0.00000000E+00
5.8905E+02 1.24265090E-18 0.00000000E+00
6.1261E+02 2.08129979E-18 0.00000000E+00
6.3617E+02 2.77699135E-18 0.00000000E+00
6.5973E+02 4.14829192E-18 0.00000000E+00
6.8330E+02 7.63831887E-18 0.00000000E+00
7.0686E+02 1.11483599E-17 0.00000000E+00
7.3042E+02 1.43568215E-17 0.00000000E+00
7.5398E+02 2.34088768E-17 0.00000000E+00
7.7754E+02 3.61657452E-17 0.00000000E+00
8.0111E+02 4.44206828E-17 0.00000000E+00
8.2467E+02 6.21501087E-17 0.00000000E+00
8.4823E+02 1.00808100E-16 0.00000000E+00
8.7179E+02 1.30703955E-16 0.00000000E+00
8.9535E+02 1.62882391E-16 0.00000000E+00
9.1892E+02 2.57197675E-16 0.00000000E+00
9.4248E+02 3.73711262E-16 0.00000000E+00
9.6604E+02 4.47407768E-16 0.00000000E+00
9.8960E+02 6.41453500E-16 0.00000000E+00
1.0132E+03 1.01137417E-15 0.00000000E+00
1.0367E+03 1.26980762E-15 0.00000000E+00
1.0603E+03 1.60911711E-15 0.00000000E+00
1.0838E+03 2.54593333E-15 0.00000000E+00
1.1074E+03 3.51117737E-15 0.00000000E+00
1.1310E+03 4.15333835E-15 0.00000000E+00
1.1545E+03 6.03420668E-15 0.00000000E+00
1.1781E+03 9.07338347E-15 0.00000000E+00
1.2017E+03 1.09526762E-14 0.00000000E+00
1.2252E+03 1.40414405E-14 0.00000000E+00
1.2488E+03 2.17015803E-14 0.00000000E+00
1.2723E+03 2.84307583E-14 0.00000000E+00
1.2959E+03 3.33836586E-14 0.00000000E+00
1.3195E+03 4.86769745E-14 0.00000000E+00
1.3430E+03 6.97923908E-14 0.00000000E+00
1.3666E+03 8.15546023E-14 0.00000000E+00
1.3902E+03 1.05982708E-13 0.00000000E+00
1.4137E+03 1.59357738E-13 0.00000000E+00
1.4373E+03 1.98996131E-13 0.00000000E+00
1.4608E+03 2.33754597E-13 0.00000000E+00
1.4844E+03 3.40658013E-13 0.00000000E+00
1.5080E+03 4.65857772E-13 0.00000000E+00
1.5315E+03 5.31642774E-13 0.00000000E+00
1.5551E+03 7.00800340E-13 0.00000000E+00
1.5787E+03 1.02036168E-12 0.00000000E+00
1.6022E+03 1.22085112E-12 0.00000000E+00
1.6258E+03 1.44321066E-12 0.00000000E+00
1.6493E+03 2.08690791E-12 0.00000000E+00
1.6729E+03 2.72002182E-12 0.00000000E+00
1.6965E+03 3.05341802E-12 0.00000000E+00
1.7200E+03 4.06921353E-12 0.00000000E+00
1.7436E+03 5.70559485E-12 0.00000000E+00
1.7671E+03 6.57280253E-12 0.00000000E+00
1.7907E+03 7.84654422E-12 0.00000000E+00
1.8143E+03 1.11738777E-11 0.00000000E+00
1.8378E+03 1.38909128E-11 0.00000000E+00
1.8614E+03 1.54468169E-11 0.00000000E+00
1.8850E+03 2.07200104E-11 0.00000000E+00
1.9085E+03 2.78742298E-11 0.00000000E+00
1.9321E+03 3.10986815E-11 0.00000000E+00
1.9556E+03 3.75687328E-11 0.00000000E+00
1.9792E+03 5.23344629E-11 0.00000000E+00
2.0028E+03 6.21877061E-11 0.00000000E+00
2.0263E+03 6.89604374E-11 0.00000000E+00
2.0499E+03 9.26022880E-11 0.00000000E+00
2.0735E+03 1.19241514E-10 0.00000000E+00
2.0970E+03 1.29691292E-10 0.00000000E+00
2.1206E+03 1.58583581E-10 0.00000000E+00
2.1441E+03 2.14783833E-10 0.00000000E+00
2.1677E+03 2.44750226E-10 0.00000000E+00
2.1913E+03 2.72192802E-10 0.00000000E+00
2.2148E+03 3.63616426E-10 0.00000000E+00
2.2384E+03 4.47643885E-10 0.00000000E+00
2.2619E+03 4.77922098E-10 0.00000000E+00
2.2855E+03 5.90580884E-10 0.00000000E+00
2.3091E+03 7.73630527E-10 0.00000000E+00
2.3326E+03 8.49061327E-10 0.00000000E+00
2.3562E+03 9.51218661E-10 0.00000000E+00
2.3798E+03 1.25586865E-09 0.00000000E+00
2.4033E+03 1.47835938E-09 0.00000000E+00
2.4269E+03 1.56025406E-09 0.00000000E+00
2.4504E+03 1.94239882E-09 0.00000000E+00
2.4740E+03 2.45086357E-09 0.00000000E+00
2.4976E+03 2.60453022E-09 0.00000000E+00
2.5211E+03 2.94822660E-09 0.00000000E+00
2.5447E+03 3.82229718E-09 0.00000000E+00
2.5683E+03 4.30861396E-09 0.00000000E+00
2.5918E+03 4.52596844E-09 0.00000000E+00
2.6154E+03 5.65151414E-09 0.00000000E+00
2.6389E+03 6.84869555E-09 0.00000000E+00
2.6625E+03 7.09128668E-09 0.00000000E+00
2.6861E+03 8.12157865E-09 0.00000000E+00
2.7096E+03 1.02775359E-08 0.00000000E+00
2.7332E+03 1.11241697E-08 0.00000000E+00
2.7567E+03 1.17037610E-08 0.00000000E+00
2.7803E+03 1.45800863E-08 0.00000000E+00
2.8039E+03 1.69416143E-08 0.00000000E+00
2.8274E+03 1.72101075E-08 0.00000000E+00
2.8510E+03 1.99360868E-08 0.00000000E+00
2.8746E+03 2.44944964E-08 0.00000000E+00
2.8981E+03 2.55599075E-08 0.00000000E+00
2.9217E+03 2.70787987E-08 0.00000000E+00
2.9452E+03 3.34553761E-08 0.00000000E+00
2.9688E+03 3.72643807E-08 0.00000000E+00
2.9924E+03 3.74145849E-08 0.00000000E+00
3.0159E+03 4.37502883E-08 0.00000000E+00
3.0395E+03 5.19639489E-08 0.00000000E+00
3.0631E+03 5.25538189E-08 0.00000000E+00
3.0866E+03 5.62947206E-08 0.00000000E+00
3.1102E+03 6.85558504E-08 0.00000000E+00
3.1337E+03 7.32852746E-08 0.00000000E+00
3.1573E+03 7.32739973E-08 0.00000000E+00
3.1809E+03 8.61916702E-08 0.00000000E+00
3.2044E+03 9.86508294E-08 0.00000000E+00
3.2280E+03 9.73276777E-08 0.00000000E+00
3.2515E+03 1.05678893E-07 0.00000000E+00
3.2751E+03 1.26104269E-07 0.00000000E+00
3.2987E+03 1.29724988E-07 0.00000000E+00
3.3222E+03 1.30102928E-07 0.00000000E+00
3.3458E+03 1.53224863E-07 0.00000000E+00
3.3694E+03 1.68693033E-07 0.00000000E+00
3.3929E+03 1.63584252E-07 0.00000000E+00
3.4165E+03 1.80171885E-07 0.00000000E+00
3.4400E+03 2.09542588E-07 0.00000000E+00
3.4636E+03 2.08334370E-07 0.00000000E+00
3.4872E+03 2.10936006E-07 0.00000000E+00
3.5107E+03 2.47336939E-07 0.00000000E+00
3.5343E+03 2.61871517E-07 0.00000000E+00
3.5579E+03 2.51672574E-07 0.00000000E+00
3.5814E+03 2.80828097E-07 0.00000000E+00
3.6050E+03 3.16932668E-07 0.00000000E+00
3.6285E+03 3.06348414E-07 0.00000000E+00
3.6521E+03 3.14724922E-07 0.00000000E+00
3.6757E+03 3.65217878E-07 0.00000000E+00
3.6992E+03 3.72419321E-07 0.00000000E+00
3.7228E+03 3.57748668E-07 0.00000000E+00
3.7463E+03 4.03177187E-07 0.00000000E+00
3.7699E+03 4.40179835E-07 0.00000000E+00
3.7935E+03 4.16703199E-07 0.00000000E+00
3.8170E+03 4.35747056E-07 0.00000000E+00
3.8406E+03 4.97474935E-07 0.00000000E+00
3.8642E+03 4.90194544E-07 0.00000000E+00
3.8877E+03 4.74466333E-07 0.00000000E+00
3.9113E+03 5.37534878E-07 0.00000000E+00
3.9348E+03 5.66903306E-07 0.00000000E+00
3.9584E+03 5.30028704E-07 0.00000000E+00
3.9820E+03 5.64635551E-07 0.00000000E+00
4.0055E+03 6.30867627E-07 0.00000000E+00
4.0291E+03 6.03738823E-07 0.00000000E+00
4.0527E+03 5.92818518E-07 0.00000000E+00
4.0762E+03 6.71303390E-07 0.00000000E+00
4.0998E+03 6.84099522E-07 0.00000000E+00
4.1233E+03 6.37288596E-07 0.00000000E+00
4.1469E+03 6.90565033E-07 0.00000000E+00
4.1705E+03 7.52002065E-07 0.00000000E+00
4.1940E+03 7.03534624E-07 0.00000000E+00
4.2176E+03 7.04168152E-07 0.00000000E+00
4.2412E+03 7.92166462E-07 0.00000000E+00
4.2647E+03 7.81660201E-07 0.00000000E+00
4.2883E+03 7.31706709E-07 0.00000000E+00
4.3118E+03 8.03600421E-07 0.00000000E+00
4.3354E+03 8.50643139E-07 0.00000000E+00
4.3590E+03 7.83882042E-07 0.00000000E+00
4.3825E+03 8.01656037E-07 0.00000000E+00
4.4061E+03 8.90737274E-07 0.00000000E+00
4.4296E+03 8.54182459E-07 0.00000000E+00
4.4532E+03 8.09370698E-07 0.00000000E+00
4.4768E+03 8.96354171E-07 0.00000000E+00
4.5003E+03 9.21338477E-07 0.00000000E+00
4.5239E+03 8.42975107E-07 0.00000000E+00
4.5475E+03 8.80757735E-07 0.00000000E+00
4.5710E+03 9.61798290E-07 0.00000000E+00
4.5946E+03 9.00812858E-07 0.00000000E+00
4.6181E+03 8.68815208E-07 0.00000000E+00
4.6417E+03 9.64633350E-07 0.00000000E+00
4.6653E+03 9.63234770E-07 0.00000000E+00
4.6888E+03 8.81823337E-07 0.00000000E+00
4.7124E+03 9.39204611E-07 0.00000000E+00
4.7360E+03 1.00414544E-06 0.00000000E+00
4.7595E+03 9.23899075E-07 0.00000000E+00
4.7831E+03 9.10228534E-07 0.00000000E+00
4.8066E+03 1.00723009E-06 0.00000000E+00
4.8302E+03 9.78805389E-07 0.00000000E+00
4.8538E+03 9.02919572E-07 0.00000000E+00
4.8773E+03 9.76575467E-07 0.00000000E+00
4.9009E+03 1.01959286E-06 0.00000000E+00
4.9244E+03 9.27412022E-07 0.00000000E+00
4.9480E+03 9.34735150E-07 0.00000000E+00
4.9716E+03 1.02522611E-06 0.00000000E+00
4.9951E+03 9.72341838E-07 0.00000000E+00
5.0187E+03 9.09211851E-07 0.00000000E+00
5.0423E+03 9.93785618E-07 0.00000000E+00
5.0658E+03 1.01176810E-06 0.00000000E+00
5.0894E+03 9.15728961E-07 0.00000000E+00
5.1129E+03 9.43905443E-07 0.00000000E+00
5.1365E+03 1.02118175E-06 0.00000000E+00
5.1601E+03 9.48746698E-07 0.00000000E+00
5.1836E+03 9.03514390E-07 0.00000000E+00
5.2072E+03 9.92614056E-07 0.00000000E+00
5.2308E+03 9.85109709E-07 0.00000000E+00
5.2543E+03 8.92926303E-07 0.00000000E+00
5.2779E+03 9.39475815E-07 0.00000000E+00
5.3014E+03 9.98455018E-07 0.00000000E+00
5.3250E+03 9.12787719E-07 0.00000000E+00
5.3486E+03 8.88267167E-07 0.00000000E+00
5.3721E+03 9.75348936E-07 0.00000000E+00
5.3957E+03 9.44212148E-07 0.00000000E+00
5.4192E+03 8.62485857E-07 0.00000000E+00
5.4428E+03 9.23228417E-07 0.00000000E+00
5.4664E+03 9.60749141E-07 0.00000000E+00
5.4899E+03 8.68746752E-07 0.00000000E+00
5.5135E+03 8.65514365E-07 0.00000000E+00
5.5371E+03 9.44577628E-07 0.00000000E+00
5.5606E+03 8.93482706E-07 0.00000000E+00
5.5842E+03 8.27256157E-07 0.00000000E+00
5.6077E+03 8.96977822E-07 0.00000000E+00
5.6313E+03 9.11860607E-07 0.00000000E+00
5.6549E+03 8.20310768E-07 0.00000000E+00
5.6784E+03 8.36982886E-07 0.00000000E+00
5.7020E+03 9.03074218E-07 0.00000000E+00
5.7256E+03 8.36977332E-07 0.00000000E+00
5.7491E+03 7.89510916E-07 0.00000000E+00
5.7727E+03 8.62582927E-07 0.00000000E+00
5.7962E+03 8.55514999E-07 0.00000000E+00
5.8198E+03 7.70539608E-07 0.00000000E+00
5.8434E+03 8.04149173E-07 0.00000000E+00
5.8669E+03 8.53687417E-07 0.00000000E+00
5.8905E+03 7.78270716E-07 0.00000000E+00
5.9140E+03 7.50983710E-07 0.00000000E+00
5.9376E+03 8.21902656E-07 0.00000000E+00
5.9612E+03 7.95185257E-07 0.00000000E+00
5.9847E+03 7.21807646E-07 0.00000000E+00
6.0083E+03 7.68234076E-07 0.00000000E+00
6.0319E+03 7.99171394E-07 0.00000000E+00
6.0554E+03 7.20298142E-07 0.00000000E+00
6.0790E+03 7.12848478E-07 0.00000000E+00
6.1025E+03 7.76684541E-07 0.00000000E+00
6.1261E+03 7.33880187E-07 0.00000000E+00
6.1497E+03 6.75725545E-07 0.00000000E+00
6.1732E+03 7.30154289E-07 0.00000000E+00
6.1968E+03 7.41993425E-07 0.00000000E+00
6.2204E+03 6.65212219E-07 0.00000000E+00
6.2439E+03 6.75704227E-07 0.00000000E+00
6.2675E+03 7.28452430E-07 0.00000000E+00
6.2910E+03 6.73975213E-07 0.00000000E+00
6.3146E+03 6.33120224E-07 0.00000000E+00
6.3382E+03 6.90511903E-07 0.00000000E+00
6.3617E+03 6.84204421E-07 0.00000000E+00
6.3853E+03 6.14341159E-07 0.00000000E+00
6.4088E+03 6.39645661E-07 0.00000000E+00
6.4324E+03 6.78475497E-07 0.00000000E+00
6.4560E+03 6.17167093E-07 0.00000000E+00
6.4795E+03 5.94142844E-07 0.00000000E+00
6.5031E+03 6.49684138E-07 0.00000000E+00
6.5267E+03 6.27433533E-07 0.00000000E+00
6.5502E+03 5.68296117E-07 0.00000000E+00
6.5738E+03 6.04450011E-07 0.00000000E+00
6.5973E+03 6.27844720E-07 0.00000000E+00
6.6209E+03 5.64568108E-07 0.00000000E+00
6.6445E+03 5.58497380E-07 0.00000000E+00
6.6680E+03 6.07995093E-07 0.00000000E+00
6.6916E+03 5.72982770E-07 0.00000000E+00
6.7152E+03 5.27182022E-07 0.00000000E+00
6.7387E+03 5.69817282E-07 0.00000000E+00
6.7623E+03 5.77591319E-07 0.00000000E+00
6.7858E+03 5.16861015E-07 0.00000000E+00
6.8094E+03 5.25691396E-07 0.00000000E+00
6.8330E+03 5.65869230E-07 0.00000000E+00
6.8565E+03 5.21920104E-07 0.00000000E+00
6.8801E+03 4.90796107E-07 0.00000000E+00
6.9036E+03 5.35545993E-07 0.00000000E+00
6.9272E+03 5.28738740E-07 0.00000000E+00
6.9508E+03 4.74403298E-07 0.00000000E+00
6.9743E+03 4.95199149E-07 0.00000000E+00
6.9979E+03 5.23873148E-07 0.00000000E+00
7.0215E+03 4.75086448E-07 0.00000000E+00
7.0450E+03 4.58730945E-07 0.00000000E+00
7.0686E+03 5.01577403E-07 0.00000000E+00
7.0921E+03 4.82242505E-07 0.00000000E+00
7.1157E+03 4.37240614E-07 0.00000000E+00
7.1393E+03 4.66498930E-07 0.00000000E+00
7.1628E+03 4.82631674E-07 0.00000000E+00
7.1864E+03 4.33019069E-07 0.00000000E+00
7.2100E+03 4.30388182E-07 0.00000000E+00
7.2335E+03 4.67936104E-07 0.00000000E+00
7.2571E+03 4.38862512E-07 0.00000000E+00
7.2806E+03 4.05076031E-07 0.00000000E+00
7.3042E+03 4.39057607E-07 0.00000000E+00
7.3278E+03 4.42711322E-07 0.00000000E+00
7.3513E+03 3.95880878E-07 0.00000000E+00
7.3749E+03 4.04995128E-07 0.00000000E+00
7.3985E+03 4.34670972E-07 0.00000000E+00
7.4220E+03 3.99080614E-07 0.00000000E+00
7.4456E+03 3.77300251E-07 0.00000000E+00
7.4691E+03 4.12354073E-07 0.00000000E+00
7.4927E+03 4.04568494E-07 0.00000000E+00
7.5163E+03 3.63487321E-07 0.00000000E+00
7.5398E+03 3.81698945E-07 0.00000000E+00
7.5634E+03 4.01872417E-07 0.00000000E+00
7.5869E+03 3.63123918E-07 0.00000000E+00
7.6105E+03 3.53118555E-07 0.00000000E+00
7.6341E+03 3.85974424E-07 0.00000000E+00
7.6576E+03 3.68585159E-07 0.00000000E+00
7.6812E+03 3.35427102E-07 0.00000000E+00
7.7048E+03 3.59721311E-07 0.00000000E+00
7.7283E+03 3.69741936E-07 0.00000000E+00
7.7519E+03 3.31058464E-07 0.00000000E+00
7.7754E+03 3.31723518E-07 0.00000000E+00
7.7990E+03 3.59724079E-07 0.00000000E+00
7.8226E+03 3.35135053E-07 0.00000000E+00
7.8461E+03 3.11207189E-07 0.00000000E+00
7.8697E+03 3.38497033E-07 0.00000000E+00
7.8933E+03 3.38641658E-07 0.00000000E+00
7.9168E+03 3.02872512E-07 0.00000000E+00
7.9404E+03 3.12424807E-07 0.00000000E+00
7.9639E+03 3.33672533E-07 0.00000000E+00
7.9875E+03 3.04596458E-07 0.00000000E+00
8.0111E+03 2.90332465E-07 0.00000000E+00
8.0346E+03 3.17714149E-07 0.00000000E+00
8.0582E+03 3.09051674E-07 0.00000000E+00
8.0817E+03 2.78477668E-07 0.00000000E+00
8.1053E+03 2.94670308E-07 0.00000000E+00
8.1289E+03 3.08082364E-07 0.00000000E+00
8.1524E+03 2.77272914E-07 0.00000000E+00
8.1760E+03 2.72287578E-07 0.00000000E+00
8.1996E+03 2.97241197E-07 0.00000000E+00
8.2231E+03 2.81438826E-07 0.00000000E+00
8.2467E+03 2.57640145E-07 0.00000000E+00
8.2702E+03 2.77985850E-07 0.00000000E+00
8.2938E+03 2.83272058E-07 0.00000000E+00
8.3174E+03 2.53282330E-07 0.00000000E+00
8.3409E+03 2.56488320E-07 0.00000000E+00
8.3645E+03 2.77025964E-07 0.00000000E+00
8.3881E+03 2.56131958E-07 0.00000000E+00
8.4116E+03 2.39935136E-07 0.00000000E+00
8.4352E+03 2.61930994E-07 0.00000000E+00
8.4587E+03 2.59516172E-07 0.00000000E+00
8.4823E+03 2.32510563E-07 0.00000000E+00
8.5059E+03 2.42290355E-07 0.00000000E+00
8.5294E+03 2.57053218E-07 0.00000000E+00
8.5530E+03 2.33283228E-07 0.00000000E+00
8.5765E+03 2.24787877E-07 0.00000000E+00
8.6001E+03 2.46126543E-07 0.00000000E+00
8.6237E+03 2.37032451E-07 0.00000000E+00
8.6472E+03 2.14662247E-07 0.00000000E+00
8.6708E+03 2.29074192E-07 0.00000000E+00
8.6944E+03 2.37375108E-07 0.00000000E+00
8.7179E+03 2.12916685E-07 0.00000000E+00
8.7415E+03 2.11586551E-07 0.00000000E+00
8.7650E+03 2.30333206E-07 0.00000000E+00
8.7886E+03 2.16029237E-07 0.00000000E+00
8.8122E+03 1.99368298E-07 0.00000000E+00
8.8357E+03 2.16358088E-07 0.00000000E+00
8.8593E+03 2.18164390E-07 0.00000000E+00
8.8829E+03 1.95005534E-07 0.00000000E+00
8.9064E+03 1.99799178E-07 0.00000000E+00
8.9300E+03 2.14513468E-07 0.00000000E+00
8.9535E+03 1.96742692E-07 0.00000000E+00
8.9771E+03 1.86271855E-07 0.00000000E+00
9.0007E+03 2.03860632E-07 0.00000000E+00
9.0242E+03 1.99716298E-07 0.00000000E+00
9.0478E+03 1.79501457E-07 0.00000000E+00
9.0713E+03 1.89018933E-07 0.00000000E+00
9.0949E+03 1.98810677E-07 0.00000000E+00
9.1185E+03 1.79403506E-07 0.00000000E+00
9.1420E+03 1.75035709E-07 0.00000000E+00
9.1656E+03 1.91468805E-07 0.00000000E+00
9.1892E+03 1.82368340E-07 0.00000000E+00
9.2127E+03 1.66292094E-07 0.00000000E+00
9.2363E+03 1.78926147E-07 0.00000000E+00
9.2598E+03 1.83451472E-07 0.00000000E+00
9.2834E+03 1.64149688E-07 0.00000000E+00
9.3070E+03 1.65296364E-07 0.00000000E+00
9.3305E+03 1.79152657E-07 0.00000000E+00
9.3541E+03 1.66391463E-07 0.00000000E+00
9.3777E+03 1.55144122E-07 0.00000000E+00
9.4012E+03 1.69232738E-07 0.00000000E+00
9.4248E+03 1.68647506E-07 0.00000000E+00
9.4483E+03 1.50961796E-07 0.00000000E+00
9.4719E+03 1.56639646E-07 0.00000000E+00
9.4955E+03 1.66905708E-07 0.00000000E+00
9.5190E+03 1.51929971E-07 0.00000000E+00
9.5426E+03 1.45700693E-07 0.00000000E+00
9.5661E+03 1.59674264E-07 0.00000000E+00
9.5897E+03 1.54558773E-07 0.00000000E+00
9.6133E+03 1.39671571E-07 0.00000000E+00
9.6368E+03 1.48638956E-07 0.00000000E+00
9.6604E+03 1.54747875E-07 0.00000000E+00
9.6840E+03 1.39017245E-07 0.00000000E+00
9.7075E+03 1.37547080E-07 0.00000000E+00
9.7311E+03 1.50057279E-07 0.00000000E+00
9.7546E+03 1.41319853E-07 0.00000000E+00
9.7782E+03 1.30032888E-07 0.00000000E+00
9.8018E+03 1.40936601E-07 0.00000000E+00
9.8253E+03 1.42767797E-07 0.00000000E+00
9.8489E+03 1.27635513E-07 0.00000000E+00
9.8725E+03 1.30303334E-07 0.00000000E+00
9.8960E+03 1.40318087E-07 0.00000000E+00
9.9196E+03 1.29081353E-07 0.00000000E+00
9.9431E+03 1.21799318E-07 0.00000000E+00
9.9667E+03 1.33309766E-07 0.00000000E+00
9.9903E+03 1.31146734E-07 0.00000000E+00
1.0014E+04 1.17757844E-07 0.00000000E+00
1.0037E+04 1.23680114E-07 0.00000000E+00
1.0061E+04 1.30533273E-07 0.00000000E+00
1.0085E+04 1.18008752E-07 0.00000000E+00
1.0108E+04 1.14750776E-07 0.00000000E+00
1.0132E+04 1.25670339E-07 0.00000000E+00
1.0155E+04 1.20121215E-07 0.00000000E+00
1.0179E+04 1.09333391E-07 0.00000000E+00
1.0202E+04 1.17466447E-07 0.00000000E+00
1.0226E+04 1.20863012E-07 0.00000000E+00
1.0249E+04 1.08227615E-07 0.00000000E+00
1.0273E+04 1.08665165E-07 0.00000000E+00
1.0297E+04 1.18007246E-07 0.00000000E+00
1.0320E+04 1.09903968E-07 0.00000000E+00
1.0344E+04 1.02240880E-07 0.00000000E+00
1.0367E+04 1.11483264E-07 0.00000000E+00
1.0391E+04 1.11471715E-07 0.00000000E+00
1.0414E+04 9.97637061E-08 0.00000000E+00
1.0438E+04 1.03286210E-07 0.00000000E+00
1.0462E+04 1.10329179E-07 0.00000000E+00
1.0485E+04 1.00623437E-07 0.00000000E+00
1.0509E+04 9.62677264E-08 0.00000000E+00
1.0532E+04 1.05560350E-07 0.00000000E+00
1.0556E+04 1.02484073E-07 0.00000000E+00
1.0579E+04 9.25299869E-08 0.00000000E+00
1.0603E+04 9.83336351E-08 0.00000000E+00
1.0626E+04 1.02651615E-07 0.00000000E+00
1.0650E+04 9.23193295E-08 0.00000000E+00
1.0674E+04 9.11426725E-08 0.00000000E+00
1.0697E+04 9.95594925E-08 0.00000000E+00
1.0721E+04 9.39940585E-08 0.00000000E+00
1.0744E+04 8.63680875E-08 0.00000000E+00
1.0768E+04 9.35557677E-08 0.00000000E+00
1.0791E+04 9.50242620E-08 0.00000000E+00
1.0815E+04 8.49827040E-08 0.00000000E+00
1.0838E+04 8.66019477E-08 0.00000000E+00
1.0862E+04 9.34202976E-08 0.00000000E+00
1.0886E+04 8.60991343E-08 0.00000000E+00
1.0909E+04 8.11091933E-08 0.00000000E+00
1.0933E+04 8.87857907E-08 0.00000000E+00
1.0956E+04 8.75590699E-08 0.00000000E+00
1.0980E+04 7.85964848E-08 0.00000000E+00
1.1003E+04 8.24415914E-08 0.00000000E+00
1.1027E+04 8.71825014E-08 0.00000000E+00
1.1051E+04 7.89134111E-08 0.00000000E+00
1.1074E+04 7.66066211E-08 0.00000000E+00
1.1098E+04 8.39568098E-08 0.00000000E+00
1.1121E+04 8.04181829E-08 0.00000000E+00
1.1145E+04 7.31372762E-08 0.00000000E+00
1.1168E+04 7.85209405E-08 0.00000000E+00
1.1192E+04 8.09574129E-08 0.00000000E+00
1.1215E+04 7.25374714E-08 0.00000000E+00
1.1239E+04 7.27224909E-08 0.00000000E+00
1.1263E+04 7.90671213E-08 0.00000000E+00
1.1286E+04 7.37613861E-08 0.00000000E+00
1.1310E+04 6.85428596E-08 0.00000000E+00
1.1333E+04 7.47291878E-08 0.00000000E+00
1.1357E+04 7.48695317E-08 0.00000000E+00
1.1380E+04 6.70107203E-08 0.00000000E+00
1.1404E+04 6.92983786E-08 0.00000000E+00
1.1428E+04 7.41326283E-08 0.00000000E+00
1.1451E+04 6.76941876E-08 0.00000000E+00
1.1475E+04 6.46868427E-08 0.00000000E+00
1.1498E+04 7.09589330E-08 0.00000000E+00
1.1522E+04 6.90148002E-08 0.00000000E+00
1.1545E+04 6.22903771E-08 0.00000000E+00
1.1569E+04 6.61514682E-08 0.00000000E+00
1.1592E+04 6.91676334E-08 0.00000000E+00
1.1616E+04 6.22542237E-08 0.00000000E+00
1.1640E+04 6.13919348E-08 0.00000000E+00
1.1663E+04 6.71147214E-08 0.00000000E+00
1.1687E+04 6.34597551E-08 0.00000000E+00
1.1710E+04 5.82739606E-08 0.00000000E+00
1.1734E+04 6.31070258E-08 0.00000000E+00
1.1757E+04 6.42011900E-08 0.00000000E+00
1.1781E+04 5.74368489E-08 0.00000000E+00
1.1805E+04 5.84755380E-08 0.00000000E+00
1.1828E+04 6.31465476E-08 0.00000000E+00
1.1852E+04 5.82674830E-08 0.00000000E+00
1.1875E+04 5.48447754E-08 0.00000000E+00
1.1899E+04 6.00427935E-08 0.00000000E+00
1.1922E+04 5.93027607E-08 0.00000000E+00
1.1946E+04 5.32296151E-08 0.00000000E+00
1.1969E+04 5.57938295E-08 0.00000000E+00
1.1993E+04 5.90742495E-08 0.00000000E+00
1.2017E+04 5.35153225E-08 0.00000000E+00
1.2040E+04 5.19032808E-08 0.00000000E+00
1.2064E+04 5.69090813E-08 0.00000000E+00
1.2087E+04 5.45830376E-08 0.00000000E+00
1.2111E+04 4.96217676E-08 0.00000000E+00
1.2134E+04 5.32524379E-08 0.00000000E+00
1.2158E+04 5.49754499E-08 0.00000000E+00
1.2182E+04 4.92800747E-08 0.00000000E+00
1.2205E+04 4.93630013E-08 0.00000000E+00
1.2229E+04 5.37091633E-08 0.00000000E+00
1.2252E+04 5.01602420E-08 0.00000000E+00
1.2276E+04 4.65827609E-08 0.00000000E+00
1.2299E+04 5.07834416E-08 0.00000000E+00
1.2323E+04 5.09438489E-08 0.00000000E+00
1.2346E+04 4.56018711E-08 0.00000000E+00
1.2370E+04 4.71261499E-08 0.00000000E+00
1.2394E+04 5.04614589E-08 0.00000000E+00
1.2417E+04 4.61178425E-08 0.00000000E+00
1.2441E+04 4.40375454E-08 0.00000000E+00
1.2464E+04 4.83198138E-08 0.00000000E+00
1.2488E+04 4.70524341E-08 0.00000000E+00
1.2511E+04 4.24611904E-08 0.00000000E+00
1.2535E+04 4.50730035E-08 0.00000000E+00
1.2559E+04 4.71786221E-08 0.00000000E+00
1.2582E+04 4.24874196E-08 0.00000000E+00
1.2606E+04 4.18687562E-08 0.00000000E+00
1.2629E+04 4.57954936E-08 0.00000000E+00
1.2653E+04 4.33475043E-08 0.00000000E+00
1.2676E+04 3.97897395E-08 0.00000000E+00
1.2700E+04 4.30812133E-08 0.00000000E+00
1.2723E+04 4.38767220E-08 0.00000000E+00
1.2747E+04 3.92648247E-08 0.00000000E+00
1.2771E+04 3.99480844E-08 0.00000000E+00
1.2794E+04 4.31697997E-08 0.00000000E+00
1.2818E+04 3.98684238E-08 0.00000000E+00
1.2841E+04 3.75045795E-08 0.00000000E+00
1.2865E+04 4.10605821E-08 0.00000000E+00
1.2888E+04 4.05977315E-08 0.00000000E+00
1.2912E+04 3.64390448E-08 0.00000000E+00
1.2936E+04 3.81727343E-08 0.00000000E+00
1.2959E+04 4.04510017E-08 0.00000000E+00
1.2983E+04 3.66664649E-08 0.00000000E+00
1.3006E+04 3.55365943E-08 0.00000000E+00
1.3030E+04 3.89742417E-08 0.00000000E+00
1.3053E+04 3.74171114E-08 0.00000000E+00
1.3077E+04 3.40052297E-08 0.00000000E+00
1.3100E+04 3.64791985E-08 0.00000000E+00
1.3124E+04 3.76939822E-08 0.00000000E+00
1.3148E+04 3.37995615E-08 0.00000000E+00
1.3171E+04 3.38319049E-08 0.00000000E+00
1.3195E+04 3.68287327E-08 0.00000000E+00
1.3218E+04 3.44229487E-08 0.00000000E+00
1.3242E+04 3.19510750E-08 0.00000000E+00
1.3265E+04 3.48277610E-08 0.00000000E+00
1.3289E+04 3.49706816E-08 0.00000000E+00
1.3312E+04 3.13052681E-08 0.00000000E+00
1.3336E+04 3.23320709E-08 0.00000000E+00
1.3360E+04 3.46440641E-08 0.00000000E+00
1.3383E+04 3.16818016E-08 0.00000000E+00
1.3407E+04 3.02340644E-08 0.00000000E+00
1.3430E+04 3.31787793E-08 0.00000000E+00
1.3454E+04 3.23379894E-08 0.00000000E+00
1.3477E+04 2.91777365E-08 0.00000000E+00
1.3501E+04 3.09597437E-08 0.00000000E+00
1.3525E+04 3.24323268E-08 0.00000000E+00
1.3548E+04 2.92198683E-08 0.00000000E+00
1.3572E+04 2.87764986E-08 0.00000000E+00
1.3595E+04 3.14869964E-08 0.00000000E+00
1.3619E+04 2.98282930E-08 0.00000000E+00
1.3642E+04 2.73705934E-08 0.00000000E+00
1.3666E+04 2.96285220E-08 0.00000000E+00
1.3689E+04 3.02014203E-08 0.00000000E+00
1.3713E+04 2.70322421E-08 0.00000000E+00
1.3737E+04 2.74864446E-08 0.00000000E+00
1.3760E+04 2.97188473E-08 0.00000000E+00
1.3784E+04 2.74642533E-08 0.00000000E+00
1.3807E+04 2.58225418E-08 0.00000000E+00
1.3831E+04 2.82701617E-08 0.00000000E+00
1.3854E+04 2.79744625E-08 0.00000000E+00
1.3878E+04 2.51071924E-08 0.00000000E+00
1.3902E+04 2.62880891E-08 0.00000000E+00
1.3925E+04 2.78745329E-08 0.00000000E+00
1.3949E+04 2.52777274E-08 0.00000000E+00
1.3972E+04 2.44831921E-08 0.00000000E+00
1.3996E+04 2.68557534E-08 0.00000000E+00
1.4019E+04 2.58014633E-08 0.00000000E+00
1.4043E+04 2.34412895E-08 0.00000000E+00
1.4066E+04 2.51373115E-08 0.00000000E+00
1.4090E+04 2.59921561E-08 0.00000000E+00
1.4114E+04 2.33111964E-08 0.00000000E+00
1.4137E+04 2.33185055E-08 0.00000000E+00
1.4161E+04 2.53927865E-08 0.00000000E+00
1.4184E+04 2.37479266E-08 0.00000000E+00
1.4208E+04 2.20320637E-08 0.00000000E+00
1.4231E+04 2.40122497E-08 0.00000000E+00
1.4255E+04 2.41276094E-08 0.00000000E+00
1.4279E+04 2.15983110E-08 0.00000000E+00
1.4302E+04 2.22954612E-08 0.00000000E+00
1.4326E+04 2.39019266E-08 0.00000000E+00
1.4349E+04 2.18677265E-08 0.00000000E+00
1.4373E+04 2.08579919E-08 0.00000000E+00
1.4396E+04 2.28920187E-08 0.00000000E+00
1.4420E+04 2.23268069E-08 0.00000000E+00
1.4443E+04 2.01418936E-08 0.00000000E+00
1.4467E+04 2.13658799E-08 0.00000000E+00
1.4491E+04 2.23957687E-08 0.00000000E+00
1.4514E+04 2.01834694E-08 0.00000000E+00
1.4538E+04 1.98686774E-08 0.00000000E+00
1.4561E+04 2.17467654E-08 0.00000000E+00
1.4585E+04 2.06133900E-08 0.00000000E+00
1.4608E+04 1.89106915E-08 0.00000000E+00
1.4632E+04 2.04688322E-08 0.00000000E+00
1.4656E+04 2.08776854E-08 0.00000000E+00
1.4679E+04 1.86898412E-08 0.00000000E+00
1.4703E+04 1.89972976E-08 0.00000000E+00
1.4726E+04 2.05485918E-08 0.00000000E+00
1.4750E+04 1.89986425E-08 0.00000000E+00
1.4773E+04 1.78576991E-08 0.00000000E+00
1.4797E+04 1.95511344E-08 0.00000000E+00
1.4820E+04 1.93576863E-08 0.00000000E+00
1.4844E+04 1.73734797E-08 0.00000000E+00
1.4868E+04 1.81855271E-08 0.00000000E+00
1.4891E+04 1.92914319E-08 0.00000000E+00
1.4915E+04 1.74995319E-08 0.00000000E+00
1.4938E+04 1.69434001E-08 0.00000000E+00
1.4962E+04 1.85878240E-08 0.00000000E+00
1.4985E+04 1.78664185E-08 0.00000000E+00
1.5009E+04 1.62293079E-08 0.00000000E+00
1.5033E+04 1.74002424E-08 0.00000000E+00
1.5056E+04 1.79997120E-08 0.00000000E+00
1.5080E+04 1.61450776E-08 0.00000000E+00
1.5103E+04 1.61445208E-08 0.00000000E+00
1.5127E+04 1.75847153E-08 0.00000000E+00
1.5150E+04 1.64512171E-08 0.00000000E+00
1.5174E+04 1.52586561E-08 0.00000000E+00
1.5197E+04 1.66295200E-08 0.00000000E+00
1.5221E+04 1.67161716E-08 0.00000000E+00
1.5245E+04 1.49637360E-08 0.00000000E+00
1.5268E+04 1.54434367E-08 0.00000000E+00
1.5292E+04 1.65615121E-08 0.00000000E+00
1.5315E+04 1.51556319E-08 0.00000000E+00
1.5339E+04 1.44529242E-08 0.00000000E+00
1.5362E+04 1.58646955E-08 0.00000000E+00
1.5386E+04 1.54786969E-08 0.00000000E+00
1.5410E+04 1.39636303E-08 0.00000000E+00
1.5433E+04 1.48120070E-08 0.00000000E+00
1.5457E+04 1.55317038E-08 0.00000000E+00
1.5480E+04 1.40001164E-08 0.00000000E+00
1.5504E+04 1.37810157E-08 0.00000000E+00
1.5527E+04 1.50877340E-08 0.00000000E+00
1.5551E+04 1.43060882E-08 0.00000000E+00
1.5574E+04 1.31248571E-08 0.00000000E+00
1.5598E+04 1.42082723E-08 0.00000000E+00
1.5622E+04 1.44972072E-08 0.00000000E+00
1.5645E+04 1.29802914E-08 0.00000000E+00
1.5669E+04 1.31946716E-08 0.00000000E+00
1.5692E+04 1.42762651E-08 0.00000000E+00
1.5716E+04 1.32030472E-08 0.00000000E+00
1.5739E+04 1.24111276E-08 0.00000000E+00
1.5763E+04 1.35905324E-08 0.00000000E+00
1.5787E+04 1.34599694E-08 0.00000000E+00
1.5810E+04 1.20820351E-08 0.00000000E+00
1.5834E+04 1.26479135E-08 0.00000000E+00
1.5857E+04 1.34202529E-08 0.00000000E+00
1.5881E+04 1.21760799E-08 0.00000000E+00
1.5904E+04 1.17898406E-08 0.00000000E+00
1.5928E+04 1.29360563E-08 0.00000000E+00
1.5951E+04 1.24364855E-08 0.00000000E+00
1.5975E+04 1.12978007E-08 0.00000000E+00
1.5999E+04 1.21138558E-08 0.00000000E+00
1.6022E+04 1.25333028E-08 0.00000000E+00
1.6046E+04 1.12430606E-08 0.00000000E+00
1.6069E+04 1.12431395E-08 0.00000000E+00
1.6093E+04 1.22476490E-08 0.00000000E+00
1.6116E+04 1.14594576E-08 0.00000000E+00
1.6140E+04 1.06292147E-08 0.00000000E+00
1.6163E+04 1.15853498E-08 0.00000000E+00
1.6187E+04 1.16470577E-08 0.00000000E+00
1.6211E+04 1.04266377E-08 0.00000000E+00
1.6234E+04 1.07620289E-08 0.00000000E+00
1.6258E+04 1.15427011E-08 0.00000000E+00
1.6281E+04 1.05636071E-08 0.00000000E+00
1.6305E+04 1.00750235E-08 0.00000000E+00
1.6328E+04 1.10611040E-08 0.00000000E+00
1.6352E+04 1.07929876E-08 0.00000000E+00
1.6376E+04 9.73775212E-09 0.00000000E+00
1.6399E+04 1.03318361E-08 0.00000000E+00
1.6423E+04 1.08353776E-08 0.00000000E+00
1.6446E+04 9.76797925E-09 0.00000000E+00
1.6470E+04 9.61780818E-09 0.00000000E+00
1.6493E+04 1.05321206E-08 0.00000000E+00
1.6517E+04 9.98753584E-09 0.00000000E+00
1.6540E+04 9.16534894E-09 0.00000000E+00
1.6564E+04 9.92512844E-09 0.00000000E+00
1.6588E+04 1.01282505E-08 0.00000000E+00
1.6611E+04 9.07036512E-09 0.00000000E+00
1.6635E+04 9.22379679E-09 0.00000000E+00
1.6658E+04 9.98178402E-09 0.00000000E+00
1.6682E+04 9.23264375E-09 0.00000000E+00
1.6705E+04 8.68216920E-09 0.00000000E+00
1.6729E+04 9.50992255E-09 0.00000000E+00
1.6753E+04 9.41940382E-09 0.00000000E+00
1.6776E+04 8.45747893E-09 0.00000000E+00
1.6800E+04 8.85683525E-09 0.00000000E+00
1.6823E+04 9.39858674E-09 0.00000000E+00
1.6847E+04 8.52849572E-09 0.00000000E+00
1.6870E+04 8.26100833E-09 0.00000000E+00
1.6894E+04 9.06559994E-09 0.00000000E+00
1.6917E+04 8.71585224E-09 0.00000000E+00
1.6941E+04 7.91997043E-09 0.00000000E+00
1.6965E+04 8.49411755E-09 0.00000000E+00
1.6988E+04 8.78827113E-09 0.00000000E+00
1.7012E+04 7.88451118E-09 0.00000000E+00
1.7035E+04 7.88679490E-09 0.00000000E+00
1.7059E+04 8.59186662E-09 0.00000000E+00
1.7082E+04 8.03891871E-09 0.00000000E+00
1.7106E+04 7.45818941E-09 0.00000000E+00
1.7130E+04 8.13032324E-09 0.00000000E+00
1.7153E+04 8.17325995E-09 0.00000000E+00
1.7177E+04 7.31760928E-09 0.00000000E+00
1.7200E+04 7.55484515E-09 0.00000000E+00
1.7224E+04 8.10296263E-09 0.00000000E+00
1.7247E+04 7.41560969E-09 0.00000000E+00
1.7271E+04 7.07443199E-09 0.00000000E+00
1.7294E+04 7.76798099E-09 0.00000000E+00
1.7318E+04 7.57939924E-09 0.00000000E+00
1.7342E+04 6.83956819E-09 0.00000000E+00
1.7365E+04 7.25900508E-09 0.00000000E+00
1.7389E+04 7.61297939E-09 0.00000000E+00
1.7412E+04 6.86354117E-09 0.00000000E+00
1.7436E+04 6.76054859E-09 0.00000000E+00
1.7459E+04 7.40451577E-09 0.00000000E+00
1.7483E+04 7.02180957E-09 0.00000000E+00
1.7507E+04 6.44590575E-09 0.00000000E+00
1.7530E+04 6.98268795E-09 0.00000000E+00
1.7554E+04 7.12594410E-09 0.00000000E+00
1.7577E+04 6.38304013E-09 0.00000000E+00
1.7601E+04 6.49402563E-09 0.00000000E+00
1.7624E+04 7.02875774E-09 0.00000000E+00
1.7648E+04 6.50197031E-09 0.00000000E+00
1.7671E+04 6.11706315E-09 0.00000000E+00
1.7695E+04 6.70223968E-09 0.00000000E+00
1.7719E+04 6.63886154E-09 0.00000000E+00
1.7742E+04 5.96284158E-09 0.00000000E+00
1.7766E+04 6.24694836E-09 0.00000000E+00
1.7789E+04 6.62960678E-09 0.00000000E+00
1.7813E+04 6.01690361E-09 0.00000000E+00
1.7836E+04 5.83061699E-09 0.00000000E+00
1.7860E+04 6.39948862E-09 0.00000000E+00
1.7884E+04 6.15296834E-09 0.00000000E+00
1.7907E+04 5.59286544E-09 0.00000000E+00
1.7931E+04 5.99971599E-09 0.00000000E+00
1.7954E+04 6.20757759E-09 0.00000000E+00
1.7978E+04 5.57011817E-09 0.00000000E+00
1.8001E+04 5.57317316E-09 0.00000000E+00
1.8025E+04 6.07161149E-09 0.00000000E+00
1.8048E+04 5.68110461E-09 0.00000000E+00
1.8072E+04 5.27177983E-09 0.00000000E+00
1.8096E+04 5.74738129E-09 0.00000000E+00
1.8119E+04 5.77767893E-09 0.00000000E+00
1.8143E+04 5.17338642E-09 0.00000000E+00
1.8166E+04 5.34181636E-09 0.00000000E+00
1.8190E+04 5.72941609E-09 0.00000000E+00
1.8213E+04 5.24360211E-09 0.00000000E+00
1.8237E+04 5.00302829E-09 0.00000000E+00
1.8261E+04 5.49389062E-09 0.00000000E+00
1.8284E+04 5.36064332E-09 0.00000000E+00
1.8308E+04 4.83790505E-09 0.00000000E+00
1.8331E+04 5.13530995E-09 0.00000000E+00
1.8355E+04 5.38608079E-09 0.00000000E+00
1.8378E+04 4.85630295E-09 0.00000000E+00
1.8402E+04 4.78430554E-09 0.00000000E+00
1.8425E+04 5.24076587E-09 0.00000000E+00
1.8449E+04 4.97043213E-09 0.00000000E+00
1.8473E+04 4.56366921E-09 0.00000000E+00
1.8496E+04 4.94476832E-09 0.00000000E+00
1.8520E+04 5.04698395E-09 0.00000000E+00
1.8543E+04 4.52173315E-09 0.00000000E+00
1.8567E+04 4.60155034E-09 0.00000000E+00
1.8590E+04 4.98144567E-09 0.00000000E+00
1.8614E+04 4.60908809E-09 0.00000000E+00
1.8637E+04 4.33743269E-09 0.00000000E+00
1.8661E+04 4.75343653E-09 0.00000000E+00
1.8685E+04 4.70953653E-09 0.00000000E+00
1.8708E+04 4.23115479E-09 0.00000000E+00
1.8732E+04 4.43373939E-09 0.00000000E+00
1.8755E+04 4.70630085E-09 0.00000000E+00
1.8779E+04 4.27252613E-09 0.00000000E+00
1.8802E+04 4.14110625E-09 0.00000000E+00
1.8826E+04 4.54582304E-09 0.00000000E+00
1.8850E+04 4.37182164E-09 0.00000000E+00
1.8873E+04 3.97467911E-09 0.00000000E+00
1.8897E+04 4.26409517E-09 0.00000000E+00
1.8920E+04 4.41268476E-09 0.00000000E+00
1.8944E+04 3.96043093E-09 0.00000000E+00
1.8967E+04 3.96258960E-09 0.00000000E+00
1.8991E+04 4.31734661E-09 0.00000000E+00
1.9014E+04 4.04061245E-09 0.00000000E+00
1.9038E+04 3.74947187E-09 0.00000000E+00
1.9062E+04 4.08747643E-09 0.00000000E+00
1.9085E+04 4.10986454E-09 0.00000000E+00
1.9109E+04 3.68027841E-09 0.00000000E+00
1.9132E+04 3.79939517E-09 0.00000000E+00
1.9156E+04 4.07554590E-09 0.00000000E+00
1.9179E+04 3.73063232E-09 0.00000000E+00
1.9203E+04 3.55878117E-09 0.00000000E+00
1.9227E+04 3.90781634E-09 0.00000000E+00
1.9250E+04 3.81398952E-09 0.00000000E+00
1.9274E+04 3.44185581E-09 0.00000000E+00
1.9297E+04 3.65277978E-09 0.00000000E+00
1.9321E+04 3.83208300E-09 0.00000000E+00
1.9344E+04 3.45566053E-09 0.00000000E+00
1.9368E+04 3.40367162E-09 0.00000000E+00
1.9391E+04 3.72891881E-09 0.00000000E+00
1.9415E+04 3.53772618E-09 0.00000000E+00
1.9439E+04 3.24792194E-09 0.00000000E+00
1.9462E+04 3.51904773E-09 0.00000000E+00
1.9486E+04 3.59322319E-09 0.00000000E+00
1.9509E+04 3.21980655E-09 0.00000000E+00
1.9533E+04 3.27619327E-09 0.00000000E+00
1.9556E+04 3.54780404E-09 0.00000000E+00
1.9580E+04 3.28395679E-09 0.00000000E+00
1.9604E+04 3.09018465E-09 0.00000000E+00
1.9627E+04 3.38694152E-09 0.00000000E+00
1.9651E+04 3.35740849E-09 0.00000000E+00
1.9674E+04 3.01687025E-09 0.00000000E+00
1.9698E+04 3.16097401E-09 0.00000000E+00
1.9721E+04 3.35675273E-09 0.00000000E+00
1.9745E+04 3.04867572E-09 0.00000000E+00
1.9768E+04 2.95441215E-09 0.00000000E+00
1.9792E+04 3.24366886E-09 0.00000000E+00
1.9816E+04 3.12128657E-09 0.00000000E+00
1.9839E+04 2.83777045E-09 0.00000000E+00
1.9863E+04 3.04381782E-09 0.00000000E+00
1.9886E+04 3.15143838E-09 0.00000000E+00
1.9910E+04 2.82929994E-09 0.00000000E+00
1.9933E+04 2.82969704E-09 0.00000000E+00
1.9957E+04 3.08360842E-09 0.00000000E+00
1.9981E+04 2.88745431E-09 0.00000000E+00
2.0004E+04 2.67855615E-09 0.00000000E+00
2.0028E+04 2.91927126E-09 0.00000000E+00
2.0051E+04 2.93682629E-09 0.00000000E+00
2.0075E+04 2.62990207E-09 0.00000000E+00
2.0098E+04 2.71335794E-09 0.00000000E+00
2.0122E+04 2.91143398E-09 0.00000000E+00
2.0145E+04 2.66605556E-09 0.00000000E+00
2.0169E+04 2.54163033E-09 0.00000000E+00
2.0193E+04 2.79050835E-09 0.00000000E+00
2.0216E+04 2.72506976E-09 0.00000000E+00
2.0240E+04 2.45848814E-09 0.00000000E+00
2.0263E+04 2.60762171E-09 0.00000000E+00
2.0287E+04 2.73698114E-09 0.00000000E+00
2.0310E+04 2.46868816E-09 0.00000000E+00
2.0334E+04 2.42975397E-09 0.00000000E+00
2.0358E+04 2.66233843E-09 0.00000000E+00
2.0381E+04 2.52739154E-09 0.00000000E+00
2.0405E+04 2.31931217E-09 0.00000000E+00
2.0428E+04 2.51210958E-09 0.00000000E+00
2.0452E+04 2.56690559E-09 0.00000000E+00
2.0475E+04 2.30043081E-09 0.00000000E+00
2.0499E+04 2.33925286E-09 0.00000000E+00
2.0522E+04 2.53440117E-09 0.00000000E+00
2.0546E+04 2.34744860E-09 0.00000000E+00
2.0570E+04 2.20784259E-09 0.00000000E+00
2.0593E+04 2.41982264E-09 0.00000000E+00
2.0617E+04 2.40084324E-09 0.00000000E+00
2.0640E+04 2.15738290E-09 0.00000000E+00
2.0664E+04 2.25931420E-09 0.00000000E+00
2.0687E+04 2.40096484E-09 0.00000000E+00
2.0711E+04 2.18194156E-09 0.00000000E+00
2.0735E+04 2.11321510E-09 0.00000000E+00
2.0758E+04 2.32054087E-09 0.00000000E+00
2.0782E+04 2.23508563E-09 0.00000000E+00
2.0805E+04 2.03163144E-09 0.00000000E+00
2.0829E+04 2.17812137E-09 0.00000000E+00
2.0852E+04 2.25704047E-09 0.00000000E+00
2.0876E+04 2.02712729E-09 0.00000000E+00
2.0899E+04 2.02571147E-09 0.00000000E+00
2.0923E+04 2.20818986E-09 0.00000000E+00
2.0947E+04 2.06947878E-09 0.00000000E+00
2.0970E+04 1.91852040E-09 0.00000000E+00
2.0994E+04 2.08999056E-09 0.00000000E+00
2.1017E+04 2.10446748E-09 0.00000000E+00
2.1041E+04 1.88448734E-09 0.00000000E+00
2.1064E+04 1.94222749E-09 0.00000000E+00
2.1088E+04 2.08506290E-09 0.00000000E+00
2.1112E+04 1.91050633E-09 0.00000000E+00
2.1135E+04 1.81935803E-09 0.00000000E+00
2.1159E+04 1.99700916E-09 0.00000000E+00
2.1182E+04 1.95198942E-09 0.00000000E+00
2.1206E+04 1.76015266E-09 0.00000000E+00
2.1229E+04 1.86504283E-09 0.00000000E+00
2.1253E+04 1.95907102E-09 0.00000000E+00
2.1276E+04 1.76759947E-09 0.00000000E+00
2.1300E+04 1.73750725E-09 0.00000000E+00
2.1324E+04 1.90414002E-09 0.00000000E+00
2.1347E+04 1.80929244E-09 0.00000000E+00
2.1371E+04 1.65897694E-09 0.00000000E+00
2.1394E+04 1.79574578E-09 0.00000000E+00
2.1418E+04 1.83683934E-09 0.00000000E+00
2.1441E+04 1.64628560E-09 0.00000000E+00
2.1465E+04 1.67217766E-09 0.00000000E+00
2.1488E+04 1.81283274E-09 0.00000000E+00
2.1512E+04 1.68061144E-09 0.00000000E+00
2.1536E+04 1.57920122E-09 0.00000000E+00
2.1559E+04 1.73056450E-09 0.00000000E+00
2.1583E+04 1.71913660E-09 0.00000000E+00
2.1606E+04 1.54463138E-09 0.00000000E+00
2.1630E+04 1.61619520E-09 0.00000000E+00
2.1653E+04 1.71924053E-09 0.00000000E+00
2.1677E+04 1.56364862E-09 0.00000000E+00
2.1701E+04 1.51286745E-09 0.00000000E+00
2.1724E+04 1.66165836E-09 0.00000000E+00
2.1748E+04 1.60256347E-09 0.00000000E+00
2.1771E+04 1.45608408E-09 0.00000000E+00
2.1795E+04 1.55994778E-09 0.00000000E+00
2.1818E+04 1.61840706E-09 0.00000000E+00
2.1842E+04 1.45428372E-09 0.00000000E+00
2.1865E+04 1.45148224E-09 0.00000000E+00
2.1889E+04 1.58296825E-09 0.00000000E+00
2.1913E+04 1.48528663E-09 0.00000000E+00
2.1936E+04 1.37566884E-09 0.00000000E+00
2.1960E+04 1.49769540E-09 0.00000000E+00
2.1983E+04 1.50999490E-09 0.00000000E+00
2.2007E+04 1.35211250E-09 0.00000000E+00
2.2030E+04 1.39150769E-09 0.00000000E+00
2.2054E+04 1.49489900E-09 0.00000000E+00
2.2078E+04 1.37092485E-09 0.00000000E+00
2.2101E+04 1.30357638E-09 0.00000000E+00
2.2125E+04 1.43035822E-09 0.00000000E+00
2.2148E+04 1.39988770E-09 0.00000000E+00
2.2172E+04 1.26145357E-09 0.00000000E+00
2.2195E+04 1.33474980E-09 0.00000000E+00
2.2219E+04 1.40346813E-09 0.00000000E+00
2.2242E+04 1.26683539E-09 0.00000000E+00
2.2266E+04 1.24306780E-09 0.00000000E+00
2.2290E+04 1.36249694E-09 0.00000000E+00
2.2313E+04 1.29619027E-09 0.00000000E+00
2.2337E+04 1.18713284E-09 0.00000000E+00
2.2360E+04 1.28379446E-09 0.00000000E+00
2.2384E+04 1.31492991E-09 0.00000000E+00
2.2407E+04 1.17856756E-09 0.00000000E+00
2.2431E+04 1.19518090E-09 0.00000000E+00
2.2455E+04 1.29670440E-09 0.00000000E+00
2.2478E+04 1.20346598E-09 0.00000000E+00
2.2502E+04 1.12935262E-09 0.00000000E+00
2.2525E+04 1.23724482E-09 0.00000000E+00
2.2549E+04 1.23100733E-09 0.00000000E+00
2.2572E+04 1.10578858E-09 0.00000000E+00
2.2596E+04 1.15560504E-09 0.00000000E+00
2.2619E+04 1.23081873E-09 0.00000000E+00
2.2643E+04 1.12050656E-09 0.00000000E+00
2.2667E+04 1.08263329E-09 0.00000000E+00
2.2690E+04 1.18941315E-09 0.00000000E+00
2.2714E+04 1.14899927E-09 0.00000000E+00
2.2737E+04 1.04338360E-09 0.00000000E+00
2.2761E+04 1.11677412E-09 0.00000000E+00
2.2784E+04 1.16038571E-09 0.00000000E+00
2.2808E+04 1.04336563E-09 0.00000000E+00
2.2832E+04 1.03975638E-09 0.00000000E+00
2.2855E+04 1.13462930E-09 0.00000000E+00
2.2879E+04 1.06620623E-09 0.00000000E+00
2.2902E+04 9.86409495E-10 0.00000000E+00
2.2926E+04 1.07311146E-09 0.00000000E+00
2.2949E+04 1.08366674E-09 0.00000000E+00
2.2973E+04 9.70367267E-10 0.00000000E+00
2.2996E+04 9.96871679E-10 0.00000000E+00
2.3020E+04 1.07189098E-09 0.00000000E+00
2.3044E+04 9.84077481E-10 0.00000000E+00
2.3067E+04 9.34059610E-10 0.00000000E+00
2.3091E+04 1.02444848E-09 0.00000000E+00
2.3114E+04 1.00420177E-09 0.00000000E+00
2.3138E+04 9.04181255E-10 0.00000000E+00
2.3161E+04 9.55050426E-10 0.00000000E+00
2.3185E+04 1.00544191E-09 0.00000000E+00
2.3209E+04 9.08044457E-10 0.00000000E+00
2.3232E+04 8.89062706E-10 0.00000000E+00
2.3256E+04 9.74600269E-10 0.00000000E+00
2.3279E+04 9.28513298E-10 0.00000000E+00
2.3303E+04 8.49174793E-10 0.00000000E+00
2.3326E+04 9.17183288E-10 0.00000000E+00
2.3350E+04 9.40897494E-10 0.00000000E+00
2.3373E+04 8.43332654E-10 0.00000000E+00
2.3397E+04 8.53477454E-10 0.00000000E+00
2.3421E+04 9.26752132E-10 0.00000000E+00
2.3444E+04 8.61223958E-10 0.00000000E+00
2.3468E+04 8.06835818E-10 0.00000000E+00
2.3491E+04 8.83532329E-10 0.00000000E+00
2.3515E+04 8.80686089E-10 0.00000000E+00
2.3538E+04 7.90826893E-10 0.00000000E+00
2.3562E+04 8.25184850E-10 0.00000000E+00
2.3586E+04 8.80160209E-10 0.00000000E+00
2.3609E+04 8.02156571E-10 0.00000000E+00
2.3633E+04 7.73751117E-10 0.00000000E+00
2.3656E+04 8.50301583E-10 0.00000000E+00
2.3680E+04 8.22988702E-10 0.00000000E+00
2.3703E+04 7.46830818E-10 0.00000000E+00
2.3727E+04 7.98496620E-10 0.00000000E+00
2.3750E+04 8.31163109E-10 0.00000000E+00
2.3774E+04 7.47905299E-10 0.00000000E+00
2.3798E+04 7.44011319E-10 0.00000000E+00
2.3821E+04 8.12491916E-10 0.00000000E+00
2.3845E+04 7.64848834E-10 0.00000000E+00
2.3868E+04 7.06734372E-10 0.00000000E+00
2.3892E+04 7.68226583E-10 0.00000000E+00
2.3915E+04 7.77255485E-10 0.00000000E+00
2.3939E+04 6.96054870E-10 0.00000000E+00
2.3962E+04 7.13650674E-10 0.00000000E+00
2.3986E+04 7.68154768E-10 0.00000000E+00
2.4010E+04 7.06163419E-10 0.00000000E+00
2.4033E+04 6.68947310E-10 0.00000000E+00
2.4057E+04 7.33304050E-10 0.00000000E+00
2.4080E+04 7.20128235E-10 0.00000000E+00
2.4104E+04 6.47865709E-10 0.00000000E+00
2.4127E+04 6.82937977E-10 0.00000000E+00
2.4151E+04 7.19953963E-10 0.00000000E+00
2.4175E+04 6.50640358E-10 0.00000000E+00
2.4198E+04 6.35443978E-10 0.00000000E+00
2.4222E+04 6.96623678E-10 0.00000000E+00
2.4245E+04 6.64774567E-10 0.00000000E+00
2.4269E+04 6.06976695E-10 0.00000000E+00
2.4292E+04 6.54594111E-10 0.00000000E+00
2.4316E+04 6.72675384E-10 0.00000000E+00
2.4339E+04 6.02919231E-10 0.00000000E+00
2.4363E+04 6.08695323E-10 0.00000000E+00
2.4387E+04 6.61518439E-10 0.00000000E+00
2.4410E+04 6.15617708E-10 0.00000000E+00
2.4434E+04 5.75601347E-10 0.00000000E+00
2.4457E+04 6.29936379E-10 0.00000000E+00
2.4481E+04 6.29170240E-10 0.00000000E+00
2.4504E+04 5.64719674E-10 0.00000000E+00
2.4528E+04 5.88180012E-10 0.00000000E+00
2.4552E+04 6.28350463E-10 0.00000000E+00
2.4575E+04 5.73348970E-10 0.00000000E+00
2.4599E+04 5.51983980E-10 0.00000000E+00
2.4622E+04 6.06761739E-10 0.00000000E+00
2.4646E+04 5.88525098E-10 0.00000000E+00
2.4669E+04 5.33655376E-10 0.00000000E+00
2.4693E+04 5.69886311E-10 0.00000000E+00
2.4716E+04 5.94387183E-10 0.00000000E+00
2.4740E+04 5.35308769E-10 0.00000000E+00
2.4764E+04 5.31512628E-10 0.00000000E+00
2.4787E+04 5.80922982E-10 0.00000000E+00
2.4811E+04 5.47956245E-10 0.00000000E+00
2.4834E+04 5.05679536E-10 0.00000000E+00
2.4858E+04 5.49214368E-10 0.00000000E+00
2.4881E+04 5.56857018E-10 0.00000000E+00
2.4905E+04 4.98785815E-10 0.00000000E+00
2.4929E+04 5.10326009E-10 0.00000000E+00
2.4952E+04 5.49945450E-10 0.00000000E+00
2.4976E+04 5.06348753E-10 0.00000000E+00
2.4999E+04 4.78680270E-10 0.00000000E+00
2.5023E+04 5.24440534E-10 0.00000000E+00
2.5046E+04 5.16073453E-10 0.00000000E+00
2.5070E+04 4.63921293E-10 0.00000000E+00
2.5093E+04 4.87960419E-10 0.00000000E+00
2.5117E+04 5.15165896E-10 0.00000000E+00
2.5141E+04 4.65939499E-10 0.00000000E+00
2.5164E+04 4.53818444E-10 0.00000000E+00
2.5188E+04 4.97503111E-10 0.00000000E+00
2.5211E+04 4.75615701E-10 0.00000000E+00
2.5235E+04 4.33497034E-10 0.00000000E+00
2.5258E+04 4.66675969E-10 0.00000000E+00
2.5282E+04 4.80437122E-10 0.00000000E+00
2.5306E+04 4.30612722E-10 0.00000000E+00
2.5329E+04 4.33542499E-10 0.00000000E+00
2.5353E+04 4.71547267E-10 0.00000000E+00
2.5376E+04 4.39491155E-10 0.00000000E+00
2.5400E+04 4.10006000E-10 0.00000000E+00
2.5423E+04 4.48350980E-10 0.00000000E+00
2.5447E+04 4.48755638E-10 0.00000000E+00
2.5470E+04 4.02565522E-10 0.00000000E+00
2.5494E+04 4.18410049E-10 0.00000000E+00
2.5518E+04 4.47713887E-10 0.00000000E+00
2.5541E+04 4.09036145E-10 0.00000000E+00
2.5565E+04 3.92949838E-10 0.00000000E+00
2.5588E+04 4.32050451E-10 0.00000000E+00
2.5612E+04 4.20020253E-10 0.00000000E+00
2.5635E+04 3.80541495E-10 0.00000000E+00
2.5659E+04 4.05845625E-10 0.00000000E+00
2.5683E+04 4.24205818E-10 0.00000000E+00
2.5706E+04 3.82405773E-10 0.00000000E+00
2.5730E+04 3.78941420E-10 0.00000000E+00
2.5753E+04 4.14555718E-10 0.00000000E+00
2.5777E+04 3.91887990E-10 0.00000000E+00
2.5800E+04 3.61199938E-10 0.00000000E+00
2.5824E+04 3.91970188E-10 0.00000000E+00
2.5847E+04 3.98351458E-10 0.00000000E+00
2.5871E+04 3.56934110E-10 0.00000000E+00
2.5895E+04 3.64421891E-10 0.00000000E+00
2.5918E+04 3.93220433E-10 0.00000000E+00
2.5942E+04 3.62684626E-10 0.00000000E+00
2.5965E+04 3.42172854E-10 0.00000000E+00
2.5989E+04 3.74673201E-10 0.00000000E+00
2.6012E+04 3.69519173E-10 0.00000000E+00
2.6036E+04 3.31951267E-10 0.00000000E+00
2.6060E+04 3.48349319E-10 0.00000000E+00
2.6083E+04 3.68340631E-10 0.00000000E+00
2.6107E+04 3.33461177E-10 0.00000000E+00
2.6130E+04 3.23866406E-10 0.00000000E+00
2.6154E+04 3.55006596E-10 0.00000000E+00
2.6177E+04 3.40046153E-10 0.00000000E+00
2.6201E+04 3.09370238E-10 0.00000000E+00
2.6224E+04 3.32383495E-10 0.00000000E+00
2.6248E+04 3.42819523E-10 0.00000000E+00
2.6272E+04 3.07271293E-10 0.00000000E+00
2.6295E+04 3.08426188E-10 0.00000000E+00
2.6319E+04 3.35703245E-10 0.00000000E+00
2.6342E+04 3.13372231E-10 0.00000000E+00
2.6366E+04 2.91633006E-10 0.00000000E+00
2.6389E+04 3.18582442E-10 0.00000000E+00
2.6413E+04 3.19560005E-10 0.00000000E+00
2.6437E+04 2.86483349E-10 0.00000000E+00
2.6460E+04 2.97053822E-10 0.00000000E+00
2.6484E+04 3.18373244E-10 0.00000000E+00
2.6507E+04 2.91237786E-10 0.00000000E+00
2.6531E+04 2.79125426E-10 0.00000000E+00
2.6554E+04 3.06952245E-10 0.00000000E+00
2.6578E+04 2.99109477E-10 0.00000000E+00
2.6601E+04 2.70747358E-10 0.00000000E+00
2.6625E+04 2.88343730E-10 0.00000000E+00
2.6649E+04 3.02066304E-10 0.00000000E+00
2.6672E+04 2.72575612E-10 0.00000000E+00
2.6696E+04 2.69555893E-10 0.00000000E+00
2.6719E+04 2.95186767E-10 0.00000000E+00
2.6743E+04 2.79696602E-10 0.00000000E+00
2.6766E+04 2.57483673E-10 0.00000000E+00
2.6790E+04 2.79198681E-10 0.00000000E+00
2.6813E+04 2.84449172E-10 0.00000000E+00
2.6837E+04 2.55000357E-10 0.00000000E+00
2.6861E+04 2.59815136E-10 0.00000000E+00
2.6884E+04 2.80739395E-10 0.00000000E+00
2.6908E+04 2.59442174E-10 0.00000000E+00
2.6931E+04 2.44301682E-10 0.00000000E+00
2.6955E+04 2.67366238E-10 0.00000000E+00
2.6978E+04 2.64318467E-10 0.00000000E+00
2.7002E+04 2.37324283E-10 0.00000000E+00
2.7026E+04 2.48472851E-10 0.00000000E+00
2.7049E+04 2.63155013E-10 0.00000000E+00
2.7073E+04 2.38503586E-10 0.00000000E+00
2.7096E+04 2.30984075E-10 0.00000000E+00
2.7120E+04 2.53150407E-10 0.00000000E+00
2.7143E+04 2.42979247E-10 0.00000000E+00
2.7167E+04 2.20665605E-10 0.00000000E+00
2.7190E+04 2.36564254E-10 0.00000000E+00
2.7214E+04 2.44444380E-10 0.00000000E+00
2.7238E+04 2.19111121E-10 0.00000000E+00
2.7261E+04 2.19222732E-10 0.00000000E+00
2.7285E+04 2.38749505E-10 0.00000000E+00
2.7308E+04 2.23223963E-10 0.00000000E+00
2.7332E+04 2.07195211E-10 0.00000000E+00
2.7355E+04 2.26056224E-10 0.00000000E+00
2.7379E+04 2.27236739E-10 0.00000000E+00
2.7403E+04 2.03566138E-10 0.00000000E+00
2.7426E+04 2.10519408E-10 0.00000000E+00
2.7450E+04 2.25976935E-10 0.00000000E+00
2.7473E+04 2.06973004E-10 0.00000000E+00
2.7497E+04 1.97856192E-10 0.00000000E+00
2.7520E+04 2.17592252E-10 0.00000000E+00
2.7544E+04 2.12536467E-10 0.00000000E+00
2.7567E+04 1.92188844E-10 0.00000000E+00
2.7591E+04 2.04367340E-10 0.00000000E+00
2.7615E+04 2.14583285E-10 0.00000000E+00
2.7638E+04 1.93831085E-10 0.00000000E+00
2.7662E+04 1.91284068E-10 0.00000000E+00
2.7685E+04 2.09693375E-10 0.00000000E+00
2.7709E+04 1.99169827E-10 0.00000000E+00
2.7732E+04 1.83141539E-10 0.00000000E+00
2.7756E+04 1.98443904E-10 0.00000000E+00
2.7780E+04 2.02701514E-10 0.00000000E+00
2.7803E+04 1.81830639E-10 0.00000000E+00
2.7827E+04 1.84904949E-10 0.00000000E+00
2.7850E+04 2.00097484E-10 0.00000000E+00
2.7874E+04 1.85308133E-10 0.00000000E+00
2.7897E+04 1.74192191E-10 0.00000000E+00
2.7921E+04 1.90554690E-10 0.00000000E+00
2.7944E+04 1.88858047E-10 0.00000000E+00
2.7968E+04 1.69520155E-10 0.00000000E+00
2.7992E+04 1.77088600E-10 0.00000000E+00
2.8015E+04 1.87865069E-10 0.00000000E+00
2.8039E+04 1.70489837E-10 0.00000000E+00
2.8062E+04 1.64663631E-10 0.00000000E+00
2.8086E+04 1.80427183E-10 0.00000000E+00
2.8109E+04 1.73550188E-10 0.00000000E+00
2.8133E+04 1.57349798E-10 0.00000000E+00
2.8157E+04 1.68299304E-10 0.00000000E+00
2.8180E+04 1.74223588E-10 0.00000000E+00
2.8204E+04 1.56191203E-10 0.00000000E+00
2.8227E+04 1.55743052E-10 0.00000000E+00
2.8251E+04 1.69687030E-10 0.00000000E+00
2.8274E+04 1.58908534E-10 0.00000000E+00
2.8298E+04 1.47095119E-10 0.00000000E+00
2.8321E+04 1.60241104E-10 0.00000000E+00
2.8345E+04 1.61412952E-10 0.00000000E+00
2.8369E+04 1.44480246E-10 0.00000000E+00
2.8392E+04 1.48978566E-10 0.00000000E+00
2.8416E+04 1.60142413E-10 0.00000000E+00
2.8439E+04 1.46847598E-10 0.00000000E+00
2.8463E+04 1.39987850E-10 0.00000000E+00
2.8486E+04 1.53932841E-10 0.00000000E+00
2.8510E+04 1.50706664E-10 0.00000000E+00
2.8534E+04 1.36123486E-10 0.00000000E+00
2.8557E+04 1.44506967E-10 0.00000000E+00
2.8581E+04 1.52074688E-10 0.00000000E+00
2.8604E+04 1.37502827E-10 0.00000000E+00
2.8628E+04 1.35404336E-10 0.00000000E+00
2.8651E+04 1.48594664E-10 0.00000000E+00
2.8675E+04 1.41483075E-10 0.00000000E+00
2.8698E+04 1.29952801E-10 0.00000000E+00
2.8722E+04 1.40720085E-10 0.00000000E+00
2.8746E+04 1.44124432E-10 0.00000000E+00
2.8769E+04 1.29381012E-10 0.00000000E+00
2.8793E+04 1.31334204E-10 0.00000000E+00
2.8816E+04 1.42355055E-10 0.00000000E+00
2.8840E+04 1.32129910E-10 0.00000000E+00
2.8863E+04 1.24017751E-10 0.00000000E+00
2.8887E+04 1.35626870E-10 0.00000000E+00
2.8911E+04 1.34774633E-10 0.00000000E+00
2.8934E+04 1.20969133E-10 0.00000000E+00
2.8958E+04 1.26111095E-10 0.00000000E+00
2.8981E+04 1.34017296E-10 0.00000000E+00
2.9005E+04 1.21806573E-10 0.00000000E+00
2.9028E+04 1.17347599E-10 0.00000000E+00
2.9052E+04 1.28554706E-10 0.00000000E+00
2.9075E+04 1.23932974E-10 0.00000000E+00
2.9099E+04 1.12199837E-10 0.00000000E+00
2.9123E+04 1.19726993E-10 0.00000000E+00
2.9146E+04 1.24163982E-10 0.00000000E+00
2.9170E+04 1.11344101E-10 0.00000000E+00
2.9193E+04 1.10643877E-10 0.00000000E+00
2.9217E+04 1.20580530E-10 0.00000000E+00
2.9240E+04 1.13105091E-10 0.00000000E+00
2.9264E+04 1.04405361E-10 0.00000000E+00
2.9287E+04 1.13533182E-10 0.00000000E+00
2.9311E+04 1.14589210E-10 0.00000000E+00
2.9335E+04 1.02477324E-10 0.00000000E+00
2.9358E+04 1.05329010E-10 0.00000000E+00
2.9382E+04 1.13358834E-10 0.00000000E+00
2.9405E+04 1.04060643E-10 0.00000000E+00
2.9429E+04 9.88994154E-11 0.00000000E+00
2.9452E+04 1.08712523E-10 0.00000000E+00
2.9476E+04 1.06671160E-10 0.00000000E+00
2.9500E+04 9.62236500E-11 0.00000000E+00
2.9523E+04 1.01958241E-10 0.00000000E+00
2.9547E+04 1.07532125E-10 0.00000000E+00
2.9570E+04 9.73150013E-11 0.00000000E+00
2.9594E+04 9.56134751E-11 0.00000000E+00
2.9617E+04 1.05037048E-10 0.00000000E+00
2.9641E+04 1.00252516E-10 0.00000000E+00
2.9664E+04 9.19798881E-11 0.00000000E+00
2.9688E+04 9.95427812E-11 0.00000000E+00
2.9712E+04 1.02228515E-10 0.00000000E+00
2.9735E+04 9.18456389E-11 0.00000000E+00
2.9759E+04 9.30820246E-11 0.00000000E+00
2.9782E+04 1.01067464E-10 0.00000000E+00
2.9806E+04 9.40286778E-11 0.00000000E+00
2.9829E+04 8.81459217E-11 0.00000000E+00
2.9853E+04 9.63865255E-11 0.00000000E+00
2.9877E+04 9.60444276E-11 0.00000000E+00
2.9900E+04 8.62257427E-11 0.00000000E+00
2.9924E+04 8.97305727E-11 0.00000000E+00
2.9947E+04 9.55299679E-11 0.00000000E+00
2.9971E+04 8.69761787E-11 0.00000000E+00
2.9994E+04 8.36074188E-11 0.00000000E+00
3.0018E+04 9.15793609E-11 0.00000000E+00
3.0041E+04 8.84951414E-11 0.00000000E+00
3.0065E+04 8.00231386E-11 0.00000000E+00
3.0089E+04 8.51968610E-11 0.00000000E+00
3.0112E+04 8.85107318E-11 0.00000000E+00
3.0136E+04 7.94089580E-11 0.00000000E+00
3.0159E+04 7.86431933E-11 0.00000000E+00
3.0183E+04 8.57143852E-11 0.00000000E+00
3.0206E+04 8.05336470E-11 0.00000000E+00
3.0230E+04 7.41346048E-11 0.00000000E+00
3.0254E+04 8.04520950E-11 0.00000000E+00
3.0277E+04 8.13502396E-11 0.00000000E+00
3.0301E+04 7.26846811E-11 0.00000000E+00
3.0324E+04 7.44470449E-11 0.00000000E+00
3.0348E+04 8.01994166E-11 0.00000000E+00
3.0371E+04 7.36929030E-11 0.00000000E+00
3.0395E+04 6.98082928E-11 0.00000000E+00
3.0418E+04 7.66841905E-11 0.00000000E+00
3.0442E+04 7.54000324E-11 0.00000000E+00
3.0466E+04 6.79126947E-11 0.00000000E+00
3.0489E+04 7.18053815E-11 0.00000000E+00
3.0513E+04 7.58848592E-11 0.00000000E+00
3.0536E+04 6.87253400E-11 0.00000000E+00
3.0560E+04 6.73590351E-11 0.00000000E+00
3.0583E+04 7.40685368E-11 0.00000000E+00
3.0607E+04 7.08598949E-11 0.00000000E+00
3.0631E+04 6.49355761E-11 0.00000000E+00
3.0654E+04 7.02353303E-11 0.00000000E+00
3.0678E+04 7.23268228E-11 0.00000000E+00
3.0701E+04 6.50344520E-11 0.00000000E+00
3.0725E+04 6.58137167E-11 0.00000000E+00
3.0748E+04 7.15911395E-11 0.00000000E+00
3.0772E+04 6.67661373E-11 0.00000000E+00
3.0795E+04 6.25265921E-11 0.00000000E+00
3.0819E+04 6.83800484E-11 0.00000000E+00
3.0843E+04 6.83315862E-11 0.00000000E+00
3.0866E+04 6.13764358E-11 0.00000000E+00
3.0890E+04 6.37790202E-11 0.00000000E+00
3.0913E+04 6.80334260E-11 0.00000000E+00
3.0937E+04 6.20625351E-11 0.00000000E+00
3.0960E+04 5.95512597E-11 0.00000000E+00
3.0984E+04 6.52298422E-11 0.00000000E+00
3.1008E+04 6.31896003E-11 0.00000000E+00
3.1031E+04 5.70945891E-11 0.00000000E+00
3.1055E+04 6.06576607E-11 0.00000000E+00
3.1078E+04 6.31291531E-11 0.00000000E+00
3.1102E+04 5.66776560E-11 0.00000000E+00
3.1125E+04 5.59517114E-11 0.00000000E+00
3.1149E+04 6.09817292E-11 0.00000000E+00
3.1172E+04 5.73941891E-11 0.00000000E+00
3.1196E+04 5.26954932E-11 0.00000000E+00
3.1220E+04 5.70580938E-11 0.00000000E+00
3.1243E+04 5.77939167E-11 0.00000000E+00
3.1267E+04 5.15914269E-11 0.00000000E+00
3.1290E+04 5.26452690E-11 0.00000000E+00
3.1314E+04 5.67511414E-11 0.00000000E+00
3.1337E+04 5.21922941E-11 0.00000000E+00
3.1361E+04 4.92666781E-11 0.00000000E+00
3.1385E+04 5.40634308E-11 0.00000000E+00
3.1408E+04 5.32574425E-11 0.00000000E+00
3.1432E+04 4.78850958E-11 0.00000000E+00
3.1455E+04 5.05026805E-11 0.00000000E+00
3.1479E+04 5.34684106E-11 0.00000000E+00
3.1502E+04 4.84492168E-11 0.00000000E+00
3.1526E+04 4.73570078E-11 0.00000000E+00
3.1549E+04 5.21150035E-11 0.00000000E+00
3.1573E+04 4.99663588E-11 0.00000000E+00
3.1597E+04 4.57267928E-11 0.00000000E+00
3.1620E+04 4.94284608E-11 0.00000000E+00
3.1644E+04 5.10366040E-11 0.00000000E+00
3.1667E+04 4.59253286E-11 0.00000000E+00
3.1691E+04 4.64120113E-11 0.00000000E+00
3.1714E+04 5.05836330E-11 0.00000000E+00
3.1738E+04 4.72889597E-11 0.00000000E+00
3.1762E+04 4.42509636E-11 0.00000000E+00
3.1785E+04 4.84111369E-11 0.00000000E+00
3.1809E+04 4.85189682E-11 0.00000000E+00
3.1832E+04 4.36126050E-11 0.00000000E+00
3.1856E+04 4.52721863E-11 0.00000000E+00
3.1879E+04 4.83939504E-11 0.00000000E+00
3.1903E+04 4.42423269E-11 0.00000000E+00
3.1926E+04 4.23957346E-11 0.00000000E+00
3.1950E+04 4.64495406E-11 0.00000000E+00
3.1974E+04 4.51151225E-11 0.00000000E+00
3.1997E+04 4.07490616E-11 0.00000000E+00
3.2021E+04 4.32136342E-11 0.00000000E+00
3.2044E+04 4.50569383E-11 0.00000000E+00
3.2068E+04 4.04935154E-11 0.00000000E+00
3.2091E+04 3.98600114E-11 0.00000000E+00
3.2115E+04 4.34409832E-11 0.00000000E+00
3.2138E+04 4.09598846E-11 0.00000000E+00
3.2162E+04 3.75180760E-11 0.00000000E+00
3.2186E+04 4.05282327E-11 0.00000000E+00
3.2209E+04 4.11166756E-11 0.00000000E+00
3.2233E+04 3.66752685E-11 0.00000000E+00
3.2256E+04 3.72781653E-11 0.00000000E+00
3.2280E+04 4.02003453E-11 0.00000000E+00
3.2303E+04 3.70003080E-11 0.00000000E+00
3.2327E+04 3.47955413E-11 0.00000000E+00
3.2351E+04 3.81275982E-11 0.00000000E+00
3.2374E+04 3.76207060E-11 0.00000000E+00
3.2398E+04 3.37581352E-11 0.00000000E+00
3.2421E+04 3.54979330E-11 0.00000000E+00
3.2445E+04 3.76391223E-11 0.00000000E+00
3.2468E+04 3.41147737E-11 0.00000000E+00
3.2492E+04 3.32420505E-11 0.00000000E+00
3.2515E+04 3.66005103E-11 0.00000000E+00
3.2539E+04 3.51605185E-11 0.00000000E+00
3.2563E+04 3.21243466E-11 0.00000000E+00
3.2586E+04 3.46978168E-11 0.00000000E+00
3.2610E+04 3.59186978E-11 0.00000000E+00
3.2633E+04 3.23402135E-11 0.00000000E+00
3.2657E+04 3.26377057E-11 0.00000000E+00
3.2680E+04 3.56417646E-11 0.00000000E+00
3.2704E+04 3.33993865E-11 0.00000000E+00
3.2728E+04 3.12324299E-11 0.00000000E+00
3.2751E+04 3.41893272E-11 0.00000000E+00
3.2775E+04 3.43685609E-11 0.00000000E+00
3.2798E+04 3.09215896E-11 0.00000000E+00
3.2822E+04 3.20777220E-11 0.00000000E+00
3.2845E+04 3.43687188E-11 0.00000000E+00
3.2869E+04 3.14944700E-11 0.00000000E+00
3.2892E+04 3.01552866E-11 0.00000000E+00
3.2916E+04 3.30571828E-11 0.00000000E+00
3.2940E+04 3.21974552E-11 0.00000000E+00
3.2963E+04 2.90855636E-11 0.00000000E+00
3.2987E+04 3.08020300E-11 0.00000000E+00
3.3010E+04 3.21787675E-11 0.00000000E+00
3.3034E+04 2.89596672E-11 0.00000000E+00
3.3057E+04 2.84382125E-11 0.00000000E+00
3.3081E+04 3.09931767E-11 0.00000000E+00
3.3105E+04 2.92811600E-11 0.00000000E+00
3.3128E+04 2.67684781E-11 0.00000000E+00
3.3152E+04 2.88477938E-11 0.00000000E+00
3.3175E+04 2.93117054E-11 0.00000000E+00
3.3199E+04 2.61308539E-11 0.00000000E+00
3.3222E+04 2.64549121E-11 0.00000000E+00
3.3246E+04 2.85310252E-11 0.00000000E+00
3.3269E+04 2.62801896E-11 0.00000000E+00
3.3293E+04 2.46183158E-11 0.00000000E+00
3.3317E+04 2.69240881E-11 0.00000000E+00
3.3340E+04 2.66032840E-11 0.00000000E+00
3.3364E+04 2.38187923E-11 0.00000000E+00
3.3387E+04 2.49587693E-11 0.00000000E+00
3.3411E+04 2.64941013E-11 0.00000000E+00
3.3434E+04 2.40125580E-11 0.00000000E+00
3.3458E+04 2.33136634E-11 0.00000000E+00
3.3482E+04 2.56717478E-11 0.00000000E+00
3.3505E+04 2.47031813E-11 0.00000000E+00
3.3529E+04 2.25235494E-11 0.00000000E+00
3.3552E+04 2.43011639E-11 0.00000000E+00
3.3576E+04 2.52161377E-11 0.00000000E+00
3.3599E+04 2.27105625E-11 0.00000000E+00
3.3623E+04 2.28838551E-11 0.00000000E+00
3.3646E+04 2.50393542E-11 0.00000000E+00
3.3670E+04 2.35166026E-11 0.00000000E+00
3.3694E+04 2.19754733E-11 0.00000000E+00
3.3717E+04 2.40752211E-11 0.00000000E+00
3.3741E+04 2.42752366E-11 0.00000000E+00
3.3764E+04 2.18627003E-11 0.00000000E+00
3.3788E+04 2.26744620E-11 0.00000000E+00
3.3811E+04 2.43553042E-11 0.00000000E+00
3.3835E+04 2.23746373E-11 0.00000000E+00
3.3859E+04 2.14166413E-11 0.00000000E+00
3.3882E+04 2.35001312E-11 0.00000000E+00
3.3906E+04 2.29573734E-11 0.00000000E+00
3.3929E+04 2.07520778E-11 0.00000000E+00
3.3953E+04 2.19584180E-11 0.00000000E+00
3.3976E+04 2.29892619E-11 0.00000000E+00
3.4000E+04 2.07265618E-11 0.00000000E+00
3.4023E+04 2.03171693E-11 0.00000000E+00
3.4047E+04 2.21466674E-11 0.00000000E+00
3.4071E+04 2.09698126E-11 0.00000000E+00
3.4094E+04 1.91437405E-11 0.00000000E+00
3.4118E+04 2.05852305E-11 0.00000000E+00
3.4141E+04 2.09486926E-11 0.00000000E+00
3.4165E+04 1.86716132E-11 0.00000000E+00
3.4188E+04 1.88300256E-11 0.00000000E+00
3.4212E+04 2.03047852E-11 0.00000000E+00
3.4236E+04 1.87186947E-11 0.00000000E+00
3.4259E+04 1.74669383E-11 0.00000000E+00
3.4283E+04 1.90578713E-11 0.00000000E+00
3.4306E+04 1.88529721E-11 0.00000000E+00
3.4330E+04 1.68396027E-11 0.00000000E+00
3.4353E+04 1.75737370E-11 0.00000000E+00
3.4377E+04 1.86675679E-11 0.00000000E+00
3.4400E+04 1.69136351E-11 0.00000000E+00
3.4424E+04 1.63520908E-11 0.00000000E+00
3.4448E+04 1.79980952E-11 0.00000000E+00
3.4471E+04 1.73421623E-11 0.00000000E+00
3.4495E+04 1.57708862E-11 0.00000000E+00
3.4518E+04 1.69881297E-11 0.00000000E+00
3.4542E+04 1.76647630E-11 0.00000000E+00
3.4565E+04 1.59076109E-11 0.00000000E+00
3.4589E+04 1.59980632E-11 0.00000000E+00
3.4612E+04 1.75374003E-11 0.00000000E+00
3.4636E+04 1.65040469E-11 0.00000000E+00
3.4660E+04 1.54086288E-11 0.00000000E+00
3.4683E+04 1.68961690E-11 0.00000000E+00
3.4707E+04 1.70884186E-11 0.00000000E+00
3.4730E+04 1.54051614E-11 0.00000000E+00
3.4754E+04 1.59782127E-11 0.00000000E+00
3.4777E+04 1.72100497E-11 0.00000000E+00
3.4801E+04 1.58517336E-11 0.00000000E+00
3.4825E+04 1.51753258E-11 0.00000000E+00
3.4848E+04 1.66752879E-11 0.00000000E+00
3.4872E+04 1.63420432E-11 0.00000000E+00
3.4895E+04 1.47892086E-11 0.00000000E+00
3.4919E+04 1.56460596E-11 0.00000000E+00
3.4942E+04 1.64202983E-11 0.00000000E+00
3.4966E+04 1.48371135E-11 0.00000000E+00
3.4989E+04 1.45291227E-11 0.00000000E+00
3.5013E+04 1.58455361E-11 0.00000000E+00
3.5037E+04 1.50413294E-11 0.00000000E+00
3.5060E+04 1.37221297E-11 0.00000000E+00
3.5084E+04 1.47279510E-11 0.00000000E+00
3.5107E+04 1.50128252E-11 0.00000000E+00
3.5131E+04 1.33849635E-11 0.00000000E+00
3.5154E+04 1.34506057E-11 0.00000000E+00
3.5178E+04 1.45001060E-11 0.00000000E+00
3.5202E+04 1.33812140E-11 0.00000000E+00
3.5225E+04 1.24404147E-11 0.00000000E+00
3.5249E+04 1.35366001E-11 0.00000000E+00
3.5272E+04 1.34046106E-11 0.00000000E+00
3.5296E+04 1.19445234E-11 0.00000000E+00
3.5319E+04 1.24076647E-11 0.00000000E+00
3.5343E+04 1.31826279E-11 0.00000000E+00
3.5366E+04 1.19373007E-11 0.00000000E+00
3.5390E+04 1.14848224E-11 0.00000000E+00
3.5414E+04 1.26266012E-11 0.00000000E+00
3.5437E+04 1.21779129E-11 0.00000000E+00
3.5461E+04 1.10386133E-11 0.00000000E+00
3.5484E+04 1.18626878E-11 0.00000000E+00
3.5508E+04 1.23561708E-11 0.00000000E+00
3.5531E+04 1.11197574E-11 0.00000000E+00
3.5555E+04 1.11543832E-11 0.00000000E+00
3.5579E+04 1.22470635E-11 0.00000000E+00
3.5602E+04 1.15447449E-11 0.00000000E+00
3.5626E+04 1.07641888E-11 0.00000000E+00
3.5649E+04 1.18134473E-11 0.00000000E+00
3.5673E+04 1.19833638E-11 0.00000000E+00
3.5696E+04 1.08113091E-11 0.00000000E+00
3.5720E+04 1.12162441E-11 0.00000000E+00
3.5743E+04 1.21169197E-11 0.00000000E+00
3.5767E+04 1.11897811E-11 0.00000000E+00
3.5791E+04 1.07177336E-11 0.00000000E+00
3.5814E+04 1.17996422E-11 0.00000000E+00
3.5838E+04 1.16028667E-11 0.00000000E+00
3.5861E+04 1.05170246E-11 0.00000000E+00
3.5885E+04 1.11323604E-11 0.00000000E+00
3.5908E+04 1.17156227E-11 0.00000000E+00
3.5932E+04 1.06141808E-11 0.00000000E+00
3.5956E+04 1.03920253E-11 0.00000000E+00
3.5979E+04 1.13447549E-11 0.00000000E+00
3.6003E+04 1.07999422E-11 0.00000000E+00
3.6026E+04 9.85414649E-12 0.00000000E+00
3.6050E+04 1.05627165E-11 0.00000000E+00
3.6073E+04 1.07872192E-11 0.00000000E+00
3.6097E+04 9.62657312E-12 0.00000000E+00
3.6120E+04 9.64499339E-12 0.00000000E+00
3.6144E+04 1.03949749E-11 0.00000000E+00
3.6168E+04 9.60583119E-12 0.00000000E+00
3.6191E+04 8.90165838E-12 0.00000000E+00
3.6215E+04 9.65766869E-12 0.00000000E+00
3.6238E+04 9.57248518E-12 0.00000000E+00
3.6262E+04 8.51112843E-12 0.00000000E+00
3.6285E+04 8.79646335E-12 0.00000000E+00
3.6309E+04 9.34330191E-12 0.00000000E+00
3.6333E+04 8.45476562E-12 0.00000000E+00
3.6356E+04 8.08978139E-12 0.00000000E+00
3.6380E+04 8.87680535E-12 0.00000000E+00
3.6403E+04 8.56596062E-12 0.00000000E+00
3.6427E+04 7.73404374E-12 0.00000000E+00
3.6450E+04 8.28387743E-12 0.00000000E+00
3.6474E+04 8.63862326E-12 0.00000000E+00
3.6497E+04 7.76407304E-12 0.00000000E+00
3.6521E+04 7.76119028E-12 0.00000000E+00
3.6545E+04 8.53100753E-12 0.00000000E+00
3.6568E+04 8.05153278E-12 0.00000000E+00
3.6592E+04 7.49189530E-12 0.00000000E+00
3.6615E+04 8.22694706E-12 0.00000000E+00
3.6639E+04 8.36861338E-12 0.00000000E+00
3.6662E+04 7.55278693E-12 0.00000000E+00
3.6686E+04 7.83737036E-12 0.00000000E+00
3.6710E+04 8.49329469E-12 0.00000000E+00
3.6733E+04 7.86304305E-12 0.00000000E+00
3.6757E+04 7.53654965E-12 0.00000000E+00
3.6780E+04 8.31726664E-12 0.00000000E+00
3.6804E+04 8.20751865E-12 0.00000000E+00
3.6827E+04 7.45368316E-12 0.00000000E+00
3.6851E+04 7.89998210E-12 0.00000000E+00
3.6874E+04 8.34033376E-12 0.00000000E+00
3.6898E+04 7.57928594E-12 0.00000000E+00
3.6922E+04 7.42608058E-12 0.00000000E+00
3.6945E+04 8.11987301E-12 0.00000000E+00
3.6969E+04 7.75523019E-12 0.00000000E+00
3.6992E+04 7.08354033E-12 0.00000000E+00
3.7016E+04 7.58892471E-12 0.00000000E+00
3.7039E+04 7.76738760E-12 0.00000000E+00
3.7063E+04 6.94341326E-12 0.00000000E+00
3.7087E+04 6.94187470E-12 0.00000000E+00
3.7110E+04 7.48140856E-12 0.00000000E+00
3.7134E+04 6.92601761E-12 0.00000000E+00
3.7157E+04 6.40240784E-12 0.00000000E+00
3.7181E+04 6.92601015E-12 0.00000000E+00
3.7204E+04 6.87178323E-12 0.00000000E+00
3.7228E+04 6.09932191E-12 0.00000000E+00
3.7251E+04 6.27067105E-12 0.00000000E+00
3.7275E+04 6.65590128E-12 0.00000000E+00
3.7299E+04 6.01899470E-12 0.00000000E+00
3.7322E+04 5.72510096E-12 0.00000000E+00
3.7346E+04 6.26446443E-12 0.00000000E+00
3.7369E+04 6.04606127E-12 0.00000000E+00
3.7393E+04 5.43393082E-12 0.00000000E+00
3.7416E+04 5.79417215E-12 0.00000000E+00
3.7440E+04 6.04542077E-12 0.00000000E+00
3.7463E+04 5.42246470E-12 0.00000000E+00
3.7487E+04 5.39503062E-12 0.00000000E+00
3.7511E+04 5.93248600E-12 0.00000000E+00
3.7534E+04 5.60249285E-12 0.00000000E+00
3.7558E+04 5.19715326E-12 0.00000000E+00
3.7581E+04 5.70699978E-12 0.00000000E+00
3.7605E+04 5.81966901E-12 0.00000000E+00
3.7628E+04 5.25064777E-12 0.00000000E+00
3.7652E+04 5.44783518E-12 0.00000000E+00
3.7676E+04 5.92263656E-12 0.00000000E+00
3.7699E+04 5.49535859E-12 0.00000000E+00
3.7723E+04 5.27048722E-12 0.00000000E+00
3.7746E+04 5.83292805E-12 0.00000000E+00
3.7770E+04 5.77698776E-12 0.00000000E+00
3.7793E+04 5.25729162E-12 0.00000000E+00
3.7817E+04 5.58334194E-12 0.00000000E+00
3.7840E+04 5.91599089E-12 0.00000000E+00
3.7864E+04 5.39430187E-12 0.00000000E+00
3.7888E+04 5.29394179E-12 0.00000000E+00
3.7911E+04 5.80212329E-12 0.00000000E+00
3.7935E+04 5.56202751E-12 0.00000000E+00
3.7958E+04 5.09046556E-12 0.00000000E+00
3.7982E+04 5.45614180E-12 0.00000000E+00
3.8005E+04 5.59938153E-12 0.00000000E+00
3.8029E+04 5.01807372E-12 0.00000000E+00
3.8053E+04 5.01182811E-12 0.00000000E+00
3.8076E+04 5.40350576E-12 0.00000000E+00
3.8100E+04 5.01444940E-12 0.00000000E+00
3.8123E+04 4.62877482E-12 0.00000000E+00
3.8147E+04 4.99446890E-12 0.00000000E+00
3.8170E+04 4.96143352E-12 0.00000000E+00
3.8194E+04 4.39950736E-12 0.00000000E+00
3.8217E+04 4.50000762E-12 0.00000000E+00
3.8241E+04 4.77187455E-12 0.00000000E+00
3.8265E+04 4.31366323E-12 0.00000000E+00
3.8288E+04 4.07825511E-12 0.00000000E+00
3.8312E+04 4.44629933E-12 0.00000000E+00
3.8335E+04 4.29075780E-12 0.00000000E+00
3.8359E+04 3.83699996E-12 0.00000000E+00
3.8382E+04 4.06782905E-12 0.00000000E+00
3.8406E+04 4.24315193E-12 0.00000000E+00
3.8430E+04 3.79562524E-12 0.00000000E+00
3.8453E+04 3.75314741E-12 0.00000000E+00
3.8477E+04 4.12442250E-12 0.00000000E+00
3.8500E+04 3.89457290E-12 0.00000000E+00
3.8524E+04 3.59688084E-12 0.00000000E+00
3.8547E+04 3.94572844E-12 0.00000000E+00
3.8571E+04 4.03156583E-12 0.00000000E+00
3.8594E+04 3.63265675E-12 0.00000000E+00
3.8618E+04 3.76577165E-12 0.00000000E+00
3.8642E+04 4.10654911E-12 0.00000000E+00
3.8665E+04 3.81694806E-12 0.00000000E+00
3.8689E+04 3.66154782E-12 0.00000000E+00
3.8712E+04 4.06495233E-12 0.00000000E+00
3.8736E+04 4.04077362E-12 0.00000000E+00
3.8759E+04 3.68463269E-12 0.00000000E+00
3.8783E+04 3.92355074E-12 0.00000000E+00
3.8807E+04 4.17439862E-12 0.00000000E+00
3.8830E+04 3.81990990E-12 0.00000000E+00
3.8854E+04 3.75818425E-12 0.00000000E+00
3.8877E+04 4.13212990E-12 0.00000000E+00
3.8901E+04 3.97741966E-12 0.00000000E+00
3.8924E+04 3.65085423E-12 0.00000000E+00
3.8948E+04 3.91941337E-12 0.00000000E+00
3.8971E+04 4.03535556E-12 0.00000000E+00
3.8995E+04 3.62872898E-12 0.00000000E+00
3.9019E+04 3.62534488E-12 0.00000000E+00
3.9042E+04 3.91281496E-12 0.00000000E+00
3.9066E+04 3.64241203E-12 0.00000000E+00
3.9089E+04 3.36197002E-12 0.00000000E+00
3.9113E+04 3.62075733E-12 0.00000000E+00
3.9136E+04 3.60268088E-12 0.00000000E+00
3.9160E+04 3.19503994E-12 0.00000000E+00
3.9184E+04 3.25330317E-12 0.00000000E+00
3.9207E+04 3.44638474E-12 0.00000000E+00
3.9231E+04 3.11609877E-12 0.00000000E+00
3.9254E+04 2.92926651E-12 0.00000000E+00
3.9278E+04 3.18003705E-12 0.00000000E+00
3.9301E+04 3.06808604E-12 0.00000000E+00
3.9325E+04 2.72964299E-12 0.00000000E+00
3.9348E+04 2.87367806E-12 0.00000000E+00
3.9372E+04 2.99433160E-12 0.00000000E+00
3.9396E+04 2.66982876E-12 0.00000000E+00
3.9419E+04 2.61943709E-12 0.00000000E+00
3.9443E+04 2.87288060E-12 0.00000000E+00
3.9466E+04 2.71027975E-12 0.00000000E+00
3.9490E+04 2.48797899E-12 0.00000000E+00
3.9513E+04 2.72238061E-12 0.00000000E+00
3.9537E+04 2.78501310E-12 0.00000000E+00
3.9561E+04 2.50290830E-12 0.00000000E+00
3.9584E+04 2.58893323E-12 0.00000000E+00
3.9608E+04 2.83074865E-12 0.00000000E+00
3.9631E+04 2.63376318E-12 0.00000000E+00
3.9655E+04 2.52483871E-12 0.00000000E+00
3.9678E+04 2.81191091E-12 0.00000000E+00
3.9702E+04 2.80514730E-12 0.00000000E+00
3.9725E+04 2.56200981E-12 0.00000000E+00
3.9749E+04 2.73661914E-12 0.00000000E+00
3.9773E+04 2.92488729E-12 0.00000000E+00
3.9796E+04 2.68618213E-12 0.00000000E+00
3.9820E+04 2.65125049E-12 0.00000000E+00
3.9843E+04 2.92710036E-12 0.00000000E+00
3.9867E+04 2.83018059E-12 0.00000000E+00
3.9890E+04 2.60758164E-12 0.00000000E+00
3.9914E+04 2.80750960E-12 0.00000000E+00
3.9937E+04 2.90185914E-12 0.00000000E+00
3.9961E+04 2.62054700E-12 0.00000000E+00
3.9985E+04 2.62287303E-12 0.00000000E+00
