0.0000E+00 0.00000000E+00 0.00000000E+00
2.3562E+01 0.00000000E+00 0.00000000E+00
4.7124E+01 0.00000000E+00 0.00000000E+00
7.0686E+01 0.00000000E+00 0.00000000E+00
9.4248E+01 0.00000000E+00 0.00000000E+00
1.1781E+02 0.00000000E+00 0.00000000E+00
1.4137E+02 0.00000000E+00 0.00000000E+00
1.6493E+02 0.00000000E+00 0.00000000E+00
1.8850E+02 0.00000000E+00 0.00000000E+00
2.1206E+02 0.00000000E+00 0.00000000E+00
2.3562E+02 0.00000000E+00 0.00000000E+00
2.5918E+02 1.76836152E-272 0.00000000E+00
2.8274E+02 2.31886695E-219 0.00000000E+00
3.0631E+02 1.33150693E-176 0.00000000E+00
3.2987E+02 3.65140761E-141 0.00000000E+00
3.5343E+02 1.86516633E-111 0.00000000E+00
3.7699E+02 1.57696960E-86 0.00000000E+00
4.0055E+02 8.69767446E-66 0.00000000E+00
4.2412E+02 7.25724275E-49 0.00000000E+00
4.4768E+02 1.38825947E-35 0.00000000E+00
4.7124E+02 5.76156237E-26 0.00000000E+00
4.9480E+02 2.16735543E-20 0.00000000E+00
5.1836E+02 2.53929413E-19 0.00000000E+00
5.4192E+02 7.11100703E-19 0.00000000E+00
5.6549E+02 9.12921440E-19 0.00000000E+00
5.8905E+02 1.22370786E-18 0.00000000E+00
6.1261E+02 2.18765704E-18 0.00000000E+00
6.3617E+02 3.76054365E-18 0.00000000E+00
6.5973E+02 5.22360028E-18 0.00000000E+00
6.8330E+02 7.83089632E-18 0.00000000E+00
7.0686E+02 1.40920003E-17 0.00000000E+00
7.3042E+02 2.08582171E-17 0.00000000E+00
7.5398E+02 2.65684562E-17 0.00000000E+00
7.7754E+02 4.15503833E-17 0.00000000E+00
8.0111E+02 6.54833058E-17 0.00000000E+00
8.2467E+02 8.28087956E-17 0.00000000E+00
8.4823E+02 1.10298490E-16 0.00000000E+00
8.7179E+02 1.76674066E-16 0.00000000E+00
8.9535E+02 2.44369077E-16 0.00000000E+00
9.1892E+02 2.98299236E-16 0.00000000E+00
9.4248E+02 4.43338698E-16 0.00000000E+00
9.6604E+02 6.79560908E-16 0.00000000E+00
9.8960E+02 8.44066404E-16 0.00000000E+00
1.0132E+03 1.09983323E-15 0.00000000E+00
1.0367E+03 1.73452510E-15 0.00000000E+00
1.0603E+03 2.37178142E-15 0.00000000E+00
1.0838E+03 2.84861775E-15 0.00000000E+00
1.1074E+03 4.15822075E-15 0.00000000E+00
1.1310E+03 6.26049999E-15 0.00000000E+00
1.1545E+03 7.68898532E-15 0.00000000E+00
1.1781E+03 9.85383560E-15 0.00000000E+00
1.2017E+03 1.51918399E-14 0.00000000E+00
1.2252E+03 2.04803562E-14 0.00000000E+00
1.2488E+03 2.42716479E-14 0.00000000E+00
1.2723E+03 3.45808095E-14 0.00000000E+00
1.2959E+03 5.10050627E-14 0.00000000E+00
1.3195E+03 6.18257459E-14 0.00000000E+00
1.3430E+03 7.75989256E-14 0.00000000E+00
1.3666E+03 1.16511840E-13 0.00000000E+00
1.3902E+03 1.54430342E-13 0.00000000E+00
1.4137E+03 1.80166452E-13 0.00000000E+00
1.4373E+03 2.49998314E-13 0.00000000E+00
1.4608E+03 3.60812628E-13 0.00000000E+00
1.4844E+03 4.31362345E-13 0.00000000E+00
1.5080E+03 5.30473468E-13 0.00000000E+00
1.5315E+03 7.76832784E-13 0.00000000E+00
1.5551E+03 1.01308016E-12 0.00000000E+00
1.5787E+03 1.16436407E-12 0.00000000E+00
1.6022E+03 1.57692318E-12 0.00000000E+00
1.6258E+03 2.22944481E-12 0.00000000E+00
1.6493E+03 2.62957366E-12 0.00000000E+00
1.6729E+03 3.17227002E-12 0.00000000E+00
1.6965E+03 4.53570054E-12 0.00000000E+00
1.7200E+03 5.82127087E-12 0.00000000E+00
1.7436E+03 6.59465345E-12 0.00000000E+00
1.7671E+03 8.72603410E-12 0.00000000E+00
1.7907E+03 1.20884010E-11 0.00000000E+00
1.8143E+03 1.40662534E-11 0.00000000E+00
1.8378E+03 1.66555710E-11 0.00000000E+00
1.8614E+03 2.32592957E-11 0.00000000E+00
1.8850E+03 2.93710290E-11 0.00000000E+00
1.9085E+03 3.27968476E-11 0.00000000E+00
1.9321E+03 4.24210738E-11 0.00000000E+00
1.9556E+03 5.75799750E-11 0.00000000E+00
1.9792E+03 6.60825085E-11 0.00000000E+00
2.0028E+03 7.68285393E-11 0.00000000E+00
2.0263E+03 1.04831024E-10 0.00000000E+00
2.0499E+03 1.30216575E-10 0.00000000E+00
2.0735E+03 1.43322813E-10 0.00000000E+00
2.0970E+03 1.81335143E-10 0.00000000E+00
2.1206E+03 2.41194641E-10 0.00000000E+00
2.1441E+03 2.72955766E-10 0.00000000E+00
2.1677E+03 3.11738329E-10 0.00000000E+00
2.1913E+03 4.15862077E-10 0.00000000E+00
2.2148E+03 5.08080110E-10 0.00000000E+00
2.2384E+03 5.51240046E-10 0.00000000E+00
2.2619E+03 6.82770341E-10 0.00000000E+00
2.2855E+03 8.90173287E-10 0.00000000E+00
2.3091E+03 9.93203962E-10 0.00000000E+00
2.3326E+03 1.11487103E-09 0.00000000E+00
2.3562E+03 1.45507387E-09 0.00000000E+00
2.3798E+03 1.74847142E-09 0.00000000E+00
2.4033E+03 1.87005930E-09 0.00000000E+00
2.4269E+03 2.26947712E-09 0.00000000E+00
2.4504E+03 2.90132405E-09 0.00000000E+00
2.4740E+03 3.19111470E-09 0.00000000E+00
2.4976E+03 3.52245492E-09 0.00000000E+00
2.5211E+03 4.50146873E-09 0.00000000E+00
2.5447E+03 5.32030522E-09 0.00000000E+00
2.5683E+03 5.60992964E-09 0.00000000E+00
2.5918E+03 6.67663233E-09 0.00000000E+00
2.6154E+03 8.37351243E-09 0.00000000E+00
2.6389E+03 9.07833638E-09 0.00000000E+00
2.6625E+03 9.85980983E-09 0.00000000E+00
2.6861E+03 1.23488290E-08 0.00000000E+00
2.7096E+03 1.43578047E-08 0.00000000E+00
2.7332E+03 1.49276771E-08 0.00000000E+00
2.7567E+03 1.74401615E-08 0.00000000E+00
2.7803E+03 2.14712875E-08 0.00000000E+00
2.8039E+03 2.29470204E-08 0.00000000E+00
2.8274E+03 2.45367204E-08 0.00000000E+00
2.8510E+03 3.01495907E-08 0.00000000E+00
2.8746E+03 3.44956230E-08 0.00000000E+00
2.8981E+03 3.53712579E-08 0.00000000E+00
2.9217E+03 4.06099999E-08 0.00000000E+00
2.9452E+03 4.91190314E-08 0.00000000E+00
2.9688E+03 5.17569832E-08 0.00000000E+00
2.9924E+03 5.45241260E-08 0.00000000E+00
3.0159E+03 6.58077026E-08 0.00000000E+00
3.0395E+03 7.41312421E-08 0.00000000E+00
3.0631E+03 7.49933635E-08 0.00000000E+00
3.0866E+03 8.47090962E-08 0.00000000E+00
3.1102E+03 1.00759282E-07 0.00000000E+00
3.1337E+03 1.04717067E-07 0.00000000E+00
3.1573E+03 1.08769426E-07 0.00000000E+00
3.1809E+03 1.29117511E-07 0.00000000E+00
3.2044E+03 1.43306822E-07 0.00000000E+00
3.2280E+03 1.43101696E-07 0.00000000E+00
3.2515E+03 1.59223835E-07 0.00000000E+00
3.2751E+03 1.86470306E-07 0.00000000E+00
3.2987E+03 1.91256563E-07 0.00000000E+00
3.3222E+03 1.96046373E-07 0.00000000E+00
3.3458E+03 2.29213136E-07 0.00000000E+00
3.3694E+03 2.50898726E-07 0.00000000E+00
3.3929E+03 2.47477898E-07 0.00000000E+00
3.4165E+03 2.71587817E-07 0.00000000E+00
3.4400E+03 3.13577241E-07 0.00000000E+00
3.4636E+03 3.17687398E-07 0.00000000E+00
3.4872E+03 3.21678589E-07 0.00000000E+00
3.5107E+03 3.70978629E-07 0.00000000E+00
3.5343E+03 4.00973537E-07 0.00000000E+00
3.5579E+03 3.91027071E-07 0.00000000E+00
3.5814E+03 4.23792167E-07 0.00000000E+00
3.6050E+03 4.83141516E-07 0.00000000E+00
3.6285E+03 4.84030673E-07 0.00000000E+00
3.6521E+03 4.84656707E-07 0.00000000E+00
3.6757E+03 5.52154674E-07 0.00000000E+00
3.6992E+03 5.90164189E-07 0.00000000E+00
3.7228E+03 5.69632523E-07 0.00000000E+00
3.7463E+03 6.10459821E-07 0.00000000E+00
3.7699E+03 6.88289613E-07 0.00000000E+00
3.7935E+03 6.82841726E-07 0.00000000E+00
3.8170E+03 6.76848666E-07 0.00000000E+00
3.8406E+03 7.62876263E-07 0.00000000E+00
3.8642E+03 8.07681871E-07 0.00000000E+00
3.8877E+03 7.72567805E-07 0.00000000E+00
3.9113E+03 8.19617055E-07 0.00000000E+00
3.9348E+03 9.15481466E-07 0.00000000E+00
3.9584E+03 9.00839332E-07 0.00000000E+00
3.9820E+03 8.84876148E-07 0.00000000E+00
4.0055E+03 9.88029781E-07 0.00000000E+00
4.0291E+03 1.03806252E-06 0.00000000E+00
4.0527E+03 9.85311060E-07 0.00000000E+00
4.0762E+03 1.03580561E-06 0.00000000E+00
4.0998E+03 1.14807258E-06 0.00000000E+00
4.1233E+03 1.12246158E-06 0.00000000E+00
4.1469E+03 1.09364602E-06 0.00000000E+00
4.1705E+03 1.21116930E-06 0.00000000E+00
4.1940E+03 1.26516137E-06 0.00000000E+00
4.2176E+03 1.19324442E-06 0.00000000E+00
4.2412E+03 1.24390170E-06 0.00000000E+00
4.2647E+03 1.37032150E-06 0.00000000E+00
4.2883E+03 1.33351909E-06 0.00000000E+00
4.3118E+03 1.28977650E-06 0.00000000E+00
4.3354E+03 1.41810207E-06 0.00000000E+00
4.3590E+03 1.47550953E-06 0.00000000E+00
4.3825E+03 1.38455456E-06 0.00000000E+00
4.4061E+03 1.43198742E-06 0.00000000E+00
4.4296E+03 1.57018019E-06 0.00000000E+00
4.4532E+03 1.52351027E-06 0.00000000E+00
4.4768E+03 1.46366245E-06 0.00000000E+00
4.5003E+03 1.59891908E-06 0.00000000E+00
4.5239E+03 1.65999239E-06 0.00000000E+00
4.5475E+03 1.55154029E-06 0.00000000E+00
4.5710E+03 1.59257316E-06 0.00000000E+00
4.5946E+03 1.74030308E-06 0.00000000E+00
4.6181E+03 1.68626767E-06 0.00000000E+00
4.6417E+03 1.60997040E-06 0.00000000E+00
4.6653E+03 1.74836191E-06 0.00000000E+00
4.6888E+03 1.81393111E-06 0.00000000E+00
4.7124E+03 1.69051976E-06 0.00000000E+00
4.7360E+03 1.72241756E-06 0.00000000E+00
4.7595E+03 1.87766139E-06 0.00000000E+00
4.7831E+03 1.81941494E-06 0.00000000E+00
4.8066E+03 1.72704205E-06 0.00000000E+00
4.8302E+03 1.86508061E-06 0.00000000E+00
4.8538E+03 1.93620459E-06 0.00000000E+00
4.8773E+03 1.80093880E-06 0.00000000E+00
4.9009E+03 1.82154832E-06 0.00000000E+00
4.9244E+03 1.98243303E-06 0.00000000E+00
4.9480E+03 1.92326921E-06 0.00000000E+00
4.9716E+03 1.81578335E-06 0.00000000E+00
4.9951E+03 1.95039646E-06 0.00000000E+00
5.0187E+03 2.02801176E-06 0.00000000E+00
5.0423E+03 1.88419767E-06 0.00000000E+00
5.0658E+03 1.89200079E-06 0.00000000E+00
5.0894E+03 2.05669389E-06 0.00000000E+00
5.1129E+03 1.99963918E-06 0.00000000E+00
5.1365E+03 1.87845800E-06 0.00000000E+00
5.1601E+03 2.00701073E-06 0.00000000E+00
5.1836E+03 2.09166655E-06 0.00000000E+00
5.2072E+03 1.94253724E-06 0.00000000E+00
5.2308E+03 1.93663773E-06 0.00000000E+00
5.2543E+03 2.10326045E-06 0.00000000E+00
5.2779E+03 2.05081125E-06 0.00000000E+00
5.3014E+03 1.91768401E-06 0.00000000E+00
5.3250E+03 2.03797455E-06 0.00000000E+00
5.3486E+03 2.12969589E-06 0.00000000E+00
5.3721E+03 1.97823497E-06 0.00000000E+00
5.3957E+03 1.95832433E-06 0.00000000E+00
5.4192E+03 2.12493812E-06 0.00000000E+00
5.4428E+03 2.07894253E-06 0.00000000E+00
5.4664E+03 1.93585806E-06 0.00000000E+00
5.4899E+03 2.04614098E-06 0.00000000E+00
5.5135E+03 2.14442844E-06 0.00000000E+00
5.5371E+03 1.99328362E-06 0.00000000E+00
5.5606E+03 1.95962357E-06 0.00000000E+00
5.5842E+03 2.12431230E-06 0.00000000E+00
5.6077E+03 2.08597406E-06 0.00000000E+00
5.6313E+03 1.93510274E-06 0.00000000E+00
5.6549E+03 2.03416108E-06 0.00000000E+00
5.6784E+03 2.13810822E-06 0.00000000E+00
5.7020E+03 1.98956761E-06 0.00000000E+00
5.7256E+03 1.94298670E-06 0.00000000E+00
5.7491E+03 2.10401688E-06 0.00000000E+00
5.7727E+03 2.07398288E-06 0.00000000E+00
5.7962E+03 1.91762400E-06 0.00000000E+00
5.8198E+03 2.00485846E-06 0.00000000E+00
5.8434E+03 2.11334155E-06 0.00000000E+00
5.8669E+03 1.96933253E-06 0.00000000E+00
5.8905E+03 1.91119057E-06 0.00000000E+00
5.9140E+03 2.06718826E-06 0.00000000E+00
5.9376E+03 2.04567211E-06 0.00000000E+00
5.9612E+03 1.88616289E-06 0.00000000E+00
5.9847E+03 1.96162561E-06 0.00000000E+00
6.0083E+03 2.07349872E-06 0.00000000E+00
6.0319E+03 1.93557429E-06 0.00000000E+00
6.0554E+03 1.86763833E-06 0.00000000E+00
6.0790E+03 2.01769872E-06 0.00000000E+00
6.1025E+03 2.00459464E-06 0.00000000E+00
6.1261E+03 1.84415832E-06 0.00000000E+00
6.1497E+03 1.90846486E-06 0.00000000E+00
6.1732E+03 2.02269240E-06 0.00000000E+00
6.1968E+03 1.89199523E-06 0.00000000E+00
6.2204E+03 1.81621306E-06 0.00000000E+00
6.2439E+03 1.95988213E-06 0.00000000E+00
6.2675E+03 1.95484172E-06 0.00000000E+00
6.2910E+03 1.79540155E-06 0.00000000E+00
6.3146E+03 1.84951609E-06 0.00000000E+00
6.3382E+03 1.96520770E-06 0.00000000E+00
6.3617E+03 1.84243499E-06 0.00000000E+00
6.3853E+03 1.76066290E-06 0.00000000E+00
6.4088E+03 1.89779811E-06 0.00000000E+00
6.4324E+03 1.90027203E-06 0.00000000E+00
6.4560E+03 1.74330173E-06 0.00000000E+00
6.4795E+03 1.78827011E-06 0.00000000E+00
6.5031E+03 1.90463684E-06 0.00000000E+00
6.5267E+03 1.79004641E-06 0.00000000E+00
6.5502E+03 1.70383457E-06 0.00000000E+00
6.5738E+03 1.83442130E-06 0.00000000E+00
6.5973E+03 1.84369228E-06 0.00000000E+00
6.6209E+03 1.69017313E-06 0.00000000E+00
6.6445E+03 1.72691804E-06 0.00000000E+00
6.6680E+03 1.84321014E-06 0.00000000E+00
6.6916E+03 1.73669459E-06 0.00000000E+00
6.7152E+03 1.64721511E-06 0.00000000E+00
6.7387E+03 1.77123824E-06 0.00000000E+00
6.7623E+03 1.78647421E-06 0.00000000E+00
6.7858E+03 1.63697980E-06 0.00000000E+00
6.8094E+03 1.66623876E-06 0.00000000E+00
6.8330E+03 1.78172675E-06 0.00000000E+00
6.8565E+03 1.68294574E-06 0.00000000E+00
6.8801E+03 1.59107346E-06 0.00000000E+00
6.9036E+03 1.70850324E-06 0.00000000E+00
6.9272E+03 1.72884043E-06 0.00000000E+00
6.9508E+03 1.58370063E-06 0.00000000E+00
6.9743E+03 1.60610779E-06 0.00000000E+00
6.9979E+03 1.72013045E-06 0.00000000E+00
7.0215E+03 1.62865642E-06 0.00000000E+00
7.0450E+03 1.53513085E-06 0.00000000E+00
7.0686E+03 1.64600592E-06 0.00000000E+00
7.0921E+03 1.67064508E-06 0.00000000E+00
7.1157E+03 1.53010873E-06 0.00000000E+00
7.1393E+03 1.54632600E-06 0.00000000E+00
7.1628E+03 1.65837583E-06 0.00000000E+00
7.1864E+03 1.57380288E-06 0.00000000E+00
7.2100E+03 1.47935849E-06 0.00000000E+00
7.2335E+03 1.58388515E-06 0.00000000E+00
7.2571E+03 1.61216145E-06 0.00000000E+00
7.2806E+03 1.47647239E-06 0.00000000E+00
7.3042E+03 1.48727112E-06 0.00000000E+00
7.3278E+03 1.59705170E-06 0.00000000E+00
7.3513E+03 1.51902796E-06 0.00000000E+00
7.3749E+03 1.42441686E-06 0.00000000E+00
7.3985E+03 1.52299444E-06 0.00000000E+00
7.4220E+03 1.55439294E-06 0.00000000E+00
7.4456E+03 1.42376613E-06 0.00000000E+00
7.4691E+03 1.42998826E-06 0.00000000E+00
7.4927E+03 1.53739844E-06 0.00000000E+00
7.5163E+03 1.46559160E-06 0.00000000E+00
7.5398E+03 1.37149542E-06 0.00000000E+00
7.5634E+03 1.46463539E-06 0.00000000E+00
7.5869E+03 1.49874573E-06 0.00000000E+00
7.6105E+03 1.37328422E-06 0.00000000E+00
7.6341E+03 1.37570858E-06 0.00000000E+00
7.6576E+03 1.48074917E-06 0.00000000E+00
7.6812E+03 1.41478660E-06 0.00000000E+00
7.7048E+03 1.32169503E-06 0.00000000E+00
7.7283E+03 1.40987505E-06 0.00000000E+00
7.7519E+03 1.44631681E-06 0.00000000E+00
7.7754E+03 1.32594569E-06 0.00000000E+00
7.7990E+03 1.32515068E-06 0.00000000E+00
7.8226E+03 1.42780656E-06 0.00000000E+00
7.8461E+03 1.36723986E-06 0.00000000E+00
7.8697E+03 1.27538972E-06 0.00000000E+00
7.8933E+03 1.35893410E-06 0.00000000E+00
7.9168E+03 1.39730106E-06 0.00000000E+00
7.9404E+03 1.28177904E-06 0.00000000E+00
7.9639E+03 1.27809860E-06 0.00000000E+00
7.9875E+03 1.37826882E-06 0.00000000E+00
8.0111E+03 1.32259497E-06 0.00000000E+00
8.0346E+03 1.23202326E-06 0.00000000E+00
8.0582E+03 1.31108651E-06 0.00000000E+00
8.0817E+03 1.35094513E-06 0.00000000E+00
8.1053E+03 1.23995662E-06 0.00000000E+00
8.1289E+03 1.23356154E-06 0.00000000E+00
8.1524E+03 1.33107750E-06 0.00000000E+00
8.1760E+03 1.27980668E-06 0.00000000E+00
8.1996E+03 1.19048940E-06 0.00000000E+00
8.2231E+03 1.26514924E-06 0.00000000E+00
8.2467E+03 1.30608936E-06 0.00000000E+00
8.2702E+03 1.19936220E-06 0.00000000E+00
8.2938E+03 1.19041309E-06 0.00000000E+00
8.3174E+03 1.28512541E-06 0.00000000E+00
8.3409E+03 1.23785184E-06 0.00000000E+00
8.3645E+03 1.14984157E-06 0.00000000E+00
8.3881E+03 1.22023395E-06 0.00000000E+00
8.4116E+03 1.26193421E-06 0.00000000E+00
8.4352E+03 1.15931185E-06 0.00000000E+00
8.4587E+03 1.14808383E-06 0.00000000E+00
8.4823E+03 1.23995499E-06 0.00000000E+00
8.5059E+03 1.19638756E-06 0.00000000E+00
8.5294E+03 1.10986634E-06 0.00000000E+00
8.5530E+03 1.17627156E-06 0.00000000E+00
8.5765E+03 1.21853455E-06 0.00000000E+00
8.6001E+03 1.11996343E-06 0.00000000E+00
8.6237E+03 1.10686512E-06 0.00000000E+00
8.6472E+03 1.19600294E-06 0.00000000E+00
8.6708E+03 1.15593897E-06 0.00000000E+00
8.6944E+03 1.07116118E-06 0.00000000E+00
8.7179E+03 1.13398453E-06 0.00000000E+00
8.7415E+03 1.17671628E-06 0.00000000E+00
8.7650E+03 1.08216382E-06 0.00000000E+00
8.7886E+03 1.06764411E-06 0.00000000E+00
8.8122E+03 1.15425090E-06 0.00000000E+00
8.8357E+03 1.11751060E-06 0.00000000E+00
8.8593E+03 1.03468075E-06 0.00000000E+00
8.8829E+03 1.09434145E-06 0.00000000E+00
8.9064E+03 1.13748492E-06 0.00000000E+00
8.9300E+03 1.04684576E-06 0.00000000E+00
8.9535E+03 1.03125499E-06 0.00000000E+00
8.9771E+03 1.11552376E-06 0.00000000E+00
9.0007E+03 1.08188731E-06 0.00000000E+00
9.0242E+03 1.00105860E-06 0.00000000E+00
9.0478E+03 1.05786265E-06 0.00000000E+00
9.0713E+03 1.10132647E-06 0.00000000E+00
9.0949E+03 1.01438028E-06 0.00000000E+00
9.1185E+03 9.97882131E-07 0.00000000E+00
9.1420E+03 1.07990824E-06 0.00000000E+00
9.1656E+03 1.04909571E-06 0.00000000E+00
9.1892E+03 9.70158991E-07 0.00000000E+00
9.2127E+03 1.02424199E-06 0.00000000E+00
9.2363E+03 1.06787027E-06 0.00000000E+00
9.2598E+03 9.84318507E-07 0.00000000E+00
9.2834E+03 9.66911919E-07 0.00000000E+00
9.3070E+03 1.04667751E-06 0.00000000E+00
9.3305E+03 1.01838255E-06 0.00000000E+00
9.3541E+03 9.41151582E-07 0.00000000E+00
9.3777E+03 9.92527150E-07 0.00000000E+00
9.4012E+03 1.03612670E-06 0.00000000E+00
9.4248E+03 9.55681106E-07 0.00000000E+00
9.4483E+03 9.37313913E-07 0.00000000E+00
9.4719E+03 1.01475057E-06 0.00000000E+00
9.4955E+03 9.88701902E-07 0.00000000E+00
9.5190E+03 9.13034887E-07 0.00000000E+00
9.5426E+03 9.61711035E-07 0.00000000E+00
9.5661E+03 1.00511330E-06 0.00000000E+00
9.5897E+03 9.27575414E-07 0.00000000E+00
9.6133E+03 9.08270939E-07 0.00000000E+00
9.6368E+03 9.83353877E-07 0.00000000E+00
9.6604E+03 9.59362149E-07 0.00000000E+00
9.6840E+03 8.85239517E-07 0.00000000E+00
9.7075E+03 9.31322987E-07 0.00000000E+00
9.7311E+03 9.74437411E-07 0.00000000E+00
9.7546E+03 8.99719016E-07 0.00000000E+00
9.7782E+03 8.79633860E-07 0.00000000E+00
9.8018E+03 9.52443761E-07 0.00000000E+00
9.8253E+03 9.30404445E-07 0.00000000E+00
9.8489E+03 8.57917128E-07 0.00000000E+00
9.8725E+03 9.01638979E-07 0.00000000E+00
9.8960E+03 9.44462552E-07 0.00000000E+00
9.9196E+03 8.72538822E-07 0.00000000E+00
9.9431E+03 8.51920093E-07 0.00000000E+00
9.9667E+03 9.22632968E-07 0.00000000E+00
9.9903E+03 9.02485435E-07 0.00000000E+00
1.0014E+04 8.31748296E-07 0.00000000E+00
1.0037E+04 8.73398620E-07 0.00000000E+00
1.0061E+04 9.15975659E-07 0.00000000E+00
1.0085E+04 8.46805467E-07 0.00000000E+00
1.0108E+04 8.25882287E-07 0.00000000E+00
1.0132E+04 8.94696404E-07 0.00000000E+00
1.0155E+04 8.76366277E-07 0.00000000E+00
1.0179E+04 8.07418505E-07 0.00000000E+00
1.0202E+04 8.47238416E-07 0.00000000E+00
1.0226E+04 8.89597440E-07 0.00000000E+00
1.0249E+04 8.23064390E-07 0.00000000E+00
1.0273E+04 8.01950190E-07 0.00000000E+00
1.0297E+04 8.69001270E-07 0.00000000E+00
1.0320E+04 8.52363521E-07 0.00000000E+00
1.0344E+04 7.85123477E-07 0.00000000E+00
1.0367E+04 8.23229619E-07 0.00000000E+00
1.0391E+04 8.65339848E-07 0.00000000E+00
1.0414E+04 8.01251754E-07 0.00000000E+00
1.0438E+04 7.79923336E-07 0.00000000E+00
1.0462E+04 8.45245862E-07 0.00000000E+00
1.0485E+04 8.30131564E-07 0.00000000E+00
1.0509E+04 7.64433623E-07 0.00000000E+00
1.0532E+04 8.00824851E-07 0.00000000E+00
1.0556E+04 8.42600079E-07 0.00000000E+00
1.0579E+04 7.80743374E-07 0.00000000E+00
1.0603E+04 7.59106549E-07 0.00000000E+00
1.0626E+04 8.22664175E-07 0.00000000E+00
1.0650E+04 8.08902891E-07 0.00000000E+00
1.0674E+04 7.44585984E-07 0.00000000E+00
1.0697E+04 7.79222114E-07 0.00000000E+00
1.0721E+04 8.20565245E-07 0.00000000E+00
1.0744E+04 7.60773400E-07 0.00000000E+00
1.0768E+04 7.38764805E-07 0.00000000E+00
1.0791E+04 8.00523771E-07 0.00000000E+00
1.0815E+04 7.87989706E-07 0.00000000E+00
1.0838E+04 7.24974262E-07 0.00000000E+00
1.0862E+04 7.57868422E-07 0.00000000E+00
1.0886E+04 7.98723017E-07 0.00000000E+00
1.0909E+04 7.40912068E-07 0.00000000E+00
1.0933E+04 7.18566614E-07 0.00000000E+00
1.0956E+04 7.78559469E-07 0.00000000E+00
1.0980E+04 7.67190175E-07 0.00000000E+00
1.1003E+04 7.05493944E-07 0.00000000E+00
1.1027E+04 7.36756244E-07 0.00000000E+00
1.1051E+04 7.77130043E-07 0.00000000E+00
1.1074E+04 7.21281018E-07 0.00000000E+00
1.1098E+04 6.98724023E-07 0.00000000E+00
1.1121E+04 7.57061991E-07 0.00000000E+00
1.1145E+04 7.46839532E-07 0.00000000E+00
1.1168E+04 6.86527971E-07 0.00000000E+00
1.1192E+04 7.16335973E-07 0.00000000E+00
1.1215E+04 7.56282370E-07 0.00000000E+00
1.1239E+04 7.02386892E-07 0.00000000E+00
1.1263E+04 6.79763262E-07 0.00000000E+00
1.1286E+04 7.36592639E-07 0.00000000E+00
1.1310E+04 7.27501764E-07 0.00000000E+00
1.1333E+04 6.68611777E-07 0.00000000E+00
1.1357E+04 6.97133669E-07 0.00000000E+00
1.1380E+04 7.36705499E-07 0.00000000E+00
1.1404E+04 6.84713118E-07 0.00000000E+00
1.1428E+04 6.62106609E-07 0.00000000E+00
1.1451E+04 7.17542550E-07 0.00000000E+00
1.1475E+04 7.09534407E-07 0.00000000E+00
1.1498E+04 6.52024856E-07 0.00000000E+00
1.1522E+04 6.79351615E-07 0.00000000E+00
1.1545E+04 7.18560107E-07 0.00000000E+00
1.1569E+04 6.68362242E-07 0.00000000E+00
1.1592E+04 6.45761185E-07 0.00000000E+00
1.1616E+04 6.99846485E-07 0.00000000E+00
1.1640E+04 6.92831834E-07 0.00000000E+00
1.1663E+04 6.36592803E-07 0.00000000E+00
1.1687E+04 6.62726304E-07 0.00000000E+00
1.1710E+04 7.01533608E-07 0.00000000E+00
1.1734E+04 6.52992230E-07 0.00000000E+00
1.1757E+04 6.30322428E-07 0.00000000E+00
1.1781E+04 6.83038768E-07 0.00000000E+00
1.1805E+04 6.76913315E-07 0.00000000E+00
1.1828E+04 6.21823110E-07 0.00000000E+00
1.1852E+04 6.46724505E-07 0.00000000E+00
1.1875E+04 6.85072633E-07 0.00000000E+00
1.1899E+04 6.38069940E-07 0.00000000E+00
1.1922E+04 6.15266203E-07 0.00000000E+00
1.1946E+04 6.66585675E-07 0.00000000E+00
1.1969E+04 6.61266958E-07 0.00000000E+00
1.1993E+04 6.07252531E-07 0.00000000E+00
1.2017E+04 6.30911548E-07 0.00000000E+00
1.2040E+04 6.68763935E-07 0.00000000E+00
1.2064E+04 6.23236021E-07 0.00000000E+00
1.2087E+04 6.00298330E-07 0.00000000E+00
1.2111E+04 6.50235044E-07 0.00000000E+00
1.2134E+04 6.45683617E-07 0.00000000E+00
1.2158E+04 5.92741529E-07 0.00000000E+00
1.2182E+04 6.15215756E-07 0.00000000E+00
1.2205E+04 6.52580742E-07 0.00000000E+00
1.2229E+04 6.08513175E-07 0.00000000E+00
1.2252E+04 5.85509480E-07 0.00000000E+00
1.2276E+04 6.34134662E-07 0.00000000E+00
1.2299E+04 6.30346088E-07 0.00000000E+00
1.2323E+04 5.78513421E-07 0.00000000E+00
1.2346E+04 5.99912714E-07 0.00000000E+00
1.2370E+04 6.36833704E-07 0.00000000E+00
1.2394E+04 5.94225881E-07 0.00000000E+00
1.2417E+04 5.71244975E-07 0.00000000E+00
1.2441E+04 6.18657772E-07 0.00000000E+00
1.2464E+04 6.15633199E-07 0.00000000E+00
1.2488E+04 5.64933850E-07 0.00000000E+00
1.2511E+04 5.85365798E-07 0.00000000E+00
1.2535E+04 6.21886965E-07 0.00000000E+00
1.2559E+04 5.80712694E-07 0.00000000E+00
1.2582E+04 5.57805232E-07 0.00000000E+00
1.2606E+04 6.04083134E-07 0.00000000E+00
1.2629E+04 6.01799892E-07 0.00000000E+00
1.2653E+04 5.52206323E-07 0.00000000E+00
1.2676E+04 5.71725187E-07 0.00000000E+00
1.2700E+04 6.07858241E-07 0.00000000E+00
1.2723E+04 5.68050163E-07 0.00000000E+00
1.2747E+04 5.45201532E-07 0.00000000E+00
1.2771E+04 5.90367972E-07 0.00000000E+00
1.2794E+04 5.88770617E-07 0.00000000E+00
1.2818E+04 5.40207558E-07 0.00000000E+00
1.2841E+04 5.58804532E-07 0.00000000E+00
1.2865E+04 5.94521095E-07 0.00000000E+00
1.2888E+04 5.55988467E-07 0.00000000E+00
1.2912E+04 5.33142044E-07 0.00000000E+00
1.2936E+04 5.77175256E-07 0.00000000E+00
1.2959E+04 5.76192839E-07 0.00000000E+00
1.2983E+04 5.28577937E-07 0.00000000E+00
1.3006E+04 5.46218748E-07 0.00000000E+00
1.3030E+04 5.81473732E-07 0.00000000E+00
1.3053E+04 5.44138766E-07 0.00000000E+00
1.3077E+04 5.21249971E-07 0.00000000E+00
1.3100E+04 5.64125378E-07 0.00000000E+00
1.3124E+04 5.63701266E-07 0.00000000E+00
1.3148E+04 5.16990298E-07 0.00000000E+00
1.3171E+04 5.33669834E-07 0.00000000E+00
1.3195E+04 5.68437283E-07 0.00000000E+00
1.3218E+04 5.32261715E-07 0.00000000E+00
1.3242E+04 5.09340242E-07 0.00000000E+00
1.3265E+04 5.51072779E-07 0.00000000E+00
1.3289E+04 5.51183957E-07 0.00000000E+00
1.3312E+04 5.05385653E-07 0.00000000E+00
1.3336E+04 5.21156926E-07 0.00000000E+00
1.3360E+04 5.55450413E-07 0.00000000E+00
1.3383E+04 5.20432384E-07 0.00000000E+00
1.3407E+04 4.97540445E-07 0.00000000E+00
1.3430E+04 5.38194177E-07 0.00000000E+00
1.3454E+04 5.38845719E-07 0.00000000E+00
1.3477E+04 4.93996039E-07 0.00000000E+00
1.3501E+04 5.08951977E-07 0.00000000E+00
1.3525E+04 5.42814356E-07 0.00000000E+00
1.3548E+04 5.08959295E-07 0.00000000E+00
1.3572E+04 4.86168787E-07 0.00000000E+00
1.3595E+04 5.25827239E-07 0.00000000E+00
1.3619E+04 5.27026912E-07 0.00000000E+00
1.3642E+04 4.83144051E-07 0.00000000E+00
1.3666E+04 4.97367299E-07 0.00000000E+00
1.3689E+04 5.30837957E-07 0.00000000E+00
1.3713E+04 4.98126339E-07 0.00000000E+00
1.3737E+04 4.75468911E-07 0.00000000E+00
1.3760E+04 5.14189091E-07 0.00000000E+00
1.3784E+04 5.15921072E-07 0.00000000E+00
1.3807E+04 4.72975847E-07 0.00000000E+00
1.3831E+04 4.86495357E-07 0.00000000E+00
1.3854E+04 5.19579277E-07 0.00000000E+00
1.3878E+04 4.87954994E-07 0.00000000E+00
1.3902E+04 4.65403208E-07 0.00000000E+00
1.3925E+04 5.03188191E-07 0.00000000E+00
1.3949E+04 5.05404775E-07 0.00000000E+00
1.3972E+04 4.63328342E-07 0.00000000E+00
1.3996E+04 4.76116166E-07 0.00000000E+00
1.4019E+04 5.08777984E-07 0.00000000E+00
1.4043E+04 4.78165371E-07 0.00000000E+00
1.4066E+04 4.55659604E-07 0.00000000E+00
1.4090E+04 4.92471379E-07 0.00000000E+00
1.4114E+04 4.95108918E-07 0.00000000E+00
1.4137E+04 4.53832074E-07 0.00000000E+00
1.4161E+04 4.65844176E-07 0.00000000E+00
1.4184E+04 4.98032994E-07 0.00000000E+00
1.4208E+04 4.68369947E-07 0.00000000E+00
1.4231E+04 4.45871643E-07 0.00000000E+00
1.4255E+04 4.81676423E-07 0.00000000E+00
1.4279E+04 4.84684540E-07 0.00000000E+00
1.4302E+04 4.44179317E-07 0.00000000E+00
1.4326E+04 4.55410854E-07 0.00000000E+00
1.4349E+04 4.87098655E-07 0.00000000E+00
1.4373E+04 4.58361191E-07 0.00000000E+00
1.4396E+04 4.35892365E-07 0.00000000E+00
1.4420E+04 4.70705130E-07 0.00000000E+00
1.4443E+04 4.74067747E-07 0.00000000E+00
1.4467E+04 4.34359291E-07 0.00000000E+00
1.4491E+04 4.44872294E-07 0.00000000E+00
1.4514E+04 4.76077280E-07 0.00000000E+00
1.4538E+04 4.48276424E-07 0.00000000E+00
1.4561E+04 4.25914243E-07 0.00000000E+00
1.4585E+04 4.59808245E-07 0.00000000E+00
1.4608E+04 4.63540194E-07 0.00000000E+00
1.4632E+04 4.24678545E-07 0.00000000E+00
1.4656E+04 4.34579499E-07 0.00000000E+00
1.4679E+04 4.65356034E-07 0.00000000E+00
1.4703E+04 4.38508591E-07 0.00000000E+00
1.4726E+04 4.16337357E-07 0.00000000E+00
1.4750E+04 4.49409974E-07 0.00000000E+00
1.4773E+04 4.53531198E-07 0.00000000E+00
1.4797E+04 4.15543181E-07 0.00000000E+00
1.4820E+04 4.24925630E-07 0.00000000E+00
1.4844E+04 4.55327298E-07 0.00000000E+00
1.4868E+04 4.29422032E-07 0.00000000E+00
1.4891E+04 4.07477416E-07 0.00000000E+00
1.4915E+04 4.39796420E-07 0.00000000E+00
1.4938E+04 4.44302372E-07 0.00000000E+00
1.4962E+04 4.07159188E-07 0.00000000E+00
1.4985E+04 4.16052979E-07 0.00000000E+00
1.5009E+04 4.46095028E-07 0.00000000E+00
1.5033E+04 4.21079089E-07 0.00000000E+00
1.5056E+04 3.99325726E-07 0.00000000E+00
1.5080E+04 4.30894694E-07 0.00000000E+00
1.5103E+04 4.35744049E-07 0.00000000E+00
1.5127E+04 3.99368661E-07 0.00000000E+00
1.5150E+04 4.07733189E-07 0.00000000E+00
1.5174E+04 4.37381323E-07 0.00000000E+00
1.5197E+04 4.13176803E-07 0.00000000E+00
1.5221E+04 3.91536520E-07 0.00000000E+00
1.5245E+04 4.22305125E-07 0.00000000E+00
1.5268E+04 4.27433782E-07 0.00000000E+00
1.5292E+04 3.91743549E-07 0.00000000E+00
1.5315E+04 3.99511511E-07 0.00000000E+00
1.5339E+04 4.28706137E-07 0.00000000E+00
1.5362E+04 4.05245473E-07 0.00000000E+00
1.5386E+04 3.83657370E-07 0.00000000E+00
1.5410E+04 4.13571171E-07 0.00000000E+00
1.5433E+04 4.18923666E-07 0.00000000E+00
1.5457E+04 3.83878599E-07 0.00000000E+00
1.5480E+04 3.91020763E-07 0.00000000E+00
1.5504E+04 4.19721173E-07 0.00000000E+00
1.5527E+04 3.96976879E-07 0.00000000E+00
1.5551E+04 3.75447106E-07 0.00000000E+00
1.5574E+04 4.04502832E-07 0.00000000E+00
1.5598E+04 4.10059727E-07 0.00000000E+00
1.5622E+04 3.75681908E-07 0.00000000E+00
1.5645E+04 3.82246917E-07 0.00000000E+00
1.5669E+04 4.10464622E-07 0.00000000E+00
1.5692E+04 3.88451950E-07 0.00000000E+00
1.5716E+04 3.67056709E-07 0.00000000E+00
1.5739E+04 3.95323162E-07 0.00000000E+00
1.5763E+04 4.01104641E-07 0.00000000E+00
1.5787E+04 3.67453656E-07 0.00000000E+00
1.5810E+04 3.73552850E-07 0.00000000E+00
1.5834E+04 4.01349412E-07 0.00000000E+00
1.5857E+04 3.80099041E-07 0.00000000E+00
1.5881E+04 3.58936760E-07 0.00000000E+00
1.5904E+04 3.86524739E-07 0.00000000E+00
1.5928E+04 3.92566917E-07 0.00000000E+00
1.5951E+04 3.59687496E-07 0.00000000E+00
1.5975E+04 3.65433676E-07 0.00000000E+00
1.5999E+04 3.92883341E-07 0.00000000E+00
1.6022E+04 3.72402879E-07 0.00000000E+00
1.6046E+04 3.51528374E-07 0.00000000E+00
1.6069E+04 3.78529567E-07 0.00000000E+00
1.6093E+04 3.84849787E-07 0.00000000E+00
1.6116E+04 3.52728531E-07 0.00000000E+00
1.6140E+04 3.58171155E-07 0.00000000E+00
1.6163E+04 3.85313938E-07 0.00000000E+00
1.6187E+04 3.65565523E-07 0.00000000E+00
1.6211E+04 3.44952603E-07 0.00000000E+00
1.6234E+04 3.71389947E-07 0.00000000E+00
1.6258E+04 3.77965226E-07 0.00000000E+00
1.6281E+04 3.46527230E-07 0.00000000E+00
1.6305E+04 3.51629608E-07 0.00000000E+00
1.6328E+04 3.78447312E-07 0.00000000E+00
1.6352E+04 3.59357060E-07 0.00000000E+00
1.6376E+04 3.38916240E-07 0.00000000E+00
1.6399E+04 3.64740433E-07 0.00000000E+00
1.6423E+04 3.71513853E-07 0.00000000E+00
1.6446E+04 3.40661930E-07 0.00000000E+00
1.6470E+04 3.45336826E-07 0.00000000E+00
1.6493E+04 3.71768764E-07 0.00000000E+00
1.6517E+04 3.53261534E-07 0.00000000E+00
1.6540E+04 3.32901195E-07 0.00000000E+00
1.6564E+04 3.58036448E-07 0.00000000E+00
1.6588E+04 3.64947335E-07 0.00000000E+00
1.6611E+04 3.34617088E-07 0.00000000E+00
1.6635E+04 3.38797024E-07 0.00000000E+00
1.6658E+04 3.64785361E-07 0.00000000E+00
1.6682E+04 3.46821295E-07 0.00000000E+00
1.6705E+04 3.26510722E-07 0.00000000E+00
1.6729E+04 3.50919192E-07 0.00000000E+00
1.6753E+04 3.57937040E-07 0.00000000E+00
1.6776E+04 3.28130234E-07 0.00000000E+00
1.6800E+04 3.31824661E-07 0.00000000E+00
1.6823E+04 3.57358927E-07 0.00000000E+00
1.6847E+04 3.39947011E-07 0.00000000E+00
1.6870E+04 3.19738004E-07 0.00000000E+00
1.6894E+04 3.43458797E-07 0.00000000E+00
1.6917E+04 3.50597852E-07 0.00000000E+00
1.6941E+04 3.21371013E-07 0.00000000E+00
1.6965E+04 3.24670619E-07 0.00000000E+00
1.6988E+04 3.49800531E-07 0.00000000E+00
1.7012E+04 3.32979639E-07 0.00000000E+00
1.7035E+04 3.12971229E-07 0.00000000E+00
1.7059E+04 3.36106418E-07 0.00000000E+00
1.7082E+04 3.43410420E-07 0.00000000E+00
1.7106E+04 3.14826038E-07 0.00000000E+00
1.7130E+04 3.17850484E-07 0.00000000E+00
1.7153E+04 3.42657587E-07 0.00000000E+00
1.7177E+04 3.26457638E-07 0.00000000E+00
1.7200E+04 3.06727829E-07 0.00000000E+00
1.7224E+04 3.29384575E-07 0.00000000E+00
1.7247E+04 3.36891791E-07 0.00000000E+00
1.7271E+04 3.08965629E-07 0.00000000E+00
1.7294E+04 3.11790574E-07 0.00000000E+00
1.7318E+04 3.36337989E-07 0.00000000E+00
1.7342E+04 3.20747964E-07 0.00000000E+00
1.7365E+04 3.01299641E-07 0.00000000E+00
1.7389E+04 3.23528272E-07 0.00000000E+00
1.7412E+04 3.31240852E-07 0.00000000E+00
1.7436E+04 3.03921704E-07 0.00000000E+00
1.7459E+04 3.06535455E-07 0.00000000E+00
1.7483E+04 3.30830235E-07 0.00000000E+00
1.7507E+04 3.15794875E-07 0.00000000E+00
1.7530E+04 2.96552926E-07 0.00000000E+00
1.7554E+04 3.18323378E-07 0.00000000E+00
1.7577E+04 3.26201711E-07 0.00000000E+00
1.7601E+04 2.99397042E-07 0.00000000E+00
1.7624E+04 3.01716105E-07 0.00000000E+00
1.7648E+04 3.25709530E-07 0.00000000E+00
1.7671E+04 3.11156355E-07 0.00000000E+00
1.7695E+04 2.92017279E-07 0.00000000E+00
1.7719E+04 3.13249377E-07 0.00000000E+00
1.7742E+04 3.21234719E-07 0.00000000E+00
1.7766E+04 2.94863982E-07 0.00000000E+00
1.7789E+04 2.96796202E-07 0.00000000E+00
1.7813E+04 3.20421328E-07 0.00000000E+00
1.7836E+04 3.06299145E-07 0.00000000E+00
1.7860E+04 2.87198843E-07 0.00000000E+00
1.7884E+04 3.07825403E-07 0.00000000E+00
1.7907E+04 3.15875302E-07 0.00000000E+00
1.7931E+04 2.89914619E-07 0.00000000E+00
1.7954E+04 2.91426804E-07 0.00000000E+00
1.7978E+04 3.14647773E-07 0.00000000E+00
1.8001E+04 3.00950879E-07 0.00000000E+00
1.8025E+04 2.81904850E-07 0.00000000E+00
1.8048E+04 3.01924839E-07 0.00000000E+00
1.8072E+04 3.10037697E-07 0.00000000E+00
1.8096E+04 2.84526219E-07 0.00000000E+00
1.8119E+04 2.85670700E-07 0.00000000E+00
1.8143E+04 3.08510544E-07 0.00000000E+00
1.8166E+04 2.95272813E-07 0.00000000E+00
1.8190E+04 2.76362168E-07 0.00000000E+00
1.8213E+04 2.95848090E-07 0.00000000E+00
1.8237E+04 3.04060431E-07 0.00000000E+00
1.8261E+04 2.79064776E-07 0.00000000E+00
1.8284E+04 2.79947487E-07 0.00000000E+00
1.8308E+04 3.02475661E-07 0.00000000E+00
1.8331E+04 2.89738855E-07 0.00000000E+00
1.8355E+04 2.71052465E-07 0.00000000E+00
1.8378E+04 2.90107489E-07 0.00000000E+00
1.8402E+04 2.98465881E-07 0.00000000E+00
1.8425E+04 2.74027379E-07 0.00000000E+00
1.8449E+04 2.74740088E-07 0.00000000E+00
1.8473E+04 2.97028681E-07 0.00000000E+00
1.8496E+04 2.84806737E-07 0.00000000E+00
1.8520E+04 2.66379672E-07 0.00000000E+00
1.8543E+04 2.85074600E-07 0.00000000E+00
1.8567E+04 2.93601661E-07 0.00000000E+00
1.8590E+04 2.69702531E-07 0.00000000E+00
1.8614E+04 2.70266180E-07 0.00000000E+00
1.8637E+04 2.92345258E-07 0.00000000E+00
1.8661E+04 2.80608776E-07 0.00000000E+00
1.8685E+04 2.62398955E-07 0.00000000E+00
1.8708E+04 2.80732443E-07 0.00000000E+00
1.8732E+04 2.89410059E-07 0.00000000E+00
1.8755E+04 2.65980823E-07 0.00000000E+00
1.8779E+04 2.66338091E-07 0.00000000E+00
1.8802E+04 2.88180414E-07 0.00000000E+00
1.8826E+04 2.76871030E-07 0.00000000E+00
1.8850E+04 2.58788530E-07 0.00000000E+00
1.8873E+04 2.76696652E-07 0.00000000E+00
1.8897E+04 2.85476999E-07 0.00000000E+00
1.8920E+04 2.62438429E-07 0.00000000E+00
1.8944E+04 2.62498696E-07 0.00000000E+00
1.8967E+04 2.84042990E-07 0.00000000E+00
1.8991E+04 2.73106641E-07 0.00000000E+00
1.9014E+04 2.55073781E-07 0.00000000E+00
1.9038E+04 2.72480660E-07 0.00000000E+00
1.9062E+04 2.81316542E-07 0.00000000E+00
1.9085E+04 2.58626520E-07 0.00000000E+00
1.9109E+04 2.58330974E-07 0.00000000E+00
1.9132E+04 2.79526806E-07 0.00000000E+00
1.9156E+04 2.68942955E-07 0.00000000E+00
1.9179E+04 2.50943671E-07 0.00000000E+00
1.9203E+04 2.67817739E-07 0.00000000E+00
1.9227E+04 2.76691486E-07 0.00000000E+00
1.9250E+04 2.54365421E-07 0.00000000E+00
1.9274E+04 2.53727976E-07 0.00000000E+00
1.9297E+04 2.74571554E-07 0.00000000E+00
1.9321E+04 2.64359344E-07 0.00000000E+00
1.9344E+04 2.46445418E-07 0.00000000E+00
1.9368E+04 2.62823441E-07 0.00000000E+00
1.9391E+04 2.71755259E-07 0.00000000E+00
1.9415E+04 2.49847702E-07 0.00000000E+00
1.9439E+04 2.48945319E-07 0.00000000E+00
1.9462E+04 2.69482433E-07 0.00000000E+00
1.9486E+04 2.59680643E-07 0.00000000E+00
1.9509E+04 2.41932455E-07 0.00000000E+00
1.9533E+04 2.57896281E-07 0.00000000E+00
1.9556E+04 2.66926997E-07 0.00000000E+00
1.9580E+04 2.45488410E-07 0.00000000E+00
1.9604E+04 2.44409352E-07 0.00000000E+00
1.9627E+04 2.64704497E-07 0.00000000E+00
1.9651E+04 2.55339622E-07 0.00000000E+00
1.9674E+04 2.37809800E-07 0.00000000E+00
1.9698E+04 2.53433450E-07 0.00000000E+00
1.9721E+04 2.62594069E-07 0.00000000E+00
1.9745E+04 2.41632896E-07 0.00000000E+00
1.9768E+04 2.40419878E-07 0.00000000E+00
1.9792E+04 2.60513890E-07 0.00000000E+00
1.9816E+04 2.51578283E-07 0.00000000E+00
1.9839E+04 2.34257291E-07 0.00000000E+00
1.9863E+04 2.49561834E-07 0.00000000E+00
1.9886E+04 2.58851145E-07 0.00000000E+00
1.9910E+04 2.38326604E-07 0.00000000E+00
1.9933E+04 2.36953879E-07 0.00000000E+00
1.9957E+04 2.56839623E-07 0.00000000E+00
1.9981E+04 2.48293973E-07 0.00000000E+00
2.0004E+04 2.31119902E-07 0.00000000E+00
2.0028E+04 2.46066578E-07 0.00000000E+00
2.0051E+04 2.55451674E-07 0.00000000E+00
2.0075E+04 2.35300380E-07 0.00000000E+00
2.0098E+04 2.33698502E-07 0.00000000E+00
2.0122E+04 2.53330240E-07 0.00000000E+00
2.0145E+04 2.45127253E-07 0.00000000E+00
2.0169E+04 2.28030457E-07 0.00000000E+00
2.0193E+04 2.42554531E-07 0.00000000E+00
2.0216E+04 2.51992578E-07 0.00000000E+00
2.0240E+04 2.32168740E-07 0.00000000E+00
2.0263E+04 2.30277197E-07 0.00000000E+00
2.0287E+04 2.49605319E-07 0.00000000E+00
2.0310E+04 2.41717254E-07 0.00000000E+00
2.0334E+04 2.24667252E-07 0.00000000E+00
2.0358E+04 2.38727115E-07 0.00000000E+00
2.0381E+04 2.48192464E-07 0.00000000E+00
2.0405E+04 2.28693612E-07 0.00000000E+00
2.0428E+04 2.26503833E-07 0.00000000E+00
2.0452E+04 2.45509971E-07 0.00000000E+00
2.0475E+04 2.37941405E-07 0.00000000E+00
2.0499E+04 2.20964193E-07 0.00000000E+00
2.0522E+04 2.34571451E-07 0.00000000E+00
2.0546E+04 2.44069622E-07 0.00000000E+00
2.0570E+04 2.24931628E-07 0.00000000E+00
2.0593E+04 2.22491800E-07 0.00000000E+00
2.0617E+04 2.41200424E-07 0.00000000E+00
2.0640E+04 2.33978728E-07 0.00000000E+00
2.0664E+04 2.17134788E-07 0.00000000E+00
2.0687E+04 2.30345901E-07 0.00000000E+00
2.0711E+04 2.39905604E-07 0.00000000E+00
2.0735E+04 2.21172418E-07 0.00000000E+00
2.0758E+04 2.18553190E-07 0.00000000E+00
2.0782E+04 2.37012874E-07 0.00000000E+00
2.0805E+04 2.30164061E-07 0.00000000E+00
2.0829E+04 2.13504543E-07 0.00000000E+00
2.0852E+04 2.26381918E-07 0.00000000E+00
2.0876E+04 2.36031468E-07 0.00000000E+00
2.0899E+04 2.17721691E-07 0.00000000E+00
2.0923E+04 2.14968754E-07 0.00000000E+00
2.0947E+04 2.33217601E-07 0.00000000E+00
2.0970E+04 2.26744685E-07 0.00000000E+00
2.0994E+04 2.10277294E-07 0.00000000E+00
2.1017E+04 2.22848691E-07 0.00000000E+00
2.1041E+04 2.32593872E-07 0.00000000E+00
2.1064E+04 2.14687303E-07 0.00000000E+00
2.1088E+04 2.11794716E-07 0.00000000E+00
2.1112E+04 2.29835119E-07 0.00000000E+00
2.1135E+04 2.23713738E-07 0.00000000E+00
2.1159E+04 2.07401471E-07 0.00000000E+00
2.1182E+04 2.19646444E-07 0.00000000E+00
2.1206E+04 2.29465362E-07 0.00000000E+00
2.1229E+04 2.11917571E-07 0.00000000E+00
2.1253E+04 2.08839306E-07 0.00000000E+00
2.1276E+04 2.26639463E-07 0.00000000E+00
2.1300E+04 2.20832791E-07 0.00000000E+00
2.1324E+04 2.04624184E-07 0.00000000E+00
2.1347E+04 2.16495494E-07 0.00000000E+00
2.1371E+04 2.26353158E-07 0.00000000E+00
2.1394E+04 2.09125889E-07 0.00000000E+00
2.1418E+04 2.05814827E-07 0.00000000E+00
2.1441E+04 2.23334325E-07 0.00000000E+00
2.1465E+04 2.17815569E-07 0.00000000E+00
2.1488E+04 2.01682821E-07 0.00000000E+00
2.1512E+04 2.13145284E-07 0.00000000E+00
2.1536E+04 2.23016469E-07 0.00000000E+00
2.1559E+04 2.06101353E-07 0.00000000E+00
2.1583E+04 2.02546125E-07 0.00000000E+00
2.1606E+04 2.19765926E-07 0.00000000E+00
2.1630E+04 2.14532236E-07 0.00000000E+00
2.1653E+04 1.98489677E-07 0.00000000E+00
2.1677E+04 2.09547669E-07 0.00000000E+00
2.1701E+04 2.19431531E-07 0.00000000E+00
2.1724E+04 2.02851025E-07 0.00000000E+00
2.1748E+04 1.99084684E-07 0.00000000E+00
2.1771E+04 2.16019948E-07 0.00000000E+00
2.1795E+04 2.11088731E-07 0.00000000E+00
2.1818E+04 1.95180045E-07 0.00000000E+00
2.1842E+04 2.05874732E-07 0.00000000E+00
2.1865E+04 2.15791306E-07 0.00000000E+00
2.1889E+04 1.99577955E-07 0.00000000E+00
2.1913E+04 1.95654143E-07 0.00000000E+00
2.1936E+04 2.12341521E-07 0.00000000E+00
2.1960E+04 2.07732844E-07 0.00000000E+00
2.1983E+04 1.91998256E-07 0.00000000E+00
2.2007E+04 2.02378153E-07 0.00000000E+00
2.2030E+04 2.12349894E-07 0.00000000E+00
2.2054E+04 1.96519948E-07 0.00000000E+00
2.2078E+04 1.92475553E-07 0.00000000E+00
2.2101E+04 2.08945148E-07 0.00000000E+00
2.2125E+04 2.04663193E-07 0.00000000E+00
2.2148E+04 1.89111330E-07 0.00000000E+00
2.2172E+04 1.99198832E-07 0.00000000E+00
2.2195E+04 2.09230864E-07 0.00000000E+00
2.2219E+04 1.93771330E-07 0.00000000E+00
2.2242E+04 1.89603557E-07 0.00000000E+00
2.2266E+04 2.05856644E-07 0.00000000E+00
2.2290E+04 2.01883389E-07 0.00000000E+00
2.2313E+04 1.86488043E-07 0.00000000E+00
2.2337E+04 1.96266897E-07 0.00000000E+00
2.2360E+04 2.06340507E-07 0.00000000E+00
2.2384E+04 1.91218298E-07 0.00000000E+00
2.2407E+04 1.86892544E-07 0.00000000E+00
2.2431E+04 2.02901633E-07 0.00000000E+00
2.2455E+04 1.99206919E-07 0.00000000E+00
2.2478E+04 1.83929998E-07 0.00000000E+00
2.2502E+04 1.93362484E-07 0.00000000E+00
2.2525E+04 2.03446537E-07 0.00000000E+00
2.2549E+04 1.88632027E-07 0.00000000E+00
2.2572E+04 1.84113545E-07 0.00000000E+00
2.2596E+04 1.99844305E-07 0.00000000E+00
2.2619E+04 1.96404414E-07 0.00000000E+00
2.2643E+04 1.81226875E-07 0.00000000E+00
2.2667E+04 1.90286898E-07 0.00000000E+00
2.2690E+04 2.00358372E-07 0.00000000E+00
2.2714E+04 1.85845290E-07 0.00000000E+00
2.2737E+04 1.81129967E-07 0.00000000E+00
2.2761E+04 1.96568004E-07 0.00000000E+00
2.2784E+04 1.93378830E-07 0.00000000E+00
2.2808E+04 1.78316063E-07 0.00000000E+00
2.2832E+04 1.87012686E-07 0.00000000E+00
2.2855E+04 1.97070894E-07 0.00000000E+00
2.2879E+04 1.82877945E-07 0.00000000E+00
2.2902E+04 1.77998949E-07 0.00000000E+00
2.2926E+04 1.93161191E-07 0.00000000E+00
2.2949E+04 1.90236607E-07 0.00000000E+00
2.2973E+04 1.75327251E-07 0.00000000E+00
2.2996E+04 1.83701094E-07 0.00000000E+00
2.3020E+04 1.93765167E-07 0.00000000E+00
2.3044E+04 1.79918950E-07 0.00000000E+00
2.3067E+04 1.74924829E-07 0.00000000E+00
2.3091E+04 1.89847087E-07 0.00000000E+00
2.3114E+04 1.87204197E-07 0.00000000E+00
2.3138E+04 1.72481570E-07 0.00000000E+00
2.3161E+04 1.80577062E-07 0.00000000E+00
2.3185E+04 1.90668603E-07 0.00000000E+00
2.3209E+04 1.77181090E-07 0.00000000E+00
2.3232E+04 1.72102198E-07 0.00000000E+00
2.3256E+04 1.86812158E-07 0.00000000E+00
2.3279E+04 1.84454337E-07 0.00000000E+00
2.3303E+04 1.69922167E-07 0.00000000E+00
2.3326E+04 1.77756547E-07 0.00000000E+00
2.3350E+04 1.87880048E-07 0.00000000E+00
2.3373E+04 1.74737276E-07 0.00000000E+00
2.3397E+04 1.69565879E-07 0.00000000E+00
2.3421E+04 1.84061567E-07 0.00000000E+00
2.3444E+04 1.81971520E-07 0.00000000E+00
2.3468E+04 1.67602127E-07 0.00000000E+00
2.3491E+04 1.75154612E-07 0.00000000E+00
2.3515E+04 1.85290074E-07 0.00000000E+00
2.3538E+04 1.72460276E-07 0.00000000E+00
2.3562E+04 1.67159529E-07 0.00000000E+00
2.3586E+04 1.81409720E-07 0.00000000E+00
2.3609E+04 1.79557670E-07 0.00000000E+00
2.3633E+04 1.65314083E-07 0.00000000E+00
2.3656E+04 1.72543974E-07 0.00000000E+00
2.3680E+04 1.82657701E-07 0.00000000E+00
2.3703E+04 1.70112866E-07 0.00000000E+00
2.3727E+04 1.64648428E-07 0.00000000E+00
2.3750E+04 1.78615504E-07 0.00000000E+00
2.3774E+04 1.76976764E-07 0.00000000E+00
2.3798E+04 1.62842388E-07 0.00000000E+00
2.3821E+04 1.69723195E-07 0.00000000E+00
2.3845E+04 1.79789366E-07 0.00000000E+00
2.3868E+04 1.67524251E-07 0.00000000E+00
2.3892E+04 1.61894993E-07 0.00000000E+00
2.3915E+04 1.75563710E-07 0.00000000E+00
2.3939E+04 1.74132840E-07 0.00000000E+00
2.3962E+04 1.60126328E-07 0.00000000E+00
2.3986E+04 1.66670401E-07 0.00000000E+00
2.4010E+04 1.76687647E-07 0.00000000E+00
2.4033E+04 1.64721970E-07 0.00000000E+00
2.4057E+04 1.58966433E-07 0.00000000E+00
2.4080E+04 1.72357048E-07 0.00000000E+00
2.4104E+04 1.71148125E-07 0.00000000E+00
2.4127E+04 1.57311943E-07 0.00000000E+00
2.4151E+04 1.63566732E-07 0.00000000E+00
2.4175E+04 1.73557269E-07 0.00000000E+00
2.4198E+04 1.61919297E-07 0.00000000E+00
2.4222E+04 1.56092445E-07 0.00000000E+00
2.4245E+04 1.69247916E-07 0.00000000E+00
2.4269E+04 1.68280603E-07 0.00000000E+00
2.4292E+04 1.54651426E-07 0.00000000E+00
2.4316E+04 1.60669348E-07 0.00000000E+00
2.4339E+04 1.70660837E-07 0.00000000E+00
2.4363E+04 1.59364378E-07 0.00000000E+00
2.4387E+04 1.53501286E-07 0.00000000E+00
2.4410E+04 1.66457176E-07 0.00000000E+00
2.4434E+04 1.65738510E-07 0.00000000E+00
2.4457E+04 1.52321047E-07 0.00000000E+00
2.4481E+04 1.58124483E-07 0.00000000E+00
2.4504E+04 1.68127222E-07 0.00000000E+00
2.4528E+04 1.57158716E-07 0.00000000E+00
2.4552E+04 1.51251624E-07 0.00000000E+00
2.4575E+04 1.64010111E-07 0.00000000E+00
2.4599E+04 1.63524850E-07 0.00000000E+00
2.4622E+04 1.50288335E-07 0.00000000E+00
2.4646E+04 1.55855229E-07 0.00000000E+00
2.4669E+04 1.65850882E-07 0.00000000E+00
2.4693E+04 1.55175961E-07 0.00000000E+00
2.4716E+04 1.49181868E-07 0.00000000E+00
2.4740E+04 1.61708922E-07 0.00000000E+00
2.4764E+04 1.61425420E-07 0.00000000E+00
2.4787E+04 1.48325816E-07 0.00000000E+00
2.4811E+04 1.53607163E-07 0.00000000E+00
2.4834E+04 1.63557608E-07 0.00000000E+00
2.4858E+04 1.53142746E-07 0.00000000E+00
2.4881E+04 1.47017021E-07 0.00000000E+00
2.4905E+04 1.59265847E-07 0.00000000E+00
2.4929E+04 1.59153766E-07 0.00000000E+00
2.4952E+04 1.46166289E-07 0.00000000E+00
2.4976E+04 1.51124078E-07 0.00000000E+00
2.4999E+04 1.60994978E-07 0.00000000E+00
2.5023E+04 1.50829080E-07 0.00000000E+00
2.5046E+04 1.44561549E-07 0.00000000E+00
2.5070E+04 1.56506453E-07 0.00000000E+00
2.5093E+04 1.56554154E-07 0.00000000E+00
2.5117E+04 1.43692887E-07 0.00000000E+00
2.5141E+04 1.48331687E-07 0.00000000E+00
2.5164E+04 1.58114456E-07 0.00000000E+00
2.5188E+04 1.48214917E-07 0.00000000E+00
2.5211E+04 1.41842295E-07 0.00000000E+00
2.5235E+04 1.53498833E-07 0.00000000E+00
2.5258E+04 1.53718079E-07 0.00000000E+00
2.5282E+04 1.41028122E-07 0.00000000E+00
2.5306E+04 1.45397163E-07 0.00000000E+00
2.5329E+04 1.55113490E-07 0.00000000E+00
2.5353E+04 1.45512071E-07 0.00000000E+00
2.5376E+04 1.39097045E-07 0.00000000E+00
2.5400E+04 1.50513434E-07 0.00000000E+00
2.5423E+04 1.50927790E-07 0.00000000E+00
2.5447E+04 1.38455000E-07 0.00000000E+00
2.5470E+04 1.42618392E-07 0.00000000E+00
2.5494E+04 1.52303579E-07 0.00000000E+00
2.5518E+04 1.43021875E-07 0.00000000E+00
2.5541E+04 1.36613095E-07 0.00000000E+00
2.5565E+04 1.47838245E-07 0.00000000E+00
2.5588E+04 1.48463077E-07 0.00000000E+00
2.5612E+04 1.36222631E-07 0.00000000E+00
2.5635E+04 1.40218251E-07 0.00000000E+00
2.5659E+04 1.49894592E-07 0.00000000E+00
2.5683E+04 1.40926315E-07 0.00000000E+00
2.5706E+04 1.34527392E-07 0.00000000E+00
2.5730E+04 1.45577607E-07 0.00000000E+00
2.5753E+04 1.46405441E-07 0.00000000E+00
2.5777E+04 1.34371401E-07 0.00000000E+00
2.5800E+04 1.38187249E-07 0.00000000E+00
2.5824E+04 1.47845786E-07 0.00000000E+00
2.5847E+04 1.39158182E-07 0.00000000E+00
2.5871E+04 1.32727632E-07 0.00000000E+00
2.5895E+04 1.43575292E-07 0.00000000E+00
2.5918E+04 1.44576568E-07 0.00000000E+00
2.5942E+04 1.32699891E-07 0.00000000E+00
2.5965E+04 1.36284812E-07 0.00000000E+00
2.5989E+04 1.45888285E-07 0.00000000E+00
2.6012E+04 1.37441728E-07 0.00000000E+00
2.6036E+04 1.30924317E-07 0.00000000E+00
2.6060E+04 1.41516934E-07 0.00000000E+00
2.6083E+04 1.42655840E-07 0.00000000E+00
2.6107E+04 1.30898556E-07 0.00000000E+00
2.6130E+04 1.34200487E-07 0.00000000E+00
2.6154E+04 1.43706011E-07 0.00000000E+00
2.6177E+04 1.35478397E-07 0.00000000E+00
2.6201E+04 1.28846507E-07 0.00000000E+00
2.6224E+04 1.39143606E-07 0.00000000E+00
2.6248E+04 1.40398485E-07 0.00000000E+00
2.6272E+04 1.28760499E-07 0.00000000E+00
2.6295E+04 1.31766082E-07 0.00000000E+00
2.6319E+04 1.41152360E-07 0.00000000E+00
2.6342E+04 1.33151636E-07 0.00000000E+00
2.6366E+04 1.26427964E-07 0.00000000E+00
2.6389E+04 1.36430445E-07 0.00000000E+00
2.6413E+04 1.37804898E-07 0.00000000E+00
2.6437E+04 1.26324771E-07 0.00000000E+00
2.6460E+04 1.29072678E-07 0.00000000E+00
2.6484E+04 1.38352938E-07 0.00000000E+00
2.6507E+04 1.30609086E-07 0.00000000E+00
2.6531E+04 1.23854641E-07 0.00000000E+00
2.6554E+04 1.33605965E-07 0.00000000E+00
2.6578E+04 1.35122911E-07 0.00000000E+00
2.6601E+04 1.23851935E-07 0.00000000E+00
2.6625E+04 1.26410296E-07 0.00000000E+00
2.6649E+04 1.35621710E-07 0.00000000E+00
2.6672E+04 1.28163692E-07 0.00000000E+00
2.6696E+04 1.21439247E-07 0.00000000E+00
2.6719E+04 1.30997315E-07 0.00000000E+00
2.6743E+04 1.32679957E-07 0.00000000E+00
2.6766E+04 1.21647497E-07 0.00000000E+00
2.6790E+04 1.24070923E-07 0.00000000E+00
2.6813E+04 1.33247622E-07 0.00000000E+00
2.6837E+04 1.26081191E-07 0.00000000E+00
2.6861E+04 1.19408906E-07 0.00000000E+00
2.6884E+04 1.28807963E-07 0.00000000E+00
2.6908E+04 1.30660629E-07 0.00000000E+00
2.6931E+04 1.19854647E-07 0.00000000E+00
2.6955E+04 1.22150572E-07 0.00000000E+00
2.6978E+04 1.31298694E-07 0.00000000E+00
2.7002E+04 1.24400131E-07 0.00000000E+00
2.7026E+04 1.17751742E-07 0.00000000E+00
2.7049E+04 1.26980472E-07 0.00000000E+00
2.7073E+04 1.28982232E-07 0.00000000E+00
2.7096E+04 1.18358079E-07 0.00000000E+00
2.7120E+04 1.20485414E-07 0.00000000E+00
2.7143E+04 1.29577152E-07 0.00000000E+00
2.7167E+04 1.22906836E-07 0.00000000E+00
2.7190E+04 1.16226164E-07 0.00000000E+00
2.7214E+04 1.25236878E-07 0.00000000E+00
2.7238E+04 1.27352066E-07 0.00000000E+00
2.7261E+04 1.16863094E-07 0.00000000E+00
2.7285E+04 1.18763876E-07 0.00000000E+00
2.7308E+04 1.27754549E-07 0.00000000E+00
2.7332E+04 1.21280862E-07 0.00000000E+00
2.7355E+04 1.14524921E-07 0.00000000E+00
2.7379E+04 1.23267482E-07 0.00000000E+00
2.7403E+04 1.25466022E-07 0.00000000E+00
2.7426E+04 1.15094967E-07 0.00000000E+00
2.7450E+04 1.16737194E-07 0.00000000E+00
2.7473E+04 1.25593827E-07 0.00000000E+00
2.7497E+04 1.19311250E-07 0.00000000E+00
2.7520E+04 1.12481805E-07 0.00000000E+00
2.7544E+04 1.20939100E-07 0.00000000E+00
2.7567E+04 1.23213037E-07 0.00000000E+00
2.7591E+04 1.12982958E-07 0.00000000E+00
2.7615E+04 1.14385310E-07 0.00000000E+00
2.7638E+04 1.23107282E-07 0.00000000E+00
2.7662E+04 1.17036707E-07 0.00000000E+00
2.7685E+04 1.10180932E-07 0.00000000E+00
2.7709E+04 1.18381608E-07 0.00000000E+00
2.7732E+04 1.20746762E-07 0.00000000E+00
2.7756E+04 1.10704500E-07 0.00000000E+00
2.7780E+04 1.11926229E-07 0.00000000E+00
2.7803E+04 1.20543895E-07 0.00000000E+00
2.7827E+04 1.14715269E-07 0.00000000E+00
2.7850E+04 1.07895536E-07 0.00000000E+00
2.7874E+04 1.15895490E-07 0.00000000E+00
2.7897E+04 1.18377207E-07 0.00000000E+00
2.7921E+04 1.08561158E-07 0.00000000E+00
2.7944E+04 1.09664598E-07 0.00000000E+00
2.7968E+04 1.18217008E-07 0.00000000E+00
2.7992E+04 1.12646416E-07 0.00000000E+00
2.8015E+04 1.05900485E-07 0.00000000E+00
2.8039E+04 1.13746242E-07 0.00000000E+00
2.8062E+04 1.16359103E-07 0.00000000E+00
2.8086E+04 1.06773610E-07 0.00000000E+00
2.8109E+04 1.07785497E-07 0.00000000E+00
2.8133E+04 1.16292729E-07 0.00000000E+00
2.8157E+04 1.10969476E-07 0.00000000E+00
2.8180E+04 1.04288437E-07 0.00000000E+00
2.8204E+04 1.11987787E-07 0.00000000E+00
2.8227E+04 1.14723034E-07 0.00000000E+00
2.8251E+04 1.05336489E-07 0.00000000E+00
2.8274E+04 1.06234438E-07 0.00000000E+00
2.8298E+04 1.14683399E-07 0.00000000E+00
2.8321E+04 1.09575358E-07 0.00000000E+00
2.8345E+04 1.02913681E-07 0.00000000E+00
2.8369E+04 1.10433301E-07 0.00000000E+00
2.8392E+04 1.13262143E-07 0.00000000E+00
2.8416E+04 1.04029133E-07 0.00000000E+00
2.8439E+04 1.04761637E-07 0.00000000E+00
2.8463E+04 1.13114580E-07 0.00000000E+00
2.8486E+04 1.08187467E-07 0.00000000E+00
2.8510E+04 1.01497200E-07 0.00000000E+00
2.8534E+04 1.08788097E-07 0.00000000E+00
2.8557E+04 1.11678243E-07 0.00000000E+00
2.8581E+04 1.02569919E-07 0.00000000E+00
2.8604E+04 1.03095238E-07 0.00000000E+00
2.8628E+04 1.11314716E-07 0.00000000E+00
2.8651E+04 1.06551966E-07 0.00000000E+00
2.8675E+04 9.98171432E-08 0.00000000E+00
2.8698E+04 1.06849931E-07 0.00000000E+00
2.8722E+04 1.09784058E-07 0.00000000E+00
2.8746E+04 1.00806066E-07 0.00000000E+00
2.8769E+04 1.01123111E-07 0.00000000E+00
2.8793E+04 1.09196153E-07 0.00000000E+00
2.8816E+04 1.04606243E-07 0.00000000E+00
2.8840E+04 9.78543197E-08 0.00000000E+00
2.8863E+04 1.04640118E-07 0.00000000E+00
2.8887E+04 1.07623913E-07 0.00000000E+00
2.8911E+04 9.88104114E-08 0.00000000E+00
2.8934E+04 9.89609317E-08 0.00000000E+00
2.8958E+04 1.06906038E-07 0.00000000E+00
2.8981E+04 1.02512900E-07 0.00000000E+00
2.9005E+04 9.57963457E-08 0.00000000E+00
2.9028E+04 1.02379486E-07 0.00000000E+00
2.9052E+04 1.05434095E-07 0.00000000E+00
2.9075E+04 9.68228718E-08 0.00000000E+00
2.9099E+04 9.68644857E-08 0.00000000E+00
2.9123E+04 1.04717097E-07 0.00000000E+00
2.9146E+04 1.00540686E-07 0.00000000E+00
2.9170E+04 9.39024560E-08 0.00000000E+00
2.9193E+04 1.00330912E-07 0.00000000E+00
2.9217E+04 1.03475327E-07 0.00000000E+00
2.9240E+04 9.50816900E-08 0.00000000E+00
2.9264E+04 9.50513298E-08 0.00000000E+00
2.9287E+04 1.02838396E-07 0.00000000E+00
2.9311E+04 9.88789061E-08 0.00000000E+00
2.9335E+04 9.23260290E-08 0.00000000E+00
2.9358E+04 9.86207118E-08 0.00000000E+00
2.9382E+04 1.01856366E-07 0.00000000E+00
2.9405E+04 9.36635584E-08 0.00000000E+00
2.9429E+04 9.35567624E-08 0.00000000E+00
2.9452E+04 1.01278229E-07 0.00000000E+00
2.9476E+04 9.75143690E-08 0.00000000E+00
2.9500E+04 9.10172414E-08 0.00000000E+00
2.9523E+04 9.71612260E-08 0.00000000E+00
2.9547E+04 1.00469123E-07 0.00000000E+00
2.9570E+04 9.24408235E-08 0.00000000E+00
2.9594E+04 9.22202113E-08 0.00000000E+00
2.9617E+04 9.98497668E-08 0.00000000E+00
2.9641E+04 9.62514494E-08 0.00000000E+00
2.9664E+04 8.97678775E-08 0.00000000E+00
2.9688E+04 9.57219407E-08 0.00000000E+00
2.9712E+04 9.90736975E-08 0.00000000E+00
2.9735E+04 9.11788161E-08 0.00000000E+00
2.9759E+04 9.08044036E-08 0.00000000E+00
2.9782E+04 9.83081126E-08 0.00000000E+00
2.9806E+04 9.48542263E-08 0.00000000E+00
2.9829E+04 8.83604444E-08 0.00000000E+00
2.9853E+04 9.40930073E-08 0.00000000E+00
2.9877E+04 9.74677614E-08 0.00000000E+00
2.9900E+04 8.97000730E-08 0.00000000E+00
2.9924E+04 8.91595731E-08 0.00000000E+00
2.9947E+04 9.65189130E-08 0.00000000E+00
2.9971E+04 9.32080557E-08 0.00000000E+00
2.9994E+04 8.67152506E-08 0.00000000E+00
3.0018E+04 9.22255329E-08 0.00000000E+00
3.0041E+04 9.56211006E-08 0.00000000E+00
3.0065E+04 8.80007977E-08 0.00000000E+00
3.0089E+04 8.73191862E-08 0.00000000E+00
3.0112E+04 9.45425131E-08 0.00000000E+00
3.0136E+04 9.13899269E-08 0.00000000E+00
3.0159E+04 8.49358366E-08 0.00000000E+00
3.0183E+04 9.02545978E-08 0.00000000E+00
3.0206E+04 9.36855073E-08 0.00000000E+00
3.0230E+04 8.62427153E-08 0.00000000E+00
3.0254E+04 8.54655565E-08 0.00000000E+00
3.0277E+04 9.25805141E-08 0.00000000E+00
3.0301E+04 8.96040129E-08 0.00000000E+00
3.0324E+04 8.32267718E-08 0.00000000E+00
3.0348E+04 8.83951620E-08 0.00000000E+00
3.0371E+04 9.18793677E-08 0.00000000E+00
3.0395E+04 8.46319236E-08 0.00000000E+00
3.0418E+04 8.37953948E-08 0.00000000E+00
3.0442E+04 9.08283246E-08 0.00000000E+00
3.0466E+04 8.80333341E-08 0.00000000E+00
3.0489E+04 8.17466612E-08 0.00000000E+00
3.0513E+04 8.67890291E-08 0.00000000E+00
3.0536E+04 9.03329303E-08 0.00000000E+00
3.0560E+04 8.32740497E-08 0.00000000E+00
3.0583E+04 8.23833163E-08 0.00000000E+00
3.0607E+04 8.93406940E-08 0.00000000E+00
3.0631E+04 8.67146897E-08 0.00000000E+00
3.0654E+04 8.05016012E-08 0.00000000E+00
3.0678E+04 8.54116806E-08 0.00000000E+00
3.0701E+04 8.90039510E-08 0.00000000E+00
3.0725E+04 8.21076879E-08 0.00000000E+00
3.0748E+04 8.11383018E-08 0.00000000E+00
3.0772E+04 8.80031818E-08 0.00000000E+00
3.0795E+04 8.55227908E-08 0.00000000E+00
3.0819E+04 7.93510546E-08 0.00000000E+00
3.0843E+04 8.41005169E-08 0.00000000E+00
3.0866E+04 8.77186424E-08 0.00000000E+00
3.0890E+04 8.09581575E-08 0.00000000E+00
3.0913E+04 7.98780880E-08 0.00000000E+00
3.0937E+04 8.66233046E-08 0.00000000E+00
3.0960E+04 8.42683952E-08 0.00000000E+00
3.0984E+04 7.81154812E-08 0.00000000E+00
3.1008E+04 8.26775494E-08 0.00000000E+00
3.1031E+04 8.63019173E-08 0.00000000E+00
3.1055E+04 7.96669946E-08 0.00000000E+00
3.1078E+04 7.84625130E-08 0.00000000E+00
3.1102E+04 8.50704958E-08 0.00000000E+00
3.1125E+04 8.28351540E-08 0.00000000E+00
3.1149E+04 7.67045774E-08 0.00000000E+00
3.1172E+04 8.10751827E-08 0.00000000E+00
3.1196E+04 8.47005745E-08 0.00000000E+00
3.1220E+04 7.82022913E-08 0.00000000E+00
3.1243E+04 7.68892119E-08 0.00000000E+00
3.1267E+04 8.33640870E-08 0.00000000E+00
3.1290E+04 8.12571531E-08 0.00000000E+00
3.1314E+04 7.51752763E-08 0.00000000E+00
3.1337E+04 7.93768455E-08 0.00000000E+00
3.1361E+04 8.30133870E-08 0.00000000E+00
3.1385E+04 7.66735391E-08 0.00000000E+00
3.1408E+04 7.52866343E-08 0.00000000E+00
3.1432E+04 8.16502695E-08 0.00000000E+00
3.1455E+04 7.96856338E-08 0.00000000E+00
3.1479E+04 7.36823344E-08 0.00000000E+00
3.1502E+04 7.77482582E-08 0.00000000E+00
3.1526E+04 8.14114627E-08 0.00000000E+00
3.1549E+04 7.52450695E-08 0.00000000E+00
3.1573E+04 7.38143146E-08 0.00000000E+00
3.1597E+04 8.00896696E-08 0.00000000E+00
3.1620E+04 7.82735489E-08 0.00000000E+00
3.1644E+04 7.23614119E-08 0.00000000E+00
3.1667E+04 7.63131929E-08 0.00000000E+00
3.1691E+04 8.00104746E-08 0.00000000E+00
3.1714E+04 7.40141225E-08 0.00000000E+00
3.1738E+04 7.25455536E-08 0.00000000E+00
3.1762E+04 7.87398221E-08 0.00000000E+00
3.1785E+04 7.70640938E-08 0.00000000E+00
3.1809E+04 7.12312038E-08 0.00000000E+00
3.1832E+04 7.50652604E-08 0.00000000E+00
3.1856E+04 7.87887465E-08 0.00000000E+00
3.1879E+04 7.29428083E-08 0.00000000E+00
3.1903E+04 7.14177852E-08 0.00000000E+00
3.1926E+04 7.75177293E-08 0.00000000E+00
3.1950E+04 7.59638189E-08 0.00000000E+00
3.1974E+04 7.01847619E-08 0.00000000E+00
3.1997E+04 7.38782827E-08 0.00000000E+00
3.2021E+04 7.76090239E-08 0.00000000E+00
3.2044E+04 7.18914673E-08 0.00000000E+00
3.2068E+04 7.02841439E-08 0.00000000E+00
3.2091E+04 7.62667561E-08 0.00000000E+00
3.2115E+04 7.48168797E-08 0.00000000E+00
3.2138E+04 6.90730796E-08 0.00000000E+00
3.2162E+04 7.26039800E-08 0.00000000E+00
3.2186E+04 7.63242486E-08 0.00000000E+00
3.2209E+04 7.07254709E-08 0.00000000E+00
3.2233E+04 6.90248945E-08 0.00000000E+00
3.2256E+04 7.48751477E-08 0.00000000E+00
3.2280E+04 7.35225779E-08 0.00000000E+00
3.2303E+04 6.78166584E-08 0.00000000E+00
3.2327E+04 7.11824541E-08 0.00000000E+00
3.2351E+04 7.48870296E-08 0.00000000E+00
3.2374E+04 6.94149336E-08 0.00000000E+00
3.2398E+04 6.76353042E-08 0.00000000E+00
3.2421E+04 7.33577513E-08 0.00000000E+00
3.2445E+04 7.21088380E-08 0.00000000E+00
3.2468E+04 6.64627183E-08 0.00000000E+00
3.2492E+04 6.96843753E-08 0.00000000E+00
3.2515E+04 7.33826413E-08 0.00000000E+00
3.2539E+04 6.80547194E-08 0.00000000E+00
3.2563E+04 6.62265707E-08 0.00000000E+00
3.2586E+04 7.18422996E-08 0.00000000E+00
3.2610E+04 7.07090855E-08 0.00000000E+00
3.2633E+04 6.51477471E-08 0.00000000E+00
3.2657E+04 6.82558863E-08 0.00000000E+00
3.2680E+04 7.19632571E-08 0.00000000E+00
3.2704E+04 6.67918960E-08 0.00000000E+00
3.2728E+04 6.49410973E-08 0.00000000E+00
3.2751E+04 7.04723222E-08 0.00000000E+00
3.2775E+04 6.94612275E-08 0.00000000E+00
3.2798E+04 6.39944490E-08 0.00000000E+00
3.2822E+04 6.70082698E-08 0.00000000E+00
3.2845E+04 7.07331400E-08 0.00000000E+00
3.2869E+04 6.57150010E-08 0.00000000E+00
3.2892E+04 6.38453166E-08 0.00000000E+00
3.2916E+04 6.92989761E-08 0.00000000E+00
3.2940E+04 6.84037004E-08 0.00000000E+00
3.2963E+04 6.30192991E-08 0.00000000E+00
3.2987E+04 6.59339575E-08 0.00000000E+00
3.3010E+04 6.96697000E-08 0.00000000E+00
3.3034E+04 6.47868531E-08 0.00000000E+00
3.3057E+04 6.28790810E-08 0.00000000E+00
3.3081E+04 6.82416919E-08 0.00000000E+00
3.3105E+04 6.74454320E-08 0.00000000E+00
3.3128E+04 6.21189475E-08 0.00000000E+00
3.3152E+04 6.49109372E-08 0.00000000E+00
3.3175E+04 6.86389516E-08 0.00000000E+00
3.3199E+04 6.38707867E-08 0.00000000E+00
3.3222E+04 6.18991710E-08 0.00000000E+00
3.3246E+04 6.71469896E-08 0.00000000E+00
3.3269E+04 6.64323539E-08 0.00000000E+00
3.3293E+04 6.11458990E-08 0.00000000E+00
3.3317E+04 6.37925944E-08 0.00000000E+00
3.3340E+04 6.74943579E-08 0.00000000E+00
3.3364E+04 6.28314055E-08 0.00000000E+00
3.3387E+04 6.07851028E-08 0.00000000E+00
3.3411E+04 6.59022568E-08 0.00000000E+00
3.3434E+04 6.52616711E-08 0.00000000E+00
3.3458E+04 6.00178874E-08 0.00000000E+00
3.3482E+04 6.25167682E-08 0.00000000E+00
3.3505E+04 6.61861687E-08 0.00000000E+00
3.3529E+04 6.16356512E-08 0.00000000E+00
3.3552E+04 5.95292392E-08 0.00000000E+00
3.3576E+04 6.45204675E-08 0.00000000E+00
3.3599E+04 6.39595552E-08 0.00000000E+00
3.3623E+04 5.87803213E-08 0.00000000E+00
3.3646E+04 6.11535476E-08 0.00000000E+00
3.3670E+04 6.48004818E-08 0.00000000E+00
3.3694E+04 6.03796099E-08 0.00000000E+00
3.3717E+04 5.82447554E-08 0.00000000E+00
3.3741E+04 6.31332412E-08 0.00000000E+00
3.3764E+04 6.26647749E-08 0.00000000E+00
3.3788E+04 5.75756128E-08 0.00000000E+00
3.3811E+04 5.98563510E-08 0.00000000E+00
3.3835E+04 6.34988146E-08 0.00000000E+00
3.3859E+04 5.92207846E-08 0.00000000E+00
3.3882E+04 5.70850326E-08 0.00000000E+00
3.3906E+04 6.18965981E-08 0.00000000E+00
3.3929E+04 6.15293223E-08 0.00000000E+00
3.3953E+04 5.65408725E-08 0.00000000E+00
3.3976E+04 5.87510936E-08 0.00000000E+00
3.4000E+04 6.24011983E-08 0.00000000E+00
3.4023E+04 5.82640171E-08 0.00000000E+00
3.4047E+04 5.61320832E-08 0.00000000E+00
3.4071E+04 6.08769388E-08 0.00000000E+00
3.4094E+04 6.06071411E-08 0.00000000E+00
3.4118E+04 5.57071906E-08 0.00000000E+00
3.4141E+04 5.78430105E-08 0.00000000E+00
3.4165E+04 6.14968256E-08 0.00000000E+00
3.4188E+04 5.74830022E-08 0.00000000E+00
3.4212E+04 5.53342987E-08 0.00000000E+00
3.4236E+04 5.99995864E-08 0.00000000E+00
3.4259E+04 5.98114183E-08 0.00000000E+00
3.4283E+04 5.49734206E-08 0.00000000E+00
3.4306E+04 5.70089070E-08 0.00000000E+00
3.4330E+04 6.06475781E-08 0.00000000E+00
3.4353E+04 5.67349849E-08 0.00000000E+00
3.4377E+04 5.45395462E-08 0.00000000E+00
3.4400E+04 5.90984673E-08 0.00000000E+00
3.4424E+04 5.89729460E-08 0.00000000E+00
3.4448E+04 5.41751079E-08 0.00000000E+00
3.4471E+04 5.60822896E-08 0.00000000E+00
3.4495E+04 5.96840076E-08 0.00000000E+00
3.4518E+04 5.58602262E-08 0.00000000E+00
3.4542E+04 5.36018327E-08 0.00000000E+00
3.4565E+04 5.80332382E-08 0.00000000E+00
3.4589E+04 5.79596935E-08 0.00000000E+00
3.4612E+04 5.32009475E-08 0.00000000E+00
3.4636E+04 5.49718680E-08 0.00000000E+00
3.4660E+04 5.85264000E-08 0.00000000E+00
3.4683E+04 5.47962930E-08 0.00000000E+00
3.4707E+04 5.24861243E-08 0.00000000E+00
3.4730E+04 5.67906498E-08 0.00000000E+00
3.4754E+04 5.67725405E-08 0.00000000E+00
3.4777E+04 5.20738121E-08 0.00000000E+00
3.4801E+04 5.37286749E-08 0.00000000E+00
3.4825E+04 5.72441061E-08 0.00000000E+00
3.4848E+04 5.36251656E-08 0.00000000E+00
3.4872E+04 5.12959509E-08 0.00000000E+00
3.4895E+04 5.54969828E-08 0.00000000E+00
3.4919E+04 5.55479234E-08 0.00000000E+00
3.4942E+04 5.09376413E-08 0.00000000E+00
3.4966E+04 5.25129129E-08 0.00000000E+00
3.4989E+04 5.60096329E-08 0.00000000E+00
3.5013E+04 5.25183836E-08 0.00000000E+00
3.5037E+04 5.02029876E-08 0.00000000E+00
3.5060E+04 5.43314524E-08 0.00000000E+00
3.5084E+04 5.44641570E-08 0.00000000E+00
3.5107E+04 4.99582314E-08 0.00000000E+00
3.5131E+04 5.14828766E-08 0.00000000E+00
3.5154E+04 5.49787949E-08 0.00000000E+00
3.5178E+04 5.16178152E-08 0.00000000E+00
3.5202E+04 4.93273345E-08 0.00000000E+00
3.5225E+04 5.34007917E-08 0.00000000E+00
3.5249E+04 5.36165462E-08 0.00000000E+00
3.5272E+04 4.92069488E-08 0.00000000E+00
3.5296E+04 5.06834790E-08 0.00000000E+00
3.5319E+04 5.41806532E-08 0.00000000E+00
3.5343E+04 5.09352720E-08 0.00000000E+00
3.5366E+04 4.86521342E-08 0.00000000E+00
3.5390E+04 5.26628242E-08 0.00000000E+00
3.5414E+04 5.29487397E-08 0.00000000E+00
3.5437E+04 4.86087655E-08 0.00000000E+00
3.5461E+04 5.00125696E-08 0.00000000E+00
3.5484E+04 5.34946300E-08 0.00000000E+00
3.5508E+04 5.03415951E-08 0.00000000E+00
3.5531E+04 4.80327016E-08 0.00000000E+00
3.5555E+04 5.19531563E-08 0.00000000E+00
3.5579E+04 5.22891844E-08 0.00000000E+00
3.5602E+04 4.79918132E-08 0.00000000E+00
3.5626E+04 4.92895426E-08 0.00000000E+00
3.5649E+04 5.27319655E-08 0.00000000E+00
3.5673E+04 4.96540998E-08 0.00000000E+00
3.5696E+04 4.72949951E-08 0.00000000E+00
3.5720E+04 5.10976135E-08 0.00000000E+00
3.5743E+04 5.14686154E-08 0.00000000E+00
3.5767E+04 4.72051935E-08 0.00000000E+00
3.5791E+04 4.83795323E-08 0.00000000E+00
3.5814E+04 5.17658490E-08 0.00000000E+00
3.5838E+04 4.87625434E-08 0.00000000E+00
3.5861E+04 4.63557211E-08 0.00000000E+00
3.5885E+04 5.00327707E-08 0.00000000E+00
3.5908E+04 5.04373719E-08 0.00000000E+00
3.5932E+04 4.62235384E-08 0.00000000E+00
3.5956E+04 4.72869990E-08 0.00000000E+00
3.5979E+04 5.06197047E-08 0.00000000E+00
3.6003E+04 4.77059826E-08 0.00000000E+00
3.6026E+04 4.52804387E-08 0.00000000E+00
3.6050E+04 4.88504378E-08 0.00000000E+00
3.6073E+04 4.93005438E-08 0.00000000E+00
3.6097E+04 4.51652649E-08 0.00000000E+00
3.6120E+04 4.61532492E-08 0.00000000E+00
3.6144E+04 4.94517425E-08 0.00000000E+00
3.6168E+04 4.66466099E-08 0.00000000E+00
3.6191E+04 4.42389325E-08 0.00000000E+00
3.6215E+04 4.77348472E-08 0.00000000E+00
3.6238E+04 4.82461424E-08 0.00000000E+00
3.6262E+04 4.42115692E-08 0.00000000E+00
3.6285E+04 4.51594952E-08 0.00000000E+00
3.6309E+04 4.84463842E-08 0.00000000E+00
3.6333E+04 4.57585876E-08 0.00000000E+00
3.6356E+04 4.33888044E-08 0.00000000E+00
3.6380E+04 4.68362047E-08 0.00000000E+00
3.6403E+04 4.74161376E-08 0.00000000E+00
3.6427E+04 4.34822959E-08 0.00000000E+00
3.6450E+04 4.44026954E-08 0.00000000E+00
3.6474E+04 4.76878590E-08 0.00000000E+00
3.6497E+04 4.51088103E-08 0.00000000E+00
3.6521E+04 4.27677336E-08 0.00000000E+00
3.6545E+04 4.61680059E-08 0.00000000E+00
3.6568E+04 4.68094079E-08 0.00000000E+00
3.6592E+04 4.29541804E-08 0.00000000E+00
3.6615E+04 4.38295890E-08 0.00000000E+00
3.6639E+04 4.71029199E-08 0.00000000E+00
3.6662E+04 4.46114667E-08 0.00000000E+00
3.6686E+04 4.22681552E-08 0.00000000E+00
3.6710E+04 4.55983403E-08 0.00000000E+00
3.6733E+04 4.62829557E-08 0.00000000E+00
3.6757E+04 4.24771634E-08 0.00000000E+00
3.6780E+04 4.32736315E-08 0.00000000E+00
3.6804E+04 4.65114586E-08 0.00000000E+00
3.6827E+04 4.40870814E-08 0.00000000E+00
3.6851E+04 4.17111106E-08 0.00000000E+00
3.6874E+04 4.49404710E-08 0.00000000E+00
3.6898E+04 4.56499837E-08 0.00000000E+00
3.6922E+04 4.18770543E-08 0.00000000E+00
3.6945E+04 4.25688692E-08 0.00000000E+00
3.6969E+04 4.57496966E-08 0.00000000E+00
3.6992E+04 4.33850708E-08 0.00000000E+00
3.7016E+04 4.09681652E-08 0.00000000E+00
3.7039E+04 4.40800350E-08 0.00000000E+00
3.7063E+04 4.48071084E-08 0.00000000E+00
3.7087E+04 4.10738158E-08 0.00000000E+00
3.7110E+04 4.16623154E-08 0.00000000E+00
3.7134E+04 4.47810684E-08 0.00000000E+00
3.7157E+04 4.24854947E-08 0.00000000E+00
3.7181E+04 4.00476503E-08 0.00000000E+00
3.7204E+04 4.30514623E-08 0.00000000E+00
3.7228E+04 4.38033047E-08 0.00000000E+00
3.7251E+04 4.01343798E-08 0.00000000E+00
3.7275E+04 4.06479438E-08 0.00000000E+00
3.7299E+04 4.37189266E-08 0.00000000E+00
3.7322E+04 4.15104840E-08 0.00000000E+00
3.7346E+04 3.90866125E-08 0.00000000E+00
3.7369E+04 4.20118935E-08 0.00000000E+00
3.7393E+04 4.28040042E-08 0.00000000E+00
3.7416E+04 3.92246488E-08 0.00000000E+00
3.7440E+04 3.97001506E-08 0.00000000E+00
3.7463E+04 4.27467744E-08 0.00000000E+00
3.7487E+04 4.06387925E-08 0.00000000E+00
3.7511E+04 3.82554565E-08 0.00000000E+00
3.7534E+04 4.11321745E-08 0.00000000E+00
3.7558E+04 4.19766500E-08 0.00000000E+00
3.7581E+04 3.84952074E-08 0.00000000E+00
3.7605E+04 3.89540319E-08 0.00000000E+00
3.7628E+04 4.19925161E-08 0.00000000E+00
3.7652E+04 3.99836656E-08 0.00000000E+00
3.7676E+04 3.76420753E-08 0.00000000E+00
3.7699E+04 4.04810616E-08 0.00000000E+00
3.7723E+04 4.13774465E-08 0.00000000E+00
3.7746E+04 3.79800060E-08 0.00000000E+00
3.7770E+04 3.84151748E-08 0.00000000E+00
3.7793E+04 4.14434323E-08 0.00000000E+00
3.7817E+04 3.95179668E-08 0.00000000E+00
3.7840E+04 3.71946565E-08 0.00000000E+00
3.7864E+04 3.99814830E-08 0.00000000E+00
3.7888E+04 4.09162507E-08 0.00000000E+00
3.7911E+04 3.75764418E-08 0.00000000E+00
3.7935E+04 3.79593510E-08 0.00000000E+00
3.7958E+04 4.09585251E-08 0.00000000E+00
3.7982E+04 3.90961578E-08 0.00000000E+00
3.8005E+04 3.67603515E-08 0.00000000E+00
3.8029E+04 3.94665484E-08 0.00000000E+00
3.8053E+04 4.04213778E-08 0.00000000E+00
3.8076E+04 3.71182115E-08 0.00000000E+00
3.8100E+04 3.74198732E-08 0.00000000E+00
3.8123E+04 4.03672624E-08 0.00000000E+00
3.8147E+04 3.85557359E-08 0.00000000E+00
3.8170E+04 3.61910835E-08 0.00000000E+00
3.8194E+04 3.87946519E-08 0.00000000E+00
3.8217E+04 3.97577653E-08 0.00000000E+00
3.8241E+04 3.64891793E-08 0.00000000E+00
3.8265E+04 3.67010711E-08 0.00000000E+00
3.8288E+04 3.95854195E-08 0.00000000E+00
3.8312E+04 3.78272585E-08 0.00000000E+00
3.8335E+04 3.54429945E-08 0.00000000E+00
3.8359E+04 3.79439482E-08 0.00000000E+00
3.8382E+04 3.89168038E-08 0.00000000E+00
3.8406E+04 3.56998802E-08 0.00000000E+00
3.8430E+04 3.58401340E-08 0.00000000E+00
3.8453E+04 3.86687709E-08 0.00000000E+00
3.8477E+04 3.69778810E-08 0.00000000E+00
3.8500E+04 3.46021317E-08 0.00000000E+00
3.8524E+04 3.70225141E-08 0.00000000E+00
3.8547E+04 3.80174212E-08 0.00000000E+00
3.8571E+04 3.48756277E-08 0.00000000E+00
3.8594E+04 3.49767650E-08 0.00000000E+00
3.8618E+04 3.77698726E-08 0.00000000E+00
3.8642E+04 3.61606626E-08 0.00000000E+00
3.8665E+04 3.38211307E-08 0.00000000E+00
3.8689E+04 3.61899479E-08 0.00000000E+00
3.8712E+04 3.72204581E-08 0.00000000E+00
3.8736E+04 3.41671344E-08 0.00000000E+00
3.8759E+04 3.42544233E-08 0.00000000E+00
3.8783E+04 3.70307175E-08 0.00000000E+00
3.8807E+04 3.55073959E-08 0.00000000E+00
3.8830E+04 3.32131623E-08 0.00000000E+00
3.8854E+04 3.55471052E-08 0.00000000E+00
3.8877E+04 3.66179146E-08 0.00000000E+00
3.8901E+04 3.36474138E-08 0.00000000E+00
3.8924E+04 3.37230776E-08 0.00000000E+00
3.8948E+04 3.64869970E-08 0.00000000E+00
3.8971E+04 3.50402432E-08 0.00000000E+00
3.8995E+04 3.27770848E-08 0.00000000E+00
3.9019E+04 3.50704433E-08 0.00000000E+00
3.9042E+04 3.61736562E-08 0.00000000E+00
3.9066E+04 3.32657811E-08 0.00000000E+00
3.9089E+04 3.33096399E-08 0.00000000E+00
3.9113E+04 3.60487698E-08 0.00000000E+00
3.9136E+04 3.46616493E-08 0.00000000E+00
3.9160E+04 3.24034335E-08 0.00000000E+00
3.9184E+04 3.46337660E-08 0.00000000E+00
3.9207E+04 3.57538245E-08 0.00000000E+00
3.9231E+04 3.28878650E-08 0.00000000E+00
3.9254E+04 3.28732484E-08 0.00000000E+00
3.9278E+04 3.55673941E-08 0.00000000E+00
3.9301E+04 3.42260898E-08 0.00000000E+00
3.9325E+04 3.19536911E-08 0.00000000E+00
3.9348E+04 3.40987335E-08 0.00000000E+00
3.9372E+04 3.52223808E-08 0.00000000E+00
3.9396E+04 3.23907365E-08 0.00000000E+00
3.9419E+04 3.23040788E-08 0.00000000E+00
3.9443E+04 3.49393655E-08 0.00000000E+00
3.9466E+04 3.36412816E-08 0.00000000E+00
3.9490E+04 3.13557180E-08 0.00000000E+00
3.9513E+04 3.34094456E-08 0.00000000E+00
3.9537E+04 3.45337944E-08 0.00000000E+00
3.9561E+04 3.17459391E-08 0.00000000E+00
3.9584E+04 3.15964010E-08 0.00000000E+00
3.9608E+04 3.41745031E-08 0.00000000E+00
3.9631E+04 3.29284048E-08 0.00000000E+00
3.9655E+04 3.06494448E-08 0.00000000E+00
3.9678E+04 3.26261965E-08 0.00000000E+00
3.9702E+04 3.37594419E-08 0.00000000E+00
3.9725E+04 3.10340127E-08 0.00000000E+00
3.9749E+04 3.08469040E-08 0.00000000E+00
3.9773E+04 3.33831577E-08 0.00000000E+00
3.9796E+04 3.22016227E-08 0.00000000E+00
3.9820E+04 2.99535229E-08 0.00000000E+00
3.9843E+04 3.18777864E-08 0.00000000E+00
3.9867E+04 3.30323087E-08 0.00000000E+00
3.9890E+04 3.03833634E-08 0.00000000E+00
3.9914E+04 3.01826704E-08 0.00000000E+00
3.9937E+04 3.26947688E-08 0.00000000E+00
3.9961E+04 3.15844670E-08 0.00000000E+00
3.9985E+04 2.93793753E-08 0.00000000E+00
