0.0000E+00 0.00000000E+00 0.00000000E+00
2.3562E+01 0.00000000E+00 0.00000000E+00
4.7124E+01 0.00000000E+00 0.00000000E+00
7.0686E+01 0.00000000E+00 0.00000000E+00
9.4248E+01 0.00000000E+00 0.00000000E+00
1.1781E+02 0.00000000E+00 0.00000000E+00
1.4137E+02 0.00000000E+00 0.00000000E+00
1.6493E+02 0.00000000E+00 0.00000000E+00
1.8850E+02 0.00000000E+00 0.00000000E+00
2.1206E+02 0.00000000E+00 0.00000000E+00
2.3562E+02 0.00000000E+00 0.00000000E+00
2.5918E+02 1.38753058E-274 0.00000000E+00
2.8274E+02 1.41078323E-221 0.00000000E+00
3.0631E+02 5.80899403E-179 0.00000000E+00
3.2987E+02 9.97946598E-144 0.00000000E+00
3.5343E+02 2.41587930E-114 0.00000000E+00
3.7699E+02 4.07763749E-90 0.00000000E+00
4.0055E+02 7.59155280E-70 0.00000000E+00
4.2412E+02 1.39616108E-51 0.00000000E+00
4.4768E+02 1.26331827E-37 0.00000000E+00
4.7124E+02 2.00167988E-27 0.00000000E+00
4.9480E+02 3.78789822E-21 0.00000000E+00
5.1836E+02 2.96337692E-19 0.00000000E+00
5.4192E+02 6.87971703E-19 0.00000000E+00
5.6549E+02 9.25425288E-19 0.00000000E+00
5.8905E+02 1.36833553E-18 0.00000000E+00
6.1261E+02 2.64957594E-18 0.00000000E+00
6.3617E+02 4.19675065E-18 0.00000000E+00
6.5973E+02 5.95170652E-18 0.00000000E+00
6.8330E+02 1.06295738E-17 0.00000000E+00
7.0686E+02 1.93086262E-17 0.00000000E+00
7.3042E+02 2.77992673E-17 0.00000000E+00
7.5398E+02 3.84318226E-17 0.00000000E+00
7.7754E+02 6.44708245E-17 0.00000000E+00
8.0111E+02 1.02683669E-16 0.00000000E+00
8.2467E+02 1.35080273E-16 0.00000000E+00
8.4823E+02 1.86493342E-16 0.00000000E+00
8.7179E+02 3.01176390E-16 0.00000000E+00
8.9535E+02 4.42058034E-16 0.00000000E+00
9.1892E+02 5.62180093E-16 0.00000000E+00
9.4248E+02 8.00841723E-16 0.00000000E+00
9.6604E+02 1.27191185E-15 0.00000000E+00
9.8960E+02 1.74501696E-15 0.00000000E+00
1.0132E+03 2.18384196E-15 0.00000000E+00
1.0367E+03 3.19039368E-15 0.00000000E+00
1.0603E+03 4.85414936E-15 0.00000000E+00
1.0838E+03 6.28838010E-15 0.00000000E+00
1.1074E+03 7.96871877E-15 0.00000000E+00
1.1310E+03 1.19158550E-14 0.00000000E+00
1.1545E+03 1.72910665E-14 0.00000000E+00
1.1781E+03 2.14955274E-14 0.00000000E+00
1.2017E+03 2.80491723E-14 0.00000000E+00
1.2252E+03 4.21831988E-14 0.00000000E+00
1.2488E+03 5.79405666E-14 0.00000000E+00
1.2723E+03 7.04015827E-14 0.00000000E+00
1.2959E+03 9.53302580E-14 0.00000000E+00
1.3195E+03 1.41374096E-13 0.00000000E+00
1.3430E+03 1.83970804E-13 0.00000000E+00
1.3666E+03 2.23157890E-13 0.00000000E+00
1.3902E+03 3.12429872E-13 0.00000000E+00
1.4137E+03 4.48867220E-13 0.00000000E+00
1.4373E+03 5.57357316E-13 0.00000000E+00
1.4608E+03 6.87566820E-13 0.00000000E+00
1.4844E+03 9.82271720E-13 0.00000000E+00
1.5080E+03 1.34999800E-12 0.00000000E+00
1.5315E+03 1.62085144E-12 0.00000000E+00
1.5551E+03 2.05884423E-12 0.00000000E+00
1.5787E+03 2.94675341E-12 0.00000000E+00
1.6022E+03 3.85263087E-12 0.00000000E+00
1.6258E+03 4.55014425E-12 0.00000000E+00
1.6493E+03 5.97098863E-12 0.00000000E+00
1.6729E+03 8.40327521E-12 0.00000000E+00
1.6965E+03 1.04667941E-11 0.00000000E+00
1.7200E+03 1.23813137E-11 0.00000000E+00
1.7436E+03 1.66844931E-11 0.00000000E+00
1.7671E+03 2.27358158E-11 0.00000000E+00
1.7907E+03 2.71915798E-11 0.00000000E+00
1.8143E+03 3.27084572E-11 0.00000000E+00
1.8378E+03 4.46735809E-11 0.00000000E+00
1.8614E+03 5.83679999E-11 0.00000000E+00
1.8850E+03 6.78917573E-11 0.00000000E+00
1.9085E+03 8.37972949E-11 0.00000000E+00
1.9321E+03 1.14114485E-10 0.00000000E+00
1.9556E+03 1.42450216E-10 0.00000000E+00
1.9792E+03 1.63672842E-10 0.00000000E+00
2.0028E+03 2.07501304E-10 0.00000000E+00
2.0263E+03 2.77291195E-10 0.00000000E+00
2.0499E+03 3.31599362E-10 0.00000000E+00
2.0735E+03 3.82209126E-10 0.00000000E+00
2.0970E+03 4.94422956E-10 0.00000000E+00
2.1206E+03 6.40276479E-10 0.00000000E+00
2.1441E+03 7.39395774E-10 0.00000000E+00
2.1677E+03 8.65441155E-10 0.00000000E+00
2.1913E+03 1.12863247E-09 0.00000000E+00
2.2148E+03 1.40570272E-09 0.00000000E+00
2.2384E+03 1.58635340E-09 0.00000000E+00
2.2619E+03 1.89774197E-09 0.00000000E+00
2.2855E+03 2.45963778E-09 0.00000000E+00
2.3091E+03 2.94043460E-09 0.00000000E+00
2.3326E+03 3.28751416E-09 0.00000000E+00
2.3562E+03 4.01796356E-09 0.00000000E+00
2.3798E+03 5.10673988E-09 0.00000000E+00
2.4033E+03 5.87907617E-09 0.00000000E+00
2.4269E+03 6.59706474E-09 0.00000000E+00
2.4504E+03 8.18300343E-09 0.00000000E+00
2.4740E+03 1.00951932E-08 0.00000000E+00
2.4976E+03 1.12786439E-08 0.00000000E+00
2.5211E+03 1.28262607E-08 0.00000000E+00
2.5447E+03 1.59735363E-08 0.00000000E+00
2.5683E+03 1.90174239E-08 0.00000000E+00
2.5918E+03 2.08419763E-08 0.00000000E+00
2.6154E+03 2.41304705E-08 0.00000000E+00
2.6389E+03 2.98046258E-08 0.00000000E+00
2.6625E+03 3.42101424E-08 0.00000000E+00
2.6861E+03 3.72176761E-08 0.00000000E+00
2.7096E+03 4.38158249E-08 0.00000000E+00
2.7332E+03 5.30758524E-08 0.00000000E+00
2.7567E+03 5.89411868E-08 0.00000000E+00
2.7803E+03 6.43474378E-08 0.00000000E+00
2.8039E+03 7.65514586E-08 0.00000000E+00
2.8274E+03 9.01868946E-08 0.00000000E+00
2.8510E+03 9.75988412E-08 0.00000000E+00
2.8746E+03 1.07757048E-07 0.00000000E+00
2.8981E+03 1.28318945E-07 0.00000000E+00
2.9217E+03 1.46372722E-07 0.00000000E+00
2.9452E+03 1.55850383E-07 0.00000000E+00
2.9688E+03 1.74590050E-07 0.00000000E+00
2.9924E+03 2.05936123E-07 0.00000000E+00
3.0159E+03 2.27373069E-07 0.00000000E+00
3.0395E+03 2.40666389E-07 0.00000000E+00
3.0631E+03 2.73117872E-07 0.00000000E+00
3.0866E+03 3.16100135E-07 0.00000000E+00
3.1102E+03 3.39005432E-07 0.00000000E+00
3.1337E+03 3.60005910E-07 0.00000000E+00
3.1573E+03 4.11512107E-07 0.00000000E+00
3.1809E+03 4.64096257E-07 0.00000000E+00
3.2044E+03 4.86704845E-07 0.00000000E+00
3.2280E+03 5.21893767E-07 0.00000000E+00
3.2515E+03 5.95896032E-07 0.00000000E+00
3.2751E+03 6.52529380E-07 0.00000000E+00
3.2987E+03 6.75003505E-07 0.00000000E+00
3.3222E+03 7.32703313E-07 0.00000000E+00
3.3458E+03 8.28071686E-07 0.00000000E+00
3.3694E+03 8.80519210E-07 0.00000000E+00
3.3929E+03 9.06803868E-07 0.00000000E+00
3.4165E+03 9.94760911E-07 0.00000000E+00
3.4400E+03 1.10368358E-06 0.00000000E+00
3.4636E+03 1.14366112E-06 0.00000000E+00
3.4872E+03 1.18227661E-06 0.00000000E+00
3.5107E+03 1.30385772E-06 0.00000000E+00
3.5343E+03 1.41169382E-06 0.00000000E+00
3.5579E+03 1.43472542E-06 0.00000000E+00
3.5814E+03 1.49740339E-06 0.00000000E+00
3.6050E+03 1.64766928E-06 0.00000000E+00
3.6285E+03 1.73573956E-06 0.00000000E+00
3.6521E+03 1.74472842E-06 0.00000000E+00
3.6757E+03 1.84256598E-06 0.00000000E+00
3.6992E+03 2.00614515E-06 0.00000000E+00
3.7228E+03 2.05727075E-06 0.00000000E+00
3.7463E+03 2.06388444E-06 0.00000000E+00
3.7699E+03 2.20195737E-06 0.00000000E+00
3.7935E+03 2.35445112E-06 0.00000000E+00
3.8170E+03 2.35961293E-06 0.00000000E+00
3.8406E+03 2.38214467E-06 0.00000000E+00
3.8642E+03 2.55466300E-06 0.00000000E+00
3.8877E+03 2.66812156E-06 0.00000000E+00
3.9113E+03 2.63165347E-06 0.00000000E+00
3.9348E+03 2.68943372E-06 0.00000000E+00
3.9584E+03 2.87784331E-06 0.00000000E+00
3.9820E+03 2.92909410E-06 0.00000000E+00
4.0055E+03 2.86995864E-06 0.00000000E+00
4.0291E+03 2.97603022E-06 0.00000000E+00
4.0527E+03 3.15162688E-06 0.00000000E+00
4.0762E+03 3.13074025E-06 0.00000000E+00
4.0998E+03 3.07874675E-06 0.00000000E+00
4.1233E+03 3.23355199E-06 0.00000000E+00
4.1469E+03 3.36445793E-06 0.00000000E+00
4.1705E+03 3.28018135E-06 0.00000000E+00
4.1940E+03 3.26795163E-06 0.00000000E+00
4.2176E+03 3.45665112E-06 0.00000000E+00
4.2412E+03 3.51717638E-06 0.00000000E+00
4.2647E+03 3.39703659E-06 0.00000000E+00
4.2883E+03 3.45022235E-06 0.00000000E+00
4.3118E+03 3.64499830E-06 0.00000000E+00
4.3354E+03 3.62431282E-06 0.00000000E+00
4.3590E+03 3.50891396E-06 0.00000000E+00
4.3825E+03 3.63788220E-06 0.00000000E+00
4.4061E+03 3.80475121E-06 0.00000000E+00
4.4296E+03 3.71189711E-06 0.00000000E+00
4.4532E+03 3.64494167E-06 0.00000000E+00
4.4768E+03 3.84062723E-06 0.00000000E+00
4.5003E+03 3.94868930E-06 0.00000000E+00
4.5239E+03 3.81216604E-06 0.00000000E+00
4.5475E+03 3.82910359E-06 0.00000000E+00
4.5710E+03 4.06429198E-06 0.00000000E+00
4.5946E+03 4.09457586E-06 0.00000000E+00
4.6181E+03 3.95648340E-06 0.00000000E+00
4.6417E+03 4.07501235E-06 0.00000000E+00
4.6653E+03 4.31059196E-06 0.00000000E+00
4.6888E+03 4.26189947E-06 0.00000000E+00
4.7124E+03 4.16824566E-06 0.00000000E+00
4.7360E+03 4.38319126E-06 0.00000000E+00
4.7595E+03 4.57752238E-06 0.00000000E+00
4.7831E+03 4.46769361E-06 0.00000000E+00
4.8066E+03 4.45745665E-06 0.00000000E+00
4.8302E+03 4.74120560E-06 0.00000000E+00
4.8538E+03 4.86006635E-06 0.00000000E+00
4.8773E+03 4.72243658E-06 0.00000000E+00
4.9009E+03 4.81813495E-06 0.00000000E+00
4.9244E+03 5.12632316E-06 0.00000000E+00
4.9480E+03 5.15096483E-06 0.00000000E+00
4.9716E+03 5.02702155E-06 0.00000000E+00
4.9951E+03 5.22898998E-06 0.00000000E+00
5.0187E+03 5.50992288E-06 0.00000000E+00
5.0423E+03 5.44142926E-06 0.00000000E+00
5.0658E+03 5.37151104E-06 0.00000000E+00
5.0894E+03 5.65707986E-06 0.00000000E+00
5.1129E+03 5.86264732E-06 0.00000000E+00
5.1365E+03 5.72177157E-06 0.00000000E+00
5.1601E+03 5.73596678E-06 0.00000000E+00
5.1836E+03 6.06359479E-06 0.00000000E+00
5.2072E+03 6.15928153E-06 0.00000000E+00
5.2308E+03 5.98196841E-06 0.00000000E+00
5.2543E+03 6.09319898E-06 0.00000000E+00
5.2779E+03 6.41056898E-06 0.00000000E+00
5.3014E+03 6.38249606E-06 0.00000000E+00
5.3250E+03 6.21218357E-06 0.00000000E+00
5.3486E+03 6.41290477E-06 0.00000000E+00
5.3721E+03 6.66723148E-06 0.00000000E+00
5.3957E+03 6.52486802E-06 0.00000000E+00
5.4192E+03 6.40326524E-06 0.00000000E+00
5.4428E+03 6.66642175E-06 0.00000000E+00
5.4664E+03 6.81484609E-06 0.00000000E+00
5.4899E+03 6.58894763E-06 0.00000000E+00
5.5135E+03 6.54722882E-06 0.00000000E+00
5.5371E+03 6.83123599E-06 0.00000000E+00
5.5606E+03 6.84922478E-06 0.00000000E+00
5.5842E+03 6.58551278E-06 0.00000000E+00
5.6077E+03 6.63773247E-06 0.00000000E+00
5.6313E+03 6.89445622E-06 0.00000000E+00
5.6549E+03 6.78056433E-06 0.00000000E+00
5.6784E+03 6.53049162E-06 0.00000000E+00
5.7020E+03 6.67054731E-06 0.00000000E+00
5.7256E+03 6.85467485E-06 0.00000000E+00
5.7491E+03 6.63077017E-06 0.00000000E+00
5.7727E+03 6.44127026E-06 0.00000000E+00
5.7962E+03 6.64401121E-06 0.00000000E+00
5.8198E+03 6.72194371E-06 0.00000000E+00
5.8434E+03 6.42890075E-06 0.00000000E+00
5.8669E+03 6.33319188E-06 0.00000000E+00
5.8905E+03 6.55943412E-06 0.00000000E+00
5.9140E+03 6.51593809E-06 0.00000000E+00
5.9376E+03 6.20569943E-06 0.00000000E+00
5.9612E+03 6.21697608E-06 0.00000000E+00
5.9847E+03 6.42139779E-06 0.00000000E+00
6.0083E+03 6.26270457E-06 0.00000000E+00
6.0319E+03 5.98831597E-06 0.00000000E+00
6.0554E+03 6.09755803E-06 0.00000000E+00
6.0790E+03 6.23787257E-06 0.00000000E+00
6.1025E+03 5.99062437E-06 0.00000000E+00
6.1261E+03 5.79622924E-06 0.00000000E+00
6.1497E+03 5.97451522E-06 0.00000000E+00
6.1732E+03 6.02006642E-06 0.00000000E+00
6.1968E+03 5.72633197E-06 0.00000000E+00
6.2204E+03 5.63909103E-06 0.00000000E+00
6.2439E+03 5.84388777E-06 0.00000000E+00
6.2675E+03 5.78193498E-06 0.00000000E+00
6.2910E+03 5.49129182E-06 0.00000000E+00
6.3146E+03 5.51678141E-06 0.00000000E+00
6.3382E+03 5.70088497E-06 0.00000000E+00
6.3617E+03 5.53931730E-06 0.00000000E+00
6.3853E+03 5.29956723E-06 0.00000000E+00
6.4088E+03 5.42149219E-06 0.00000000E+00
6.4324E+03 5.54277466E-06 0.00000000E+00
6.4560E+03 5.30871742E-06 0.00000000E+00
6.4795E+03 5.15705404E-06 0.00000000E+00
6.5031E+03 5.34123761E-06 0.00000000E+00
6.5267E+03 5.37121514E-06 0.00000000E+00
6.5502E+03 5.10581922E-06 0.00000000E+00
6.5738E+03 5.06215449E-06 0.00000000E+00
6.5973E+03 5.26391699E-06 0.00000000E+00
6.6209E+03 5.19341940E-06 0.00000000E+00
6.6445E+03 4.94388684E-06 0.00000000E+00
6.6680E+03 5.00759506E-06 0.00000000E+00
6.6916E+03 5.18097566E-06 0.00000000E+00
6.7152E+03 5.02180904E-06 0.00000000E+00
6.7387E+03 4.83225277E-06 0.00000000E+00
6.7623E+03 4.98289883E-06 0.00000000E+00
6.7858E+03 5.08984151E-06 0.00000000E+00
6.8094E+03 4.87216209E-06 0.00000000E+00
6.8330E+03 4.77511594E-06 0.00000000E+00
6.8565E+03 4.97694218E-06 0.00000000E+00
6.8801E+03 4.99461224E-06 0.00000000E+00
6.9036E+03 4.76060484E-06 0.00000000E+00
6.9272E+03 4.77085479E-06 0.00000000E+00
6.9508E+03 4.98006919E-06 0.00000000E+00
6.9743E+03 4.90489735E-06 0.00000000E+00
6.9979E+03 4.70008338E-06 0.00000000E+00
7.0215E+03 4.81200319E-06 0.00000000E+00
7.0450E+03 4.98537988E-06 0.00000000E+00
7.0686E+03 4.83310124E-06 0.00000000E+00
7.0921E+03 4.69707483E-06 0.00000000E+00
7.1157E+03 4.88595135E-06 0.00000000E+00
7.1393E+03 4.98903401E-06 0.00000000E+00
7.1628E+03 4.79083107E-06 0.00000000E+00
7.1864E+03 4.74929270E-06 0.00000000E+00
7.2100E+03 4.97631391E-06 0.00000000E+00
7.2335E+03 4.98963282E-06 0.00000000E+00
7.2571E+03 4.78526092E-06 0.00000000E+00
7.2806E+03 4.84494005E-06 0.00000000E+00
7.3042E+03 5.06481372E-06 0.00000000E+00
7.3278E+03 4.98696300E-06 0.00000000E+00
7.3513E+03 4.81633318E-06 0.00000000E+00
7.3749E+03 4.96377342E-06 0.00000000E+00
7.3985E+03 5.13342998E-06 0.00000000E+00
7.4220E+03 4.98049769E-06 0.00000000E+00
7.4456E+03 4.87545425E-06 0.00000000E+00
7.4691E+03 5.07984642E-06 0.00000000E+00
7.4927E+03 5.16650929E-06 0.00000000E+00
7.5163E+03 4.96810376E-06 0.00000000E+00
7.5398E+03 4.94606515E-06 0.00000000E+00
7.5634E+03 5.16549106E-06 0.00000000E+00
7.5869E+03 5.15254737E-06 0.00000000E+00
7.6105E+03 4.94531552E-06 0.00000000E+00
7.6341E+03 5.00601661E-06 0.00000000E+00
7.6576E+03 5.19579629E-06 0.00000000E+00
7.6812E+03 5.08538185E-06 0.00000000E+00
7.7048E+03 4.90540426E-06 0.00000000E+00
7.7283E+03 5.03132901E-06 0.00000000E+00
7.7519E+03 5.15276912E-06 0.00000000E+00
7.7754E+03 4.96465368E-06 0.00000000E+00
7.7990E+03 4.84027026E-06 0.00000000E+00
7.8226E+03 5.00059353E-06 0.00000000E+00
7.8461E+03 5.02838440E-06 0.00000000E+00
7.8697E+03 4.79548889E-06 0.00000000E+00
7.8933E+03 4.74198305E-06 0.00000000E+00
7.9168E+03 4.89914065E-06 0.00000000E+00
7.9404E+03 4.82596737E-06 0.00000000E+00
7.9639E+03 4.58750413E-06 0.00000000E+00
7.9875E+03 4.60464986E-06 0.00000000E+00
8.0111E+03 4.72213841E-06 0.00000000E+00
8.0346E+03 4.55965303E-06 0.00000000E+00
8.0582E+03 4.35332245E-06 0.00000000E+00
8.0817E+03 4.42619078E-06 0.00000000E+00
8.1053E+03 4.47598921E-06 0.00000000E+00
8.1289E+03 4.25204789E-06 0.00000000E+00
8.1524E+03 4.10687101E-06 0.00000000E+00
8.1760E+03 4.20962124E-06 0.00000000E+00
8.1996E+03 4.17773687E-06 0.00000000E+00
8.2231E+03 3.93054953E-06 0.00000000E+00
8.2467E+03 3.86173571E-06 0.00000000E+00
8.2702E+03 3.96351707E-06 0.00000000E+00
8.2938E+03 3.85257969E-06 0.00000000E+00
8.3174E+03 3.62302371E-06 0.00000000E+00
8.3409E+03 3.62982231E-06 0.00000000E+00
8.3645E+03 3.70150925E-06 0.00000000E+00
8.3881E+03 3.52995780E-06 0.00000000E+00
8.4116E+03 3.35363645E-06 0.00000000E+00
8.4352E+03 3.42048532E-06 0.00000000E+00
8.4587E+03 3.44083691E-06 0.00000000E+00
8.4823E+03 3.23894541E-06 0.00000000E+00
8.5059E+03 3.13957806E-06 0.00000000E+00
8.5294E+03 3.24018798E-06 0.00000000E+00
8.5530E+03 3.20017855E-06 0.00000000E+00
8.5765E+03 3.00379994E-06 0.00000000E+00
8.6001E+03 2.98921239E-06 0.00000000E+00
8.6237E+03 3.09264135E-06 0.00000000E+00
8.6472E+03 2.99711971E-06 0.00000000E+00
8.6708E+03 2.84046403E-06 0.00000000E+00
8.6944E+03 2.90188638E-06 0.00000000E+00
8.7179E+03 2.97928543E-06 0.00000000E+00
8.7415E+03 2.84568914E-06 0.00000000E+00
8.7650E+03 2.75461220E-06 0.00000000E+00
8.7886E+03 2.86930005E-06 0.00000000E+00
8.8122E+03 2.89991900E-06 0.00000000E+00
8.8357E+03 2.75438149E-06 0.00000000E+00
8.8593E+03 2.74151685E-06 0.00000000E+00
8.8829E+03 2.87804149E-06 0.00000000E+00
8.9064E+03 2.85328155E-06 0.00000000E+00
8.9300E+03 2.72499635E-06 0.00000000E+00
8.9535E+03 2.78765326E-06 0.00000000E+00
8.9771E+03 2.91268828E-06 0.00000000E+00
9.0007E+03 2.83742941E-06 0.00000000E+00
9.0242E+03 2.75247141E-06 0.00000000E+00
9.0478E+03 2.87363737E-06 0.00000000E+00
9.0713E+03 2.95880676E-06 0.00000000E+00
9.0949E+03 2.84982527E-06 0.00000000E+00
9.1185E+03 2.82571164E-06 0.00000000E+00
9.1420E+03 2.97786139E-06 0.00000000E+00
9.1656E+03 3.00525281E-06 0.00000000E+00
9.1892E+03 2.88715199E-06 0.00000000E+00
9.2127E+03 2.92924345E-06 0.00000000E+00
9.2363E+03 3.08009938E-06 0.00000000E+00
9.2598E+03 3.04536901E-06 0.00000000E+00
9.2834E+03 2.94494994E-06 0.00000000E+00
9.3070E+03 3.04539075E-06 0.00000000E+00
9.3305E+03 3.16441334E-06 0.00000000E+00
9.3541E+03 3.07694104E-06 0.00000000E+00
9.3777E+03 3.01723878E-06 0.00000000E+00
9.4012E+03 3.15659911E-06 0.00000000E+00
9.4248E+03 3.22087835E-06 0.00000000E+00
9.4483E+03 3.10105813E-06 0.00000000E+00
9.4719E+03 3.09630540E-06 0.00000000E+00
9.4955E+03 3.24753517E-06 0.00000000E+00
9.5190E+03 3.24592060E-06 0.00000000E+00
9.5426E+03 3.12025980E-06 0.00000000E+00
9.5661E+03 3.17281532E-06 0.00000000E+00
9.5897E+03 3.30665746E-06 0.00000000E+00
9.6133E+03 3.24136183E-06 0.00000000E+00
9.6368E+03 3.13649308E-06 0.00000000E+00
9.6604E+03 3.23633716E-06 0.00000000E+00
9.6840E+03 3.32707338E-06 0.00000000E+00
9.7075E+03 3.21252530E-06 0.00000000E+00
9.7311E+03 3.14942447E-06 0.00000000E+00
9.7546E+03 3.27627642E-06 0.00000000E+00
9.7782E+03 3.30663973E-06 0.00000000E+00
9.8018E+03 3.16592932E-06 0.00000000E+00
9.8253E+03 3.15554702E-06 0.00000000E+00
9.8489E+03 3.28311269E-06 0.00000000E+00
9.8725E+03 3.24740152E-06 0.00000000E+00
9.8960E+03 3.10714185E-06 0.00000000E+00
9.9196E+03 3.14832333E-06 0.00000000E+00
9.9431E+03 3.24974981E-06 0.00000000E+00
9.9667E+03 3.15456942E-06 0.00000000E+00
9.9903E+03 3.03929086E-06 0.00000000E+00
1.0014E+04 3.11935318E-06 0.00000000E+00
1.0037E+04 3.17273777E-06 0.00000000E+00
1.0061E+04 3.03529198E-06 0.00000000E+00
1.0085E+04 2.96254118E-06 0.00000000E+00
1.0108E+04 3.06030937E-06 0.00000000E+00
1.0132E+04 3.05312338E-06 0.00000000E+00
1.0155E+04 2.89747814E-06 0.00000000E+00
1.0179E+04 2.87460450E-06 0.00000000E+00
1.0202E+04 2.96519807E-06 0.00000000E+00
1.0226E+04 2.89673488E-06 0.00000000E+00
1.0249E+04 2.74887301E-06 0.00000000E+00
1.0273E+04 2.77210069E-06 0.00000000E+00
1.0297E+04 2.83241297E-06 0.00000000E+00
1.0320E+04 2.71379645E-06 0.00000000E+00
1.0344E+04 2.59650155E-06 0.00000000E+00
1.0367E+04 2.65238833E-06 0.00000000E+00
1.0391E+04 2.66608339E-06 0.00000000E+00
1.0414E+04 2.51788460E-06 0.00000000E+00
1.0438E+04 2.44649205E-06 0.00000000E+00
1.0462E+04 2.51537552E-06 0.00000000E+00
1.0485E+04 2.47635688E-06 0.00000000E+00
1.0509E+04 2.32435716E-06 0.00000000E+00
1.0532E+04 2.30419741E-06 0.00000000E+00
1.0556E+04 2.36482734E-06 0.00000000E+00
1.0579E+04 2.27847810E-06 0.00000000E+00
1.0603E+04 2.14848342E-06 0.00000000E+00
1.0626E+04 2.17446830E-06 0.00000000E+00
1.0650E+04 2.20880137E-06 0.00000000E+00
1.0674E+04 2.09077813E-06 0.00000000E+00
1.0697E+04 2.00356129E-06 0.00000000E+00
1.0721E+04 2.06190840E-06 0.00000000E+00
1.0744E+04 2.05904048E-06 0.00000000E+00
1.0768E+04 1.93191969E-06 0.00000000E+00
1.0791E+04 1.89931292E-06 0.00000000E+00
1.0815E+04 1.97096407E-06 0.00000000E+00
1.0838E+04 1.92938758E-06 0.00000000E+00
1.0862E+04 1.81790489E-06 0.00000000E+00
1.0886E+04 1.84080228E-06 0.00000000E+00
1.0909E+04 1.90575840E-06 0.00000000E+00
1.0933E+04 1.83350936E-06 0.00000000E+00
1.0956E+04 1.75940973E-06 0.00000000E+00
1.0980E+04 1.82802692E-06 0.00000000E+00
1.1003E+04 1.86966000E-06 0.00000000E+00
1.1027E+04 1.78237701E-06 0.00000000E+00
1.1051E+04 1.75995210E-06 0.00000000E+00
1.1074E+04 1.85621873E-06 0.00000000E+00
1.1098E+04 1.86465997E-06 0.00000000E+00
1.1121E+04 1.78201787E-06 0.00000000E+00
1.1145E+04 1.81524125E-06 0.00000000E+00
1.1168E+04 1.91676830E-06 0.00000000E+00
1.1192E+04 1.89069578E-06 0.00000000E+00
1.1215E+04 1.83200910E-06 0.00000000E+00
1.1239E+04 1.91382860E-06 0.00000000E+00
1.1263E+04 1.99858733E-06 0.00000000E+00
1.1286E+04 1.94509529E-06 0.00000000E+00
1.1310E+04 1.92504360E-06 0.00000000E+00
1.1333E+04 2.03893146E-06 0.00000000E+00
1.1357E+04 2.08966197E-06 0.00000000E+00
1.1380E+04 2.02230720E-06 0.00000000E+00
1.1404E+04 2.04768819E-06 0.00000000E+00
1.1428E+04 2.17108159E-06 0.00000000E+00
1.1451E+04 2.17853674E-06 0.00000000E+00
1.1475E+04 2.11403979E-06 0.00000000E+00
1.1498E+04 2.18222089E-06 0.00000000E+00
1.1522E+04 2.29110469E-06 0.00000000E+00
1.1545E+04 2.25550562E-06 0.00000000E+00
1.1569E+04 2.20985406E-06 0.00000000E+00
1.1592E+04 2.30922374E-06 0.00000000E+00
1.1616E+04 2.38289142E-06 0.00000000E+00
1.1640E+04 2.31336175E-06 0.00000000E+00
1.1663E+04 2.29816925E-06 0.00000000E+00
1.1687E+04 2.41046429E-06 0.00000000E+00
1.1710E+04 2.43548195E-06 0.00000000E+00
1.1734E+04 2.34765589E-06 0.00000000E+00
1.1757E+04 2.36755359E-06 0.00000000E+00
1.1781E+04 2.47155014E-06 0.00000000E+00
1.1805E+04 2.44413898E-06 0.00000000E+00
1.1828E+04 2.35651229E-06 0.00000000E+00
1.1852E+04 2.40811128E-06 0.00000000E+00
1.1875E+04 2.48389328E-06 0.00000000E+00
1.1899E+04 2.41029401E-06 0.00000000E+00
1.1922E+04 2.34013082E-06 0.00000000E+00
1.1946E+04 2.41274834E-06 0.00000000E+00
1.1969E+04 2.44566340E-06 0.00000000E+00
1.1993E+04 2.34047396E-06 0.00000000E+00
1.2017E+04 2.30014916E-06 0.00000000E+00
1.2040E+04 2.37811325E-06 0.00000000E+00
1.2064E+04 2.36160917E-06 0.00000000E+00
1.2087E+04 2.24450496E-06 0.00000000E+00
1.2111E+04 2.23904193E-06 0.00000000E+00
1.2134E+04 2.30505837E-06 0.00000000E+00
1.2158E+04 2.24184202E-06 0.00000000E+00
1.2182E+04 2.13340854E-06 0.00000000E+00
1.2205E+04 2.15969633E-06 0.00000000E+00
1.2229E+04 2.19854703E-06 0.00000000E+00
1.2252E+04 2.09986571E-06 0.00000000E+00
1.2276E+04 2.01743317E-06 0.00000000E+00
1.2299E+04 2.06523722E-06 0.00000000E+00
1.2323E+04 2.06702225E-06 0.00000000E+00
1.2346E+04 1.95025843E-06 0.00000000E+00
1.2370E+04 1.90459793E-06 0.00000000E+00
1.2394E+04 1.95909439E-06 0.00000000E+00
1.2417E+04 1.92133982E-06 0.00000000E+00
1.2441E+04 1.80645166E-06 0.00000000E+00
1.2464E+04 1.79998452E-06 0.00000000E+00
1.2488E+04 1.84523169E-06 0.00000000E+00
1.2511E+04 1.77343458E-06 0.00000000E+00
1.2535E+04 1.67899743E-06 0.00000000E+00
1.2559E+04 1.70583166E-06 0.00000000E+00
1.2582E+04 1.72840700E-06 0.00000000E+00
1.2606E+04 1.63492335E-06 0.00000000E+00
1.2629E+04 1.57458797E-06 0.00000000E+00
1.2653E+04 1.62230295E-06 0.00000000E+00
1.2676E+04 1.61431715E-06 0.00000000E+00
1.2700E+04 1.51584559E-06 0.00000000E+00
1.2723E+04 1.49591933E-06 0.00000000E+00
1.2747E+04 1.54865497E-06 0.00000000E+00
1.2771E+04 1.50950484E-06 0.00000000E+00
1.2794E+04 1.42370633E-06 0.00000000E+00
1.2818E+04 1.44231105E-06 0.00000000E+00
1.2841E+04 1.48445745E-06 0.00000000E+00
1.2865E+04 1.42096110E-06 0.00000000E+00
1.2888E+04 1.36292397E-06 0.00000000E+00
1.2912E+04 1.41084541E-06 0.00000000E+00
1.2936E+04 1.43052400E-06 0.00000000E+00
1.2959E+04 1.35543327E-06 0.00000000E+00
1.2983E+04 1.33471153E-06 0.00000000E+00
1.3006E+04 1.39770183E-06 0.00000000E+00
1.3030E+04 1.38929805E-06 0.00000000E+00
1.3053E+04 1.31852834E-06 0.00000000E+00
1.3077E+04 1.33734781E-06 0.00000000E+00
1.3100E+04 1.39935024E-06 0.00000000E+00
1.3124E+04 1.36458107E-06 0.00000000E+00
1.3148E+04 1.31376510E-06 0.00000000E+00
1.3171E+04 1.36673877E-06 0.00000000E+00
1.3195E+04 1.41333018E-06 0.00000000E+00
1.3218E+04 1.36065662E-06 0.00000000E+00
1.3242E+04 1.34176225E-06 0.00000000E+00
1.3265E+04 1.41713827E-06 0.00000000E+00
1.3289E+04 1.43846323E-06 0.00000000E+00
1.3312E+04 1.38101635E-06 0.00000000E+00
1.3336E+04 1.39974371E-06 0.00000000E+00
1.3360E+04 1.48189376E-06 0.00000000E+00
1.3383E+04 1.47449548E-06 0.00000000E+00
1.3407E+04 1.42699886E-06 0.00000000E+00
1.3430E+04 1.48149705E-06 0.00000000E+00
1.3454E+04 1.55410581E-06 0.00000000E+00
1.3477E+04 1.52131015E-06 0.00000000E+00
1.3501E+04 1.49668544E-06 0.00000000E+00
1.3525E+04 1.57784441E-06 0.00000000E+00
1.3548E+04 1.62713119E-06 0.00000000E+00
1.3572E+04 1.57795636E-06 0.00000000E+00
1.3595E+04 1.58435285E-06 0.00000000E+00
1.3619E+04 1.67759251E-06 0.00000000E+00
1.3642E+04 1.69490836E-06 0.00000000E+00
1.3666E+04 1.64178535E-06 0.00000000E+00
1.3689E+04 1.68066963E-06 0.00000000E+00
1.3713E+04 1.76883786E-06 0.00000000E+00
1.3737E+04 1.75212929E-06 0.00000000E+00
1.3760E+04 1.70796154E-06 0.00000000E+00
1.3784E+04 1.77366623E-06 0.00000000E+00
1.3807E+04 1.84043355E-06 0.00000000E+00
1.3831E+04 1.79431311E-06 0.00000000E+00
1.3854E+04 1.76952896E-06 0.00000000E+00
1.3878E+04 1.85034230E-06 0.00000000E+00
1.3902E+04 1.88338923E-06 0.00000000E+00
1.3925E+04 1.81784907E-06 0.00000000E+00
1.3949E+04 1.81808391E-06 0.00000000E+00
1.3972E+04 1.89863367E-06 0.00000000E+00
1.3996E+04 1.89198319E-06 0.00000000E+00
1.4019E+04 1.82006788E-06 0.00000000E+00
1.4043E+04 1.84496162E-06 0.00000000E+00
1.4066E+04 1.90937654E-06 0.00000000E+00
1.4090E+04 1.86441383E-06 0.00000000E+00
1.4114E+04 1.79937434E-06 0.00000000E+00
1.4137E+04 1.84271957E-06 0.00000000E+00
1.4161E+04 1.87789508E-06 0.00000000E+00
1.4184E+04 1.80289712E-06 0.00000000E+00
1.4208E+04 1.75543925E-06 0.00000000E+00
1.4231E+04 1.80662063E-06 0.00000000E+00
1.4255E+04 1.80490373E-06 0.00000000E+00
1.4279E+04 1.71321246E-06 0.00000000E+00
1.4302E+04 1.68941275E-06 0.00000000E+00
1.4326E+04 1.73580323E-06 0.00000000E+00
1.4349E+04 1.69654346E-06 0.00000000E+00
1.4373E+04 1.60379147E-06 0.00000000E+00
1.4396E+04 1.60409487E-06 0.00000000E+00
1.4420E+04 1.63387582E-06 0.00000000E+00
1.4443E+04 1.56353461E-06 0.00000000E+00
1.4467E+04 1.48451682E-06 0.00000000E+00
1.4491E+04 1.50398878E-06 0.00000000E+00
1.4514E+04 1.50878012E-06 0.00000000E+00
1.4538E+04 1.41959608E-06 0.00000000E+00
1.4561E+04 1.36543673E-06 0.00000000E+00
1.4585E+04 1.39517130E-06 0.00000000E+00
1.4608E+04 1.37190817E-06 0.00000000E+00
1.4632E+04 1.27941560E-06 0.00000000E+00
1.4656E+04 1.25559984E-06 0.00000000E+00
1.4679E+04 1.28494236E-06 0.00000000E+00
1.4703E+04 1.23660403E-06 0.00000000E+00
1.4726E+04 1.15653357E-06 0.00000000E+00
1.4750E+04 1.16217651E-06 0.00000000E+00
1.4773E+04 1.18125530E-06 0.00000000E+00
1.4797E+04 1.11630119E-06 0.00000000E+00
1.4820E+04 1.06150856E-06 0.00000000E+00
1.4844E+04 1.08996595E-06 0.00000000E+00
1.4868E+04 1.09197450E-06 0.00000000E+00
1.4891E+04 1.02261779E-06 0.00000000E+00
1.4915E+04 1.00066642E-06 0.00000000E+00
1.4938E+04 1.04130821E-06 0.00000000E+00
1.4962E+04 1.02404652E-06 0.00000000E+00
1.4985E+04 9.63738913E-07 0.00000000E+00
1.5009E+04 9.75612913E-07 0.00000000E+00
1.5033E+04 1.01634365E-06 0.00000000E+00
1.5056E+04 9.82697251E-07 0.00000000E+00
1.5080E+04 9.43359088E-07 0.00000000E+00
1.5103E+04 9.83538007E-07 0.00000000E+00
1.5127E+04 1.01350409E-06 0.00000000E+00
1.5150E+04 9.70774398E-07 0.00000000E+00
1.5174E+04 9.60349826E-07 0.00000000E+00
1.5197E+04 1.01818956E-06 0.00000000E+00
1.5221E+04 1.03009216E-06 0.00000000E+00
1.5245E+04 9.88339918E-07 0.00000000E+00
1.5268E+04 1.00918039E-06 0.00000000E+00
1.5292E+04 1.07127649E-06 0.00000000E+00
1.5315E+04 1.06280994E-06 0.00000000E+00
1.5339E+04 1.03258303E-06 0.00000000E+00
1.5362E+04 1.08098226E-06 0.00000000E+00
1.5386E+04 1.13399793E-06 0.00000000E+00
1.5410E+04 1.10813383E-06 0.00000000E+00
1.5433E+04 1.09807721E-06 0.00000000E+00
1.5457E+04 1.16503648E-06 0.00000000E+00
1.5480E+04 1.19839672E-06 0.00000000E+00
1.5504E+04 1.16248824E-06 0.00000000E+00
1.5527E+04 1.17735249E-06 0.00000000E+00
1.5551E+04 1.25039969E-06 0.00000000E+00
1.5574E+04 1.25829892E-06 0.00000000E+00
1.5598E+04 1.22223308E-06 0.00000000E+00
1.5622E+04 1.26170721E-06 0.00000000E+00
1.5645E+04 1.32737877E-06 0.00000000E+00
1.5669E+04 1.30970999E-06 0.00000000E+00
1.5692E+04 1.28353431E-06 0.00000000E+00
1.5716E+04 1.34214864E-06 0.00000000E+00
1.5739E+04 1.38861573E-06 0.00000000E+00
1.5763E+04 1.35066668E-06 0.00000000E+00
1.5787E+04 1.34222031E-06 0.00000000E+00
1.5810E+04 1.41033665E-06 0.00000000E+00
1.5834E+04 1.42963892E-06 0.00000000E+00
1.5857E+04 1.38066474E-06 0.00000000E+00
1.5881E+04 1.39373201E-06 0.00000000E+00
1.5904E+04 1.45940925E-06 0.00000000E+00
1.5928E+04 1.44885348E-06 0.00000000E+00
1.5951E+04 1.39986837E-06 0.00000000E+00
1.5975E+04 1.43325077E-06 0.00000000E+00
1.5999E+04 1.48459320E-06 0.00000000E+00
1.6022E+04 1.44705720E-06 0.00000000E+00
1.6046E+04 1.40834252E-06 0.00000000E+00
1.6069E+04 1.45604090E-06 0.00000000E+00
1.6093E+04 1.48354025E-06 0.00000000E+00
1.6116E+04 1.42665521E-06 0.00000000E+00
1.6140E+04 1.40552641E-06 0.00000000E+00
1.6163E+04 1.45798370E-06 0.00000000E+00
1.6187E+04 1.45637388E-06 0.00000000E+00
1.6211E+04 1.39078988E-06 0.00000000E+00
1.6234E+04 1.39009428E-06 0.00000000E+00
1.6258E+04 1.43622228E-06 0.00000000E+00
1.6281E+04 1.40547316E-06 0.00000000E+00
1.6305E+04 1.34259595E-06 0.00000000E+00
1.6328E+04 1.36024409E-06 0.00000000E+00
1.6352E+04 1.38979356E-06 0.00000000E+00
1.6376E+04 1.33505392E-06 0.00000000E+00
1.6399E+04 1.28473815E-06 0.00000000E+00
1.6423E+04 1.31434199E-06 0.00000000E+00
1.6446E+04 1.32010717E-06 0.00000000E+00
1.6470E+04 1.25062616E-06 0.00000000E+00
1.6493E+04 1.21930361E-06 0.00000000E+00
1.6517E+04 1.25175560E-06 0.00000000E+00
1.6540E+04 1.23114466E-06 0.00000000E+00
1.6564E+04 1.15841054E-06 0.00000000E+00
1.6588E+04 1.14802533E-06 0.00000000E+00
1.6611E+04 1.17365338E-06 0.00000000E+00
1.6635E+04 1.12929575E-06 0.00000000E+00
1.6658E+04 1.06478572E-06 0.00000000E+00
1.6682E+04 1.07272702E-06 0.00000000E+00
1.6705E+04 1.08354393E-06 0.00000000E+00
1.6729E+04 1.02281169E-06 0.00000000E+00
1.6753E+04 9.75817362E-07 0.00000000E+00
1.6776E+04 9.95823889E-07 0.00000000E+00
1.6800E+04 9.87378125E-07 0.00000000E+00
1.6823E+04 9.20928243E-07 0.00000000E+00
1.6847E+04 8.96893803E-07 0.00000000E+00
1.6870E+04 9.20699445E-07 0.00000000E+00
1.6894E+04 8.93128434E-07 0.00000000E+00
1.6917E+04 8.32775833E-07 0.00000000E+00
1.6941E+04 8.32469084E-07 0.00000000E+00
1.6965E+04 8.51808918E-07 0.00000000E+00
1.6988E+04 8.09873155E-07 0.00000000E+00
1.7012E+04 7.66240537E-07 0.00000000E+00
1.7035E+04 7.85896317E-07 0.00000000E+00
1.7059E+04 7.94426461E-07 0.00000000E+00
1.7082E+04 7.46524724E-07 0.00000000E+00
1.7106E+04 7.26954914E-07 0.00000000E+00
1.7130E+04 7.59325840E-07 0.00000000E+00
1.7153E+04 7.54041730E-07 0.00000000E+00
1.7177E+04 7.10425736E-07 0.00000000E+00
1.7200E+04 7.17580644E-07 0.00000000E+00
1.7224E+04 7.53644350E-07 0.00000000E+00
1.7247E+04 7.35500703E-07 0.00000000E+00
1.7271E+04 7.06076069E-07 0.00000000E+00
1.7294E+04 7.37497300E-07 0.00000000E+00
1.7318E+04 7.68440997E-07 0.00000000E+00
1.7342E+04 7.42055993E-07 0.00000000E+00
1.7365E+04 7.34240307E-07 0.00000000E+00
1.7389E+04 7.82942949E-07 0.00000000E+00
1.7412E+04 8.02000558E-07 0.00000000E+00
1.7436E+04 7.74527209E-07 0.00000000E+00
1.7459E+04 7.91619174E-07 0.00000000E+00
1.7483E+04 8.47575956E-07 0.00000000E+00
1.7507E+04 8.51337697E-07 0.00000000E+00
1.7530E+04 8.30763936E-07 0.00000000E+00
1.7554E+04 8.71165136E-07 0.00000000E+00
1.7577E+04 9.23357838E-07 0.00000000E+00
1.7601E+04 9.12295459E-07 0.00000000E+00
1.7624E+04 9.05553751E-07 0.00000000E+00
1.7648E+04 9.63001863E-07 0.00000000E+00
1.7671E+04 1.00160756E-06 0.00000000E+00
1.7695E+04 9.79732423E-07 0.00000000E+00
1.7719E+04 9.91035454E-07 0.00000000E+00
1.7742E+04 1.05579434E-06 0.00000000E+00
1.7766E+04 1.07405705E-06 0.00000000E+00
1.7789E+04 1.04781519E-06 0.00000000E+00
1.7813E+04 1.07758039E-06 0.00000000E+00
1.7836E+04 1.13833375E-06 0.00000000E+00
1.7860E+04 1.13374887E-06 0.00000000E+00
1.7884E+04 1.11041717E-06 0.00000000E+00
1.7907E+04 1.15501249E-06 0.00000000E+00
1.7931E+04 1.20106518E-06 0.00000000E+00
1.7954E+04 1.17565645E-06 0.00000000E+00
1.7978E+04 1.16160395E-06 0.00000000E+00
1.8001E+04 1.21396941E-06 0.00000000E+00
1.8025E+04 1.23730268E-06 0.00000000E+00
1.8048E+04 1.19696614E-06 0.00000000E+00
1.8072E+04 1.19616456E-06 0.00000000E+00
1.8096E+04 1.24717692E-06 0.00000000E+00
1.8119E+04 1.24394177E-06 0.00000000E+00
1.8143E+04 1.19702589E-06 0.00000000E+00
1.8166E+04 1.21013106E-06 0.00000000E+00
1.8190E+04 1.25042247E-06 0.00000000E+00
1.8213E+04 1.22157863E-06 0.00000000E+00
1.8237E+04 1.17702410E-06 0.00000000E+00
1.8261E+04 1.20122019E-06 0.00000000E+00
1.8284E+04 1.22306811E-06 0.00000000E+00
1.8308E+04 1.17405820E-06 0.00000000E+00
1.8331E+04 1.13950354E-06 0.00000000E+00
1.8355E+04 1.16913357E-06 0.00000000E+00
1.8378E+04 1.16802768E-06 0.00000000E+00
1.8402E+04 1.10757654E-06 0.00000000E+00
1.8425E+04 1.08783034E-06 0.00000000E+00
1.8449E+04 1.11566616E-06 0.00000000E+00
1.8473E+04 1.09122887E-06 0.00000000E+00
1.8496E+04 1.02953636E-06 0.00000000E+00
1.8520E+04 1.02572744E-06 0.00000000E+00
1.8543E+04 1.04459609E-06 0.00000000E+00
1.8567E+04 1.00067135E-06 0.00000000E+00
1.8590E+04 9.47384243E-07 0.00000000E+00
1.8614E+04 9.56947918E-07 0.00000000E+00
1.8637E+04 9.61357613E-07 0.00000000E+00
1.8661E+04 9.05257093E-07 0.00000000E+00
1.8685E+04 8.67640913E-07 0.00000000E+00
1.8708E+04 8.85116577E-07 0.00000000E+00
1.8732E+04 8.72529037E-07 0.00000000E+00
1.8755E+04 8.13598795E-07 0.00000000E+00
1.8779E+04 7.95276605E-07 0.00000000E+00
1.8802E+04 8.13718660E-07 0.00000000E+00
1.8826E+04 7.85193100E-07 0.00000000E+00
1.8850E+04 7.33001186E-07 0.00000000E+00
1.8873E+04 7.33497637E-07 0.00000000E+00
1.8897E+04 7.46174645E-07 0.00000000E+00
1.8920E+04 7.06244872E-07 0.00000000E+00
1.8944E+04 6.68762822E-07 0.00000000E+00
1.8967E+04 6.83916521E-07 0.00000000E+00
1.8991E+04 6.85918547E-07 0.00000000E+00
1.9014E+04 6.41728437E-07 0.00000000E+00
1.9038E+04 6.23873593E-07 0.00000000E+00
1.9062E+04 6.46997142E-07 0.00000000E+00
1.9085E+04 6.36398765E-07 0.00000000E+00
1.9109E+04 5.96278081E-07 0.00000000E+00
1.9132E+04 5.99101821E-07 0.00000000E+00
1.9156E+04 6.22615434E-07 0.00000000E+00
1.9179E+04 6.00944348E-07 0.00000000E+00
1.9203E+04 5.72723514E-07 0.00000000E+00
1.9227E+04 5.93391400E-07 0.00000000E+00
1.9250E+04 6.10564428E-07 0.00000000E+00
1.9274E+04 5.82479873E-07 0.00000000E+00
1.9297E+04 5.71894876E-07 0.00000000E+00
1.9321E+04 6.04438642E-07 0.00000000E+00
1.9344E+04 6.10861472E-07 0.00000000E+00
1.9368E+04 5.83119126E-07 0.00000000E+00
1.9391E+04 5.92636159E-07 0.00000000E+00
1.9415E+04 6.29299477E-07 0.00000000E+00
1.9439E+04 6.23776780E-07 0.00000000E+00
1.9462E+04 6.03710252E-07 0.00000000E+00
1.9486E+04 6.32009593E-07 0.00000000E+00
1.9509E+04 6.64892416E-07 0.00000000E+00
1.9533E+04 6.49581249E-07 0.00000000E+00
1.9556E+04 6.43432602E-07 0.00000000E+00
1.9580E+04 6.85652449E-07 0.00000000E+00
1.9604E+04 7.08305915E-07 0.00000000E+00
1.9627E+04 6.88089217E-07 0.00000000E+00
1.9651E+04 6.99551099E-07 0.00000000E+00
1.9674E+04 7.48234275E-07 0.00000000E+00
1.9698E+04 7.56879172E-07 0.00000000E+00
1.9721E+04 7.38130595E-07 0.00000000E+00
1.9745E+04 7.67415094E-07 0.00000000E+00
1.9768E+04 8.13958066E-07 0.00000000E+00
1.9792E+04 8.08088507E-07 0.00000000E+00
1.9816E+04 7.97113067E-07 0.00000000E+00
1.9839E+04 8.40748575E-07 0.00000000E+00
1.9863E+04 8.77052552E-07 0.00000000E+00
1.9886E+04 8.59322636E-07 0.00000000E+00
1.9910E+04 8.60822859E-07 0.00000000E+00
1.9933E+04 9.12224917E-07 0.00000000E+00
1.9957E+04 9.32212944E-07 0.00000000E+00
1.9981E+04 9.07658070E-07 0.00000000E+00
2.0004E+04 9.23564397E-07 0.00000000E+00
2.0028E+04 9.74263036E-07 0.00000000E+00
2.0051E+04 9.74961254E-07 0.00000000E+00
2.0075E+04 9.49744621E-07 0.00000000E+00
2.0098E+04 9.78665504E-07 0.00000000E+00
2.0122E+04 1.01993455E-06 0.00000000E+00
2.0145E+04 1.00191164E-06 0.00000000E+00
2.0169E+04 9.81881466E-07 0.00000000E+00
2.0193E+04 1.01929182E-06 0.00000000E+00
2.0216E+04 1.04384346E-06 0.00000000E+00
2.0240E+04 1.01093853E-06 0.00000000E+00
2.0263E+04 1.00031369E-06 0.00000000E+00
2.0287E+04 1.03944006E-06 0.00000000E+00
2.0310E+04 1.04283707E-06 0.00000000E+00
2.0334E+04 1.00125397E-06 0.00000000E+00
2.0358E+04 1.00171952E-06 0.00000000E+00
2.0381E+04 1.03493095E-06 0.00000000E+00
2.0405E+04 1.01643075E-06 0.00000000E+00
2.0428E+04 9.73404424E-07 0.00000000E+00
2.0452E+04 9.83803482E-07 0.00000000E+00
2.0475E+04 1.00421004E-06 0.00000000E+00
2.0499E+04 9.66875091E-07 0.00000000E+00
2.0522E+04 9.29197978E-07 0.00000000E+00
2.0546E+04 9.45873381E-07 0.00000000E+00
2.0570E+04 9.48791873E-07 0.00000000E+00
2.0593E+04 8.98853801E-07 0.00000000E+00
2.0617E+04 8.71570045E-07 0.00000000E+00
2.0640E+04 8.89267856E-07 0.00000000E+00
2.0664E+04 8.73244235E-07 0.00000000E+00
2.0687E+04 8.18862203E-07 0.00000000E+00
2.0711E+04 8.04393117E-07 0.00000000E+00
2.0735E+04 8.17519930E-07 0.00000000E+00
2.0758E+04 7.84693275E-07 0.00000000E+00
2.0782E+04 7.34368428E-07 0.00000000E+00
2.0805E+04 7.32234004E-07 0.00000000E+00
2.0829E+04 7.36186638E-07 0.00000000E+00
2.0852E+04 6.91919014E-07 0.00000000E+00
2.0876E+04 6.52891806E-07 0.00000000E+00
2.0899E+04 6.60062700E-07 0.00000000E+00
2.0923E+04 6.52336825E-07 0.00000000E+00
2.0947E+04 6.04187194E-07 0.00000000E+00
2.0970E+04 5.81140455E-07 0.00000000E+00
2.0994E+04 5.92920519E-07 0.00000000E+00
2.1017E+04 5.73755643E-07 0.00000000E+00
2.1041E+04 5.30011639E-07 0.00000000E+00
2.1064E+04 5.24331621E-07 0.00000000E+00
2.1088E+04 5.35561288E-07 0.00000000E+00
2.1112E+04 5.07981512E-07 0.00000000E+00
2.1135E+04 4.76052229E-07 0.00000000E+00
2.1159E+04 4.85778581E-07 0.00000000E+00
2.1182E+04 4.92086748E-07 0.00000000E+00
2.1206E+04 4.61327444E-07 0.00000000E+00
2.1229E+04 4.46325407E-07 0.00000000E+00
2.1253E+04 4.66775518E-07 0.00000000E+00
2.1276E+04 4.65604253E-07 0.00000000E+00
2.1300E+04 4.38046206E-07 0.00000000E+00
2.1324E+04 4.41843293E-07 0.00000000E+00
2.1347E+04 4.66757444E-07 0.00000000E+00
2.1371E+04 4.57939375E-07 0.00000000E+00
2.1394E+04 4.39776175E-07 0.00000000E+00
2.1418E+04 4.60716497E-07 0.00000000E+00
2.1441E+04 4.83666809E-07 0.00000000E+00
2.1465E+04 4.69436502E-07 0.00000000E+00
2.1488E+04 4.65356518E-07 0.00000000E+00
2.1512E+04 4.98671448E-07 0.00000000E+00
2.1536E+04 5.14430459E-07 0.00000000E+00
2.1559E+04 4.98876013E-07 0.00000000E+00
2.1583E+04 5.11036000E-07 0.00000000E+00
2.1606E+04 5.49861953E-07 0.00000000E+00
2.1630E+04 5.55444494E-07 0.00000000E+00
2.1653E+04 5.43527114E-07 0.00000000E+00
2.1677E+04 5.71032170E-07 0.00000000E+00
2.1701E+04 6.07810590E-07 0.00000000E+00
2.1724E+04 6.02980173E-07 0.00000000E+00
2.1748E+04 5.99341837E-07 0.00000000E+00
2.1771E+04 6.38339802E-07 0.00000000E+00
2.1795E+04 6.66305821E-07 0.00000000E+00
2.1818E+04 6.53456426E-07 0.00000000E+00
2.1842E+04 6.61279747E-07 0.00000000E+00
2.1865E+04 7.05650195E-07 0.00000000E+00
2.1889E+04 7.20105833E-07 0.00000000E+00
2.1913E+04 7.03565571E-07 0.00000000E+00
2.1936E+04 7.23736979E-07 0.00000000E+00
2.1960E+04 7.66232637E-07 0.00000000E+00
2.1983E+04 7.65352971E-07 0.00000000E+00
2.2007E+04 7.50278680E-07 0.00000000E+00
2.2030E+04 7.81039652E-07 0.00000000E+00
2.2054E+04 8.14646769E-07 0.00000000E+00
2.2078E+04 7.99671002E-07 0.00000000E+00
2.2101E+04 7.90786661E-07 0.00000000E+00
2.2125E+04 8.27952572E-07 0.00000000E+00
2.2148E+04 8.47195013E-07 0.00000000E+00
2.2172E+04 8.21985979E-07 0.00000000E+00
2.2195E+04 8.22446008E-07 0.00000000E+00
2.2219E+04 8.60151090E-07 0.00000000E+00
2.2242E+04 8.62078472E-07 0.00000000E+00
2.2266E+04 8.32165738E-07 0.00000000E+00
2.2290E+04 8.42791813E-07 0.00000000E+00
2.2313E+04 8.74607281E-07 0.00000000E+00
2.2337E+04 8.59276219E-07 0.00000000E+00
2.2360E+04 8.30602072E-07 0.00000000E+00
2.2384E+04 8.49657025E-07 0.00000000E+00
2.2407E+04 8.69851141E-07 0.00000000E+00
2.2431E+04 8.40215288E-07 0.00000000E+00
2.2455E+04 8.17858306E-07 0.00000000E+00
2.2478E+04 8.41402024E-07 0.00000000E+00
2.2502E+04 8.46081655E-07 0.00000000E+00
2.2525E+04 8.07328020E-07 0.00000000E+00
2.2549E+04 7.94475162E-07 0.00000000E+00
2.2572E+04 8.17220851E-07 0.00000000E+00
2.2596E+04 8.05119546E-07 0.00000000E+00
2.2619E+04 7.63599971E-07 0.00000000E+00
2.2643E+04 7.60977337E-07 0.00000000E+00
2.2667E+04 7.77459134E-07 0.00000000E+00
2.2690E+04 7.50210932E-07 0.00000000E+00
2.2714E+04 7.12195783E-07 0.00000000E+00
2.2737E+04 7.18064486E-07 0.00000000E+00
2.2761E+04 7.23861681E-07 0.00000000E+00
2.2784E+04 6.85706590E-07 0.00000000E+00
2.2808E+04 6.56217277E-07 0.00000000E+00
2.2832E+04 6.66917097E-07 0.00000000E+00
2.2855E+04 6.59669514E-07 0.00000000E+00
2.2879E+04 6.16653398E-07 0.00000000E+00
2.2902E+04 5.98606154E-07 0.00000000E+00
2.2926E+04 6.09512427E-07 0.00000000E+00
2.2949E+04 5.89507413E-07 0.00000000E+00
2.2973E+04 5.48341304E-07 0.00000000E+00
2.2996E+04 5.42163128E-07 0.00000000E+00
2.3020E+04 5.48836331E-07 0.00000000E+00
2.3044E+04 5.19039844E-07 0.00000000E+00
2.3067E+04 4.85850642E-07 0.00000000E+00
2.3091E+04 4.89625388E-07 0.00000000E+00
2.3114E+04 4.88895699E-07 0.00000000E+00
2.3138E+04 4.54418186E-07 0.00000000E+00
2.3161E+04 4.33640943E-07 0.00000000E+00
2.3185E+04 4.43731420E-07 0.00000000E+00
2.3209E+04 4.34479216E-07 0.00000000E+00
2.3232E+04 4.01586112E-07 0.00000000E+00
2.3256E+04 3.95214632E-07 0.00000000E+00
2.3279E+04 4.07208973E-07 0.00000000E+00
2.3303E+04 3.90671673E-07 0.00000000E+00
2.3326E+04 3.65543378E-07 0.00000000E+00
2.3350E+04 3.72878674E-07 0.00000000E+00
2.3373E+04 3.82646089E-07 0.00000000E+00
2.3397E+04 3.62186455E-07 0.00000000E+00
2.3421E+04 3.49683902E-07 0.00000000E+00
2.3444E+04 3.67615765E-07 0.00000000E+00
2.3468E+04 3.72240668E-07 0.00000000E+00
2.3491E+04 3.52628785E-07 0.00000000E+00
2.3515E+04 3.55318015E-07 0.00000000E+00
2.3538E+04 3.79065783E-07 0.00000000E+00
2.3562E+04 3.77462332E-07 0.00000000E+00
2.3586E+04 3.63827990E-07 0.00000000E+00
2.3609E+04 3.81461778E-07 0.00000000E+00
2.3633E+04 4.05608991E-07 0.00000000E+00
2.3656E+04 3.98692264E-07 0.00000000E+00
2.3680E+04 3.95374411E-07 0.00000000E+00
2.3703E+04 4.24933177E-07 0.00000000E+00
2.3727E+04 4.44535664E-07 0.00000000E+00
2.3750E+04 4.34924455E-07 0.00000000E+00
2.3774E+04 4.44465434E-07 0.00000000E+00
2.3798E+04 4.80743960E-07 0.00000000E+00
2.3821E+04 4.92282748E-07 0.00000000E+00
2.3845E+04 4.83610852E-07 0.00000000E+00
2.3868E+04 5.06111494E-07 0.00000000E+00
2.3892E+04 5.42726696E-07 0.00000000E+00
2.3915E+04 5.44716478E-07 0.00000000E+00
2.3939E+04 5.40712737E-07 0.00000000E+00
2.3962E+04 5.73687427E-07 0.00000000E+00
2.3986E+04 6.04298615E-07 0.00000000E+00
2.4010E+04 5.97440148E-07 0.00000000E+00
2.4033E+04 6.00985147E-07 0.00000000E+00
2.4057E+04 6.39750431E-07 0.00000000E+00
2.4080E+04 6.59244045E-07 0.00000000E+00
2.4104E+04 6.46107645E-07 0.00000000E+00
2.4127E+04 6.58477272E-07 0.00000000E+00
2.4151E+04 6.96996011E-07 0.00000000E+00
2.4175E+04 7.02399139E-07 0.00000000E+00
2.4198E+04 6.86725260E-07 0.00000000E+00
2.4222E+04 7.07188718E-07 0.00000000E+00
2.4245E+04 7.39197582E-07 0.00000000E+00
2.4269E+04 7.30145085E-07 0.00000000E+00
2.4292E+04 7.15926145E-07 0.00000000E+00
2.4316E+04 7.41788088E-07 0.00000000E+00
2.4339E+04 7.61978829E-07 0.00000000E+00
2.4363E+04 7.40654166E-07 0.00000000E+00
2.4387E+04 7.31203286E-07 0.00000000E+00
2.4410E+04 7.58283650E-07 0.00000000E+00
2.4434E+04 7.63299483E-07 0.00000000E+00
2.4457E+04 7.33878806E-07 0.00000000E+00
2.4481E+04 7.31088170E-07 0.00000000E+00
2.4504E+04 7.54539462E-07 0.00000000E+00
2.4528E+04 7.43588193E-07 0.00000000E+00
2.4552E+04 7.11318041E-07 0.00000000E+00
2.4575E+04 7.15263595E-07 0.00000000E+00
2.4599E+04 7.30553741E-07 0.00000000E+00
2.4622E+04 7.05519933E-07 0.00000000E+00
2.4646E+04 6.75630048E-07 0.00000000E+00
2.4669E+04 6.84600981E-07 0.00000000E+00
2.4693E+04 6.88455075E-07 0.00000000E+00
2.4716E+04 6.53497045E-07 0.00000000E+00
2.4740E+04 6.30177431E-07 0.00000000E+00
2.4764E+04 6.41115397E-07 0.00000000E+00
2.4787E+04 6.32218680E-07 0.00000000E+00
2.4811E+04 5.92940752E-07 0.00000000E+00
2.4834E+04 5.78591261E-07 0.00000000E+00
2.4858E+04 5.87835788E-07 0.00000000E+00
2.4881E+04 5.67150558E-07 0.00000000E+00
2.4905E+04 5.29525000E-07 0.00000000E+00
2.4929E+04 5.24422035E-07 0.00000000E+00
2.4952E+04 5.28593626E-07 0.00000000E+00
2.4976E+04 4.99223367E-07 0.00000000E+00
2.4999E+04 4.68482942E-07 0.00000000E+00
2.5023E+04 4.70915573E-07 0.00000000E+00
2.5046E+04 4.67740082E-07 0.00000000E+00
2.5070E+04 4.34367878E-07 0.00000000E+00
2.5093E+04 4.14090016E-07 0.00000000E+00
2.5117E+04 4.20917016E-07 0.00000000E+00
2.5141E+04 4.09809268E-07 0.00000000E+00
2.5164E+04 3.77824674E-07 0.00000000E+00
2.5188E+04 3.69383008E-07 0.00000000E+00
2.5211E+04 3.76874373E-07 0.00000000E+00
2.5235E+04 3.59152116E-07 0.00000000E+00
2.5258E+04 3.33643263E-07 0.00000000E+00
2.5282E+04 3.36121994E-07 0.00000000E+00
2.5306E+04 3.40891681E-07 0.00000000E+00
2.5329E+04 3.19570995E-07 0.00000000E+00
2.5353E+04 3.04384101E-07 0.00000000E+00
2.5376E+04 3.14952880E-07 0.00000000E+00
2.5400E+04 3.14775095E-07 0.00000000E+00
2.5423E+04 2.93988096E-07 0.00000000E+00
2.5447E+04 2.91040154E-07 0.00000000E+00
2.5470E+04 3.05692575E-07 0.00000000E+00
2.5494E+04 3.00024140E-07 0.00000000E+00
2.5518E+04 2.84180222E-07 0.00000000E+00
2.5541E+04 2.93156431E-07 0.00000000E+00
2.5565E+04 3.07643458E-07 0.00000000E+00
2.5588E+04 2.97742274E-07 0.00000000E+00
2.5612E+04 2.90608283E-07 0.00000000E+00
2.5635E+04 3.09095760E-07 0.00000000E+00
2.5659E+04 3.19850761E-07 0.00000000E+00
2.5683E+04 3.08470147E-07 0.00000000E+00
2.5706E+04 3.12361879E-07 0.00000000E+00
2.5730E+04 3.36382134E-07 0.00000000E+00
2.5753E+04 3.41243124E-07 0.00000000E+00
2.5777E+04 3.31974395E-07 0.00000000E+00
2.5800E+04 3.47228313E-07 0.00000000E+00
2.5824E+04 3.72051580E-07 0.00000000E+00
2.5847E+04 3.70635653E-07 0.00000000E+00
2.5871E+04 3.67046994E-07 0.00000000E+00
2.5895E+04 3.91882582E-07 0.00000000E+00
2.5918E+04 4.12953375E-07 0.00000000E+00
2.5942E+04 4.06616899E-07 0.00000000E+00
2.5965E+04 4.11379576E-07 0.00000000E+00
2.5989E+04 4.42181835E-07 0.00000000E+00
2.6012E+04 4.55967604E-07 0.00000000E+00
2.6036E+04 4.47376274E-07 0.00000000E+00
2.6060E+04 4.61570855E-07 0.00000000E+00
2.6083E+04 4.93536165E-07 0.00000000E+00
2.6107E+04 4.98132435E-07 0.00000000E+00
2.6130E+04 4.90548328E-07 0.00000000E+00
2.6154E+04 5.13304122E-07 0.00000000E+00
2.6177E+04 5.41319045E-07 0.00000000E+00
2.6201E+04 5.36699485E-07 0.00000000E+00
2.6224E+04 5.33150552E-07 0.00000000E+00
2.6248E+04 5.61699716E-07 0.00000000E+00
2.6272E+04 5.81276384E-07 0.00000000E+00
2.6295E+04 5.69152757E-07 0.00000000E+00
2.6319E+04 5.71671796E-07 0.00000000E+00
2.6342E+04 6.01811159E-07 0.00000000E+00
2.6366E+04 6.09893670E-07 0.00000000E+00
2.6389E+04 5.93232078E-07 0.00000000E+00
2.6413E+04 6.02333476E-07 0.00000000E+00
2.6437E+04 6.29200851E-07 0.00000000E+00
2.6460E+04 6.24686018E-07 0.00000000E+00
2.6484E+04 6.06995291E-07 0.00000000E+00
2.6507E+04 6.21503336E-07 0.00000000E+00
2.6531E+04 6.40509103E-07 0.00000000E+00
2.6554E+04 6.24385227E-07 0.00000000E+00
2.6578E+04 6.08936552E-07 0.00000000E+00
2.6601E+04 6.26201230E-07 0.00000000E+00
2.6625E+04 6.33923830E-07 0.00000000E+00
2.6649E+04 6.09010023E-07 0.00000000E+00
2.6672E+04 5.98155613E-07 0.00000000E+00
2.6696E+04 6.14607384E-07 0.00000000E+00
2.6719E+04 6.09469426E-07 0.00000000E+00
2.6743E+04 5.79818701E-07 0.00000000E+00
2.6766E+04 5.74550542E-07 0.00000000E+00
2.6790E+04 5.86472638E-07 0.00000000E+00
2.6813E+04 5.69060414E-07 0.00000000E+00
2.6837E+04 5.39155698E-07 0.00000000E+00
2.6861E+04 5.38989643E-07 0.00000000E+00
2.6884E+04 5.43340314E-07 0.00000000E+00
2.6908E+04 5.16303470E-07 0.00000000E+00
2.6931E+04 4.90213587E-07 0.00000000E+00
2.6955E+04 4.93411805E-07 0.00000000E+00
2.6978E+04 4.88518895E-07 0.00000000E+00
2.7002E+04 4.56073200E-07 0.00000000E+00
2.7026E+04 4.36738558E-07 0.00000000E+00
2.7049E+04 4.40810093E-07 0.00000000E+00
2.7073E+04 4.26788147E-07 0.00000000E+00
2.7096E+04 3.93924533E-07 0.00000000E+00
2.7120E+04 3.82710001E-07 0.00000000E+00
2.7143E+04 3.85070579E-07 0.00000000E+00
2.7167E+04 3.63869824E-07 0.00000000E+00
2.7190E+04 3.35430805E-07 0.00000000E+00
2.7214E+04 3.32023585E-07 0.00000000E+00
2.7238E+04 3.30663800E-07 0.00000000E+00
2.7261E+04 3.05738124E-07 0.00000000E+00
2.7285E+04 2.85546543E-07 0.00000000E+00
2.7308E+04 2.88202868E-07 0.00000000E+00
2.7332E+04 2.82214824E-07 0.00000000E+00
2.7355E+04 2.57875611E-07 0.00000000E+00
2.7379E+04 2.48086316E-07 0.00000000E+00
2.7403E+04 2.54158164E-07 0.00000000E+00
2.7426E+04 2.44003659E-07 0.00000000E+00
2.7450E+04 2.24591412E-07 0.00000000E+00
2.7473E+04 2.25387416E-07 0.00000000E+00
2.7497E+04 2.32004366E-07 0.00000000E+00
2.7520E+04 2.19465288E-07 0.00000000E+00
2.7544E+04 2.08507913E-07 0.00000000E+00
2.7567E+04 2.18189855E-07 0.00000000E+00
2.7591E+04 2.22942960E-07 0.00000000E+00
2.7615E+04 2.10764060E-07 0.00000000E+00
2.7638E+04 2.10292271E-07 0.00000000E+00
2.7662E+04 2.25728954E-07 0.00000000E+00
2.7685E+04 2.27208344E-07 0.00000000E+00
2.7709E+04 2.18509115E-07 0.00000000E+00
2.7732E+04 2.28665757E-07 0.00000000E+00
2.7756E+04 2.46001232E-07 0.00000000E+00
2.7780E+04 2.44075255E-07 0.00000000E+00
2.7803E+04 2.41657215E-07 0.00000000E+00
2.7827E+04 2.60675984E-07 0.00000000E+00
2.7850E+04 2.76139753E-07 0.00000000E+00
2.7874E+04 2.71922535E-07 0.00000000E+00
2.7897E+04 2.77620536E-07 0.00000000E+00
2.7921E+04 3.02173650E-07 0.00000000E+00
2.7944E+04 3.12824700E-07 0.00000000E+00
2.7968E+04 3.08348004E-07 0.00000000E+00
2.7992E+04 3.22564934E-07 0.00000000E+00
2.8015E+04 3.48404800E-07 0.00000000E+00
2.8039E+04 3.52659815E-07 0.00000000E+00
2.8062E+04 3.50329190E-07 0.00000000E+00
2.8086E+04 3.71854887E-07 0.00000000E+00
2.8109E+04 3.94616977E-07 0.00000000E+00
2.8133E+04 3.92463217E-07 0.00000000E+00
2.8157E+04 3.94424197E-07 0.00000000E+00
2.8180E+04 4.20580012E-07 0.00000000E+00
2.8204E+04 4.36584663E-07 0.00000000E+00
2.8227E+04 4.29447412E-07 0.00000000E+00
2.8251E+04 4.37005502E-07 0.00000000E+00
2.8274E+04 4.64088326E-07 0.00000000E+00
2.8298E+04 4.70983429E-07 0.00000000E+00
2.8321E+04 4.61291660E-07 0.00000000E+00
2.8345E+04 4.74516698E-07 0.00000000E+00
2.8369E+04 4.98454648E-07 0.00000000E+00
2.8392E+04 4.95577668E-07 0.00000000E+00
2.8416E+04 4.86133945E-07 0.00000000E+00
2.8439E+04 5.03738423E-07 0.00000000E+00
2.8463E+04 5.20827441E-07 0.00000000E+00
2.8486E+04 5.09225536E-07 0.00000000E+00
2.8510E+04 5.02524465E-07 0.00000000E+00
2.8534E+04 5.22045662E-07 0.00000000E+00
2.8557E+04 5.29620649E-07 0.00000000E+00
2.8581E+04 5.11738904E-07 0.00000000E+00
2.8604E+04 5.09385092E-07 0.00000000E+00
2.8628E+04 5.27635220E-07 0.00000000E+00
2.8651E+04 5.24543885E-07 0.00000000E+00
2.8675E+04 5.03658793E-07 0.00000000E+00
2.8698E+04 5.06009606E-07 0.00000000E+00
2.8722E+04 5.19700668E-07 0.00000000E+00
2.8746E+04 5.06489501E-07 0.00000000E+00
2.8769E+04 4.86014075E-07 0.00000000E+00
2.8793E+04 4.92120650E-07 0.00000000E+00
2.8816E+04 4.98533340E-07 0.00000000E+00
2.8840E+04 4.77314130E-07 0.00000000E+00
2.8863E+04 4.60122598E-07 0.00000000E+00
2.8887E+04 4.67976161E-07 0.00000000E+00
2.8911E+04 4.65532543E-07 0.00000000E+00
2.8934E+04 4.39562200E-07 0.00000000E+00
2.8958E+04 4.27472493E-07 0.00000000E+00
2.8981E+04 4.34496337E-07 0.00000000E+00
2.9005E+04 4.23115989E-07 0.00000000E+00
2.9028E+04 3.96178819E-07 0.00000000E+00
2.9052E+04 3.89692753E-07 0.00000000E+00
2.9075E+04 3.93367550E-07 0.00000000E+00
2.9099E+04 3.74531790E-07 0.00000000E+00
2.9123E+04 3.50250404E-07 0.00000000E+00
2.9146E+04 3.48593476E-07 0.00000000E+00
2.9170E+04 3.47075804E-07 0.00000000E+00
2.9193E+04 3.23584952E-07 0.00000000E+00
2.9217E+04 3.04796492E-07 0.00000000E+00
2.9240E+04 3.06234156E-07 0.00000000E+00
2.9264E+04 2.98830747E-07 0.00000000E+00
2.9287E+04 2.74302314E-07 0.00000000E+00
2.9311E+04 2.62619161E-07 0.00000000E+00
2.9335E+04 2.64968250E-07 0.00000000E+00
2.9358E+04 2.52360518E-07 0.00000000E+00
2.9382E+04 2.30568728E-07 0.00000000E+00
2.9405E+04 2.26201555E-07 0.00000000E+00
2.9429E+04 2.27416202E-07 0.00000000E+00
2.9452E+04 2.11583865E-07 0.00000000E+00
2.9476E+04 1.95772212E-07 0.00000000E+00
2.9500E+04 1.97637318E-07 0.00000000E+00
2.9523E+04 1.96336218E-07 0.00000000E+00
2.9547E+04 1.80193511E-07 0.00000000E+00
2.9570E+04 1.72496018E-07 0.00000000E+00
2.9594E+04 1.78570193E-07 0.00000000E+00
2.9617E+04 1.74388337E-07 0.00000000E+00
2.9641E+04 1.61207591E-07 0.00000000E+00
2.9664E+04 1.62290671E-07 0.00000000E+00
2.9688E+04 1.70127661E-07 0.00000000E+00
2.9712E+04 1.63816635E-07 0.00000000E+00
2.9735E+04 1.56559083E-07 0.00000000E+00
2.9759E+04 1.65549705E-07 0.00000000E+00
2.9782E+04 1.72842526E-07 0.00000000E+00
2.9806E+04 1.66099994E-07 0.00000000E+00
2.9829E+04 1.66793143E-07 0.00000000E+00
2.9853E+04 1.81500341E-07 0.00000000E+00
2.9877E+04 1.86568969E-07 0.00000000E+00
2.9900E+04 1.81637616E-07 0.00000000E+00
2.9924E+04 1.90928708E-07 0.00000000E+00
2.9947E+04 2.08306581E-07 0.00000000E+00
2.9971E+04 2.10411150E-07 0.00000000E+00
2.9994E+04 2.09537473E-07 0.00000000E+00
3.0018E+04 2.26515808E-07 0.00000000E+00
3.0041E+04 2.43269195E-07 0.00000000E+00
3.0065E+04 2.42689784E-07 0.00000000E+00
3.0089E+04 2.47563190E-07 0.00000000E+00
3.0112E+04 2.69888402E-07 0.00000000E+00
3.0136E+04 2.83096678E-07 0.00000000E+00
3.0159E+04 2.80972945E-07 0.00000000E+00
3.0183E+04 2.92269514E-07 0.00000000E+00
3.0206E+04 3.16580098E-07 0.00000000E+00
3.0230E+04 3.24214950E-07 0.00000000E+00
3.0254E+04 3.22190930E-07 0.00000000E+00
3.0277E+04 3.39323529E-07 0.00000000E+00
3.0301E+04 3.61843174E-07 0.00000000E+00
3.0324E+04 3.63081935E-07 0.00000000E+00
3.0348E+04 3.62842347E-07 0.00000000E+00
3.0371E+04 3.83974632E-07 0.00000000E+00
3.0395E+04 4.01194794E-07 0.00000000E+00
3.0418E+04 3.96476125E-07 0.00000000E+00
3.0442E+04 3.99282020E-07 0.00000000E+00
3.0466E+04 4.21607845E-07 0.00000000E+00
3.0489E+04 4.30911387E-07 0.00000000E+00
3.0513E+04 4.21734807E-07 0.00000000E+00
3.0536E+04 4.28064278E-07 0.00000000E+00
3.0560E+04 4.48298102E-07 0.00000000E+00
3.0583E+04 4.48403010E-07 0.00000000E+00
3.0607E+04 4.36926528E-07 0.00000000E+00
3.0631E+04 4.46301359E-07 0.00000000E+00
3.0654E+04 4.61281041E-07 0.00000000E+00
3.0678E+04 4.52421833E-07 0.00000000E+00
3.0701E+04 4.40951704E-07 0.00000000E+00
3.0725E+04 4.51988992E-07 0.00000000E+00
3.0748E+04 4.59269158E-07 0.00000000E+00
3.0772E+04 4.43088095E-07 0.00000000E+00
3.0795E+04 4.33573625E-07 0.00000000E+00
3.0819E+04 4.44251789E-07 0.00000000E+00
3.0843E+04 4.42568077E-07 0.00000000E+00
3.0866E+04 4.21747259E-07 0.00000000E+00
3.0890E+04 4.15388180E-07 0.00000000E+00
3.0913E+04 4.23469952E-07 0.00000000E+00
3.0937E+04 4.12981388E-07 0.00000000E+00
3.0960E+04 3.90697856E-07 0.00000000E+00
3.0984E+04 3.87743852E-07 0.00000000E+00
3.1008E+04 3.91264839E-07 0.00000000E+00
3.1031E+04 3.73527195E-07 0.00000000E+00
3.1055E+04 3.52846064E-07 0.00000000E+00
3.1078E+04 3.52624042E-07 0.00000000E+00
3.1102E+04 3.50341176E-07 0.00000000E+00
3.1125E+04 3.28018872E-07 0.00000000E+00
3.1149E+04 3.11347901E-07 0.00000000E+00
3.1172E+04 3.12502181E-07 0.00000000E+00
3.1196E+04 3.04204738E-07 0.00000000E+00
3.1220E+04 2.80581131E-07 0.00000000E+00
3.1243E+04 2.69292896E-07 0.00000000E+00
3.1267E+04 2.70177559E-07 0.00000000E+00
3.1290E+04 2.56792259E-07 0.00000000E+00
3.1314E+04 2.35177415E-07 0.00000000E+00
3.1337E+04 2.29466626E-07 0.00000000E+00
3.1361E+04 2.28597377E-07 0.00000000E+00
3.1385E+04 2.12062257E-07 0.00000000E+00
3.1408E+04 1.95215581E-07 0.00000000E+00
3.1432E+04 1.94207777E-07 0.00000000E+00
3.1455E+04 1.90669410E-07 0.00000000E+00
3.1479E+04 1.73599318E-07 0.00000000E+00
3.1502E+04 1.63278517E-07 0.00000000E+00
3.1526E+04 1.65353280E-07 0.00000000E+00
3.1549E+04 1.59070157E-07 0.00000000E+00
3.1573E+04 1.44279900E-07 0.00000000E+00
3.1597E+04 1.40999349E-07 0.00000000E+00
3.1620E+04 1.44247593E-07 0.00000000E+00
3.1644E+04 1.36055692E-07 0.00000000E+00
3.1667E+04 1.26035997E-07 0.00000000E+00
3.1691E+04 1.29073069E-07 0.00000000E+00
3.1714E+04 1.31782679E-07 0.00000000E+00
3.1738E+04 1.23285745E-07 0.00000000E+00
3.1762E+04 1.19736552E-07 0.00000000E+00
3.1785E+04 1.27373365E-07 0.00000000E+00
3.1809E+04 1.28435387E-07 0.00000000E+00
3.1832E+04 1.21675051E-07 0.00000000E+00
3.1856E+04 1.25188420E-07 0.00000000E+00
3.1879E+04 1.35129483E-07 0.00000000E+00
3.1903E+04 1.34277971E-07 0.00000000E+00
3.1926E+04 1.31288216E-07 0.00000000E+00
3.1950E+04 1.41242240E-07 0.00000000E+00
3.1974E+04 1.51115180E-07 0.00000000E+00
3.1997E+04 1.48952762E-07 0.00000000E+00
3.2021E+04 1.51294352E-07 0.00000000E+00
3.2044E+04 1.65976479E-07 0.00000000E+00
3.2068E+04 1.73809907E-07 0.00000000E+00
3.2091E+04 1.71619412E-07 0.00000000E+00
3.2115E+04 1.79994643E-07 0.00000000E+00
3.2138E+04 1.96926800E-07 0.00000000E+00
3.2162E+04 2.01508595E-07 0.00000000E+00
3.2186E+04 2.00898174E-07 0.00000000E+00
3.2209E+04 2.14929771E-07 0.00000000E+00
3.2233E+04 2.31328099E-07 0.00000000E+00
3.2256E+04 2.32376359E-07 0.00000000E+00
3.2280E+04 2.34841518E-07 0.00000000E+00
3.2303E+04 2.53065397E-07 0.00000000E+00
3.2327E+04 2.66342222E-07 0.00000000E+00
3.2351E+04 2.64463260E-07 0.00000000E+00
3.2374E+04 2.70966482E-07 0.00000000E+00
3.2398E+04 2.91043711E-07 0.00000000E+00
3.2421E+04 2.99253458E-07 0.00000000E+00
3.2445E+04 2.95707315E-07 0.00000000E+00
3.2468E+04 3.06371298E-07 0.00000000E+00
3.2492E+04 3.25479307E-07 0.00000000E+00
3.2515E+04 3.27624157E-07 0.00000000E+00
3.2539E+04 3.23958359E-07 0.00000000E+00
3.2563E+04 3.37943489E-07 0.00000000E+00
3.2586E+04 3.53269869E-07 0.00000000E+00
3.2610E+04 3.49411711E-07 0.00000000E+00
3.2633E+04 3.47050077E-07 0.00000000E+00
3.2657E+04 3.62646472E-07 0.00000000E+00
3.2680E+04 3.71888019E-07 0.00000000E+00
3.2704E+04 3.63053907E-07 0.00000000E+00
3.2728E+04 3.62934074E-07 0.00000000E+00
3.2751E+04 3.77851983E-07 0.00000000E+00
3.2775E+04 3.79621099E-07 0.00000000E+00
3.2798E+04 3.67531451E-07 0.00000000E+00
3.2822E+04 3.69871261E-07 0.00000000E+00
3.2845E+04 3.81670875E-07 0.00000000E+00
3.2869E+04 3.75730921E-07 0.00000000E+00
3.2892E+04 3.62414255E-07 0.00000000E+00
3.2916E+04 3.66656883E-07 0.00000000E+00
3.2940E+04 3.73228599E-07 0.00000000E+00
3.2963E+04 3.60514859E-07 0.00000000E+00
3.2987E+04 3.47893248E-07 0.00000000E+00
3.3010E+04 3.52840450E-07 0.00000000E+00
3.3034E+04 3.52835610E-07 0.00000000E+00
3.3057E+04 3.35261887E-07 0.00000000E+00
3.3081E+04 3.24793508E-07 0.00000000E+00
3.3105E+04 3.28894753E-07 0.00000000E+00
3.3128E+04 3.22016912E-07 0.00000000E+00
3.3152E+04 3.02110246E-07 0.00000000E+00
3.3175E+04 2.94559643E-07 0.00000000E+00
3.3199E+04 2.96290864E-07 0.00000000E+00
3.3222E+04 2.83386427E-07 0.00000000E+00
3.3246E+04 2.63825407E-07 0.00000000E+00
3.3269E+04 2.59202101E-07 0.00000000E+00
3.3293E+04 2.57448596E-07 0.00000000E+00
3.3317E+04 2.40376966E-07 0.00000000E+00
3.3340E+04 2.23526029E-07 0.00000000E+00
3.3364E+04 2.21194623E-07 0.00000000E+00
3.3387E+04 2.15552073E-07 0.00000000E+00
3.3411E+04 1.96860521E-07 0.00000000E+00
3.3434E+04 1.84390381E-07 0.00000000E+00
3.3458E+04 1.83318400E-07 0.00000000E+00
3.3482E+04 1.74243907E-07 0.00000000E+00
3.3505E+04 1.56711827E-07 0.00000000E+00
3.3529E+04 1.49375675E-07 0.00000000E+00
3.3552E+04 1.48456867E-07 0.00000000E+00
3.3576E+04 1.37234285E-07 0.00000000E+00
3.3599E+04 1.23377217E-07 0.00000000E+00
3.3623E+04 1.20978339E-07 0.00000000E+00
3.3646E+04 1.19354747E-07 0.00000000E+00
3.3670E+04 1.07878387E-07 0.00000000E+00
3.3694E+04 9.95091262E-08 0.00000000E+00
3.3717E+04 1.01055323E-07 0.00000000E+00
3.3741E+04 9.83640191E-08 0.00000000E+00
3.3764E+04 8.87834883E-08 0.00000000E+00
3.3788E+04 8.67145515E-08 0.00000000E+00
3.3811E+04 9.07168963E-08 0.00000000E+00
3.3835E+04 8.72057083E-08 0.00000000E+00
3.3859E+04 8.15041372E-08 0.00000000E+00
3.3882E+04 8.54459905E-08 0.00000000E+00
3.3906E+04 9.02915958E-08 0.00000000E+00
3.3929E+04 8.67783666E-08 0.00000000E+00
3.3953E+04 8.63704260E-08 0.00000000E+00
3.3976E+04 9.50395382E-08 0.00000000E+00
3.4000E+04 9.93558177E-08 0.00000000E+00
3.4023E+04 9.70409131E-08 0.00000000E+00
3.4047E+04 1.02473103E-07 0.00000000E+00
3.4071E+04 1.13881663E-07 0.00000000E+00
3.4094E+04 1.16815045E-07 0.00000000E+00
3.4118E+04 1.16989443E-07 0.00000000E+00
3.4141E+04 1.27804123E-07 0.00000000E+00
3.4165E+04 1.39667830E-07 0.00000000E+00
3.4188E+04 1.41021410E-07 0.00000000E+00
3.4212E+04 1.44735808E-07 0.00000000E+00
3.4236E+04 1.59526939E-07 0.00000000E+00
3.4259E+04 1.69705773E-07 0.00000000E+00
3.4283E+04 1.69912990E-07 0.00000000E+00
3.4306E+04 1.77682154E-07 0.00000000E+00
3.4330E+04 1.94331823E-07 0.00000000E+00
3.4353E+04 2.01215186E-07 0.00000000E+00
3.4377E+04 2.01163109E-07 0.00000000E+00
3.4400E+04 2.12772467E-07 0.00000000E+00
3.4424E+04 2.28821066E-07 0.00000000E+00
3.4448E+04 2.31583412E-07 0.00000000E+00
3.4471E+04 2.32331742E-07 0.00000000E+00
3.4495E+04 2.46791696E-07 0.00000000E+00
3.4518E+04 2.59868548E-07 0.00000000E+00
3.4542E+04 2.58551047E-07 0.00000000E+00
3.4565E+04 2.61014713E-07 0.00000000E+00
3.4589E+04 2.76676966E-07 0.00000000E+00
3.4612E+04 2.84907377E-07 0.00000000E+00
3.4636E+04 2.80318760E-07 0.00000000E+00
3.4660E+04 2.84988550E-07 0.00000000E+00
3.4683E+04 2.99804664E-07 0.00000000E+00
3.4707E+04 3.02115772E-07 0.00000000E+00
3.4730E+04 2.95583238E-07 0.00000000E+00
3.4754E+04 3.02349191E-07 0.00000000E+00
3.4777E+04 3.14221650E-07 0.00000000E+00
3.4801E+04 3.10491414E-07 0.00000000E+00
3.4825E+04 3.03522443E-07 0.00000000E+00
3.4848E+04 3.11641134E-07 0.00000000E+00
3.4872E+04 3.18797749E-07 0.00000000E+00
3.4895E+04 3.09824009E-07 0.00000000E+00
3.4919E+04 3.03756131E-07 0.00000000E+00
3.4942E+04 3.11970723E-07 0.00000000E+00
3.4966E+04 3.13288109E-07 0.00000000E+00
3.4989E+04 3.00591085E-07 0.00000000E+00
3.5013E+04 2.96305988E-07 0.00000000E+00
3.5037E+04 3.03094106E-07 0.00000000E+00
3.5060E+04 2.98306179E-07 0.00000000E+00
3.5084E+04 2.83810371E-07 0.00000000E+00
3.5107E+04 2.81571895E-07 0.00000000E+00
3.5131E+04 2.85468182E-07 0.00000000E+00
3.5154E+04 2.75218828E-07 0.00000000E+00
3.5178E+04 2.60882496E-07 0.00000000E+00
3.5202E+04 2.60329013E-07 0.00000000E+00
3.5225E+04 2.60252648E-07 0.00000000E+00
3.5249E+04 2.45982993E-07 0.00000000E+00
3.5272E+04 2.33451002E-07 0.00000000E+00
3.5296E+04 2.33737875E-07 0.00000000E+00
3.5319E+04 2.29253750E-07 0.00000000E+00
3.5343E+04 2.12947299E-07 0.00000000E+00
3.5366E+04 2.03294896E-07 0.00000000E+00
3.5390E+04 2.03349767E-07 0.00000000E+00
3.5414E+04 1.94805654E-07 0.00000000E+00
3.5437E+04 1.78642158E-07 0.00000000E+00
3.5461E+04 1.72255446E-07 0.00000000E+00
3.5484E+04 1.71084977E-07 0.00000000E+00
3.5508E+04 1.59592811E-07 0.00000000E+00
3.5531E+04 1.45578625E-07 0.00000000E+00
3.5555E+04 1.42187049E-07 0.00000000E+00
3.5579E+04 1.39163373E-07 0.00000000E+00
3.5602E+04 1.26425271E-07 0.00000000E+00
3.5626E+04 1.16070873E-07 0.00000000E+00
3.5649E+04 1.14914502E-07 0.00000000E+00
3.5673E+04 1.09975093E-07 0.00000000E+00
3.5696E+04 9.79869550E-08 0.00000000E+00
3.5720E+04 9.20909414E-08 0.00000000E+00
3.5743E+04 9.21776705E-08 0.00000000E+00
3.5767E+04 8.58920836E-08 0.00000000E+00
3.5791E+04 7.65829457E-08 0.00000000E+00
3.5814E+04 7.51588584E-08 0.00000000E+00
3.5838E+04 7.55494762E-08 0.00000000E+00
3.5861E+04 6.90360336E-08 0.00000000E+00
3.5885E+04 6.39144949E-08 0.00000000E+00
3.5908E+04 6.62672603E-08 0.00000000E+00
3.5932E+04 6.63229448E-08 0.00000000E+00
3.5956E+04 6.10315000E-08 0.00000000E+00
3.5979E+04 6.09089705E-08 0.00000000E+00
3.6003E+04 6.58377185E-08 0.00000000E+00
3.6026E+04 6.53753255E-08 0.00000000E+00
3.6050E+04 6.27815975E-08 0.00000000E+00
3.6073E+04 6.76262894E-08 0.00000000E+00
3.6097E+04 7.37060794E-08 0.00000000E+00
3.6120E+04 7.30288320E-08 0.00000000E+00
3.6144E+04 7.43052728E-08 0.00000000E+00
3.6168E+04 8.32542450E-08 0.00000000E+00
3.6191E+04 8.91355398E-08 0.00000000E+00
3.6215E+04 8.89354192E-08 0.00000000E+00
3.6238E+04 9.46691266E-08 0.00000000E+00
3.6262E+04 1.06193914E-07 0.00000000E+00
3.6285E+04 1.10858012E-07 0.00000000E+00
3.6309E+04 1.12015000E-07 0.00000000E+00
3.6333E+04 1.22033769E-07 0.00000000E+00
3.6356E+04 1.34224780E-07 0.00000000E+00
3.6380E+04 1.37145584E-07 0.00000000E+00
3.6403E+04 1.40471712E-07 0.00000000E+00
3.6427E+04 1.53817060E-07 0.00000000E+00
3.6450E+04 1.64729204E-07 0.00000000E+00
3.6474E+04 1.65913712E-07 0.00000000E+00
3.6497E+04 1.71901893E-07 0.00000000E+00
3.6521E+04 1.86957573E-07 0.00000000E+00
3.6545E+04 1.94948952E-07 0.00000000E+00
3.6568E+04 1.94855852E-07 0.00000000E+00
3.6592E+04 2.03492229E-07 0.00000000E+00
3.6615E+04 2.18244803E-07 0.00000000E+00
3.6639E+04 2.22243731E-07 0.00000000E+00
3.6662E+04 2.21605573E-07 0.00000000E+00
3.6686E+04 2.32290186E-07 0.00000000E+00
3.6710E+04 2.44671294E-07 0.00000000E+00
3.6733E+04 2.44323268E-07 0.00000000E+00
3.6757E+04 2.43917483E-07 0.00000000E+00
3.6780E+04 2.55514447E-07 0.00000000E+00
3.6804E+04 2.63758029E-07 0.00000000E+00
3.6827E+04 2.59429999E-07 0.00000000E+00
3.6851E+04 2.59853461E-07 0.00000000E+00
3.6874E+04 2.70863795E-07 0.00000000E+00
3.6898E+04 2.73808947E-07 0.00000000E+00
3.6922E+04 2.66457691E-07 0.00000000E+00
3.6945E+04 2.67956861E-07 0.00000000E+00
3.6969E+04 2.76780601E-07 0.00000000E+00
3.6992E+04 2.74062268E-07 0.00000000E+00
3.7016E+04 2.65000766E-07 0.00000000E+00
3.7039E+04 2.67395614E-07 0.00000000E+00
3.7063E+04 2.72630418E-07 0.00000000E+00
3.7087E+04 2.64723227E-07 0.00000000E+00
3.7110E+04 2.55338097E-07 0.00000000E+00
3.7134E+04 2.58056114E-07 0.00000000E+00
3.7157E+04 2.58771369E-07 0.00000000E+00
3.7181E+04 2.46881537E-07 0.00000000E+00
3.7204E+04 2.38362105E-07 0.00000000E+00
3.7228E+04 2.40573748E-07 0.00000000E+00
3.7251E+04 2.36503715E-07 0.00000000E+00
3.7275E+04 2.22334050E-07 0.00000000E+00
3.7299E+04 2.15468286E-07 0.00000000E+00
3.7322E+04 2.16292453E-07 0.00000000E+00
3.7346E+04 2.07908279E-07 0.00000000E+00
3.7369E+04 1.93345532E-07 0.00000000E+00
3.7393E+04 1.88421362E-07 0.00000000E+00
3.7416E+04 1.87153889E-07 0.00000000E+00
3.7440E+04 1.75598810E-07 0.00000000E+00
3.7463E+04 1.62386363E-07 0.00000000E+00
3.7487E+04 1.59212655E-07 0.00000000E+00
3.7511E+04 1.55525589E-07 0.00000000E+00
3.7534E+04 1.42425181E-07 0.00000000E+00
3.7558E+04 1.31884554E-07 0.00000000E+00
3.7581E+04 1.29919655E-07 0.00000000E+00
3.7605E+04 1.23985188E-07 0.00000000E+00
3.7628E+04 1.11169441E-07 0.00000000E+00
3.7652E+04 1.04021787E-07 0.00000000E+00
3.7676E+04 1.02574549E-07 0.00000000E+00
3.7699E+04 9.50835529E-08 0.00000000E+00
3.7723E+04 8.42746607E-08 0.00000000E+00
3.7746E+04 8.05910520E-08 0.00000000E+00
3.7770E+04 7.90446039E-08 0.00000000E+00
3.7793E+04 7.11122298E-08 0.00000000E+00
3.7817E+04 6.36380290E-08 0.00000000E+00
3.7840E+04 6.29199279E-08 0.00000000E+00
3.7864E+04 6.09249555E-08 0.00000000E+00
3.7888E+04 5.38998629E-08 0.00000000E+00
3.7911E+04 5.04866918E-08 0.00000000E+00
3.7935E+04 5.18513060E-08 0.00000000E+00
3.7958E+04 4.94437839E-08 0.00000000E+00
3.7982E+04 4.46582109E-08 0.00000000E+00
3.8005E+04 4.53401260E-08 0.00000000E+00
3.8029E+04 4.77649390E-08 0.00000000E+00
3.8053E+04 4.53811387E-08 0.00000000E+00
3.8076E+04 4.38918413E-08 0.00000000E+00
3.8100E+04 4.80492878E-08 0.00000000E+00
3.8123E+04 5.06199699E-08 0.00000000E+00
3.8147E+04 4.90050962E-08 0.00000000E+00
3.8170E+04 5.13775905E-08 0.00000000E+00
3.8194E+04 5.78927797E-08 0.00000000E+00
3.8217E+04 6.00007280E-08 0.00000000E+00
3.8241E+04 6.00315830E-08 0.00000000E+00
3.8265E+04 6.62116707E-08 0.00000000E+00
3.8288E+04 7.37054034E-08 0.00000000E+00
3.8312E+04 7.51545353E-08 0.00000000E+00
3.8335E+04 7.76159807E-08 0.00000000E+00
3.8359E+04 8.69150869E-08 0.00000000E+00
3.8382E+04 9.40150800E-08 0.00000000E+00
3.8406E+04 9.50190388E-08 0.00000000E+00
3.8430E+04 1.00384627E-07 0.00000000E+00
3.8453E+04 1.11582707E-07 0.00000000E+00
3.8477E+04 1.17169410E-07 0.00000000E+00
3.8500E+04 1.18245240E-07 0.00000000E+00
3.8524E+04 1.26512021E-07 0.00000000E+00
3.8547E+04 1.38058442E-07 0.00000000E+00
3.8571E+04 1.41441386E-07 0.00000000E+00
3.8594E+04 1.43228577E-07 0.00000000E+00
3.8618E+04 1.53844938E-07 0.00000000E+00
3.8642E+04 1.64118591E-07 0.00000000E+00
3.8665E+04 1.65112702E-07 0.00000000E+00
3.8689E+04 1.68162476E-07 0.00000000E+00
3.8712E+04 1.80068366E-07 0.00000000E+00
3.8736E+04 1.87647179E-07 0.00000000E+00
3.8759E+04 1.86540505E-07 0.00000000E+00
3.8783E+04 1.91126001E-07 0.00000000E+00
3.8807E+04 2.02901280E-07 0.00000000E+00
3.8830E+04 2.06790363E-07 0.00000000E+00
3.8854E+04 2.04217582E-07 0.00000000E+00
3.8877E+04 2.10210214E-07 0.00000000E+00
3.8901E+04 2.20304033E-07 0.00000000E+00
3.8924E+04 2.20080925E-07 0.00000000E+00
3.8948E+04 2.16836009E-07 0.00000000E+00
3.8971E+04 2.23677999E-07 0.00000000E+00
3.8995E+04 2.30675020E-07 0.00000000E+00
3.9019E+04 2.26527822E-07 0.00000000E+00
3.9042E+04 2.23360425E-07 0.00000000E+00
3.9066E+04 2.30141897E-07 0.00000000E+00
3.9089E+04 2.33013153E-07 0.00000000E+00
3.9113E+04 2.25668985E-07 0.00000000E+00
3.9136E+04 2.23110491E-07 0.00000000E+00
3.9160E+04 2.28736160E-07 0.00000000E+00
3.9184E+04 2.27025172E-07 0.00000000E+00
3.9207E+04 2.17587914E-07 0.00000000E+00
3.9231E+04 2.15844512E-07 0.00000000E+00
3.9254E+04 2.19255077E-07 0.00000000E+00
3.9278E+04 2.13162725E-07 0.00000000E+00
3.9301E+04 2.02895997E-07 0.00000000E+00
3.9325E+04 2.01829869E-07 0.00000000E+00
3.9348E+04 2.02230836E-07 0.00000000E+00
3.9372E+04 1.92582683E-07 0.00000000E+00
3.9396E+04 1.82683129E-07 0.00000000E+00
3.9419E+04 1.81882439E-07 0.00000000E+00
3.9443E+04 1.78930919E-07 0.00000000E+00
3.9466E+04 1.67033999E-07 0.00000000E+00
3.9490E+04 1.58439594E-07 0.00000000E+00
3.9513E+04 1.57358000E-07 0.00000000E+00
3.9537E+04 1.51266367E-07 0.00000000E+00
3.9561E+04 1.38684015E-07 0.00000000E+00
3.9584E+04 1.31952619E-07 0.00000000E+00
3.9608E+04 1.30083717E-07 0.00000000E+00
3.9631E+04 1.21616089E-07 0.00000000E+00
3.9655E+04 1.09904868E-07 0.00000000E+00
3.9678E+04 1.05181945E-07 0.00000000E+00
3.9702E+04 1.02226609E-07 0.00000000E+00
3.9725E+04 9.25862034E-08 0.00000000E+00
3.9749E+04 8.30453268E-08 0.00000000E+00
3.9773E+04 8.01201534E-08 0.00000000E+00
3.9796E+04 7.61066808E-08 0.00000000E+00
3.9820E+04 6.67345930E-08 0.00000000E+00
3.9843E+04 6.02143147E-08 0.00000000E+00
3.9867E+04 5.86454269E-08 0.00000000E+00
3.9890E+04 5.39730398E-08 0.00000000E+00
3.9914E+04 4.62971650E-08 0.00000000E+00
3.9937E+04 4.30995141E-08 0.00000000E+00
3.9961E+04 4.23763327E-08 0.00000000E+00
3.9985E+04 3.77696876E-08 0.00000000E+00
