0.0000E+00 0.00000000E+00 0.00000000E+00
2.3562E+01 0.00000000E+00 0.00000000E+00
4.7124E+01 0.00000000E+00 0.00000000E+00
7.0686E+01 0.00000000E+00 0.00000000E+00
9.4248E+01 0.00000000E+00 0.00000000E+00
1.1781E+02 0.00000000E+00 0.00000000E+00
1.4137E+02 0.00000000E+00 0.00000000E+00
1.6493E+02 0.00000000E+00 0.00000000E+00
1.8850E+02 0.00000000E+00 0.00000000E+00
2.1206E+02 0.00000000E+00 0.00000000E+00
2.3562E+02 0.00000000E+00 0.00000000E+00
2.5918E+02 3.86583742E-272 0.00000000E+00
2.8274E+02 4.97434313E-219 0.00000000E+00
3.0631E+02 2.79533206E-176 0.00000000E+00
3.2987E+02 7.47523033E-141 0.00000000E+00
3.5343E+02 3.70496603E-111 0.00000000E+00
3.7699E+02 3.01729209E-86 0.00000000E+00
4.0055E+02 1.58483651E-65 0.00000000E+00
4.2412E+02 1.23517810E-48 0.00000000E+00
4.4768E+02 2.12477038E-35 0.00000000E+00
4.7124E+02 7.20529949E-26 0.00000000E+00
4.9480E+02 1.45031098E-20 0.00000000E+00
5.1836E+02 2.19186257E-19 0.00000000E+00
5.4192E+02 4.81726468E-19 0.00000000E+00
5.6549E+02 9.63505424E-19 0.00000000E+00
5.8905E+02 1.27255568E-18 0.00000000E+00
6.1261E+02 1.67591907E-18 0.00000000E+00
6.3617E+02 2.82428124E-18 0.00000000E+00
6.5973E+02 4.73608579E-18 0.00000000E+00
6.8330E+02 6.21045472E-18 0.00000000E+00
7.0686E+02 9.01512509E-18 0.00000000E+00
7.3042E+02 1.54626509E-17 0.00000000E+00
7.5398E+02 2.10154408E-17 0.00000000E+00
7.7754E+02 2.61170339E-17 0.00000000E+00
8.0111E+02 4.19955653E-17 0.00000000E+00
8.2467E+02 6.15824900E-17 0.00000000E+00
8.4823E+02 7.30290156E-17 0.00000000E+00
8.7179E+02 1.07720809E-16 0.00000000E+00
8.9535E+02 1.71626240E-16 0.00000000E+00
9.1892E+02 2.12993563E-16 0.00000000E+00
9.4248E+02 2.76875590E-16 0.00000000E+00
9.6604E+02 4.52122414E-16 0.00000000E+00
9.8960E+02 6.14182380E-16 0.00000000E+00
1.0132E+03 7.37849514E-16 0.00000000E+00
1.0367E+03 1.14418713E-15 0.00000000E+00
1.0603E+03 1.70677332E-15 0.00000000E+00
1.0838E+03 2.02481909E-15 0.00000000E+00
1.1074E+03 2.78759689E-15 0.00000000E+00
1.1310E+03 4.38197355E-15 0.00000000E+00
1.1545E+03 5.48164741E-15 0.00000000E+00
1.1781E+03 6.72397939E-15 0.00000000E+00
1.2017E+03 1.04595807E-14 0.00000000E+00
1.2252E+03 1.42876365E-14 0.00000000E+00
1.2488E+03 1.65388710E-14 0.00000000E+00
1.2723E+03 2.37446175E-14 0.00000000E+00
1.2959E+03 3.51382729E-14 0.00000000E+00
1.3195E+03 4.13132887E-14 0.00000000E+00
1.3430E+03 5.28580589E-14 0.00000000E+00
1.3666E+03 8.09328701E-14 0.00000000E+00
1.3902E+03 1.02090583E-13 0.00000000E+00
1.4137E+03 1.19105800E-13 0.00000000E+00
1.4373E+03 1.76022997E-13 0.00000000E+00
1.4608E+03 2.42297011E-13 0.00000000E+00
1.4844E+03 2.74739143E-13 0.00000000E+00
1.5080E+03 3.69075255E-13 0.00000000E+00
1.5315E+03 5.41786944E-13 0.00000000E+00
1.5551E+03 6.38249974E-13 0.00000000E+00
1.5787E+03 7.68551246E-13 0.00000000E+00
1.6022E+03 1.13752764E-12 0.00000000E+00
1.6258E+03 1.44849281E-12 0.00000000E+00
1.6493E+03 1.62728706E-12 0.00000000E+00
1.6729E+03 2.26942128E-12 0.00000000E+00
1.6965E+03 3.12948002E-12 0.00000000E+00
1.7200E+03 3.50715580E-12 0.00000000E+00
1.7436E+03 4.41123622E-12 0.00000000E+00
1.7671E+03 6.36032966E-12 0.00000000E+00
1.7907E+03 7.52796891E-12 0.00000000E+00
1.8143E+03 8.59996236E-12 0.00000000E+00
1.8378E+03 1.21947910E-11 0.00000000E+00
1.8614E+03 1.56363617E-11 0.00000000E+00
1.8850E+03 1.70914177E-11 0.00000000E+00
1.9085E+03 2.24313268E-11 0.00000000E+00
1.9321E+03 3.07914905E-11 0.00000000E+00
1.9556E+03 3.43446939E-11 0.00000000E+00
1.9792E+03 4.06562608E-11 0.00000000E+00
2.0028E+03 5.71056219E-11 0.00000000E+00
2.0263E+03 6.80120286E-11 0.00000000E+00
2.0499E+03 7.44523950E-11 0.00000000E+00
2.0735E+03 1.00515825E-10 0.00000000E+00
2.0970E+03 1.29314092E-10 0.00000000E+00
2.1206E+03 1.38784435E-10 0.00000000E+00
2.1441E+03 1.71388920E-10 0.00000000E+00
2.1677E+03 2.32505237E-10 0.00000000E+00
2.1913E+03 2.59299568E-10 0.00000000E+00
2.2148E+03 2.90806634E-10 0.00000000E+00
2.2384E+03 3.94812004E-10 0.00000000E+00
2.2619E+03 4.72911628E-10 0.00000000E+00
2.2855E+03 5.00756645E-10 0.00000000E+00
2.3091E+03 6.41019782E-10 0.00000000E+00
2.3326E+03 8.23556672E-10 0.00000000E+00
2.3562E+03 8.74211665E-10 0.00000000E+00
2.3798E+03 1.01839945E-09 0.00000000E+00
2.4033E+03 1.35578748E-09 0.00000000E+00
2.4269E+03 1.51612609E-09 0.00000000E+00
2.4504E+03 1.62364781E-09 0.00000000E+00
2.4740E+03 2.11748559E-09 0.00000000E+00
2.4976E+03 2.54665867E-09 0.00000000E+00
2.5211E+03 2.63132697E-09 0.00000000E+00
2.5447E+03 3.18870976E-09 0.00000000E+00
2.5683E+03 4.07034230E-09 0.00000000E+00
2.5918E+03 4.29820066E-09 0.00000000E+00
2.6154E+03 4.74476563E-09 0.00000000E+00
2.6389E+03 6.15878889E-09 0.00000000E+00
2.6625E+03 6.91575708E-09 0.00000000E+00
2.6861E+03 7.13072766E-09 0.00000000E+00
2.7096E+03 8.89288619E-09 0.00000000E+00
2.7332E+03 1.07121430E-08 0.00000000E+00
2.7567E+03 1.08844316E-08 0.00000000E+00
2.7803E+03 1.24939176E-08 0.00000000E+00
2.8039E+03 1.57639452E-08 0.00000000E+00
2.8274E+03 1.66335140E-08 0.00000000E+00
2.8510E+03 1.75034280E-08 0.00000000E+00
2.8746E+03 2.20289820E-08 0.00000000E+00
2.8981E+03 2.48520369E-08 0.00000000E+00
2.9217E+03 2.48760711E-08 0.00000000E+00
2.9452E+03 2.95869993E-08 0.00000000E+00
2.9688E+03 3.55938406E-08 0.00000000E+00
2.9924E+03 3.58108710E-08 0.00000000E+00
3.0159E+03 3.90342176E-08 0.00000000E+00
3.0395E+03 4.84423937E-08 0.00000000E+00
3.0631E+03 5.12555481E-08 0.00000000E+00
3.0866E+03 5.17726743E-08 0.00000000E+00
3.1102E+03 6.28933379E-08 0.00000000E+00
3.1337E+03 7.12806790E-08 0.00000000E+00
3.1573E+03 6.98293955E-08 0.00000000E+00
3.1809E+03 7.91290558E-08 0.00000000E+00
3.2044E+03 9.47833570E-08 0.00000000E+00
3.2280E+03 9.50125398E-08 0.00000000E+00
3.2515E+03 9.87461189E-08 0.00000000E+00
3.2751E+03 1.19985809E-07 0.00000000E+00
3.2987E+03 1.27681234E-07 0.00000000E+00
3.3222E+03 1.24749530E-07 0.00000000E+00
3.3458E+03 1.45775322E-07 0.00000000E+00
3.3694E+03 1.65912968E-07 0.00000000E+00
3.3929E+03 1.60355531E-07 0.00000000E+00
3.4165E+03 1.73228771E-07 0.00000000E+00
3.4400E+03 2.05953455E-07 0.00000000E+00
3.4636E+03 2.06903315E-07 0.00000000E+00
3.4872E+03 2.06159443E-07 0.00000000E+00
3.5107E+03 2.44227262E-07 0.00000000E+00
3.5343E+03 2.62064478E-07 0.00000000E+00
3.5579E+03 2.49755717E-07 0.00000000E+00
3.5814E+03 2.80060501E-07 0.00000000E+00
3.6050E+03 3.19854756E-07 0.00000000E+00
3.6285E+03 3.07485367E-07 0.00000000E+00
3.6521E+03 3.17342209E-07 0.00000000E+00
3.6757E+03 3.73188807E-07 0.00000000E+00
3.6992E+03 3.77860109E-07 0.00000000E+00
3.7228E+03 3.63466902E-07 0.00000000E+00
3.7463E+03 4.18078475E-07 0.00000000E+00
3.7699E+03 4.53365786E-07 0.00000000E+00
3.7935E+03 4.25340728E-07 0.00000000E+00
3.8170E+03 4.57048217E-07 0.00000000E+00
3.8406E+03 5.23064666E-07 0.00000000E+00
3.8642E+03 5.04312312E-07 0.00000000E+00
3.8877E+03 4.99139641E-07 0.00000000E+00
3.9113E+03 5.78213594E-07 0.00000000E+00
3.9348E+03 5.93220101E-07 0.00000000E+00
3.9584E+03 5.55531906E-07 0.00000000E+00
3.9820E+03 6.17947301E-07 0.00000000E+00
4.0055E+03 6.78146442E-07 0.00000000E+00
4.0291E+03 6.32583116E-07 0.00000000E+00
4.0527E+03 6.51284605E-07 0.00000000E+00
4.0762E+03 7.44901788E-07 0.00000000E+00
4.0998E+03 7.26272907E-07 0.00000000E+00
4.1233E+03 6.93326528E-07 0.00000000E+00
4.1469E+03 7.87112124E-07 0.00000000E+00
4.1705E+03 8.21951501E-07 0.00000000E+00
4.1940E+03 7.56895726E-07 0.00000000E+00
4.2176E+03 8.11106236E-07 0.00000000E+00
4.2412E+03 9.00604846E-07 0.00000000E+00
4.2647E+03 8.44041535E-07 0.00000000E+00
4.2883E+03 8.33983902E-07 0.00000000E+00
4.3118E+03 9.48894219E-07 0.00000000E+00
4.3354E+03 9.42660164E-07 0.00000000E+00
4.3590E+03 8.74955827E-07 0.00000000E+00
4.3825E+03 9.67426998E-07 0.00000000E+00
4.4061E+03 1.03107721E-06 0.00000000E+00
4.4296E+03 9.44230593E-07 0.00000000E+00
4.4532E+03 9.72022066E-07 0.00000000E+00
4.4768E+03 1.08893022E-06 0.00000000E+00
4.5003E+03 1.03577922E-06 0.00000000E+00
4.5239E+03 9.86329660E-07 0.00000000E+00
4.5475E+03 1.10866620E-06 0.00000000E+00
4.5710E+03 1.12870990E-06 0.00000000E+00
4.5946E+03 1.02916667E-06 0.00000000E+00
4.6181E+03 1.10097683E-06 0.00000000E+00
4.6417E+03 1.19735373E-06 0.00000000E+00
4.6653E+03 1.10340071E-06 0.00000000E+00
4.6888E+03 1.09042171E-06 0.00000000E+00
4.7124E+03 1.22504098E-06 0.00000000E+00
4.7360E+03 1.19292432E-06 0.00000000E+00
4.7595E+03 1.10289803E-06 0.00000000E+00
4.7831E+03 1.21397662E-06 0.00000000E+00
4.8066E+03 1.27008713E-06 0.00000000E+00
4.8302E+03 1.15146298E-06 0.00000000E+00
4.8538E+03 1.18531213E-06 0.00000000E+00
4.8773E+03 1.31010331E-06 0.00000000E+00
4.9009E+03 1.22840292E-06 0.00000000E+00
4.9244E+03 1.16873777E-06 0.00000000E+00
4.9480E+03 1.30475428E-06 0.00000000E+00
4.9716E+03 1.30835662E-06 0.00000000E+00
4.9951E+03 1.18683145E-06 0.00000000E+00
5.0187E+03 1.26769289E-06 0.00000000E+00
5.0423E+03 1.36130104E-06 0.00000000E+00
5.0658E+03 1.24261162E-06 0.00000000E+00
5.0894E+03 1.22802524E-06 0.00000000E+00
5.1129E+03 1.36862330E-06 0.00000000E+00
5.1365E+03 1.31729351E-06 0.00000000E+00
5.1601E+03 1.21526823E-06 0.00000000E+00
5.1836E+03 1.33353982E-06 0.00000000E+00
5.2072E+03 1.37980903E-06 0.00000000E+00
5.2308E+03 1.24366384E-06 0.00000000E+00
5.2543E+03 1.28000361E-06 0.00000000E+00
5.2779E+03 1.40319090E-06 0.00000000E+00
5.3014E+03 1.30438007E-06 0.00000000E+00
5.3250E+03 1.24044811E-06 0.00000000E+00
5.3486E+03 1.37905647E-06 0.00000000E+00
5.3721E+03 1.36995533E-06 0.00000000E+00
5.3957E+03 1.23882722E-06 0.00000000E+00
5.4192E+03 1.32234749E-06 0.00000000E+00
5.4428E+03 1.40872459E-06 0.00000000E+00
5.4664E+03 1.27802709E-06 0.00000000E+00
5.4899E+03 1.26371068E-06 0.00000000E+00
5.5135E+03 1.40155086E-06 0.00000000E+00
5.5371E+03 1.33839455E-06 0.00000000E+00
5.5606E+03 1.23356147E-06 0.00000000E+00
5.5842E+03 1.35194805E-06 0.00000000E+00
5.6077E+03 1.38814688E-06 0.00000000E+00
5.6313E+03 1.24631288E-06 0.00000000E+00
5.6549E+03 1.28426149E-06 0.00000000E+00
5.6784E+03 1.40008487E-06 0.00000000E+00
5.7020E+03 1.29309115E-06 0.00000000E+00
5.7256E+03 1.23096996E-06 0.00000000E+00
5.7491E+03 1.36575331E-06 0.00000000E+00
5.7727E+03 1.34666325E-06 0.00000000E+00
5.7962E+03 1.21590181E-06 0.00000000E+00
5.8198E+03 1.29967641E-06 0.00000000E+00
5.8434E+03 1.37581632E-06 0.00000000E+00
5.8669E+03 1.24218036E-06 0.00000000E+00
5.8905E+03 1.23163541E-06 0.00000000E+00
5.9140E+03 1.36154421E-06 0.00000000E+00
5.9376E+03 1.29105856E-06 0.00000000E+00
5.9612E+03 1.19122956E-06 0.00000000E+00
5.9847E+03 1.30663384E-06 0.00000000E+00
6.0083E+03 1.33200343E-06 0.00000000E+00
6.0319E+03 1.19285364E-06 0.00000000E+00
6.0554E+03 1.23387504E-06 0.00000000E+00
6.0790E+03 1.33857337E-06 0.00000000E+00
6.1025E+03 1.22878767E-06 0.00000000E+00
6.1261E+03 1.17410572E-06 0.00000000E+00
6.1497E+03 1.30181300E-06 0.00000000E+00
6.1732E+03 1.27370751E-06 0.00000000E+00
6.1968E+03 1.15047312E-06 0.00000000E+00
6.2204E+03 1.23441389E-06 0.00000000E+00
6.2439E+03 1.29799071E-06 0.00000000E+00
6.2675E+03 1.16701777E-06 0.00000000E+00
6.2910E+03 1.16380833E-06 0.00000000E+00
6.3146E+03 1.28280792E-06 0.00000000E+00
6.3382E+03 1.20722242E-06 0.00000000E+00
6.3617E+03 1.11803522E-06 0.00000000E+00
6.3853E+03 1.22932654E-06 0.00000000E+00
6.4088E+03 1.24293486E-06 0.00000000E+00
6.4324E+03 1.11173073E-06 0.00000000E+00
6.4560E+03 1.15759411E-06 0.00000000E+00
6.4795E+03 1.24883603E-06 0.00000000E+00
6.5031E+03 1.13926715E-06 0.00000000E+00
6.5267E+03 1.09601321E-06 0.00000000E+00
6.5502E+03 1.21502127E-06 0.00000000E+00
6.5738E+03 1.17822162E-06 0.00000000E+00
6.5973E+03 1.06699284E-06 0.00000000E+00
6.6209E+03 1.15148553E-06 0.00000000E+00
6.6445E+03 1.20108027E-06 0.00000000E+00
6.6680E+03 1.07605415E-06 0.00000000E+00
6.6916E+03 1.08257220E-06 0.00000000E+00
6.7152E+03 1.18906768E-06 0.00000000E+00
6.7387E+03 1.10967171E-06 0.00000000E+00
6.7623E+03 1.03450108E-06 0.00000000E+00
6.7858E+03 1.14117536E-06 0.00000000E+00
6.8094E+03 1.14259966E-06 0.00000000E+00
6.8330E+03 1.02239297E-06 0.00000000E+00
6.8565E+03 1.07410531E-06 0.00000000E+00
6.8801E+03 1.15072395E-06 0.00000000E+00
6.9036E+03 1.04321050E-06 0.00000000E+00
6.9272E+03 1.01349095E-06 0.00000000E+00
6.9508E+03 1.12290358E-06 0.00000000E+00
6.9743E+03 1.07786450E-06 0.00000000E+00
6.9979E+03 9.81024016E-07 0.00000000E+00
7.0215E+03 1.06603213E-06 0.00000000E+00
7.0450E+03 1.10112977E-06 0.00000000E+00
7.0686E+03 9.83962994E-07 0.00000000E+00
7.0921E+03 1.00107443E-06 0.00000000E+00
7.1157E+03 1.09421714E-06 0.00000000E+00
7.1393E+03 1.01206590E-06 0.00000000E+00
7.1628E+03 9.52349378E-07 0.00000000E+00
7.1864E+03 1.05376125E-06 0.00000000E+00
7.2100E+03 1.04318742E-06 0.00000000E+00
7.2335E+03 9.35542375E-07 0.00000000E+00
7.2571E+03 9.92961286E-07 0.00000000E+00
7.2806E+03 1.05449558E-06 0.00000000E+00
7.3042E+03 9.50344712E-07 0.00000000E+00
7.3278E+03 9.34598737E-07 0.00000000E+00
7.3513E+03 1.03363361E-06 0.00000000E+00
7.3749E+03 9.81141476E-07 0.00000000E+00
7.3985E+03 8.99626054E-07 0.00000000E+00
7.4220E+03 9.84395746E-07 0.00000000E+00
7.4456E+03 1.00512880E-06 0.00000000E+00
7.4691E+03 8.97039152E-07 0.00000000E+00
7.4927E+03 9.24349551E-07 0.00000000E+00
7.5163E+03 1.00364454E-06 0.00000000E+00
7.5398E+03 9.19909649E-07 0.00000000E+00
7.5634E+03 8.75849953E-07 0.00000000E+00
7.5869E+03 9.71097651E-07 0.00000000E+00
7.6105E+03 9.49283896E-07 0.00000000E+00
7.6341E+03 8.55040570E-07 0.00000000E+00
7.6576E+03 9.17250200E-07 0.00000000E+00
7.6812E+03 9.63774801E-07 0.00000000E+00
7.7048E+03 8.64241476E-07 0.00000000E+00
7.7283E+03 8.61983746E-07 0.00000000E+00
7.7519E+03 9.50002448E-07 0.00000000E+00
7.7754E+03 8.91288242E-07 0.00000000E+00
7.7990E+03 8.25350221E-07 0.00000000E+00
7.8226E+03 9.08805267E-07 0.00000000E+00
7.8461E+03 9.15892735E-07 0.00000000E+00
7.8697E+03 8.17876359E-07 0.00000000E+00
7.8933E+03 8.54370799E-07 0.00000000E+00
7.9168E+03 9.19710402E-07 0.00000000E+00
7.9404E+03 8.35792312E-07 0.00000000E+00
7.9639E+03 8.06953218E-07 0.00000000E+00
7.9875E+03 8.95131169E-07 0.00000000E+00
8.0111E+03 8.63313069E-07 0.00000000E+00
8.0346E+03 7.82906492E-07 0.00000000E+00
8.0582E+03 8.48602712E-07 0.00000000E+00
8.0817E+03 8.80633711E-07 0.00000000E+00
8.1053E+03 7.86924607E-07 0.00000000E+00
8.1289E+03 7.97072458E-07 0.00000000E+00
8.1524E+03 8.73598320E-07 0.00000000E+00
8.1760E+03 8.10148883E-07 0.00000000E+00
8.1996E+03 7.59489388E-07 0.00000000E+00
8.2231E+03 8.40335034E-07 0.00000000E+00
8.2467E+03 8.34858199E-07 0.00000000E+00
8.2702E+03 7.47617116E-07 0.00000000E+00
8.2938E+03 7.91768030E-07 0.00000000E+00
8.3174E+03 8.43271981E-07 0.00000000E+00
8.3409E+03 7.60597549E-07 0.00000000E+00
8.3645E+03 7.45960130E-07 0.00000000E+00
8.3881E+03 8.26100496E-07 0.00000000E+00
8.4116E+03 7.85755241E-07 0.00000000E+00
8.4352E+03 7.19205310E-07 0.00000000E+00
8.4587E+03 7.86743770E-07 0.00000000E+00
8.4823E+03 8.05054455E-07 0.00000000E+00
8.5059E+03 7.18254468E-07 0.00000000E+00
8.5294E+03 7.39263959E-07 0.00000000E+00
8.5530E+03 8.03925638E-07 0.00000000E+00
8.5765E+03 7.37368814E-07 0.00000000E+00
8.6001E+03 7.01305484E-07 0.00000000E+00
8.6237E+03 7.78150623E-07 0.00000000E+00
8.6472E+03 7.61458310E-07 0.00000000E+00
8.6708E+03 6.85520871E-07 0.00000000E+00
8.6944E+03 7.35568229E-07 0.00000000E+00
8.7179E+03 7.73604061E-07 0.00000000E+00
8.7415E+03 6.93657841E-07 0.00000000E+00
8.7650E+03 6.91949376E-07 0.00000000E+00
8.7886E+03 7.63221842E-07 0.00000000E+00
8.8122E+03 7.16052948E-07 0.00000000E+00
8.8357E+03 6.63202228E-07 0.00000000E+00
8.8593E+03 7.30939824E-07 0.00000000E+00
8.8829E+03 7.36601906E-07 0.00000000E+00
8.9064E+03 6.57750883E-07 0.00000000E+00
8.9300E+03 6.87961553E-07 0.00000000E+00
8.9535E+03 7.40658287E-07 0.00000000E+00
8.9771E+03 6.72724802E-07 0.00000000E+00
9.0007E+03 6.50390444E-07 0.00000000E+00
9.0242E+03 7.21995935E-07 0.00000000E+00
9.0478E+03 6.95661878E-07 0.00000000E+00
9.0713E+03 6.31381168E-07 0.00000000E+00
9.0949E+03 6.85538445E-07 0.00000000E+00
9.1185E+03 7.10744266E-07 0.00000000E+00
9.1420E+03 6.34931713E-07 0.00000000E+00
9.1656E+03 6.44679823E-07 0.00000000E+00
9.1892E+03 7.06454505E-07 0.00000000E+00
9.2127E+03 6.54231408E-07 0.00000000E+00
9.2363E+03 6.14635772E-07 0.00000000E+00
9.2598E+03 6.80954930E-07 0.00000000E+00
9.2834E+03 6.75220129E-07 0.00000000E+00
9.3070E+03 6.05116120E-07 0.00000000E+00
9.3305E+03 6.42688655E-07 0.00000000E+00
9.3541E+03 6.83508861E-07 0.00000000E+00
9.3777E+03 6.15836684E-07 0.00000000E+00
9.4012E+03 6.06053297E-07 0.00000000E+00
9.4248E+03 6.71260964E-07 0.00000000E+00
9.4483E+03 6.36932048E-07 0.00000000E+00
9.4719E+03 5.84354080E-07 0.00000000E+00
9.4955E+03 6.40750471E-07 0.00000000E+00
9.5190E+03 6.53932324E-07 0.00000000E+00
9.5426E+03 5.83477945E-07 0.00000000E+00
9.5661E+03 6.02993945E-07 0.00000000E+00
9.5897E+03 6.54798512E-07 0.00000000E+00
9.6133E+03 5.99286842E-07 0.00000000E+00
9.6368E+03 5.72248800E-07 0.00000000E+00
9.6604E+03 6.35601280E-07 0.00000000E+00
9.6840E+03 6.19867717E-07 0.00000000E+00
9.7075E+03 5.59119618E-07 0.00000000E+00
9.7311E+03 6.02173199E-07 0.00000000E+00
9.7546E+03 6.31428509E-07 0.00000000E+00
9.7782E+03 5.65598132E-07 0.00000000E+00
9.8018E+03 5.67060439E-07 0.00000000E+00
9.8253E+03 6.24926983E-07 0.00000000E+00
9.8489E+03 5.84345754E-07 0.00000000E+00
9.8725E+03 5.43358148E-07 0.00000000E+00
9.8960E+03 6.00253831E-07 0.00000000E+00
9.9196E+03 6.02441857E-07 0.00000000E+00
9.9431E+03 5.38451780E-07 0.00000000E+00
9.9667E+03 5.66045873E-07 0.00000000E+00
9.9903E+03 6.07689605E-07 0.00000000E+00
1.0014E+04 5.50646470E-07 0.00000000E+00
1.0037E+04 5.35337685E-07 0.00000000E+00
1.0061E+04 5.94408250E-07 0.00000000E+00
1.0085E+04 5.70210336E-07 0.00000000E+00
1.0108E+04 5.19233318E-07 0.00000000E+00
1.0132E+04 5.65969076E-07 0.00000000E+00
1.0155E+04 5.84217535E-07 0.00000000E+00
1.0179E+04 5.21662265E-07 0.00000000E+00
1.0202E+04 5.32954036E-07 0.00000000E+00
1.0226E+04 5.82786747E-07 0.00000000E+00
1.0249E+04 5.37687165E-07 0.00000000E+00
1.0273E+04 5.07927386E-07 0.00000000E+00
1.0297E+04 5.63709820E-07 0.00000000E+00
1.0320E+04 5.56077671E-07 0.00000000E+00
1.0344E+04 4.99395997E-07 0.00000000E+00
1.0367E+04 5.33308517E-07 0.00000000E+00
1.0391E+04 5.64816805E-07 0.00000000E+00
1.0414E+04 5.07854622E-07 0.00000000E+00
1.0438E+04 5.03207023E-07 0.00000000E+00
1.0462E+04 5.56844165E-07 0.00000000E+00
1.0485E+04 5.25746923E-07 0.00000000E+00
1.0509E+04 4.84659747E-07 0.00000000E+00
1.0532E+04 5.33295462E-07 0.00000000E+00
1.0556E+04 5.41262755E-07 0.00000000E+00
1.0579E+04 4.83196746E-07 0.00000000E+00
1.0603E+04 5.02758234E-07 0.00000000E+00
1.0626E+04 5.44067803E-07 0.00000000E+00
1.0650E+04 4.96128443E-07 0.00000000E+00
1.0674E+04 4.76997472E-07 0.00000000E+00
1.0697E+04 5.30189308E-07 0.00000000E+00
1.0721E+04 5.14026429E-07 0.00000000E+00
1.0744E+04 4.65273812E-07 0.00000000E+00
1.0768E+04 5.03752891E-07 0.00000000E+00
1.0791E+04 5.25376667E-07 0.00000000E+00
1.0815E+04 4.69993407E-07 0.00000000E+00
1.0838E+04 4.74821824E-07 0.00000000E+00
1.0862E+04 5.22111985E-07 0.00000000E+00
1.0886E+04 4.85726527E-07 0.00000000E+00
1.0909E+04 4.54462747E-07 0.00000000E+00
1.0933E+04 5.03370036E-07 0.00000000E+00
1.0956E+04 5.01978897E-07 0.00000000E+00
1.0980E+04 4.49452672E-07 0.00000000E+00
1.1003E+04 4.75732457E-07 0.00000000E+00
1.1027E+04 5.08306328E-07 0.00000000E+00
1.1051E+04 4.59153093E-07 0.00000000E+00
1.1074E+04 4.49916216E-07 0.00000000E+00
1.1098E+04 4.99284200E-07 0.00000000E+00
1.1121E+04 4.75985619E-07 0.00000000E+00
1.1145E+04 4.35574903E-07 0.00000000E+00
1.1168E+04 4.76972135E-07 0.00000000E+00
1.1192E+04 4.89198090E-07 0.00000000E+00
1.1215E+04 4.36726278E-07 0.00000000E+00
1.1239E+04 4.49760430E-07 0.00000000E+00
1.1263E+04 4.90053821E-07 0.00000000E+00
1.1286E+04 4.49966107E-07 0.00000000E+00
1.1310E+04 4.28230277E-07 0.00000000E+00
1.1333E+04 4.75943408E-07 0.00000000E+00
1.1357E+04 4.66254400E-07 0.00000000E+00
1.1380E+04 4.20064826E-07 0.00000000E+00
1.1404E+04 4.51487756E-07 0.00000000E+00
1.1428E+04 4.75343729E-07 0.00000000E+00
1.1451E+04 4.26453695E-07 0.00000000E+00
1.1475E+04 4.26174963E-07 0.00000000E+00
1.1498E+04 4.70683738E-07 0.00000000E+00
1.1522E+04 4.41668652E-07 0.00000000E+00
1.1545E+04 4.09732776E-07 0.00000000E+00
1.1569E+04 4.52457188E-07 0.00000000E+00
1.1592E+04 4.55942337E-07 0.00000000E+00
1.1616E+04 4.07489281E-07 0.00000000E+00
1.1640E+04 4.27343596E-07 0.00000000E+00
1.1663E+04 4.60207107E-07 0.00000000E+00
1.1687E+04 4.17930590E-07 0.00000000E+00
1.1710E+04 4.05194989E-07 0.00000000E+00
1.1734E+04 4.50397063E-07 0.00000000E+00
1.1757E+04 4.33570124E-07 0.00000000E+00
1.1781E+04 3.94274078E-07 0.00000000E+00
1.1805E+04 4.29274797E-07 0.00000000E+00
1.1828E+04 4.44642990E-07 0.00000000E+00
1.1852E+04 3.97353277E-07 0.00000000E+00
1.1875E+04 4.04967411E-07 0.00000000E+00
1.1899E+04 4.43804869E-07 0.00000000E+00
1.1922E+04 4.10512650E-07 0.00000000E+00
1.1946E+04 3.86980484E-07 0.00000000E+00
1.1969E+04 4.29576854E-07 0.00000000E+00
1.1993E+04 4.25149845E-07 0.00000000E+00
1.2017E+04 3.81641985E-07 0.00000000E+00
1.2040E+04 4.06923891E-07 0.00000000E+00
1.2064E+04 4.32175730E-07 0.00000000E+00
1.2087E+04 3.89156459E-07 0.00000000E+00
1.2111E+04 3.84753437E-07 0.00000000E+00
1.2134E+04 4.26352013E-07 0.00000000E+00
1.2158E+04 4.03636472E-07 0.00000000E+00
1.2182E+04 3.71590477E-07 0.00000000E+00
1.2205E+04 4.08703830E-07 0.00000000E+00
1.2229E+04 4.16032934E-07 0.00000000E+00
1.2252E+04 3.71525351E-07 0.00000000E+00
1.2276E+04 3.85900131E-07 0.00000000E+00
1.2299E+04 4.18508864E-07 0.00000000E+00
1.2323E+04 3.82356796E-07 0.00000000E+00
1.2346E+04 3.66960008E-07 0.00000000E+00
1.2370E+04 4.08145400E-07 0.00000000E+00
1.2394E+04 3.96768352E-07 0.00000000E+00
1.2417E+04 3.58907643E-07 0.00000000E+00
1.2441E+04 3.88230050E-07 0.00000000E+00
1.2464E+04 4.05916178E-07 0.00000000E+00
1.2488E+04 3.63465562E-07 0.00000000E+00
1.2511E+04 3.66563069E-07 0.00000000E+00
1.2535E+04 4.03671561E-07 0.00000000E+00
1.2559E+04 3.76339712E-07 0.00000000E+00
1.2582E+04 3.51648474E-07 0.00000000E+00
1.2606E+04 3.89484682E-07 0.00000000E+00
1.2629E+04 3.89385184E-07 0.00000000E+00
1.2653E+04 3.48626266E-07 0.00000000E+00
1.2676E+04 3.68533066E-07 0.00000000E+00
1.2700E+04 3.94563594E-07 0.00000000E+00
1.2723E+04 3.56889204E-07 0.00000000E+00
1.2747E+04 3.49138065E-07 0.00000000E+00
1.2771E+04 3.87770795E-07 0.00000000E+00
1.2794E+04 3.70486518E-07 0.00000000E+00
1.2818E+04 3.38735021E-07 0.00000000E+00
1.2841E+04 3.70713311E-07 0.00000000E+00
1.2865E+04 3.81066579E-07 0.00000000E+00
1.2888E+04 3.40346816E-07 0.00000000E+00
1.2912E+04 3.49978074E-07 0.00000000E+00
1.2936E+04 3.81905116E-07 0.00000000E+00
1.2959E+04 3.51231474E-07 0.00000000E+00
1.2983E+04 3.33795207E-07 0.00000000E+00
1.3006E+04 3.71077182E-07 0.00000000E+00
1.3030E+04 3.64304494E-07 0.00000000E+00
1.3053E+04 3.28083108E-07 0.00000000E+00
1.3077E+04 3.52278417E-07 0.00000000E+00
1.3100E+04 3.71601915E-07 0.00000000E+00
1.3124E+04 3.33674680E-07 0.00000000E+00
1.3148E+04 3.32951884E-07 0.00000000E+00
1.3171E+04 3.68092736E-07 0.00000000E+00
1.3195E+04 3.46022068E-07 0.00000000E+00
1.3218E+04 3.20667173E-07 0.00000000E+00
1.3242E+04 3.54017641E-07 0.00000000E+00
1.3265E+04 3.57470292E-07 0.00000000E+00
1.3289E+04 3.19511342E-07 0.00000000E+00
1.3312E+04 3.34669888E-07 0.00000000E+00
1.3336E+04 3.60965407E-07 0.00000000E+00
1.3360E+04 3.28209932E-07 0.00000000E+00
1.3383E+04 3.17773604E-07 0.00000000E+00
1.3407E+04 3.53403042E-07 0.00000000E+00
1.3430E+04 3.40838407E-07 0.00000000E+00
1.3454E+04 3.09755235E-07 0.00000000E+00
1.3477E+04 3.37029819E-07 0.00000000E+00
1.3501E+04 3.49734666E-07 0.00000000E+00
1.3525E+04 3.12705282E-07 0.00000000E+00
1.3548E+04 3.18268021E-07 0.00000000E+00
1.3572E+04 3.49183008E-07 0.00000000E+00
1.3595E+04 3.23464457E-07 0.00000000E+00
1.3619E+04 3.04572903E-07 0.00000000E+00
1.3642E+04 3.38099719E-07 0.00000000E+00
1.3666E+04 3.35229375E-07 0.00000000E+00
1.3689E+04 3.00857806E-07 0.00000000E+00
1.3713E+04 3.20459455E-07 0.00000000E+00
1.3737E+04 3.40864812E-07 0.00000000E+00
1.3760E+04 3.07199642E-07 0.00000000E+00
1.3784E+04 3.03302055E-07 0.00000000E+00
1.3807E+04 3.36311015E-07 0.00000000E+00
1.3831E+04 3.18894702E-07 0.00000000E+00
1.3854E+04 2.93316437E-07 0.00000000E+00
1.3878E+04 3.22459405E-07 0.00000000E+00
1.3902E+04 3.28793292E-07 0.00000000E+00
1.3925E+04 2.93658220E-07 0.00000000E+00
1.3949E+04 3.04631500E-07 0.00000000E+00
1.3972E+04 3.30755764E-07 0.00000000E+00
1.3996E+04 3.02514282E-07 0.00000000E+00
1.4019E+04 2.89956270E-07 0.00000000E+00
1.4043E+04 3.22559764E-07 0.00000000E+00
1.4066E+04 3.14064415E-07 0.00000000E+00
1.4090E+04 2.83937712E-07 0.00000000E+00
1.4114E+04 3.06883441E-07 0.00000000E+00
1.4137E+04 3.21333943E-07 0.00000000E+00
1.4161E+04 2.87864654E-07 0.00000000E+00
1.4184E+04 2.89934339E-07 0.00000000E+00
1.4208E+04 3.19540052E-07 0.00000000E+00
1.4231E+04 2.98279781E-07 0.00000000E+00
1.4255E+04 2.78424068E-07 0.00000000E+00
1.4279E+04 3.08328055E-07 0.00000000E+00
1.4302E+04 3.08719316E-07 0.00000000E+00
1.4326E+04 2.76362202E-07 0.00000000E+00
1.4349E+04 2.91854933E-07 0.00000000E+00
1.4373E+04 3.12849916E-07 0.00000000E+00
1.4396E+04 2.83198854E-07 0.00000000E+00
1.4420E+04 2.76722783E-07 0.00000000E+00
1.4443E+04 3.07482356E-07 0.00000000E+00
1.4467E+04 2.94173440E-07 0.00000000E+00
1.4491E+04 2.68787443E-07 0.00000000E+00
1.4514E+04 2.94030167E-07 0.00000000E+00
1.4538E+04 3.02661266E-07 0.00000000E+00
1.4561E+04 2.70382638E-07 0.00000000E+00
1.4585E+04 2.77748651E-07 0.00000000E+00
1.4608E+04 3.03363286E-07 0.00000000E+00
1.4632E+04 2.79273409E-07 0.00000000E+00
1.4656E+04 2.65158206E-07 0.00000000E+00
1.4679E+04 2.94804719E-07 0.00000000E+00
1.4703E+04 2.89805262E-07 0.00000000E+00
1.4726E+04 2.60912901E-07 0.00000000E+00
1.4750E+04 2.79965280E-07 0.00000000E+00
1.4773E+04 2.95661357E-07 0.00000000E+00
1.4797E+04 2.65616691E-07 0.00000000E+00
1.4820E+04 2.64775201E-07 0.00000000E+00
1.4844E+04 2.92884369E-07 0.00000000E+00
1.4868E+04 2.75610781E-07 0.00000000E+00
1.4891E+04 2.55233444E-07 0.00000000E+00
1.4915E+04 2.81717646E-07 0.00000000E+00
1.4938E+04 2.84797049E-07 0.00000000E+00
1.4962E+04 2.54547734E-07 0.00000000E+00
1.4985E+04 2.66410104E-07 0.00000000E+00
1.5009E+04 2.87589936E-07 0.00000000E+00
1.5033E+04 2.61659373E-07 0.00000000E+00
1.5056E+04 2.53116540E-07 0.00000000E+00
1.5080E+04 2.81568157E-07 0.00000000E+00
1.5103E+04 2.71829271E-07 0.00000000E+00
1.5127E+04 2.46930586E-07 0.00000000E+00
1.5150E+04 2.68568556E-07 0.00000000E+00
1.5174E+04 2.78965693E-07 0.00000000E+00
1.5197E+04 2.49480318E-07 0.00000000E+00
1.5221E+04 2.53731516E-07 0.00000000E+00
1.5245E+04 2.78551153E-07 0.00000000E+00
1.5268E+04 2.58219779E-07 0.00000000E+00
1.5292E+04 2.42992317E-07 0.00000000E+00
1.5315E+04 2.69763767E-07 0.00000000E+00
1.5339E+04 2.67720078E-07 0.00000000E+00
1.5362E+04 2.40241927E-07 0.00000000E+00
1.5386E+04 2.55799651E-07 0.00000000E+00
1.5410E+04 2.72307170E-07 0.00000000E+00
1.5433E+04 2.45513476E-07 0.00000000E+00
1.5457E+04 2.42277520E-07 0.00000000E+00
1.5480E+04 2.68766510E-07 0.00000000E+00
1.5504E+04 2.55037120E-07 0.00000000E+00
1.5527E+04 2.34519926E-07 0.00000000E+00
1.5551E+04 2.57827547E-07 0.00000000E+00
1.5574E+04 2.63102678E-07 0.00000000E+00
1.5598E+04 2.35024449E-07 0.00000000E+00
1.5622E+04 2.43744527E-07 0.00000000E+00
1.5645E+04 2.64811693E-07 0.00000000E+00
1.5669E+04 2.42324295E-07 0.00000000E+00
1.5692E+04 2.32207009E-07 0.00000000E+00
1.5716E+04 2.58394113E-07 0.00000000E+00
1.5739E+04 2.51756153E-07 0.00000000E+00
1.5763E+04 2.27603997E-07 0.00000000E+00
1.5787E+04 2.45994594E-07 0.00000000E+00
1.5810E+04 2.57736742E-07 0.00000000E+00
1.5834E+04 2.30955758E-07 0.00000000E+00
1.5857E+04 2.32580716E-07 0.00000000E+00
1.5881E+04 2.56437702E-07 0.00000000E+00
1.5904E+04 2.39487082E-07 0.00000000E+00
1.5928E+04 2.23526151E-07 0.00000000E+00
1.5951E+04 2.47577439E-07 0.00000000E+00
1.5975E+04 2.48016607E-07 0.00000000E+00
1.5999E+04 2.22043839E-07 0.00000000E+00
1.6022E+04 2.34491833E-07 0.00000000E+00
1.6046E+04 2.51467788E-07 0.00000000E+00
1.6069E+04 2.27694963E-07 0.00000000E+00
1.6093E+04 2.22481115E-07 0.00000000E+00
1.6116E+04 2.47284871E-07 0.00000000E+00
1.6140E+04 2.36664238E-07 0.00000000E+00
1.6163E+04 2.16251763E-07 0.00000000E+00
1.6187E+04 2.36605016E-07 0.00000000E+00
1.6211E+04 2.43637655E-07 0.00000000E+00
1.6234E+04 2.17687808E-07 0.00000000E+00
1.6258E+04 2.23651592E-07 0.00000000E+00
1.6281E+04 2.44359197E-07 0.00000000E+00
1.6305E+04 2.25005509E-07 0.00000000E+00
1.6328E+04 2.13670145E-07 0.00000000E+00
1.6352E+04 2.37637799E-07 0.00000000E+00
1.6376E+04 2.33667638E-07 0.00000000E+00
1.6399E+04 2.10415022E-07 0.00000000E+00
1.6423E+04 2.25860453E-07 0.00000000E+00
1.6446E+04 2.38590579E-07 0.00000000E+00
1.6470E+04 2.14389196E-07 0.00000000E+00
1.6493E+04 2.13794394E-07 0.00000000E+00
1.6517E+04 2.36572270E-07 0.00000000E+00
1.6540E+04 2.22660454E-07 0.00000000E+00
1.6564E+04 2.06277553E-07 0.00000000E+00
1.6588E+04 2.27783308E-07 0.00000000E+00
1.6611E+04 2.30314228E-07 0.00000000E+00
1.6635E+04 2.05914093E-07 0.00000000E+00
1.6658E+04 2.15628252E-07 0.00000000E+00
1.6682E+04 2.32825079E-07 0.00000000E+00
1.6705E+04 2.11870914E-07 0.00000000E+00
1.6729E+04 2.05069999E-07 0.00000000E+00
1.6753E+04 2.28203854E-07 0.00000000E+00
1.6776E+04 2.20330086E-07 0.00000000E+00
1.6800E+04 2.00239653E-07 0.00000000E+00
1.6823E+04 2.17902161E-07 0.00000000E+00
1.6847E+04 2.26355448E-07 0.00000000E+00
1.6870E+04 2.02481641E-07 0.00000000E+00
1.6894E+04 2.06063449E-07 0.00000000E+00
1.6917E+04 2.26261689E-07 0.00000000E+00
1.6941E+04 2.09758613E-07 0.00000000E+00
1.6965E+04 1.97504187E-07 0.00000000E+00
1.6988E+04 2.19348951E-07 0.00000000E+00
1.7012E+04 2.17677759E-07 0.00000000E+00
1.7035E+04 1.95408088E-07 0.00000000E+00
1.7059E+04 2.08186691E-07 0.00000000E+00
1.7082E+04 2.21622669E-07 0.00000000E+00
1.7106E+04 1.99836962E-07 0.00000000E+00
1.7130E+04 1.97335660E-07 0.00000000E+00
1.7153E+04 2.18956323E-07 0.00000000E+00
1.7177E+04 2.07753855E-07 0.00000000E+00
1.7200E+04 1.91143224E-07 0.00000000E+00
1.7224E+04 2.10244526E-07 0.00000000E+00
1.7247E+04 2.14521502E-07 0.00000000E+00
1.7271E+04 1.91677522E-07 0.00000000E+00
1.7294E+04 1.98933960E-07 0.00000000E+00
1.7318E+04 2.16137361E-07 0.00000000E+00
1.7342E+04 1.97781128E-07 0.00000000E+00
1.7365E+04 1.89664363E-07 0.00000000E+00
1.7389E+04 2.11129079E-07 0.00000000E+00
1.7412E+04 2.05675237E-07 0.00000000E+00
1.7436E+04 1.86040678E-07 0.00000000E+00
1.7459E+04 2.01214521E-07 0.00000000E+00
1.7483E+04 2.10800970E-07 0.00000000E+00
1.7507E+04 1.88933524E-07 0.00000000E+00
1.7530E+04 1.90432786E-07 0.00000000E+00
1.7554E+04 2.10001957E-07 0.00000000E+00
1.7577E+04 1.96107622E-07 0.00000000E+00
1.7601E+04 1.83183989E-07 0.00000000E+00
1.7624E+04 2.03004797E-07 0.00000000E+00
1.7648E+04 2.03334072E-07 0.00000000E+00
1.7671E+04 1.82127354E-07 0.00000000E+00
1.7695E+04 1.92503884E-07 0.00000000E+00
1.7719E+04 2.06434648E-07 0.00000000E+00
1.7742E+04 1.86940226E-07 0.00000000E+00
1.7766E+04 1.82831340E-07 0.00000000E+00
1.7789E+04 2.03270958E-07 0.00000000E+00
1.7813E+04 1.94516362E-07 0.00000000E+00
1.7836E+04 1.77866613E-07 0.00000000E+00
1.7860E+04 1.94731740E-07 0.00000000E+00
1.7884E+04 2.00488012E-07 0.00000000E+00
1.7907E+04 1.79193316E-07 0.00000000E+00
1.7931E+04 1.84262494E-07 0.00000000E+00
1.7954E+04 2.01326768E-07 0.00000000E+00
1.7978E+04 1.85378642E-07 0.00000000E+00
1.8001E+04 1.76183362E-07 0.00000000E+00
1.8025E+04 1.96012749E-07 0.00000000E+00
1.8048E+04 1.92702356E-07 0.00000000E+00
1.8072E+04 1.73615773E-07 0.00000000E+00
1.8096E+04 1.86482448E-07 0.00000000E+00
1.8119E+04 1.96965730E-07 0.00000000E+00
1.8143E+04 1.77012734E-07 0.00000000E+00
1.8166E+04 1.76660256E-07 0.00000000E+00
1.8190E+04 1.95501008E-07 0.00000000E+00
1.8213E+04 1.83984253E-07 0.00000000E+00
1.8237E+04 1.70557416E-07 0.00000000E+00
1.8261E+04 1.88420052E-07 0.00000000E+00
1.8284E+04 1.90480810E-07 0.00000000E+00
1.8308E+04 1.70359077E-07 0.00000000E+00
1.8331E+04 1.78518870E-07 0.00000000E+00
1.8355E+04 1.92749390E-07 0.00000000E+00
1.8378E+04 1.75411086E-07 0.00000000E+00
1.8402E+04 1.69904460E-07 0.00000000E+00
1.8425E+04 1.89118072E-07 0.00000000E+00
1.8449E+04 1.82575023E-07 0.00000000E+00
1.8473E+04 1.66017777E-07 0.00000000E+00
1.8496E+04 1.80761778E-07 0.00000000E+00
1.8520E+04 1.87761299E-07 0.00000000E+00
1.8543E+04 1.68003529E-07 0.00000000E+00
1.8567E+04 1.71099894E-07 0.00000000E+00
1.8590E+04 1.87892486E-07 0.00000000E+00
1.8614E+04 1.74197987E-07 0.00000000E+00
1.8637E+04 1.64132917E-07 0.00000000E+00
1.8661E+04 1.82355400E-07 0.00000000E+00
1.8685E+04 1.80962585E-07 0.00000000E+00
1.8708E+04 1.62525883E-07 0.00000000E+00
1.8732E+04 1.73257415E-07 0.00000000E+00
1.8755E+04 1.84447035E-07 0.00000000E+00
1.8779E+04 1.66355691E-07 0.00000000E+00
1.8802E+04 1.64381658E-07 0.00000000E+00
1.8826E+04 1.82428462E-07 0.00000000E+00
1.8850E+04 1.73110584E-07 0.00000000E+00
1.8873E+04 1.59357413E-07 0.00000000E+00
1.8897E+04 1.75348340E-07 0.00000000E+00
1.8920E+04 1.78924908E-07 0.00000000E+00
1.8944E+04 1.59929644E-07 0.00000000E+00
1.8967E+04 1.66063424E-07 0.00000000E+00
1.8991E+04 1.80442943E-07 0.00000000E+00
1.9014E+04 1.65152403E-07 0.00000000E+00
1.9038E+04 1.58447349E-07 0.00000000E+00
1.9062E+04 1.76413269E-07 0.00000000E+00
1.9085E+04 1.71878502E-07 0.00000000E+00
1.9109E+04 1.55526696E-07 0.00000000E+00
1.9132E+04 1.68256039E-07 0.00000000E+00
1.9156E+04 1.76293457E-07 0.00000000E+00
1.9179E+04 1.58048205E-07 0.00000000E+00
1.9203E+04 1.59346769E-07 0.00000000E+00
1.9227E+04 1.75746258E-07 0.00000000E+00
1.9250E+04 1.64155180E-07 0.00000000E+00
1.9274E+04 1.53377003E-07 0.00000000E+00
1.9297E+04 1.69998456E-07 0.00000000E+00
1.9321E+04 1.70311523E-07 0.00000000E+00
1.9344E+04 1.52587801E-07 0.00000000E+00
1.9368E+04 1.61303651E-07 0.00000000E+00
1.9391E+04 1.73014100E-07 0.00000000E+00
1.9415E+04 1.56721040E-07 0.00000000E+00
1.9439E+04 1.53296358E-07 0.00000000E+00
1.9462E+04 1.70464731E-07 0.00000000E+00
1.9486E+04 1.63178474E-07 0.00000000E+00
1.9509E+04 1.49237645E-07 0.00000000E+00
1.9533E+04 1.63404535E-07 0.00000000E+00
1.9556E+04 1.68295254E-07 0.00000000E+00
1.9580E+04 1.50463744E-07 0.00000000E+00
1.9604E+04 1.54724429E-07 0.00000000E+00
1.9627E+04 1.69104456E-07 0.00000000E+00
1.9651E+04 1.55774951E-07 0.00000000E+00
1.9674E+04 1.48054824E-07 0.00000000E+00
1.9698E+04 1.64743779E-07 0.00000000E+00
1.9721E+04 1.62043378E-07 0.00000000E+00
1.9745E+04 1.46021572E-07 0.00000000E+00
1.9768E+04 1.56838029E-07 0.00000000E+00
1.9792E+04 1.65732867E-07 0.00000000E+00
1.9816E+04 1.49005230E-07 0.00000000E+00
1.9839E+04 1.48688634E-07 0.00000000E+00
1.9863E+04 1.64593243E-07 0.00000000E+00
1.9886E+04 1.54989393E-07 0.00000000E+00
1.9910E+04 1.43673159E-07 0.00000000E+00
1.9933E+04 1.58717455E-07 0.00000000E+00
1.9957E+04 1.60556183E-07 0.00000000E+00
1.9981E+04 1.43629883E-07 0.00000000E+00
2.0004E+04 1.50464969E-07 0.00000000E+00
2.0028E+04 1.62538223E-07 0.00000000E+00
2.0051E+04 1.47999672E-07 0.00000000E+00
2.0075E+04 1.43302957E-07 0.00000000E+00
2.0098E+04 1.59528850E-07 0.00000000E+00
2.0122E+04 1.54125467E-07 0.00000000E+00
2.0145E+04 1.40133596E-07 0.00000000E+00
2.0169E+04 1.52530394E-07 0.00000000E+00
2.0193E+04 1.58550885E-07 0.00000000E+00
2.0216E+04 1.41914172E-07 0.00000000E+00
2.0240E+04 1.44442013E-07 0.00000000E+00
2.0263E+04 1.58683534E-07 0.00000000E+00
2.0287E+04 1.47226016E-07 0.00000000E+00
2.0310E+04 1.38647651E-07 0.00000000E+00
2.0334E+04 1.54022648E-07 0.00000000E+00
2.0358E+04 1.52985498E-07 0.00000000E+00
2.0381E+04 1.37391667E-07 0.00000000E+00
2.0405E+04 1.46369886E-07 0.00000000E+00
2.0428E+04 1.55941391E-07 0.00000000E+00
2.0452E+04 1.40721757E-07 0.00000000E+00
2.0475E+04 1.38936503E-07 0.00000000E+00
2.0499E+04 1.54231754E-07 0.00000000E+00
2.0522E+04 1.46496670E-07 0.00000000E+00
2.0546E+04 1.34789012E-07 0.00000000E+00
2.0570E+04 1.48255170E-07 0.00000000E+00
2.0593E+04 1.51440182E-07 0.00000000E+00
2.0617E+04 1.35385422E-07 0.00000000E+00
2.0640E+04 1.40449389E-07 0.00000000E+00
2.0664E+04 1.52723031E-07 0.00000000E+00
2.0687E+04 1.39900359E-07 0.00000000E+00
2.0711E+04 1.34098202E-07 0.00000000E+00
2.0735E+04 1.49309479E-07 0.00000000E+00
2.0758E+04 1.45650699E-07 0.00000000E+00
2.0782E+04 1.31749985E-07 0.00000000E+00
2.0805E+04 1.42428206E-07 0.00000000E+00
2.0829E+04 1.49403389E-07 0.00000000E+00
2.0852E+04 1.34008930E-07 0.00000000E+00
2.0876E+04 1.34954210E-07 0.00000000E+00
2.0899E+04 1.48928609E-07 0.00000000E+00
2.0923E+04 1.39271774E-07 0.00000000E+00
2.0947E+04 1.30011587E-07 0.00000000E+00
2.0970E+04 1.44052596E-07 0.00000000E+00
2.0994E+04 1.44523582E-07 0.00000000E+00
2.1017E+04 1.29475404E-07 0.00000000E+00
2.1041E+04 1.36713163E-07 0.00000000E+00
2.1064E+04 1.46798395E-07 0.00000000E+00
2.1088E+04 1.33090611E-07 0.00000000E+00
2.1112E+04 1.30004178E-07 0.00000000E+00
2.1135E+04 1.44597452E-07 0.00000000E+00
2.1159E+04 1.38621805E-07 0.00000000E+00
2.1182E+04 1.26679201E-07 0.00000000E+00
2.1206E+04 1.38586749E-07 0.00000000E+00
2.1229E+04 1.42949069E-07 0.00000000E+00
2.1253E+04 1.27837666E-07 0.00000000E+00
2.1276E+04 1.31249225E-07 0.00000000E+00
2.1300E+04 1.43573031E-07 0.00000000E+00
2.1324E+04 1.32420474E-07 0.00000000E+00
2.1347E+04 1.25671703E-07 0.00000000E+00
2.1371E+04 1.39803028E-07 0.00000000E+00
2.1394E+04 1.37746025E-07 0.00000000E+00
2.1418E+04 1.24059039E-07 0.00000000E+00
2.1441E+04 1.33063406E-07 0.00000000E+00
2.1465E+04 1.40816109E-07 0.00000000E+00
2.1488E+04 1.26690794E-07 0.00000000E+00
2.1512E+04 1.26183160E-07 0.00000000E+00
2.1536E+04 1.39755732E-07 0.00000000E+00
2.1559E+04 1.31814027E-07 0.00000000E+00
2.1583E+04 1.22022934E-07 0.00000000E+00
2.1606E+04 1.34695547E-07 0.00000000E+00
2.1630E+04 1.36510515E-07 0.00000000E+00
2.1653E+04 1.22105833E-07 0.00000000E+00
2.1677E+04 1.27682221E-07 0.00000000E+00
2.1701E+04 1.38109649E-07 0.00000000E+00
2.1724E+04 1.25907151E-07 0.00000000E+00
2.1748E+04 1.21673113E-07 0.00000000E+00
2.1771E+04 1.35463330E-07 0.00000000E+00
2.1795E+04 1.31133546E-07 0.00000000E+00
2.1818E+04 1.19108869E-07 0.00000000E+00
2.1842E+04 1.29474900E-07 0.00000000E+00
2.1865E+04 1.34844462E-07 0.00000000E+00
2.1889E+04 1.20752370E-07 0.00000000E+00
2.1913E+04 1.22639239E-07 0.00000000E+00
2.1936E+04 1.34868015E-07 0.00000000E+00
2.1960E+04 1.25345769E-07 0.00000000E+00
2.1983E+04 1.17827216E-07 0.00000000E+00
2.2007E+04 1.30830173E-07 0.00000000E+00
2.2030E+04 1.30238972E-07 0.00000000E+00
2.2054E+04 1.16905882E-07 0.00000000E+00
2.2078E+04 1.24309783E-07 0.00000000E+00
2.2101E+04 1.32676395E-07 0.00000000E+00
2.2125E+04 1.19857017E-07 0.00000000E+00
2.2148E+04 1.18056372E-07 0.00000000E+00
2.2172E+04 1.31117647E-07 0.00000000E+00
2.2195E+04 1.24809988E-07 0.00000000E+00
2.2219E+04 1.14657171E-07 0.00000000E+00
2.2242E+04 1.25959114E-07 0.00000000E+00
2.2266E+04 1.28961837E-07 0.00000000E+00
2.2290E+04 1.15299154E-07 0.00000000E+00
2.2313E+04 1.19318132E-07 0.00000000E+00
2.2337E+04 1.29932471E-07 0.00000000E+00
2.2360E+04 1.19218539E-07 0.00000000E+00
2.2384E+04 1.13995197E-07 0.00000000E+00
2.2407E+04 1.26899535E-07 0.00000000E+00
2.2431E+04 1.24092944E-07 0.00000000E+00
2.2455E+04 1.12122685E-07 0.00000000E+00
2.2478E+04 1.20971534E-07 0.00000000E+00
2.2502E+04 1.27175674E-07 0.00000000E+00
2.2525E+04 1.14152363E-07 0.00000000E+00
2.2549E+04 1.14630530E-07 0.00000000E+00
2.2572E+04 1.26617987E-07 0.00000000E+00
2.2596E+04 1.18662489E-07 0.00000000E+00
2.2619E+04 1.10524456E-07 0.00000000E+00
2.2643E+04 1.22342805E-07 0.00000000E+00
2.2667E+04 1.23065341E-07 0.00000000E+00
2.2690E+04 1.10196947E-07 0.00000000E+00
2.2714E+04 1.16057528E-07 0.00000000E+00
2.2737E+04 1.24863254E-07 0.00000000E+00
2.2761E+04 1.13363858E-07 0.00000000E+00
2.2784E+04 1.10412078E-07 0.00000000E+00
2.2808E+04 1.22843821E-07 0.00000000E+00
2.2832E+04 1.18074880E-07 0.00000000E+00
2.2855E+04 1.07717318E-07 0.00000000E+00
2.2879E+04 1.17643045E-07 0.00000000E+00
2.2902E+04 1.21670346E-07 0.00000000E+00
2.2926E+04 1.08843175E-07 0.00000000E+00
2.2949E+04 1.11415718E-07 0.00000000E+00
2.2973E+04 1.22064393E-07 0.00000000E+00
2.2996E+04 1.12821230E-07 0.00000000E+00
2.3020E+04 1.06782856E-07 0.00000000E+00
2.3044E+04 1.18736076E-07 0.00000000E+00
2.3067E+04 1.17332651E-07 0.00000000E+00
2.3091E+04 1.05569479E-07 0.00000000E+00
2.3114E+04 1.12957824E-07 0.00000000E+00
2.3138E+04 1.19836504E-07 0.00000000E+00
2.3161E+04 1.07939968E-07 0.00000000E+00
2.3185E+04 1.07161512E-07 0.00000000E+00
2.3209E+04 1.18789949E-07 0.00000000E+00
2.3232E+04 1.12340452E-07 0.00000000E+00
2.3256E+04 1.03756844E-07 0.00000000E+00
2.3279E+04 1.14374278E-07 0.00000000E+00
2.3303E+04 1.16265984E-07 0.00000000E+00
2.3326E+04 1.03975685E-07 0.00000000E+00
2.3350E+04 1.08384710E-07 0.00000000E+00
2.3373E+04 1.17474162E-07 0.00000000E+00
2.3397E+04 1.07296747E-07 0.00000000E+00
2.3421E+04 1.03347534E-07 0.00000000E+00
2.3444E+04 1.15056929E-07 0.00000000E+00
2.3468E+04 1.11719365E-07 0.00000000E+00
2.3491E+04 1.01298592E-07 0.00000000E+00
2.3515E+04 1.09857888E-07 0.00000000E+00
2.3538E+04 1.14743539E-07 0.00000000E+00
2.3562E+04 1.02814110E-07 0.00000000E+00
2.3586E+04 1.04043762E-07 0.00000000E+00
2.3609E+04 1.14575968E-07 0.00000000E+00
2.3633E+04 1.06755388E-07 0.00000000E+00
2.3656E+04 1.00047593E-07 0.00000000E+00
2.3680E+04 1.10980215E-07 0.00000000E+00
2.3703E+04 1.10839361E-07 0.00000000E+00
2.3727E+04 9.93994972E-08 0.00000000E+00
2.3750E+04 1.05368524E-07 0.00000000E+00
2.3774E+04 1.12749316E-07 0.00000000E+00
2.3798E+04 1.02006817E-07 0.00000000E+00
2.3821E+04 1.00102403E-07 0.00000000E+00
2.3845E+04 1.11245684E-07 0.00000000E+00
2.3868E+04 1.06221672E-07 0.00000000E+00
2.3892E+04 9.73483816E-08 0.00000000E+00
2.3915E+04 1.06745047E-07 0.00000000E+00
2.3939E+04 1.09652107E-07 0.00000000E+00
2.3962E+04 9.80429101E-08 0.00000000E+00
2.3986E+04 1.01097778E-07 0.00000000E+00
2.4010E+04 1.10318109E-07 0.00000000E+00
2.4033E+04 1.01460287E-07 0.00000000E+00
2.4057E+04 9.66817519E-08 0.00000000E+00
2.4080E+04 1.07594500E-07 0.00000000E+00
2.4104E+04 1.05582379E-07 0.00000000E+00
2.4127E+04 9.52551783E-08 0.00000000E+00
2.4151E+04 1.02491997E-07 0.00000000E+00
2.4175E+04 1.08082727E-07 0.00000000E+00
2.4198E+04 9.71213225E-08 0.00000000E+00
2.4222E+04 9.71502705E-08 0.00000000E+00
2.4245E+04 1.07445682E-07 0.00000000E+00
2.4269E+04 1.01001798E-07 0.00000000E+00
2.4292E+04 9.37960937E-08 0.00000000E+00
2.4316E+04 1.03682092E-07 0.00000000E+00
2.4339E+04 1.04670490E-07 0.00000000E+00
2.4363E+04 9.36734136E-08 0.00000000E+00
2.4387E+04 9.83031677E-08 0.00000000E+00
2.4410E+04 1.06034177E-07 0.00000000E+00
2.4434E+04 9.64596075E-08 0.00000000E+00
2.4457E+04 9.35746780E-08 0.00000000E+00
2.4481E+04 1.04135010E-07 0.00000000E+00
2.4504E+04 1.00441961E-07 0.00000000E+00
2.4528E+04 9.14194187E-08 0.00000000E+00
2.4552E+04 9.95943502E-08 0.00000000E+00
2.4575E+04 1.03359139E-07 0.00000000E+00
2.4599E+04 9.24999781E-08 0.00000000E+00
2.4622E+04 9.42926500E-08 0.00000000E+00
2.4646E+04 1.03494054E-07 0.00000000E+00
2.4669E+04 9.59194886E-08 0.00000000E+00
2.4693E+04 9.04501287E-08 0.00000000E+00
2.4716E+04 1.00489896E-07 0.00000000E+00
2.4740E+04 9.96746584E-08 0.00000000E+00
2.4764E+04 8.95580587E-08 0.00000000E+00
2.4787E+04 9.55020623E-08 0.00000000E+00
2.4811E+04 1.01632448E-07 0.00000000E+00
2.4834E+04 9.16750328E-08 0.00000000E+00
2.4858E+04 9.06231529E-08 0.00000000E+00
2.4881E+04 1.00554495E-07 0.00000000E+00
2.4905E+04 9.54197044E-08 0.00000000E+00
2.4929E+04 8.78671542E-08 0.00000000E+00
2.4952E+04 9.66779953E-08 0.00000000E+00
2.4976E+04 9.86531371E-08 0.00000000E+00
2.4999E+04 8.82055179E-08 0.00000000E+00
2.5023E+04 9.15813627E-08 0.00000000E+00
2.5046E+04 9.95142438E-08 0.00000000E+00
2.5070E+04 9.11158373E-08 0.00000000E+00
2.5093E+04 8.74089532E-08 0.00000000E+00
2.5117E+04 9.73077108E-08 0.00000000E+00
2.5141E+04 9.48523070E-08 0.00000000E+00
2.5164E+04 8.58348623E-08 0.00000000E+00
2.5188E+04 9.28210592E-08 0.00000000E+00
2.5211E+04 9.72989686E-08 0.00000000E+00
2.5235E+04 8.72658971E-08 0.00000000E+00
2.5258E+04 8.79263161E-08 0.00000000E+00
2.5282E+04 9.69891868E-08 0.00000000E+00
2.5306E+04 9.06630669E-08 0.00000000E+00
2.5329E+04 8.46666379E-08 0.00000000E+00
2.5353E+04 9.38000734E-08 0.00000000E+00
2.5376E+04 9.40594695E-08 0.00000000E+00
2.5400E+04 8.42731159E-08 0.00000000E+00
2.5423E+04 8.89926615E-08 0.00000000E+00
2.5447E+04 9.55168332E-08 0.00000000E+00
2.5470E+04 8.65850498E-08 0.00000000E+00
2.5494E+04 8.45872494E-08 0.00000000E+00
2.5518E+04 9.40553017E-08 0.00000000E+00
2.5541E+04 9.01467732E-08 0.00000000E+00
2.5565E+04 8.23832003E-08 0.00000000E+00
2.5588E+04 9.01101169E-08 0.00000000E+00
2.5612E+04 9.29249558E-08 0.00000000E+00
2.5635E+04 8.30991062E-08 0.00000000E+00
2.5659E+04 8.53026576E-08 0.00000000E+00
2.5683E+04 9.32928013E-08 0.00000000E+00
2.5706E+04 8.60442978E-08 0.00000000E+00
2.5730E+04 8.16459124E-08 0.00000000E+00
2.5753E+04 9.08047118E-08 0.00000000E+00
2.5777E+04 8.94711836E-08 0.00000000E+00
2.5800E+04 8.05740275E-08 0.00000000E+00
2.5824E+04 8.63930391E-08 0.00000000E+00
2.5847E+04 9.14289599E-08 0.00000000E+00
2.5871E+04 8.22637135E-08 0.00000000E+00
2.5895E+04 8.19014055E-08 0.00000000E+00
2.5918E+04 9.07019059E-08 0.00000000E+00
2.5942E+04 8.55680760E-08 0.00000000E+00
2.5965E+04 7.91881004E-08 0.00000000E+00
2.5989E+04 8.73815790E-08 0.00000000E+00
2.6012E+04 8.85853681E-08 0.00000000E+00
2.6036E+04 7.92352225E-08 0.00000000E+00
2.6060E+04 8.28042556E-08 0.00000000E+00
2.6083E+04 8.95811236E-08 0.00000000E+00
2.6107E+04 8.16900906E-08 0.00000000E+00
2.6130E+04 7.88925927E-08 0.00000000E+00
2.6154E+04 8.78170760E-08 0.00000000E+00
2.6177E+04 8.50526542E-08 0.00000000E+00
2.6201E+04 7.72251576E-08 0.00000000E+00
2.6224E+04 8.38909565E-08 0.00000000E+00
2.6248E+04 8.74104404E-08 0.00000000E+00
2.6272E+04 7.82836107E-08 0.00000000E+00
2.6295E+04 7.94308148E-08 0.00000000E+00
2.6319E+04 8.73613427E-08 0.00000000E+00
2.6342E+04 8.12364451E-08 0.00000000E+00
2.6366E+04 7.62991333E-08 0.00000000E+00
2.6389E+04 8.46789463E-08 0.00000000E+00
2.6413E+04 8.43560568E-08 0.00000000E+00
2.6437E+04 7.56954590E-08 0.00000000E+00
2.6460E+04 8.04043925E-08 0.00000000E+00
2.6484E+04 8.58603588E-08 0.00000000E+00
2.6507E+04 7.75900058E-08 0.00000000E+00
2.6531E+04 7.63285379E-08 0.00000000E+00
2.6554E+04 8.47687998E-08 0.00000000E+00
2.6578E+04 8.07557041E-08 0.00000000E+00
2.6601E+04 7.41217956E-08 0.00000000E+00
2.6625E+04 8.13613736E-08 0.00000000E+00
2.6649E+04 8.33746589E-08 0.00000000E+00
2.6672E+04 7.45346800E-08 0.00000000E+00
2.6696E+04 7.70260150E-08 0.00000000E+00
2.6719E+04 8.39192482E-08 0.00000000E+00
2.6743E+04 7.70517316E-08 0.00000000E+00
2.6766E+04 7.35768107E-08 0.00000000E+00
2.6790E+04 8.18808047E-08 0.00000000E+00
2.6813E+04 8.01578764E-08 0.00000000E+00
2.6837E+04 7.23781141E-08 0.00000000E+00
2.6861E+04 7.79987031E-08 0.00000000E+00
2.6884E+04 8.20799916E-08 0.00000000E+00
2.6908E+04 7.36974007E-08 0.00000000E+00
2.6931E+04 7.38876722E-08 0.00000000E+00
2.6955E+04 8.16409446E-08 0.00000000E+00
2.6978E+04 7.65934010E-08 0.00000000E+00
2.7002E+04 7.12510234E-08 0.00000000E+00
2.7026E+04 7.88152183E-08 0.00000000E+00
2.7049E+04 7.93850209E-08 0.00000000E+00
2.7073E+04 7.10628540E-08 0.00000000E+00
2.7096E+04 7.47243790E-08 0.00000000E+00
2.7120E+04 8.04678804E-08 0.00000000E+00
2.7143E+04 7.31114451E-08 0.00000000E+00
2.7167E+04 7.10826840E-08 0.00000000E+00
2.7190E+04 7.90822715E-08 0.00000000E+00
2.7214E+04 7.61175414E-08 0.00000000E+00
2.7238E+04 6.93663201E-08 0.00000000E+00
2.7261E+04 7.56651677E-08 0.00000000E+00
2.7285E+04 7.83628233E-08 0.00000000E+00
2.7308E+04 7.01084780E-08 0.00000000E+00
2.7332E+04 7.16232861E-08 0.00000000E+00
2.7355E+04 7.85201479E-08 0.00000000E+00
2.7379E+04 7.26567378E-08 0.00000000E+00
2.7403E+04 6.86440944E-08 0.00000000E+00
2.7426E+04 7.62844412E-08 0.00000000E+00
2.7450E+04 7.55028617E-08 0.00000000E+00
2.7473E+04 6.78819085E-08 0.00000000E+00
2.7497E+04 7.25041857E-08 0.00000000E+00
2.7520E+04 7.70187238E-08 0.00000000E+00
2.7544E+04 6.94116284E-08 0.00000000E+00
2.7567E+04 6.87574437E-08 0.00000000E+00
2.7591E+04 7.62392535E-08 0.00000000E+00
2.7615E+04 7.22085985E-08 0.00000000E+00
2.7638E+04 6.65840072E-08 0.00000000E+00
2.7662E+04 7.33157678E-08 0.00000000E+00
2.7685E+04 7.46565619E-08 0.00000000E+00
2.7709E+04 6.67473681E-08 0.00000000E+00
2.7732E+04 6.94269410E-08 0.00000000E+00
2.7756E+04 7.53319644E-08 0.00000000E+00
2.7780E+04 6.88802662E-08 0.00000000E+00
2.7803E+04 6.61982938E-08 0.00000000E+00
2.7827E+04 7.36840397E-08 0.00000000E+00
2.7850E+04 7.16779859E-08 0.00000000E+00
2.7874E+04 6.49161608E-08 0.00000000E+00
2.7897E+04 7.02860343E-08 0.00000000E+00
2.7921E+04 7.35382513E-08 0.00000000E+00
2.7944E+04 6.59161838E-08 0.00000000E+00
2.7968E+04 6.65436728E-08 0.00000000E+00
2.7992E+04 7.33340629E-08 0.00000000E+00
2.8015E+04 6.84367539E-08 0.00000000E+00
2.8039E+04 6.40088915E-08 0.00000000E+00
2.8062E+04 7.09470086E-08 0.00000000E+00
2.8086E+04 7.10005570E-08 0.00000000E+00
2.8109E+04 6.36336899E-08 0.00000000E+00
2.8133E+04 6.73090857E-08 0.00000000E+00
2.8157E+04 7.21334331E-08 0.00000000E+00
2.8180E+04 6.53225617E-08 0.00000000E+00
2.8204E+04 6.39403154E-08 0.00000000E+00
2.8227E+04 7.10710426E-08 0.00000000E+00
2.8251E+04 6.79936096E-08 0.00000000E+00
2.8274E+04 6.22111768E-08 0.00000000E+00
2.8298E+04 6.81148274E-08 0.00000000E+00
2.8321E+04 7.01116437E-08 0.00000000E+00
2.8345E+04 6.26874560E-08 0.00000000E+00
2.8369E+04 6.44716997E-08 0.00000000E+00
2.8392E+04 7.04308787E-08 0.00000000E+00
2.8416E+04 6.48704954E-08 0.00000000E+00
2.8439E+04 6.16617818E-08 0.00000000E+00
2.8463E+04 6.85880473E-08 0.00000000E+00
2.8486E+04 6.74517841E-08 0.00000000E+00
2.8510E+04 6.07845185E-08 0.00000000E+00
2.8534E+04 6.52635604E-08 0.00000000E+00
2.8557E+04 6.89523875E-08 0.00000000E+00
2.8581E+04 6.19973355E-08 0.00000000E+00
2.8604E+04 6.18396351E-08 0.00000000E+00
2.8628E+04 6.84348288E-08 0.00000000E+00
2.8651E+04 6.44539680E-08 0.00000000E+00
2.8675E+04 5.97267732E-08 0.00000000E+00
2.8698E+04 6.59447344E-08 0.00000000E+00
2.8722E+04 6.67253275E-08 0.00000000E+00
2.8746E+04 5.96867131E-08 0.00000000E+00
2.8769E+04 6.24742809E-08 0.00000000E+00
2.8793E+04 6.74937678E-08 0.00000000E+00
2.8816E+04 6.14768238E-08 0.00000000E+00
2.8840E+04 5.94721274E-08 0.00000000E+00
2.8863E+04 6.61834894E-08 0.00000000E+00
2.8887E+04 6.39817157E-08 0.00000000E+00
2.8911E+04 5.81418346E-08 0.00000000E+00
2.8934E+04 6.32255783E-08 0.00000000E+00
2.8958E+04 6.57614937E-08 0.00000000E+00
2.8981E+04 5.88685437E-08 0.00000000E+00
2.9005E+04 5.98361378E-08 0.00000000E+00
2.9028E+04 6.57472719E-08 0.00000000E+00
2.9052E+04 6.10468844E-08 0.00000000E+00
2.9075E+04 5.74214081E-08 0.00000000E+00
2.9099E+04 6.37481443E-08 0.00000000E+00
2.9123E+04 6.33864023E-08 0.00000000E+00
2.9146E+04 5.69008244E-08 0.00000000E+00
2.9170E+04 6.05294831E-08 0.00000000E+00
2.9193E+04 6.45406851E-08 0.00000000E+00
2.9217E+04 5.82737318E-08 0.00000000E+00
2.9240E+04 5.74316322E-08 0.00000000E+00
2.9264E+04 6.37536808E-08 0.00000000E+00
2.9287E+04 6.06336327E-08 0.00000000E+00
2.9311E+04 5.57187545E-08 0.00000000E+00
2.9335E+04 6.12132262E-08 0.00000000E+00
2.9358E+04 6.26163129E-08 0.00000000E+00
2.9382E+04 5.59739355E-08 0.00000000E+00
2.9405E+04 5.79468049E-08 0.00000000E+00
2.9429E+04 6.30605893E-08 0.00000000E+00
2.9452E+04 5.78297132E-08 0.00000000E+00
2.9476E+04 5.53163282E-08 0.00000000E+00
2.9500E+04 6.15618686E-08 0.00000000E+00
2.9523E+04 6.01582398E-08 0.00000000E+00
2.9547E+04 5.43600104E-08 0.00000000E+00
2.9570E+04 5.86547606E-08 0.00000000E+00
2.9594E+04 6.16232090E-08 0.00000000E+00
2.9617E+04 5.52991237E-08 0.00000000E+00
2.9641E+04 5.55426041E-08 0.00000000E+00
2.9664E+04 6.13236443E-08 0.00000000E+00
2.9688E+04 5.74438284E-08 0.00000000E+00
2.9712E+04 5.35102218E-08 0.00000000E+00
2.9735E+04 5.92194217E-08 0.00000000E+00
2.9759E+04 5.95374915E-08 0.00000000E+00
2.9782E+04 5.33062971E-08 0.00000000E+00
2.9806E+04 5.61375385E-08 0.00000000E+00
2.9829E+04 6.03678863E-08 0.00000000E+00
2.9853E+04 5.47922436E-08 0.00000000E+00
2.9877E+04 5.33623114E-08 0.00000000E+00
2.9900E+04 5.93479885E-08 0.00000000E+00
2.9924E+04 5.70221495E-08 0.00000000E+00
2.9947E+04 5.20124392E-08 0.00000000E+00
2.9971E+04 5.67880621E-08 0.00000000E+00
2.9994E+04 5.87088986E-08 0.00000000E+00
3.0018E+04 5.25071442E-08 0.00000000E+00
3.0041E+04 5.37332049E-08 0.00000000E+00
3.0065E+04 5.88468033E-08 0.00000000E+00
3.0089E+04 5.43761408E-08 0.00000000E+00
3.0112E+04 5.14510704E-08 0.00000000E+00
3.0136E+04 5.71895964E-08 0.00000000E+00
3.0159E+04 5.64990990E-08 0.00000000E+00
3.0183E+04 5.08209522E-08 0.00000000E+00
3.0206E+04 5.43568820E-08 0.00000000E+00
3.0230E+04 5.76529034E-08 0.00000000E+00
3.0254E+04 5.19185825E-08 0.00000000E+00
3.0277E+04 5.15239426E-08 0.00000000E+00
3.0301E+04 5.70995337E-08 0.00000000E+00
3.0324E+04 5.39923858E-08 0.00000000E+00
3.0348E+04 4.98501104E-08 0.00000000E+00
3.0371E+04 5.49323212E-08 0.00000000E+00
3.0395E+04 5.58363390E-08 0.00000000E+00
3.0418E+04 4.99235211E-08 0.00000000E+00
3.0442E+04 5.20185515E-08 0.00000000E+00
3.0466E+04 5.63747273E-08 0.00000000E+00
3.0489E+04 5.14878511E-08 0.00000000E+00
3.0513E+04 4.95720736E-08 0.00000000E+00
3.0536E+04 5.51755694E-08 0.00000000E+00
3.0560E+04 5.35776609E-08 0.00000000E+00
3.0583E+04 4.85661407E-08 0.00000000E+00
3.0607E+04 5.26478745E-08 0.00000000E+00
3.0631E+04 5.49915205E-08 0.00000000E+00
3.0654E+04 4.92701625E-08 0.00000000E+00
3.0678E+04 4.98328163E-08 0.00000000E+00
3.0701E+04 5.48713248E-08 0.00000000E+00
3.0725E+04 5.11307062E-08 0.00000000E+00
3.0748E+04 4.78947982E-08 0.00000000E+00
3.0772E+04 5.31084982E-08 0.00000000E+00
3.0795E+04 5.30489618E-08 0.00000000E+00
3.0819E+04 4.75609092E-08 0.00000000E+00
3.0843E+04 5.03846822E-08 0.00000000E+00
3.0866E+04 5.39158680E-08 0.00000000E+00
3.0890E+04 4.87786123E-08 0.00000000E+00
3.0913E+04 4.78327144E-08 0.00000000E+00
3.0937E+04 5.31442352E-08 0.00000000E+00
3.0960E+04 5.07528352E-08 0.00000000E+00
3.0984E+04 4.64863476E-08 0.00000000E+00
3.1008E+04 5.09424201E-08 0.00000000E+00
3.1031E+04 5.23388958E-08 0.00000000E+00
3.1055E+04 4.67861494E-08 0.00000000E+00
3.1078E+04 4.82021690E-08 0.00000000E+00
3.1102E+04 5.25970538E-08 0.00000000E+00
3.1125E+04 4.83778070E-08 0.00000000E+00
3.1149E+04 4.60605828E-08 0.00000000E+00
3.1172E+04 5.12400061E-08 0.00000000E+00
3.1196E+04 5.02947827E-08 0.00000000E+00
3.1220E+04 4.53515409E-08 0.00000000E+00
3.1243E+04 4.87605033E-08 0.00000000E+00
3.1267E+04 5.14313872E-08 0.00000000E+00
3.1290E+04 4.62112196E-08 0.00000000E+00
3.1314E+04 4.61832000E-08 0.00000000E+00
3.1337E+04 5.10748455E-08 0.00000000E+00
3.1361E+04 4.80239971E-08 0.00000000E+00
3.1385E+04 4.45656807E-08 0.00000000E+00
3.1408E+04 4.92406785E-08 0.00000000E+00
3.1432E+04 4.97290641E-08 0.00000000E+00
3.1455E+04 4.44914425E-08 0.00000000E+00
3.1479E+04 4.66540585E-08 0.00000000E+00
3.1502E+04 5.03353018E-08 0.00000000E+00
3.1526E+04 4.57975349E-08 0.00000000E+00
3.1549E+04 4.43915419E-08 0.00000000E+00
3.1573E+04 4.93948810E-08 0.00000000E+00
3.1597E+04 4.76636523E-08 0.00000000E+00
3.1620E+04 4.33597453E-08 0.00000000E+00
3.1644E+04 4.72095078E-08 0.00000000E+00
3.1667E+04 4.90147724E-08 0.00000000E+00
3.1691E+04 4.38630287E-08 0.00000000E+00
3.1714E+04 4.46743888E-08 0.00000000E+00
3.1738E+04 4.90400138E-08 0.00000000E+00
3.1762E+04 4.54661813E-08 0.00000000E+00
3.1785E+04 4.28398725E-08 0.00000000E+00
3.1809E+04 4.75773078E-08 0.00000000E+00
3.1832E+04 4.72139038E-08 0.00000000E+00
3.1856E+04 4.24051153E-08 0.00000000E+00
3.1879E+04 4.51812126E-08 0.00000000E+00
3.1903E+04 4.80967188E-08 0.00000000E+00
3.1926E+04 4.33878875E-08 0.00000000E+00
3.1950E+04 4.28459112E-08 0.00000000E+00
3.1974E+04 4.75359950E-08 0.00000000E+00
3.1997E+04 4.51265341E-08 0.00000000E+00
3.2021E+04 4.15215943E-08 0.00000000E+00
3.2044E+04 4.56548598E-08 0.00000000E+00
3.2068E+04 4.66080493E-08 0.00000000E+00
3.2091E+04 4.16596670E-08 0.00000000E+00
3.2115E+04 4.32082786E-08 0.00000000E+00
3.2138E+04 4.69595470E-08 0.00000000E+00
3.2162E+04 4.30045551E-08 0.00000000E+00
3.2186E+04 4.12113785E-08 0.00000000E+00
3.2209E+04 4.58646330E-08 0.00000000E+00
3.2233E+04 4.47277960E-08 0.00000000E+00
3.2256E+04 4.04492067E-08 0.00000000E+00
3.2280E+04 4.37063410E-08 0.00000000E+00
3.2303E+04 4.58343342E-08 0.00000000E+00
3.2327E+04 4.11046723E-08 0.00000000E+00
3.2351E+04 4.13727730E-08 0.00000000E+00
3.2374E+04 4.56418789E-08 0.00000000E+00
3.2398E+04 4.26806817E-08 0.00000000E+00
3.2421E+04 3.98240372E-08 0.00000000E+00
3.2445E+04 4.41027760E-08 0.00000000E+00
3.2468E+04 4.42488225E-08 0.00000000E+00
3.2492E+04 3.96314437E-08 0.00000000E+00
3.2515E+04 4.18170025E-08 0.00000000E+00
3.2539E+04 4.49004683E-08 0.00000000E+00
3.2563E+04 4.07097374E-08 0.00000000E+00
3.2586E+04 3.97348521E-08 0.00000000E+00
3.2610E+04 4.41814835E-08 0.00000000E+00
3.2633E+04 4.23675688E-08 0.00000000E+00
3.2657E+04 3.86961899E-08 0.00000000E+00
3.2680E+04 4.23027664E-08 0.00000000E+00
3.2704E+04 4.36474903E-08 0.00000000E+00
3.2728E+04 3.90292738E-08 0.00000000E+00
3.2751E+04 4.00290045E-08 0.00000000E+00
3.2775E+04 4.37885688E-08 0.00000000E+00
3.2798E+04 4.04006513E-08 0.00000000E+00
3.2822E+04 3.83035114E-08 0.00000000E+00
3.2845E+04 4.25880910E-08 0.00000000E+00
3.2869E+04 4.19847115E-08 0.00000000E+00
3.2892E+04 3.77929156E-08 0.00000000E+00
3.2916E+04 4.04902128E-08 0.00000000E+00
3.2940E+04 4.28670000E-08 0.00000000E+00
3.2963E+04 3.85715247E-08 0.00000000E+00
3.2987E+04 3.83629600E-08 0.00000000E+00
3.3010E+04 4.24841832E-08 0.00000000E+00
3.3034E+04 4.00949039E-08 0.00000000E+00
3.3057E+04 3.70754007E-08 0.00000000E+00
3.3081E+04 4.08887945E-08 0.00000000E+00
3.3105E+04 4.14708445E-08 0.00000000E+00
3.3128E+04 3.70811507E-08 0.00000000E+00
3.3152E+04 3.87144510E-08 0.00000000E+00
3.3175E+04 4.18928198E-08 0.00000000E+00
3.3199E+04 3.82079086E-08 0.00000000E+00
3.3222E+04 3.68631578E-08 0.00000000E+00
3.3246E+04 4.10253003E-08 0.00000000E+00
3.3269E+04 3.97503791E-08 0.00000000E+00
3.3293E+04 3.60692149E-08 0.00000000E+00
3.3317E+04 3.91571189E-08 0.00000000E+00
3.3340E+04 4.08168461E-08 0.00000000E+00
3.3364E+04 3.65505489E-08 0.00000000E+00
3.3387E+04 3.70534005E-08 0.00000000E+00
3.3411E+04 4.07592157E-08 0.00000000E+00
3.3434E+04 3.79127222E-08 0.00000000E+00
3.3458E+04 3.55818831E-08 0.00000000E+00
3.3482E+04 3.94794955E-08 0.00000000E+00
3.3505E+04 3.93473271E-08 0.00000000E+00
3.3529E+04 3.52959122E-08 0.00000000E+00
3.3552E+04 3.74681698E-08 0.00000000E+00
3.3576E+04 4.00252687E-08 0.00000000E+00
3.3599E+04 3.61741470E-08 0.00000000E+00
3.3623E+04 3.55602463E-08 0.00000000E+00
3.3646E+04 3.94939390E-08 0.00000000E+00
3.3670E+04 3.76391753E-08 0.00000000E+00
3.3694E+04 3.45298672E-08 0.00000000E+00
3.3717E+04 3.78881849E-08 0.00000000E+00
3.3741E+04 3.88421780E-08 0.00000000E+00
3.3764E+04 3.47199473E-08 0.00000000E+00
3.3788E+04 3.58566827E-08 0.00000000E+00
3.3811E+04 3.90735632E-08 0.00000000E+00
3.3835E+04 3.58839369E-08 0.00000000E+00
3.3859E+04 3.42430358E-08 0.00000000E+00
3.3882E+04 3.81009037E-08 0.00000000E+00
3.3906E+04 3.73127045E-08 0.00000000E+00
3.3929E+04 3.36781305E-08 0.00000000E+00
3.3953E+04 3.62730418E-08 0.00000000E+00
3.3976E+04 3.81815660E-08 0.00000000E+00
3.4000E+04 3.42807933E-08 0.00000000E+00
3.4023E+04 3.43438214E-08 0.00000000E+00
3.4047E+04 3.79475574E-08 0.00000000E+00
3.4071E+04 3.56088577E-08 0.00000000E+00
3.4094E+04 3.31043852E-08 0.00000000E+00
3.4118E+04 3.66054174E-08 0.00000000E+00
3.4141E+04 3.68801694E-08 0.00000000E+00
3.4165E+04 3.30035570E-08 0.00000000E+00
3.4188E+04 3.46817111E-08 0.00000000E+00
3.4212E+04 3.73530512E-08 0.00000000E+00
3.4236E+04 3.39385311E-08 0.00000000E+00
3.4259E+04 3.29742472E-08 0.00000000E+00
3.4283E+04 3.66811439E-08 0.00000000E+00
3.4306E+04 3.53132351E-08 0.00000000E+00
3.4330E+04 3.21658838E-08 0.00000000E+00
3.4353E+04 3.50731066E-08 0.00000000E+00
3.4377E+04 3.63318224E-08 0.00000000E+00
3.4400E+04 3.24996301E-08 0.00000000E+00
3.4424E+04 3.31840334E-08 0.00000000E+00
3.4448E+04 3.63829211E-08 0.00000000E+00
3.4471E+04 3.36693625E-08 0.00000000E+00
3.4495E+04 3.17949248E-08 0.00000000E+00
3.4518E+04 3.53294194E-08 0.00000000E+00
3.4542E+04 3.49748842E-08 0.00000000E+00
3.4565E+04 3.14368348E-08 0.00000000E+00
3.4589E+04 3.35667401E-08 0.00000000E+00
3.4612E+04 3.56630791E-08 0.00000000E+00
3.4636E+04 3.21402702E-08 0.00000000E+00
3.4660E+04 3.18252697E-08 0.00000000E+00
3.4683E+04 3.52892040E-08 0.00000000E+00
3.4707E+04 3.34279128E-08 0.00000000E+00
3.4730E+04 3.08152668E-08 0.00000000E+00
3.4754E+04 3.39251244E-08 0.00000000E+00
3.4777E+04 3.45506874E-08 0.00000000E+00
3.4801E+04 3.08866041E-08 0.00000000E+00
3.4825E+04 3.21169448E-08 0.00000000E+00
3.4848E+04 3.48506392E-08 0.00000000E+00
3.4872E+04 3.18662828E-08 0.00000000E+00
3.4895E+04 3.06159340E-08 0.00000000E+00
3.4919E+04 3.40748216E-08 0.00000000E+00
3.4942E+04 3.31491483E-08 0.00000000E+00
3.4966E+04 3.00151319E-08 0.00000000E+00
3.4989E+04 3.24903080E-08 0.00000000E+00
3.5013E+04 3.39945919E-08 0.00000000E+00
3.5037E+04 3.04674503E-08 0.00000000E+00
3.5060E+04 3.07481087E-08 0.00000000E+00
3.5084E+04 3.38837205E-08 0.00000000E+00
3.5107E+04 3.16193112E-08 0.00000000E+00
3.5131E+04 2.95651871E-08 0.00000000E+00
3.5154E+04 3.27646523E-08 0.00000000E+00
3.5178E+04 3.27882260E-08 0.00000000E+00
3.5202E+04 2.93799963E-08 0.00000000E+00
3.5225E+04 3.10700914E-08 0.00000000E+00
3.5249E+04 3.32951630E-08 0.00000000E+00
3.5272E+04 3.01470617E-08 0.00000000E+00
3.5296E+04 2.95024953E-08 0.00000000E+00
3.5319E+04 3.27898608E-08 0.00000000E+00
3.5343E+04 3.13666491E-08 0.00000000E+00
3.5366E+04 2.86935551E-08 0.00000000E+00
3.5390E+04 3.14134367E-08 0.00000000E+00
3.5414E+04 3.23313658E-08 0.00000000E+00
3.5437E+04 2.89030057E-08 0.00000000E+00
3.5461E+04 2.97231521E-08 0.00000000E+00
3.5484E+04 3.24681385E-08 0.00000000E+00
3.5508E+04 2.99001672E-08 0.00000000E+00
3.5531E+04 2.84191690E-08 0.00000000E+00
3.5555E+04 3.16104644E-08 0.00000000E+00
3.5579E+04 3.10819565E-08 0.00000000E+00
3.5602E+04 2.80071000E-08 0.00000000E+00
3.5626E+04 3.00718180E-08 0.00000000E+00
3.5649E+04 3.17672706E-08 0.00000000E+00
3.5673E+04 2.85587773E-08 0.00000000E+00
3.5696E+04 2.84881262E-08 0.00000000E+00
3.5720E+04 3.15242364E-08 0.00000000E+00
3.5743E+04 2.96842899E-08 0.00000000E+00
3.5767E+04 2.75081575E-08 0.00000000E+00
3.5791E+04 3.03731892E-08 0.00000000E+00
3.5814E+04 3.07256076E-08 0.00000000E+00
3.5838E+04 2.74823686E-08 0.00000000E+00
3.5861E+04 2.87699713E-08 0.00000000E+00
3.5885E+04 3.10758143E-08 0.00000000E+00
3.5908E+04 2.82993708E-08 0.00000000E+00
3.5932E+04 2.73807802E-08 0.00000000E+00
3.5956E+04 3.04690933E-08 0.00000000E+00
3.5979E+04 2.94462719E-08 0.00000000E+00
3.6003E+04 2.67596196E-08 0.00000000E+00
3.6026E+04 2.91028466E-08 0.00000000E+00
3.6050E+04 3.02606208E-08 0.00000000E+00
3.6073E+04 2.70845136E-08 0.00000000E+00
3.6097E+04 2.75359302E-08 0.00000000E+00
3.6120E+04 3.02501982E-08 0.00000000E+00
3.6144E+04 2.80780792E-08 0.00000000E+00
3.6168E+04 2.64152716E-08 0.00000000E+00
3.6191E+04 2.93262496E-08 0.00000000E+00
3.6215E+04 2.91476264E-08 0.00000000E+00
3.6238E+04 2.61646259E-08 0.00000000E+00
3.6262E+04 2.78397377E-08 0.00000000E+00
3.6285E+04 2.96741149E-08 0.00000000E+00
3.6309E+04 2.67852006E-08 0.00000000E+00
3.6333E+04 2.64063982E-08 0.00000000E+00
3.6356E+04 2.93091340E-08 0.00000000E+00
3.6380E+04 2.78618148E-08 0.00000000E+00
3.6403E+04 2.56077784E-08 0.00000000E+00
3.6427E+04 2.81375582E-08 0.00000000E+00
3.6450E+04 2.87683113E-08 0.00000000E+00
3.6474E+04 2.57133623E-08 0.00000000E+00
3.6497E+04 2.66301665E-08 0.00000000E+00
3.6521E+04 2.89707059E-08 0.00000000E+00
3.6545E+04 2.65564313E-08 0.00000000E+00
3.6568E+04 2.54122363E-08 0.00000000E+00
3.6592E+04 2.82814396E-08 0.00000000E+00
3.6615E+04 2.76206528E-08 0.00000000E+00
3.6639E+04 2.49617411E-08 0.00000000E+00
3.6662E+04 2.69438188E-08 0.00000000E+00
3.6686E+04 2.82926853E-08 0.00000000E+00
3.6710E+04 2.53827010E-08 0.00000000E+00
3.6733E+04 2.55088428E-08 0.00000000E+00
3.6757E+04 2.81573431E-08 0.00000000E+00
3.6780E+04 2.63610465E-08 0.00000000E+00
3.6804E+04 2.45665551E-08 0.00000000E+00
3.6827E+04 2.71933609E-08 0.00000000E+00
3.6851E+04 2.73213764E-08 0.00000000E+00
3.6874E+04 2.44627761E-08 0.00000000E+00
3.6898E+04 2.57775057E-08 0.00000000E+00
3.6922E+04 2.77065099E-08 0.00000000E+00
3.6945E+04 2.51371251E-08 0.00000000E+00
3.6969E+04 2.44979628E-08 0.00000000E+00
3.6992E+04 2.72440683E-08 0.00000000E+00
3.7016E+04 2.61581089E-08 0.00000000E+00
3.7039E+04 2.38692855E-08 0.00000000E+00
3.7063E+04 2.60725585E-08 0.00000000E+00
3.7087E+04 2.69354862E-08 0.00000000E+00
3.7110E+04 2.40869868E-08 0.00000000E+00
3.7134E+04 2.46686851E-08 0.00000000E+00
3.7157E+04 2.70054490E-08 0.00000000E+00
3.7181E+04 2.49387631E-08 0.00000000E+00
3.7204E+04 2.36137549E-08 0.00000000E+00
3.7228E+04 2.62508593E-08 0.00000000E+00
3.7251E+04 2.59124835E-08 0.00000000E+00
3.7275E+04 2.33135798E-08 0.00000000E+00
3.7299E+04 2.49520095E-08 0.00000000E+00
3.7322E+04 2.64461661E-08 0.00000000E+00
3.7346E+04 2.38068002E-08 0.00000000E+00
3.7369E+04 2.36462067E-08 0.00000000E+00
3.7393E+04 2.61979712E-08 0.00000000E+00
3.7416E+04 2.47520895E-08 0.00000000E+00
3.7440E+04 2.28664263E-08 0.00000000E+00
3.7463E+04 2.52065435E-08 0.00000000E+00
3.7487E+04 2.55975811E-08 0.00000000E+00
3.7511E+04 2.28861229E-08 0.00000000E+00
3.7534E+04 2.38666089E-08 0.00000000E+00
3.7558E+04 2.58484999E-08 0.00000000E+00
3.7581E+04 2.35923412E-08 0.00000000E+00
3.7605E+04 2.27344127E-08 0.00000000E+00
3.7628E+04 2.53032624E-08 0.00000000E+00
3.7652E+04 2.45458739E-08 0.00000000E+00
3.7676E+04 2.22588610E-08 0.00000000E+00
3.7699E+04 2.41454760E-08 0.00000000E+00
3.7723E+04 2.51966994E-08 0.00000000E+00
3.7746E+04 2.25682692E-08 0.00000000E+00
3.7770E+04 2.28500568E-08 0.00000000E+00
3.7793E+04 2.51490961E-08 0.00000000E+00
3.7817E+04 2.34139249E-08 0.00000000E+00
3.7840E+04 2.19513353E-08 0.00000000E+00
3.7864E+04 2.43487384E-08 0.00000000E+00
3.7888E+04 2.42950075E-08 0.00000000E+00
3.7911E+04 2.17863010E-08 0.00000000E+00
3.7935E+04 2.31034394E-08 0.00000000E+00
3.7958E+04 2.47022474E-08 0.00000000E+00
3.7982E+04 2.23362511E-08 0.00000000E+00
3.8005E+04 2.19301849E-08 0.00000000E+00
3.8029E+04 2.43618743E-08 0.00000000E+00
3.8053E+04 2.32411279E-08 0.00000000E+00
3.8076E+04 2.13043267E-08 0.00000000E+00
3.8100E+04 2.33630856E-08 0.00000000E+00
3.8123E+04 2.39770707E-08 0.00000000E+00
3.8147E+04 2.14324801E-08 0.00000000E+00
3.8170E+04 2.21097596E-08 0.00000000E+00
3.8194E+04 2.41097417E-08 0.00000000E+00
3.8217E+04 2.21575388E-08 0.00000000E+00
3.8241E+04 2.11221494E-08 0.00000000E+00
3.8265E+04 2.35009764E-08 0.00000000E+00
3.8288E+04 2.30393697E-08 0.00000000E+00
3.8312E+04 2.07857944E-08 0.00000000E+00
3.8335E+04 2.23704316E-08 0.00000000E+00
3.8359E+04 2.35699444E-08 0.00000000E+00
3.8382E+04 2.11687858E-08 0.00000000E+00
3.8406E+04 2.11848387E-08 0.00000000E+00
3.8430E+04 2.34177838E-08 0.00000000E+00
3.8453E+04 2.19939876E-08 0.00000000E+00
3.8477E+04 2.04305542E-08 0.00000000E+00
3.8500E+04 2.25840736E-08 0.00000000E+00
3.8524E+04 2.27771871E-08 0.00000000E+00
3.8547E+04 2.03802576E-08 0.00000000E+00
3.8571E+04 2.13969597E-08 0.00000000E+00
3.8594E+04 2.30623569E-08 0.00000000E+00
3.8618E+04 2.09657346E-08 0.00000000E+00
3.8642E+04 2.03493031E-08 0.00000000E+00
3.8665E+04 2.26397189E-08 0.00000000E+00
3.8689E+04 2.18160031E-08 0.00000000E+00
3.8712E+04 1.98601424E-08 0.00000000E+00
3.8736E+04 2.16424048E-08 0.00000000E+00
3.8759E+04 2.24398193E-08 0.00000000E+00
3.8783E+04 2.00753225E-08 0.00000000E+00
3.8807E+04 2.04774000E-08 0.00000000E+00
3.8830E+04 2.24628180E-08 0.00000000E+00
3.8854E+04 2.08020484E-08 0.00000000E+00
3.8877E+04 1.96265071E-08 0.00000000E+00
3.8901E+04 2.18049233E-08 0.00000000E+00
3.8924E+04 2.16064780E-08 0.00000000E+00
3.8948E+04 1.94146105E-08 0.00000000E+00
3.8971E+04 2.07141365E-08 0.00000000E+00
3.8995E+04 2.20250761E-08 0.00000000E+00
3.9019E+04 1.98565612E-08 0.00000000E+00
3.9042E+04 1.96427889E-08 0.00000000E+00
3.9066E+04 2.17868991E-08 0.00000000E+00
3.9089E+04 2.06546898E-08 0.00000000E+00
3.9113E+04 1.90278333E-08 0.00000000E+00
3.9136E+04 2.09403422E-08 0.00000000E+00
3.9160E+04 2.13459104E-08 0.00000000E+00
3.9184E+04 1.90817126E-08 0.00000000E+00
3.9207E+04 1.98250961E-08 0.00000000E+00
3.9231E+04 2.15258681E-08 0.00000000E+00
3.9254E+04 1.96937943E-08 0.00000000E+00
3.9278E+04 1.89049631E-08 0.00000000E+00
3.9301E+04 2.10416903E-08 0.00000000E+00
3.9325E+04 2.04880633E-08 0.00000000E+00
3.9348E+04 1.85436354E-08 0.00000000E+00
3.9372E+04 2.00614047E-08 0.00000000E+00
3.9396E+04 2.10072289E-08 0.00000000E+00
3.9419E+04 1.88318024E-08 0.00000000E+00
3.9443E+04 1.89885009E-08 0.00000000E+00
3.9466E+04 2.09331131E-08 0.00000000E+00
3.9490E+04 1.95478201E-08 0.00000000E+00
3.9513E+04 1.82649177E-08 0.00000000E+00
3.9537E+04 2.02370280E-08 0.00000000E+00
3.9561E+04 2.02688124E-08 0.00000000E+00
3.9584E+04 1.81587023E-08 0.00000000E+00
3.9608E+04 1.91890636E-08 0.00000000E+00
3.9631E+04 2.05765419E-08 0.00000000E+00
3.9655E+04 1.86384336E-08 0.00000000E+00
3.9678E+04 1.82240801E-08 0.00000000E+00
3.9702E+04 2.02577844E-08 0.00000000E+00
3.9725E+04 1.93931664E-08 0.00000000E+00
3.9749E+04 1.77309760E-08 0.00000000E+00
3.9773E+04 1.94032777E-08 0.00000000E+00
3.9796E+04 1.99858820E-08 0.00000000E+00
3.9820E+04 1.78673889E-08 0.00000000E+00
3.9843E+04 1.83595719E-08 0.00000000E+00
3.9867E+04 2.00647430E-08 0.00000000E+00
3.9890E+04 1.84880127E-08 0.00000000E+00
3.9914E+04 1.75592517E-08 0.00000000E+00
3.9937E+04 1.95301691E-08 0.00000000E+00
3.9961E+04 1.92188904E-08 0.00000000E+00
3.9985E+04 1.73126494E-08 0.00000000E+00
