0.0000E+00 0.00000000E+00 0.00000000E+00
2.3562E+01 0.00000000E+00 0.00000000E+00
4.7124E+01 0.00000000E+00 0.00000000E+00
7.0686E+01 0.00000000E+00 0.00000000E+00
9.4248E+01 0.00000000E+00 0.00000000E+00
1.1781E+02 0.00000000E+00 0.00000000E+00
1.4137E+02 0.00000000E+00 0.00000000E+00
1.6493E+02 0.00000000E+00 0.00000000E+00
1.8850E+02 0.00000000E+00 0.00000000E+00
2.1206E+02 0.00000000E+00 0.00000000E+00
2.3562E+02 0.00000000E+00 0.00000000E+00
2.5918E+02 4.14119180E-272 0.00000000E+00
2.8274E+02 5.36166471E-219 0.00000000E+00
3.0631E+02 3.03443062E-176 0.00000000E+00
3.2987E+02 8.18241735E-141 0.00000000E+00
3.5343E+02 4.09636729E-111 0.00000000E+00
3.7699E+02 3.37815658E-86 0.00000000E+00
4.0055E+02 1.80384003E-65 0.00000000E+00
4.2412E+02 1.43885316E-48 0.00000000E+00
4.4768E+02 2.56732116E-35 0.00000000E+00
4.7124E+02 9.34886730E-26 0.00000000E+00
4.9480E+02 2.38782564E-20 0.00000000E+00
5.1836E+02 2.28406258E-19 0.00000000E+00
5.4192E+02 5.70585703E-19 0.00000000E+00
5.6549E+02 1.05869824E-18 0.00000000E+00
5.8905E+02 1.70907788E-18 0.00000000E+00
6.1261E+02 2.47991325E-18 0.00000000E+00
6.3617E+02 4.02565386E-18 0.00000000E+00
6.5973E+02 7.91361222E-18 0.00000000E+00
6.8330E+02 1.32451092E-17 0.00000000E+00
7.0686E+02 1.86106882E-17 0.00000000E+00
7.3042E+02 2.91842380E-17 0.00000000E+00
7.5398E+02 5.17164197E-17 0.00000000E+00
7.7754E+02 7.97296920E-17 0.00000000E+00
8.0111E+02 1.06406540E-16 0.00000000E+00
8.2467E+02 1.56313894E-16 0.00000000E+00
8.4823E+02 2.58179349E-16 0.00000000E+00
8.7179E+02 3.81203570E-16 0.00000000E+00
8.9535E+02 4.97484123E-16 0.00000000E+00
9.1892E+02 7.12441433E-16 0.00000000E+00
9.4248E+02 1.14839924E-15 0.00000000E+00
9.6604E+02 1.66590879E-15 0.00000000E+00
9.8960E+02 2.13690212E-15 0.00000000E+00
1.0132E+03 2.98411270E-15 0.00000000E+00
1.0367E+03 4.65997273E-15 0.00000000E+00
1.0603E+03 6.62563656E-15 0.00000000E+00
1.0838E+03 8.39573395E-15 0.00000000E+00
1.1074E+03 1.15357586E-14 0.00000000E+00
1.1310E+03 1.76777788E-14 0.00000000E+00
1.1545E+03 2.47983454E-14 0.00000000E+00
1.1781E+03 3.11184766E-14 0.00000000E+00
1.2017E+03 4.21476561E-14 0.00000000E+00
1.2252E+03 6.34469478E-14 0.00000000E+00
1.2488E+03 8.78729651E-14 0.00000000E+00
1.2723E+03 1.09292273E-13 0.00000000E+00
1.2959E+03 1.46115000E-13 0.00000000E+00
1.3195E+03 2.16541886E-13 0.00000000E+00
1.3430E+03 2.96636734E-13 0.00000000E+00
1.3666E+03 3.66073015E-13 0.00000000E+00
1.3902E+03 4.83748216E-13 0.00000000E+00
1.4137E+03 7.06518887E-13 0.00000000E+00
1.4373E+03 9.57607730E-13 0.00000000E+00
1.4608E+03 1.17285673E-12 0.00000000E+00
1.4844E+03 1.53254141E-12 0.00000000E+00
1.5080E+03 2.20722150E-12 0.00000000E+00
1.5315E+03 2.96150214E-12 0.00000000E+00
1.5551E+03 3.60109687E-12 0.00000000E+00
1.5787E+03 4.65531110E-12 0.00000000E+00
1.6022E+03 6.61470838E-12 0.00000000E+00
1.6258E+03 8.78758563E-12 0.00000000E+00
1.6493E+03 1.06102841E-11 0.00000000E+00
1.6729E+03 1.35736793E-11 0.00000000E+00
1.6965E+03 1.90325656E-11 0.00000000E+00
1.7200E+03 2.50388360E-11 0.00000000E+00
1.7436E+03 3.00237524E-11 0.00000000E+00
1.7671E+03 3.80194778E-11 0.00000000E+00
1.7907E+03 5.26198706E-11 0.00000000E+00
1.8143E+03 6.85608531E-11 0.00000000E+00
1.8378E+03 8.16517825E-11 0.00000000E+00
1.8614E+03 1.02367119E-10 0.00000000E+00
1.8850E+03 1.39869280E-10 0.00000000E+00
1.9085E+03 1.80507351E-10 0.00000000E+00
1.9321E+03 2.13531652E-10 0.00000000E+00
1.9556E+03 2.65088521E-10 0.00000000E+00
1.9792E+03 3.57639997E-10 0.00000000E+00
2.0028E+03 4.57195663E-10 0.00000000E+00
2.0263E+03 5.37260489E-10 0.00000000E+00
2.0499E+03 6.60575305E-10 0.00000000E+00
2.0735E+03 8.80116768E-10 0.00000000E+00
2.0970E+03 1.11458849E-09 0.00000000E+00
2.1206E+03 1.30121573E-09 0.00000000E+00
2.1441E+03 1.58477889E-09 0.00000000E+00
2.1677E+03 2.08555095E-09 0.00000000E+00
2.1913E+03 2.61668356E-09 0.00000000E+00
2.2148E+03 3.03512044E-09 0.00000000E+00
2.2384E+03 3.66227846E-09 0.00000000E+00
2.2619E+03 4.76114238E-09 0.00000000E+00
2.2855E+03 5.91886057E-09 0.00000000E+00
2.3091E+03 6.82169391E-09 0.00000000E+00
2.3326E+03 8.15640317E-09 0.00000000E+00
2.3562E+03 1.04771546E-08 0.00000000E+00
2.3798E+03 1.29065842E-08 0.00000000E+00
2.4033E+03 1.47821219E-08 0.00000000E+00
2.4269E+03 1.75166749E-08 0.00000000E+00
2.4504E+03 2.22363208E-08 0.00000000E+00
2.4740E+03 2.71469354E-08 0.00000000E+00
2.4976E+03 3.09002617E-08 0.00000000E+00
2.5211E+03 3.62965530E-08 0.00000000E+00
2.5447E+03 4.55438669E-08 0.00000000E+00
2.5683E+03 5.51101237E-08 0.00000000E+00
2.5918E+03 6.23499682E-08 0.00000000E+00
2.6154E+03 7.26124174E-08 0.00000000E+00
2.6389E+03 9.00784480E-08 0.00000000E+00
2.6625E+03 1.08050019E-07 0.00000000E+00
2.6861E+03 1.21518957E-07 0.00000000E+00
2.7096E+03 1.40338447E-07 0.00000000E+00
2.7332E+03 1.72159171E-07 0.00000000E+00
2.7567E+03 2.04739094E-07 0.00000000E+00
2.7803E+03 2.28922548E-07 0.00000000E+00
2.8039E+03 2.62222231E-07 0.00000000E+00
2.8274E+03 3.18178395E-07 0.00000000E+00
2.8510E+03 3.75212846E-07 0.00000000E+00
2.8746E+03 4.17149693E-07 0.00000000E+00
2.8981E+03 4.74040627E-07 0.00000000E+00
2.9217E+03 5.69082161E-07 0.00000000E+00
2.9452E+03 6.65570016E-07 0.00000000E+00
2.9688E+03 7.35861184E-07 0.00000000E+00
2.9924E+03 8.29776038E-07 0.00000000E+00
3.0159E+03 9.85815500E-07 0.00000000E+00
3.0395E+03 1.14368717E-06 0.00000000E+00
3.0631E+03 1.25765781E-06 0.00000000E+00
3.0866E+03 1.40757634E-06 0.00000000E+00
3.1102E+03 1.65541104E-06 0.00000000E+00
3.1337E+03 1.90544772E-06 0.00000000E+00
3.1573E+03 2.08436726E-06 0.00000000E+00
3.1809E+03 2.31598552E-06 0.00000000E+00
3.2044E+03 2.69711447E-06 0.00000000E+00
3.2280E+03 3.08079302E-06 0.00000000E+00
3.2515E+03 3.35300476E-06 0.00000000E+00
3.2751E+03 3.69964560E-06 0.00000000E+00
3.2987E+03 4.26766687E-06 0.00000000E+00
3.3222E+03 4.83864154E-06 0.00000000E+00
3.3458E+03 5.24041277E-06 0.00000000E+00
3.3694E+03 5.74344586E-06 0.00000000E+00
3.3929E+03 6.56467900E-06 0.00000000E+00
3.4165E+03 7.38957255E-06 0.00000000E+00
3.4400E+03 7.96546200E-06 0.00000000E+00
3.4636E+03 8.67401410E-06 0.00000000E+00
3.4872E+03 9.82701583E-06 0.00000000E+00
3.5107E+03 1.09852105E-05 0.00000000E+00
3.5343E+03 1.17877741E-05 0.00000000E+00
3.5579E+03 1.27575745E-05 0.00000000E+00
3.5814E+03 1.43313158E-05 0.00000000E+00
3.6050E+03 1.59135199E-05 0.00000000E+00
3.6285E+03 1.70022409E-05 0.00000000E+00
3.6521E+03 1.82935592E-05 0.00000000E+00
3.6757E+03 2.03842038E-05 0.00000000E+00
3.6992E+03 2.24897157E-05 0.00000000E+00
3.7228E+03 2.39291454E-05 0.00000000E+00
3.7463E+03 2.56039225E-05 0.00000000E+00
3.7699E+03 2.83103606E-05 0.00000000E+00
3.7935E+03 3.10431404E-05 0.00000000E+00
3.8170E+03 3.29003502E-05 0.00000000E+00
3.8406E+03 3.50187668E-05 0.00000000E+00
3.8642E+03 3.84372760E-05 0.00000000E+00
3.8877E+03 4.19011196E-05 0.00000000E+00
3.9113E+03 4.42426757E-05 0.00000000E+00
3.9348E+03 4.68595147E-05 0.00000000E+00
3.9584E+03 5.10780859E-05 0.00000000E+00
3.9820E+03 5.53713519E-05 0.00000000E+00
4.0055E+03 5.82600972E-05 0.00000000E+00
4.0291E+03 6.14213089E-05 0.00000000E+00
4.0527E+03 6.65142556E-05 0.00000000E+00
4.0762E+03 7.17246722E-05 0.00000000E+00
4.0998E+03 7.52166314E-05 0.00000000E+00
4.1233E+03 7.89564852E-05 0.00000000E+00
4.1469E+03 8.49799277E-05 0.00000000E+00
4.1705E+03 9.11799994E-05 0.00000000E+00
4.1940E+03 9.53216952E-05 0.00000000E+00
4.2176E+03 9.96608137E-05 0.00000000E+00
4.2412E+03 1.06649498E-04 0.00000000E+00
4.2647E+03 1.13892942E-04 0.00000000E+00
4.2883E+03 1.18719343E-04 0.00000000E+00
4.3118E+03 1.23663771E-04 0.00000000E+00
4.3354E+03 1.31629487E-04 0.00000000E+00
4.3590E+03 1.39948972E-04 0.00000000E+00
4.3825E+03 1.45482195E-04 0.00000000E+00
4.4061E+03 1.51023506E-04 0.00000000E+00
4.4296E+03 1.59955133E-04 0.00000000E+00
4.4532E+03 1.69361418E-04 0.00000000E+00
4.4768E+03 1.75610202E-04 0.00000000E+00
4.5003E+03 1.81726505E-04 0.00000000E+00
4.5239E+03 1.91591514E-04 0.00000000E+00
4.5475E+03 2.02073913E-04 0.00000000E+00
4.5710E+03 2.09033798E-04 0.00000000E+00
4.5946E+03 2.15691414E-04 0.00000000E+00
4.6181E+03 2.26438499E-04 0.00000000E+00
4.6417E+03 2.37966445E-04 0.00000000E+00
4.6653E+03 2.45620535E-04 0.00000000E+00
4.6888E+03 2.52776060E-04 0.00000000E+00
4.7124E+03 2.64338490E-04 0.00000000E+00
4.7360E+03 2.76863923E-04 0.00000000E+00
4.7595E+03 2.85184053E-04 0.00000000E+00
4.7831E+03 2.92786565E-04 0.00000000E+00
4.8066E+03 3.05085836E-04 0.00000000E+00
4.8302E+03 3.18546079E-04 0.00000000E+00
4.8538E+03 3.27494251E-04 0.00000000E+00
4.8773E+03 3.35487415E-04 0.00000000E+00
4.9009E+03 3.48436850E-04 0.00000000E+00
4.9244E+03 3.62757678E-04 0.00000000E+00
4.9480E+03 3.72287610E-04 0.00000000E+00
4.9716E+03 3.80611545E-04 0.00000000E+00
4.9951E+03 3.94119570E-04 0.00000000E+00
5.0187E+03 4.09218217E-04 0.00000000E+00
5.0423E+03 4.19276901E-04 0.00000000E+00
5.0658E+03 4.27869730E-04 0.00000000E+00
5.0894E+03 4.41842646E-04 0.00000000E+00
5.1129E+03 4.57630578E-04 0.00000000E+00
5.1365E+03 4.68159763E-04 0.00000000E+00
5.1601E+03 4.76958826E-04 0.00000000E+00
5.1836E+03 4.91303021E-04 0.00000000E+00
5.2072E+03 5.07688351E-04 0.00000000E+00
5.2308E+03 5.18625914E-04 0.00000000E+00
5.2543E+03 5.27568660E-04 0.00000000E+00
5.2779E+03 5.42192255E-04 0.00000000E+00
5.3014E+03 5.59081761E-04 0.00000000E+00
5.3250E+03 5.70362932E-04 0.00000000E+00
5.3486E+03 5.79387558E-04 0.00000000E+00
5.3721E+03 5.94201547E-04 0.00000000E+00
5.3957E+03 6.11502283E-04 0.00000000E+00
5.4192E+03 6.23060718E-04 0.00000000E+00
5.4428E+03 6.32106600E-04 0.00000000E+00
5.4664E+03 6.47025576E-04 0.00000000E+00
5.4899E+03 6.64646112E-04 0.00000000E+00
5.5135E+03 6.76414820E-04 0.00000000E+00
5.5371E+03 6.85422810E-04 0.00000000E+00
5.5606E+03 7.00365360E-04 0.00000000E+00
5.5842E+03 7.18216696E-04 0.00000000E+00
5.6077E+03 7.30128824E-04 0.00000000E+00
5.6313E+03 7.39041449E-04 0.00000000E+00
5.6549E+03 7.53930327E-04 0.00000000E+00
5.6784E+03 7.71926537E-04 0.00000000E+00
5.7020E+03 7.83916035E-04 0.00000000E+00
5.7256E+03 7.92677641E-04 0.00000000E+00
5.7491E+03 8.07439782E-04 0.00000000E+00
5.7727E+03 8.25498450E-04 0.00000000E+00
5.7962E+03 8.37500618E-04 0.00000000E+00
5.8198E+03 8.46057492E-04 0.00000000E+00
5.8434E+03 8.60623938E-04 0.00000000E+00
5.8669E+03 8.78666431E-04 0.00000000E+00
5.8905E+03 8.90618372E-04 0.00000000E+00
5.9140E+03 8.98918853E-04 0.00000000E+00
5.9376E+03 9.13224629E-04 0.00000000E+00
5.9612E+03 9.31176255E-04 0.00000000E+00
5.9847E+03 9.43017250E-04 0.00000000E+00
6.0083E+03 9.51011828E-04 0.00000000E+00
6.0319E+03 9.64995812E-04 0.00000000E+00
6.0554E+03 9.82785894E-04 0.00000000E+00
6.0790E+03 9.94457704E-04 0.00000000E+00
6.1025E+03 1.00209913E-03 0.00000000E+00
6.1261E+03 1.01570392E-03 0.00000000E+00
6.1497E+03 1.03326582E-03 0.00000000E+00
6.1732E+03 1.04471293E-03 0.00000000E+00
6.1968E+03 1.05195635E-03 0.00000000E+00
6.2204E+03 1.06512814E-03 0.00000000E+00
6.2439E+03 1.08239925E-03 0.00000000E+00
6.2675E+03 1.09356907E-03 0.00000000E+00
6.2910E+03 1.10037208E-03 0.00000000E+00
6.3146E+03 1.11306060E-03 0.00000000E+00
6.3382E+03 1.12998230E-03 0.00000000E+00
6.3617E+03 1.14082532E-03 0.00000000E+00
6.3853E+03 1.14714815E-03 0.00000000E+00
6.4088E+03 1.15930654E-03 0.00000000E+00
6.4324E+03 1.17582416E-03 0.00000000E+00
6.4560E+03 1.18629408E-03 0.00000000E+00
6.4795E+03 1.19209966E-03 0.00000000E+00
6.5031E+03 1.20368445E-03 0.00000000E+00
6.5267E+03 1.21974721E-03 0.00000000E+00
6.5502E+03 1.22980103E-03 0.00000000E+00
6.5738E+03 1.23505511E-03 0.00000000E+00
6.5973E+03 1.24602618E-03 0.00000000E+00
6.6209E+03 1.26158712E-03 0.00000000E+00
6.6445E+03 1.27118523E-03 0.00000000E+00
6.6680E+03 1.27585646E-03 0.00000000E+00
6.6916E+03 1.28617701E-03 0.00000000E+00
6.7152E+03 1.30119295E-03 0.00000000E+00
6.7387E+03 1.31029915E-03 0.00000000E+00
6.7623E+03 1.31435919E-03 0.00000000E+00
6.7858E+03 1.32399571E-03 0.00000000E+00
6.8094E+03 1.33842715E-03 0.00000000E+00
6.8330E+03 1.34700869E-03 0.00000000E+00
6.8565E+03 1.35043227E-03 0.00000000E+00
6.8801E+03 1.35935453E-03 0.00000000E+00
6.9036E+03 1.37316568E-03 0.00000000E+00
6.9272E+03 1.38119326E-03 0.00000000E+00
6.9508E+03 1.38395822E-03 0.00000000E+00
6.9743E+03 1.39213929E-03 0.00000000E+00
6.9979E+03 1.40529785E-03 0.00000000E+00
7.0215E+03 1.41274561E-03 0.00000000E+00
7.0450E+03 1.41483299E-03 0.00000000E+00
7.0686E+03 1.42224921E-03 0.00000000E+00
7.0921E+03 1.43472641E-03 0.00000000E+00
7.1157E+03 1.44157190E-03 0.00000000E+00
7.1393E+03 1.44296593E-03 0.00000000E+00
7.1628E+03 1.44959690E-03 0.00000000E+00
7.1864E+03 1.46136740E-03 0.00000000E+00
7.2100E+03 1.46759155E-03 0.00000000E+00
7.2335E+03 1.46827965E-03 0.00000000E+00
7.2571E+03 1.47410823E-03 0.00000000E+00
7.2806E+03 1.48515008E-03 0.00000000E+00
7.3042E+03 1.49073708E-03 0.00000000E+00
7.3278E+03 1.49070991E-03 0.00000000E+00
7.3513E+03 1.49572223E-03 0.00000000E+00
7.3749E+03 1.50601674E-03 0.00000000E+00
7.3985E+03 1.51095406E-03 0.00000000E+00
7.4220E+03 1.51020544E-03 0.00000000E+00
7.4456E+03 1.51439083E-03 0.00000000E+00
7.4691E+03 1.52392259E-03 0.00000000E+00
7.4927E+03 1.52820084E-03 0.00000000E+00
7.5163E+03 1.52672776E-03 0.00000000E+00
7.5398E+03 1.53007878E-03 0.00000000E+00
7.5634E+03 1.53883552E-03 0.00000000E+00
7.5869E+03 1.54244840E-03 0.00000000E+00
7.6105E+03 1.54025096E-03 0.00000000E+00
7.6341E+03 1.54276335E-03 0.00000000E+00
7.6576E+03 1.55073593E-03 0.00000000E+00
7.6812E+03 1.55368013E-03 0.00000000E+00
7.7048E+03 1.55076146E-03 0.00000000E+00
7.7283E+03 1.55243412E-03 0.00000000E+00
7.7519E+03 1.55961647E-03 0.00000000E+00
7.7754E+03 1.56189160E-03 0.00000000E+00
7.7990E+03 1.55825784E-03 0.00000000E+00
7.8226E+03 1.55909275E-03 0.00000000E+00
7.8461E+03 1.56548180E-03 0.00000000E+00
7.8697E+03 1.56709030E-03 0.00000000E+00
7.8933E+03 1.56275047E-03 0.00000000E+00
7.9168E+03 1.56275270E-03 0.00000000E+00
7.9404E+03 1.56834830E-03 0.00000000E+00
7.9639E+03 1.56929537E-03 0.00000000E+00
7.9875E+03 1.56426132E-03 0.00000000E+00
8.0111E+03 1.56343894E-03 0.00000000E+00
8.0346E+03 1.56824384E-03 0.00000000E+00
8.0582E+03 1.56853731E-03 0.00000000E+00
8.0817E+03 1.56282364E-03 0.00000000E+00
8.1053E+03 1.56118763E-03 0.00000000E+00
8.1289E+03 1.56520742E-03 0.00000000E+00
8.1524E+03 1.56485771E-03 0.00000000E+00
8.1760E+03 1.55848164E-03 0.00000000E+00
8.1996E+03 1.55604586E-03 0.00000000E+00
8.2231E+03 1.55928887E-03 0.00000000E+00
8.2467E+03 1.55830888E-03 0.00000000E+00
8.2702E+03 1.55129019E-03 0.00000000E+00
8.2938E+03 1.54807126E-03 0.00000000E+00
8.3174E+03 1.55054850E-03 0.00000000E+00
8.3409E+03 1.54895355E-03 0.00000000E+00
8.3645E+03 1.54131444E-03 0.00000000E+00
8.3881E+03 1.53733167E-03 0.00000000E+00
8.4116E+03 1.53905676E-03 0.00000000E+00
8.4352E+03 1.53686445E-03 0.00000000E+00
8.4587E+03 1.52862946E-03 0.00000000E+00
8.4823E+03 1.52390474E-03 0.00000000E+00
8.5059E+03 1.52489382E-03 0.00000000E+00
8.5294E+03 1.52212396E-03 0.00000000E+00
8.5530E+03 1.51331984E-03 0.00000000E+00
8.5765E+03 1.50787753E-03 0.00000000E+00
8.6001E+03 1.50814915E-03 0.00000000E+00
8.6237E+03 1.50482366E-03 0.00000000E+00
8.6472E+03 1.49547927E-03 0.00000000E+00
8.6708E+03 1.48934608E-03 0.00000000E+00
8.6944E+03 1.48892110E-03 0.00000000E+00
8.7179E+03 1.48506392E-03 0.00000000E+00
8.7415E+03 1.47521007E-03 0.00000000E+00
8.7650E+03 1.46841495E-03 0.00000000E+00
8.7886E+03 1.46731642E-03 0.00000000E+00
8.8122E+03 1.46295334E-03 0.00000000E+00
8.8357E+03 1.45262272E-03 0.00000000E+00
8.8593E+03 1.44519669E-03 0.00000000E+00
8.8829E+03 1.44344975E-03 0.00000000E+00
8.9064E+03 1.43860835E-03 0.00000000E+00
8.9300E+03 1.42783532E-03 0.00000000E+00
8.9535E+03 1.41981138E-03 0.00000000E+00
8.9771E+03 1.41744311E-03 0.00000000E+00
9.0007E+03 1.41215258E-03 0.00000000E+00
9.0242E+03 1.40097311E-03 0.00000000E+00
9.0478E+03 1.39238607E-03 0.00000000E+00
9.0713E+03 1.38942533E-03 0.00000000E+00
9.0949E+03 1.38371635E-03 0.00000000E+00
9.1185E+03 1.37216783E-03 0.00000000E+00
9.1420E+03 1.36305415E-03 0.00000000E+00
9.1656E+03 1.35953148E-03 0.00000000E+00
9.1892E+03 1.35343609E-03 0.00000000E+00
9.2127E+03 1.34155716E-03 0.00000000E+00
9.2363E+03 1.33195484E-03 0.00000000E+00
9.2598E+03 1.32790227E-03 0.00000000E+00
9.2834E+03 1.32145369E-03 0.00000000E+00
9.3070E+03 1.30928414E-03 0.00000000E+00
9.3305E+03 1.29923250E-03 0.00000000E+00
9.3541E+03 1.29468341E-03 0.00000000E+00
9.3777E+03 1.28791590E-03 0.00000000E+00
9.4012E+03 1.27549646E-03 0.00000000E+00
9.4248E+03 1.26503602E-03 0.00000000E+00
9.4483E+03 1.26002500E-03 0.00000000E+00
9.4719E+03 1.25297368E-03 0.00000000E+00
9.4955E+03 1.24034588E-03 0.00000000E+00
9.5190E+03 1.22951820E-03 0.00000000E+00
9.5426E+03 1.22408083E-03 0.00000000E+00
9.5661E+03 1.21678154E-03 0.00000000E+00
9.5897E+03 1.20398752E-03 0.00000000E+00
9.6133E+03 1.19283500E-03 0.00000000E+00
9.6368E+03 1.18700775E-03 0.00000000E+00
9.6604E+03 1.17949686E-03 0.00000000E+00
9.6840E+03 1.16657921E-03 0.00000000E+00
9.7075E+03 1.15514494E-03 0.00000000E+00
9.7311E+03 1.14896496E-03 0.00000000E+00
9.7546E+03 1.14127923E-03 0.00000000E+00
9.7782E+03 1.12828081E-03 0.00000000E+00
9.8018E+03 1.11660840E-03 0.00000000E+00
9.8253E+03 1.11011338E-03 0.00000000E+00
9.8489E+03 1.10228973E-03 0.00000000E+00
9.8725E+03 1.08925349E-03 0.00000000E+00
9.8960E+03 1.07738689E-03 0.00000000E+00
9.9196E+03 1.07061489E-03 0.00000000E+00
9.9431E+03 1.06269030E-03 0.00000000E+00
9.9667E+03 1.04965910E-03 0.00000000E+00
9.9903E+03 1.03764245E-03 0.00000000E+00
1.0014E+04 1.03063173E-03 0.00000000E+00
1.0037E+04 1.02264302E-03 0.00000000E+00
1.0061E+04 1.00965946E-03 0.00000000E+00
1.0085E+04 9.97536873E-04 0.00000000E+00
1.0108E+04 9.90325762E-04 0.00000000E+00
1.0132E+04 9.82309451E-04 0.00000000E+00
1.0155E+04 9.69415693E-04 0.00000000E+00
1.0179E+04 9.57231133E-04 0.00000000E+00
1.0202E+04 9.49857835E-04 0.00000000E+00
1.0226E+04 9.41849992E-04 0.00000000E+00
1.0249E+04 9.29087579E-04 0.00000000E+00
1.0273E+04 9.16884664E-04 0.00000000E+00
1.0297E+04 9.09387130E-04 0.00000000E+00
1.0320E+04 9.01423201E-04 0.00000000E+00
1.0344E+04 8.88832893E-04 0.00000000E+00
1.0367E+04 8.76654739E-04 0.00000000E+00
1.0391E+04 8.69070514E-04 0.00000000E+00
1.0414E+04 8.61185183E-04 0.00000000E+00
1.0438E+04 8.48806791E-04 0.00000000E+00
1.0462E+04 8.36695847E-04 0.00000000E+00
1.0485E+04 8.29061926E-04 0.00000000E+00
1.0509E+04 8.21288967E-04 0.00000000E+00
1.0532E+04 8.09161196E-04 0.00000000E+00
1.0556E+04 7.97159086E-04 0.00000000E+00
1.0579E+04 7.89511777E-04 0.00000000E+00
1.0603E+04 7.81883926E-04 0.00000000E+00
1.0626E+04 7.70044216E-04 0.00000000E+00
1.0650E+04 7.58191582E-04 0.00000000E+00
1.0674E+04 7.50566374E-04 0.00000000E+00
1.0697E+04 7.43115198E-04 0.00000000E+00
1.0721E+04 7.31599586E-04 0.00000000E+00
1.0744E+04 7.19935941E-04 0.00000000E+00
1.0768E+04 7.12367374E-04 0.00000000E+00
1.0791E+04 7.05123155E-04 0.00000000E+00
1.0815E+04 6.93966134E-04 0.00000000E+00
1.0838E+04 6.82529716E-04 0.00000000E+00
1.0862E+04 6.75051262E-04 0.00000000E+00
1.0886E+04 6.68042888E-04 0.00000000E+00
1.0909E+04 6.57277277E-04 0.00000000E+00
1.0933E+04 6.46104913E-04 0.00000000E+00
1.0956E+04 6.38748862E-04 0.00000000E+00
1.0980E+04 6.32003724E-04 0.00000000E+00
1.1003E+04 6.21660553E-04 0.00000000E+00
1.1027E+04 6.10787529E-04 0.00000000E+00
1.1051E+04 6.03584878E-04 0.00000000E+00
1.1074E+04 5.97128779E-04 0.00000000E+00
1.1098E+04 5.87237178E-04 0.00000000E+00
1.1121E+04 5.76697117E-04 0.00000000E+00
1.1145E+04 5.69677470E-04 0.00000000E+00
1.1168E+04 5.63534544E-04 0.00000000E+00
1.1192E+04 5.54121643E-04 0.00000000E+00
1.1215E+04 5.43946388E-04 0.00000000E+00
1.1239E+04 5.37137862E-04 0.00000000E+00
1.1263E+04 5.31330498E-04 0.00000000E+00
1.1286E+04 5.22421342E-04 0.00000000E+00
1.1310E+04 5.12640855E-04 0.00000000E+00
1.1333E+04 5.06069991E-04 0.00000000E+00
1.1357E+04 5.00618770E-04 0.00000000E+00
1.1380E+04 4.92236240E-04 0.00000000E+00
1.1404E+04 4.82878501E-04 0.00000000E+00
1.1428E+04 4.76570185E-04 0.00000000E+00
1.1451E+04 4.71493825E-04 0.00000000E+00
1.1475E+04 4.63658573E-04 0.00000000E+00
1.1498E+04 4.54749496E-04 0.00000000E+00
1.1522E+04 4.48726884E-04 0.00000000E+00
1.1545E+04 4.44042193E-04 0.00000000E+00
1.1569E+04 4.36772589E-04 0.00000000E+00
1.1592E+04 4.28335942E-04 0.00000000E+00
1.1616E+04 4.22620399E-04 0.00000000E+00
1.1640E+04 4.18342240E-04 0.00000000E+00
1.1663E+04 4.11654326E-04 0.00000000E+00
1.1687E+04 4.03711668E-04 0.00000000E+00
1.1710E+04 3.98322706E-04 0.00000000E+00
1.1734E+04 3.94463964E-04 0.00000000E+00
1.1757E+04 3.88371423E-04 0.00000000E+00
1.1781E+04 3.80942047E-04 0.00000000E+00
1.1805E+04 3.75897277E-04 0.00000000E+00
1.1828E+04 3.72468844E-04 0.00000000E+00
1.1852E+04 3.66982982E-04 0.00000000E+00
1.1875E+04 3.60083864E-04 0.00000000E+00
1.1899E+04 3.55398957E-04 0.00000000E+00
1.1922E+04 3.52409716E-04 0.00000000E+00
1.1946E+04 3.47539449E-04 0.00000000E+00
1.1969E+04 3.41185222E-04 0.00000000E+00
1.1993E+04 3.36873872E-04 0.00000000E+00
1.2017E+04 3.34330696E-04 0.00000000E+00
1.2040E+04 3.30082550E-04 0.00000000E+00
1.2064E+04 3.24285471E-04 0.00000000E+00
1.2087E+04 3.20359373E-04 0.00000000E+00
1.2111E+04 3.18267130E-04 0.00000000E+00
1.2134E+04 3.14645254E-04 0.00000000E+00
1.2158E+04 3.09415196E-04 0.00000000E+00
1.2182E+04 3.05884026E-04 0.00000000E+00
1.2205E+04 3.04245587E-04 0.00000000E+00
1.2229E+04 3.01251775E-04 0.00000000E+00
1.2252E+04 2.96596222E-04 0.00000000E+00
1.2276E+04 2.93467630E-04 0.00000000E+00
1.2299E+04 2.92283892E-04 0.00000000E+00
1.2323E+04 2.89917611E-04 0.00000000E+00
1.2346E+04 2.85841666E-04 0.00000000E+00
1.2370E+04 2.83121276E-04 0.00000000E+00
1.2394E+04 2.82391186E-04 0.00000000E+00
1.2417E+04 2.80649618E-04 0.00000000E+00
1.2441E+04 2.77156023E-04 0.00000000E+00
1.2464E+04 2.74847438E-04 0.00000000E+00
1.2488E+04 2.74568028E-04 0.00000000E+00
1.2511E+04 2.73446118E-04 0.00000000E+00
1.2535E+04 2.70535277E-04 0.00000000E+00
1.2559E+04 2.68640101E-04 0.00000000E+00
1.2582E+04 2.68806524E-04 0.00000000E+00
1.2606E+04 2.68297036E-04 0.00000000E+00
1.2629E+04 2.65967061E-04 0.00000000E+00
1.2653E+04 2.64484914E-04 0.00000000E+00
1.2676E+04 2.65090495E-04 0.00000000E+00
1.2700E+04 2.65184078E-04 0.00000000E+00
1.2723E+04 2.63430832E-04 0.00000000E+00
1.2747E+04 2.62359387E-04 0.00000000E+00
1.2771E+04 2.63395671E-04 0.00000000E+00
1.2794E+04 2.64080933E-04 0.00000000E+00
1.2818E+04 2.62898084E-04 0.00000000E+00
1.2841E+04 2.62233108E-04 0.00000000E+00
1.2865E+04 2.63689918E-04 0.00000000E+00
1.2888E+04 2.64953501E-04 0.00000000E+00
1.2912E+04 2.64332594E-04 0.00000000E+00
1.2936E+04 2.64067992E-04 0.00000000E+00
1.2959E+04 2.65933493E-04 0.00000000E+00
1.2983E+04 2.67760160E-04 0.00000000E+00
1.3006E+04 2.67690688E-04 0.00000000E+00
1.3030E+04 2.67818558E-04 0.00000000E+00
1.3053E+04 2.70079323E-04 0.00000000E+00
1.3077E+04 2.72452052E-04 0.00000000E+00
1.3100E+04 2.72921535E-04 0.00000000E+00
1.3124E+04 2.73432230E-04 0.00000000E+00
1.3148E+04 2.76073315E-04 0.00000000E+00
1.3171E+04 2.78973389E-04 0.00000000E+00
1.3195E+04 2.79967469E-04 0.00000000E+00
1.3218E+04 2.80849663E-04 0.00000000E+00
1.3242E+04 2.83854683E-04 0.00000000E+00
1.3265E+04 2.87261795E-04 0.00000000E+00
1.3289E+04 2.88764326E-04 0.00000000E+00
1.3312E+04 2.90005094E-04 0.00000000E+00
1.3336E+04 2.93356302E-04 0.00000000E+00
1.3360E+04 2.97248661E-04 0.00000000E+00
1.3383E+04 2.99241812E-04 0.00000000E+00
1.3407E+04 3.00826705E-04 0.00000000E+00
1.3430E+04 3.04505083E-04 0.00000000E+00
1.3454E+04 3.08859516E-04 0.00000000E+00
1.3477E+04 3.11323880E-04 0.00000000E+00
1.3501E+04 3.13237015E-04 0.00000000E+00
1.3525E+04 3.17222356E-04 0.00000000E+00
1.3548E+04 3.22014427E-04 0.00000000E+00
1.3572E+04 3.24929132E-04 0.00000000E+00
1.3595E+04 3.27153282E-04 0.00000000E+00
1.3619E+04 3.31424287E-04 0.00000000E+00
1.3642E+04 3.36628404E-04 0.00000000E+00
1.3666E+04 3.39971230E-04 0.00000000E+00
1.3689E+04 3.42487922E-04 0.00000000E+00
1.3713E+04 3.47022292E-04 0.00000000E+00
1.3737E+04 3.52611826E-04 0.00000000E+00
1.3760E+04 3.56359324E-04 0.00000000E+00
1.3784E+04 3.59148941E-04 0.00000000E+00
1.3807E+04 3.63923475E-04 0.00000000E+00
1.3831E+04 3.69870877E-04 0.00000000E+00
1.3854E+04 3.73998492E-04 0.00000000E+00
1.3878E+04 3.77040378E-04 0.00000000E+00
1.3902E+04 3.82031071E-04 0.00000000E+00
1.3925E+04 3.88307989E-04 0.00000000E+00
1.3949E+04 3.92790189E-04 0.00000000E+00
1.3972E+04 3.96062753E-04 0.00000000E+00
1.3996E+04 4.01244903E-04 0.00000000E+00
1.4019E+04 4.07822299E-04 0.00000000E+00
1.4043E+04 4.12632696E-04 0.00000000E+00
1.4066E+04 4.16113533E-04 0.00000000E+00
1.4090E+04 4.21461835E-04 0.00000000E+00
1.4114E+04 4.28310107E-04 0.00000000E+00
1.4137E+04 4.33421592E-04 0.00000000E+00
1.4161E+04 4.37087588E-04 0.00000000E+00
1.4184E+04 4.42576247E-04 0.00000000E+00
1.4208E+04 4.49665343E-04 0.00000000E+00
1.4231E+04 4.55050209E-04 0.00000000E+00
1.4255E+04 4.58877663E-04 0.00000000E+00
1.4279E+04 4.64480494E-04 0.00000000E+00
1.4302E+04 4.71780031E-04 0.00000000E+00
1.4326E+04 4.77410105E-04 0.00000000E+00
1.4349E+04 4.81374845E-04 0.00000000E+00
1.4373E+04 4.87065377E-04 0.00000000E+00
1.4396E+04 4.94544756E-04 0.00000000E+00
1.4420E+04 5.00391526E-04 0.00000000E+00
1.4443E+04 5.04469026E-04 0.00000000E+00
1.4467E+04 5.10220615E-04 0.00000000E+00
1.4491E+04 5.17849135E-04 0.00000000E+00
1.4514E+04 5.23883874E-04 0.00000000E+00
1.4538E+04 5.28049376E-04 0.00000000E+00
1.4561E+04 5.33835303E-04 0.00000000E+00
1.4585E+04 5.41582271E-04 0.00000000E+00
1.4608E+04 5.47776166E-04 0.00000000E+00
1.4632E+04 5.52004796E-04 0.00000000E+00
1.4656E+04 5.57798375E-04 0.00000000E+00
1.4679E+04 5.65633218E-04 0.00000000E+00
1.4703E+04 5.71957488E-04 0.00000000E+00
1.4726E+04 5.76224373E-04 0.00000000E+00
1.4750E+04 5.81999056E-04 0.00000000E+00
1.4773E+04 5.89891428E-04 0.00000000E+00
1.4797E+04 5.96317445E-04 0.00000000E+00
1.4820E+04 6.00597831E-04 0.00000000E+00
1.4844E+04 6.06327310E-04 0.00000000E+00
1.4868E+04 6.14247192E-04 0.00000000E+00
1.4891E+04 6.20746596E-04 0.00000000E+00
1.4915E+04 6.25015961E-04 0.00000000E+00
1.4938E+04 6.30674269E-04 0.00000000E+00
1.4962E+04 6.38592072E-04 0.00000000E+00
1.4985E+04 6.45136884E-04 0.00000000E+00
1.5009E+04 6.49371052E-04 0.00000000E+00
1.5033E+04 6.54932663E-04 0.00000000E+00
1.5056E+04 6.62819324E-04 0.00000000E+00
1.5080E+04 6.69382051E-04 0.00000000E+00
1.5103E+04 6.73557300E-04 0.00000000E+00
1.5127E+04 6.78997224E-04 0.00000000E+00
1.5150E+04 6.86824300E-04 0.00000000E+00
1.5174E+04 6.93378038E-04 0.00000000E+00
1.5197E+04 6.97471205E-04 0.00000000E+00
1.5221E+04 7.02765086E-04 0.00000000E+00
1.5245E+04 7.10504842E-04 0.00000000E+00
1.5268E+04 7.17023375E-04 0.00000000E+00
1.5292E+04 7.21011958E-04 0.00000000E+00
1.5315E+04 7.26136165E-04 0.00000000E+00
1.5339E+04 7.33761657E-04 0.00000000E+00
1.5362E+04 7.40219547E-04 0.00000000E+00
1.5386E+04 7.44081803E-04 0.00000000E+00
1.5410E+04 7.49013516E-04 0.00000000E+00
1.5433E+04 7.56498675E-04 0.00000000E+00
1.5457E+04 7.62871351E-04 0.00000000E+00
1.5480E+04 7.66586388E-04 0.00000000E+00
1.5504E+04 7.71303685E-04 0.00000000E+00
1.5527E+04 7.78623389E-04 0.00000000E+00
1.5551E+04 7.84887226E-04 0.00000000E+00
1.5574E+04 7.88435090E-04 0.00000000E+00
1.5598E+04 7.92917027E-04 0.00000000E+00
1.5622E+04 8.00047176E-04 0.00000000E+00
1.5645E+04 8.06179567E-04 0.00000000E+00
1.5669E+04 8.09541326E-04 0.00000000E+00
1.5692E+04 8.13768014E-04 0.00000000E+00
1.5716E+04 8.20685592E-04 0.00000000E+00
1.5739E+04 8.26665021E-04 0.00000000E+00
1.5763E+04 8.29822838E-04 0.00000000E+00
1.5787E+04 8.33775515E-04 0.00000000E+00
1.5810E+04 8.40458655E-04 0.00000000E+00
1.5834E+04 8.46264756E-04 0.00000000E+00
1.5857E+04 8.49201960E-04 0.00000000E+00
1.5881E+04 8.52863060E-04 0.00000000E+00
1.5904E+04 8.59291100E-04 0.00000000E+00
1.5928E+04 8.64904709E-04 0.00000000E+00
1.5951E+04 8.67605859E-04 0.00000000E+00
1.5975E+04 8.70959074E-04 0.00000000E+00
1.5999E+04 8.77112607E-04 0.00000000E+00
1.6022E+04 8.82515816E-04 0.00000000E+00
1.6046E+04 8.84966756E-04 0.00000000E+00
1.6069E+04 8.87997091E-04 0.00000000E+00
1.6093E+04 8.93858015E-04 0.00000000E+00
1.6116E+04 8.99034209E-04 0.00000000E+00
1.6140E+04 9.01222119E-04 0.00000000E+00
1.6163E+04 9.03915948E-04 0.00000000E+00
1.6187E+04 9.09467501E-04 0.00000000E+00
1.6211E+04 9.14401399E-04 0.00000000E+00
1.6234E+04 9.16314836E-04 0.00000000E+00
1.6258E+04 9.18659945E-04 0.00000000E+00
1.6281E+04 9.23886750E-04 0.00000000E+00
1.6305E+04 9.28564427E-04 0.00000000E+00
1.6328E+04 9.30193361E-04 0.00000000E+00
1.6352E+04 9.32178992E-04 0.00000000E+00
1.6376E+04 9.37067079E-04 0.00000000E+00
1.6399E+04 9.41475994E-04 0.00000000E+00
1.6423E+04 9.42811837E-04 0.00000000E+00
1.6446E+04 9.44428717E-04 0.00000000E+00
1.6470E+04 9.48965557E-04 0.00000000E+00
1.6493E+04 9.53094565E-04 0.00000000E+00
1.6517E+04 9.54130192E-04 0.00000000E+00
1.6540E+04 9.55370566E-04 0.00000000E+00
1.6564E+04 9.59545087E-04 0.00000000E+00
1.6588E+04 9.63384452E-04 0.00000000E+00
1.6611E+04 9.64114210E-04 0.00000000E+00
1.6635E+04 9.64971861E-04 0.00000000E+00
1.6658E+04 9.68774466E-04 0.00000000E+00
1.6682E+04 9.72315861E-04 0.00000000E+00
1.6705E+04 9.72735582E-04 0.00000000E+00
1.6729E+04 9.73205849E-04 0.00000000E+00
1.6753E+04 9.76628425E-04 0.00000000E+00
1.6776E+04 9.79864934E-04 0.00000000E+00
1.6800E+04 9.79971927E-04 0.00000000E+00
1.6823E+04 9.80051710E-04 0.00000000E+00
1.6847E+04 9.83087636E-04 0.00000000E+00
1.6870E+04 9.86013742E-04 0.00000000E+00
1.6894E+04 9.85806792E-04 0.00000000E+00
1.6917E+04 9.85494557E-04 0.00000000E+00
1.6941E+04 9.88138704E-04 0.00000000E+00
1.6965E+04 9.90750278E-04 0.00000000E+00
1.6988E+04 9.90229624E-04 0.00000000E+00
1.7012E+04 9.89525401E-04 0.00000000E+00
1.7035E+04 9.91774127E-04 0.00000000E+00
1.7059E+04 9.94068410E-04 0.00000000E+00
1.7082E+04 9.93235728E-04 0.00000000E+00
1.7106E+04 9.92141099E-04 0.00000000E+00
1.7130E+04 9.93992238E-04 0.00000000E+00
1.7153E+04 9.95967817E-04 0.00000000E+00
1.7177E+04 9.94826189E-04 0.00000000E+00
1.7200E+04 9.93344271E-04 0.00000000E+00
1.7224E+04 9.94797126E-04 0.00000000E+00
1.7247E+04 9.96453902E-04 0.00000000E+00
1.7271E+04 9.95007784E-04 0.00000000E+00
1.7294E+04 9.93143207E-04 0.00000000E+00
1.7318E+04 9.94198524E-04 0.00000000E+00
1.7342E+04 9.95537687E-04 0.00000000E+00
1.7365E+04 9.93792865E-04 0.00000000E+00
1.7389E+04 9.91551743E-04 0.00000000E+00
1.7412E+04 9.92211692E-04 0.00000000E+00
1.7436E+04 9.93235677E-04 0.00000000E+00
1.7459E+04 9.91199225E-04 0.00000000E+00
1.7483E+04 9.88589118E-04 0.00000000E+00
1.7507E+04 9.88857266E-04 0.00000000E+00
1.7530E+04 9.89569715E-04 0.00000000E+00
1.7554E+04 9.87249941E-04 0.00000000E+00
1.7577E+04 9.84279819E-04 0.00000000E+00
1.7601E+04 9.84161094E-04 0.00000000E+00
1.7624E+04 9.84566815E-04 0.00000000E+00
1.7648E+04 9.81973203E-04 0.00000000E+00
1.7671E+04 9.78653394E-04 0.00000000E+00
1.7695E+04 9.78154055E-04 0.00000000E+00
1.7719E+04 9.78258968E-04 0.00000000E+00
1.7742E+04 9.75402120E-04 0.00000000E+00
1.7766E+04 9.71744262E-04 0.00000000E+00
1.7789E+04 9.70871851E-04 0.00000000E+00
1.7813E+04 9.70682944E-04 0.00000000E+00
1.7836E+04 9.67574514E-04 0.00000000E+00
1.7860E+04 9.63591493E-04 0.00000000E+00
1.7884E+04 9.62354798E-04 0.00000000E+00
1.7907E+04 9.61880070E-04 0.00000000E+00
1.7931E+04 9.58532695E-04 0.00000000E+00
1.7954E+04 9.54238584E-04 0.00000000E+00
1.7978E+04 9.52647588E-04 0.00000000E+00
1.8001E+04 9.51895993E-04 0.00000000E+00
1.8025E+04 9.48323219E-04 0.00000000E+00
1.8048E+04 9.43733214E-04 0.00000000E+00
1.8072E+04 9.41799040E-04 0.00000000E+00
1.8096E+04 9.40780435E-04 0.00000000E+00
1.8119E+04 9.36996643E-04 0.00000000E+00
1.8143E+04 9.32126985E-04 0.00000000E+00
1.8166E+04 9.29861847E-04 0.00000000E+00
1.8190E+04 9.28586925E-04 0.00000000E+00
1.8213E+04 9.24607254E-04 0.00000000E+00
1.8237E+04 9.19475159E-04 0.00000000E+00
1.8261E+04 9.16892299E-04 0.00000000E+00
1.8284E+04 9.15372534E-04 0.00000000E+00
1.8308E+04 9.11212800E-04 0.00000000E+00
1.8331E+04 9.05836375E-04 0.00000000E+00
1.8355E+04 9.02950002E-04 0.00000000E+00
1.8378E+04 9.01197583E-04 0.00000000E+00
1.8402E+04 8.96874200E-04 0.00000000E+00
1.8425E+04 8.91272364E-04 0.00000000E+00
1.8449E+04 8.88097591E-04 0.00000000E+00
1.8473E+04 8.86125360E-04 0.00000000E+00
1.8496E+04 8.81655254E-04 0.00000000E+00
1.8520E+04 8.75847649E-04 0.00000000E+00
1.8543E+04 8.72400424E-04 0.00000000E+00
1.8567E+04 8.70221814E-04 0.00000000E+00
1.8590E+04 8.65622343E-04 0.00000000E+00
1.8614E+04 8.59629249E-04 0.00000000E+00
1.8637E+04 8.55926287E-04 0.00000000E+00
1.8661E+04 8.53555254E-04 0.00000000E+00
1.8685E+04 8.48844122E-04 0.00000000E+00
1.8708E+04 8.42686366E-04 0.00000000E+00
1.8732E+04 8.38745076E-04 0.00000000E+00
1.8755E+04 8.36196035E-04 0.00000000E+00
1.8779E+04 8.31391212E-04 0.00000000E+00
1.8802E+04 8.25090074E-04 0.00000000E+00
1.8826E+04 8.20928486E-04 0.00000000E+00
1.8850E+04 8.18216248E-04 0.00000000E+00
1.8873E+04 8.13335883E-04 0.00000000E+00
1.8897E+04 8.06913008E-04 0.00000000E+00
1.8920E+04 8.02549695E-04 0.00000000E+00
1.8944E+04 7.99689401E-04 0.00000000E+00
1.8967E+04 7.94751743E-04 0.00000000E+00
1.8991E+04 7.88229044E-04 0.00000000E+00
1.9014E+04 7.83683047E-04 0.00000000E+00
1.9038E+04 7.80690102E-04 0.00000000E+00
1.9062E+04 7.75713421E-04 0.00000000E+00
1.9085E+04 7.69112986E-04 0.00000000E+00
1.9109E+04 7.64403737E-04 0.00000000E+00
1.9132E+04 7.61293748E-04 0.00000000E+00
1.9156E+04 7.56296251E-04 0.00000000E+00
1.9179E+04 7.49640248E-04 0.00000000E+00
1.9203E+04 7.44787489E-04 0.00000000E+00
1.9227E+04 7.41576200E-04 0.00000000E+00
1.9250E+04 7.36575961E-04 0.00000000E+00
1.9274E+04 7.29886548E-04 0.00000000E+00
1.9297E+04 7.24910251E-04 0.00000000E+00
1.9321E+04 7.21613483E-04 0.00000000E+00
1.9344E+04 7.16628361E-04 0.00000000E+00
1.9368E+04 7.09927594E-04 0.00000000E+00
1.9391E+04 7.04847881E-04 0.00000000E+00
1.9415E+04 7.01481468E-04 0.00000000E+00
1.9439E+04 6.96529041E-04 0.00000000E+00
1.9462E+04 6.89838782E-04 0.00000000E+00
1.9486E+04 6.84675848E-04 0.00000000E+00
1.9509E+04 6.81255576E-04 0.00000000E+00
1.9533E+04 6.76353070E-04 0.00000000E+00
1.9556E+04 6.69694898E-04 0.00000000E+00
1.9580E+04 6.64468927E-04 0.00000000E+00
1.9604E+04 6.61010480E-04 0.00000000E+00
1.9627E+04 6.56174701E-04 0.00000000E+00
1.9651E+04 6.49569829E-04 0.00000000E+00
1.9674E+04 6.44300919E-04 0.00000000E+00
1.9698E+04 6.40819814E-04 0.00000000E+00
1.9721E+04 6.36067091E-04 0.00000000E+00
1.9745E+04 6.29536279E-04 0.00000000E+00
1.9768E+04 6.24244361E-04 0.00000000E+00
1.9792E+04 6.20755899E-04 0.00000000E+00
1.9816E+04 6.16102018E-04 0.00000000E+00
1.9839E+04 6.09665496E-04 0.00000000E+00
1.9863E+04 6.04370259E-04 0.00000000E+00
1.9886E+04 6.00889466E-04 0.00000000E+00
1.9910E+04 5.96349619E-04 0.00000000E+00
1.9933E+04 5.90027010E-04 0.00000000E+00
1.9957E+04 5.84747824E-04 0.00000000E+00
1.9981E+04 5.81289400E-04 0.00000000E+00
2.0004E+04 5.76878135E-04 0.00000000E+00
2.0028E+04 5.70688379E-04 0.00000000E+00
2.0051E+04 5.65444222E-04 0.00000000E+00
2.0075E+04 5.62022493E-04 0.00000000E+00
2.0098E+04 5.57753660E-04 0.00000000E+00
2.0122E+04 5.51714950E-04 0.00000000E+00
2.0145E+04 5.46524339E-04 0.00000000E+00
2.0169E+04 5.43153203E-04 0.00000000E+00
2.0193E+04 5.39039917E-04 0.00000000E+00
2.0216E+04 5.33169630E-04 0.00000000E+00
2.0240E+04 5.28050548E-04 0.00000000E+00
2.0263E+04 5.24743435E-04 0.00000000E+00
2.0287E+04 5.20798034E-04 0.00000000E+00
2.0310E+04 5.15112672E-04 0.00000000E+00
2.0334E+04 5.10082507E-04 0.00000000E+00
2.0358E+04 5.06852330E-04 0.00000000E+00
2.0381E+04 5.03086338E-04 0.00000000E+00
2.0405E+04 4.97601477E-04 0.00000000E+00
2.0428E+04 4.92676954E-04 0.00000000E+00
2.0452E+04 4.89536068E-04 0.00000000E+00
2.0475E+04 4.85960168E-04 0.00000000E+00
2.0499E+04 4.80690403E-04 0.00000000E+00
2.0522E+04 4.75887528E-04 0.00000000E+00
2.0546E+04 4.72847693E-04 0.00000000E+00
2.0570E+04 4.69471697E-04 0.00000000E+00
2.0593E+04 4.64430599E-04 0.00000000E+00
2.0617E+04 4.59764600E-04 0.00000000E+00
2.0640E+04 4.56836943E-04 0.00000000E+00
2.0664E+04 4.53669769E-04 0.00000000E+00
2.0687E+04 4.48869847E-04 0.00000000E+00
2.0711E+04 4.44355123E-04 0.00000000E+00
2.0735E+04 4.41550101E-04 0.00000000E+00
2.0758E+04 4.38599759E-04 0.00000000E+00
2.0782E+04 4.34052423E-04 0.00000000E+00
2.0805E+04 4.29702497E-04 0.00000000E+00
2.0829E+04 4.27029868E-04 0.00000000E+00
2.0852E+04 4.24303438E-04 0.00000000E+00
2.0876E+04 4.20018975E-04 0.00000000E+00
2.0899E+04 4.15846446E-04 0.00000000E+00
2.0923E+04 4.13315240E-04 0.00000000E+00
2.0947E+04 4.10818868E-04 0.00000000E+00
2.0970E+04 4.06806413E-04 0.00000000E+00
2.0994E+04 4.02822920E-04 0.00000000E+00
2.1017E+04 4.00441413E-04 0.00000000E+00
2.1041E+04 3.98180299E-04 0.00000000E+00
2.1064E+04 3.94447822E-04 0.00000000E+00
2.1088E+04 3.90664007E-04 0.00000000E+00
2.1112E+04 3.88439695E-04 0.00000000E+00
2.1135E+04 3.86418095E-04 0.00000000E+00
2.1159E+04 3.82972389E-04 0.00000000E+00
2.1182E+04 3.79397867E-04 0.00000000E+00
2.1206E+04 3.77337447E-04 0.00000000E+00
2.1229E+04 3.75558670E-04 0.00000000E+00
2.1253E+04 3.72405343E-04 0.00000000E+00
2.1276E+04 3.69048673E-04 0.00000000E+00
2.1300E+04 3.67158030E-04 0.00000000E+00
2.1324E+04 3.65624442E-04 0.00000000E+00
2.1347E+04 3.62767916E-04 0.00000000E+00
2.1371E+04 3.59636587E-04 0.00000000E+00
2.1394E+04 3.57920770E-04 0.00000000E+00
2.1418E+04 3.56633806E-04 0.00000000E+00
2.1441E+04 3.54077322E-04 0.00000000E+00
2.1465E+04 3.51177732E-04 0.00000000E+00
2.1488E+04 3.49640951E-04 0.00000000E+00
2.1512E+04 3.48601121E-04 0.00000000E+00
2.1536E+04 3.46346747E-04 0.00000000E+00
2.1559E+04 3.43684192E-04 0.00000000E+00
2.1583E+04 3.42329807E-04 0.00000000E+00
2.1606E+04 3.41536712E-04 0.00000000E+00
2.1630E+04 3.39585360E-04 0.00000000E+00
2.1653E+04 3.37164031E-04 0.00000000E+00
2.1677E+04 3.35994546E-04 0.00000000E+00
2.1701E+04 3.35446893E-04 0.00000000E+00
2.1724E+04 3.33798337E-04 0.00000000E+00
2.1748E+04 3.31621318E-04 0.00000000E+00
2.1771E+04 3.30638379E-04 0.00000000E+00
2.1795E+04 3.30334005E-04 0.00000000E+00
2.1818E+04 3.28986902E-04 0.00000000E+00
2.1842E+04 3.27056176E-04 0.00000000E+00
2.1865E+04 3.26260574E-04 0.00000000E+00
2.1889E+04 3.26196462E-04 0.00000000E+00
2.1913E+04 3.25148385E-04 0.00000000E+00
2.1936E+04 3.23464839E-04 0.00000000E+00
2.1960E+04 3.22856514E-04 0.00000000E+00
2.1983E+04 3.23028823E-04 0.00000000E+00
2.2007E+04 3.22276289E-04 0.00000000E+00
2.2030E+04 3.20839734E-04 0.00000000E+00
2.2054E+04 3.20417780E-04 0.00000000E+00
2.2078E+04 3.20821867E-04 0.00000000E+00
2.2101E+04 3.20360376E-04 0.00000000E+00
2.2125E+04 3.19169563E-04 0.00000000E+00
2.2148E+04 3.18932242E-04 0.00000000E+00
2.2172E+04 3.19562696E-04 0.00000000E+00
2.2195E+04 3.19386768E-04 0.00000000E+00
2.2219E+04 3.18439411E-04 0.00000000E+00
2.2242E+04 3.18384166E-04 0.00000000E+00
2.2266E+04 3.19234834E-04 0.00000000E+00
2.2290E+04 3.19338056E-04 0.00000000E+00
2.2313E+04 3.18630861E-04 0.00000000E+00
2.2337E+04 3.18754333E-04 0.00000000E+00
2.2360E+04 3.19818357E-04 0.00000000E+00
2.2384E+04 3.20193423E-04 0.00000000E+00
2.2407E+04 3.19722122E-04 0.00000000E+00
2.2431E+04 3.20020168E-04 0.00000000E+00
2.2455E+04 3.21290017E-04 0.00000000E+00
2.2478E+04 3.21928782E-04 0.00000000E+00
2.2502E+04 3.21688169E-04 0.00000000E+00
2.2525E+04 3.22155889E-04 0.00000000E+00
2.2549E+04 3.23623395E-04 0.00000000E+00
2.2572E+04 3.24516923E-04 0.00000000E+00
2.2596E+04 3.24500892E-04 0.00000000E+00
2.2619E+04 3.25132653E-04 0.00000000E+00
2.2643E+04 3.26789048E-04 0.00000000E+00
2.2667E+04 3.27927666E-04 0.00000000E+00
2.2690E+04 3.28129259E-04 0.00000000E+00
2.2714E+04 3.28918724E-04 0.00000000E+00
2.2737E+04 3.30754679E-04 0.00000000E+00
2.2761E+04 3.32128031E-04 0.00000000E+00
2.2784E+04 3.32539482E-04 0.00000000E+00
2.2808E+04 3.33479644E-04 0.00000000E+00
2.2832E+04 3.35485308E-04 0.00000000E+00
2.2855E+04 3.37082412E-04 0.00000000E+00
2.2879E+04 3.37695199E-04 0.00000000E+00
2.2902E+04 3.38778413E-04 0.00000000E+00
2.2926E+04 3.40943453E-04 0.00000000E+00
2.2949E+04 3.42752759E-04 0.00000000E+00
2.2973E+04 3.43557659E-04 0.00000000E+00
2.2996E+04 3.44775679E-04 0.00000000E+00
2.3020E+04 3.47089322E-04 0.00000000E+00
2.3044E+04 3.49098768E-04 0.00000000E+00
2.3067E+04 3.50085909E-04 0.00000000E+00
2.3091E+04 3.51429932E-04 0.00000000E+00
2.3114E+04 3.53881004E-04 0.00000000E+00
2.3138E+04 3.56078077E-04 0.00000000E+00
2.3161E+04 3.57237001E-04 0.00000000E+00
2.3185E+04 3.58697703E-04 0.00000000E+00
2.3209E+04 3.61274676E-04 0.00000000E+00
2.3232E+04 3.63646467E-04 0.00000000E+00
2.3256E+04 3.64966186E-04 0.00000000E+00
2.3279E+04 3.66533769E-04 0.00000000E+00
2.3303E+04 3.69224800E-04 0.00000000E+00
2.3326E+04 3.71758068E-04 0.00000000E+00
2.3350E+04 3.73227126E-04 0.00000000E+00
2.3373E+04 3.74891365E-04 0.00000000E+00
2.3397E+04 3.77684339E-04 0.00000000E+00
2.3421E+04 3.80365566E-04 0.00000000E+00
2.3444E+04 3.81972103E-04 0.00000000E+00
2.3468E+04 3.83722392E-04 0.00000000E+00
2.3491E+04 3.86604968E-04 0.00000000E+00
2.3515E+04 3.89420417E-04 0.00000000E+00
2.3538E+04 3.91152230E-04 0.00000000E+00
2.3562E+04 3.92977632E-04 0.00000000E+00
2.3586E+04 3.95937284E-04 0.00000000E+00
2.3609E+04 3.98873058E-04 0.00000000E+00
2.3633E+04 4.00717667E-04 0.00000000E+00
2.3656E+04 4.02606963E-04 0.00000000E+00
2.3680E+04 4.05631026E-04 0.00000000E+00
2.3703E+04 4.08673121E-04 0.00000000E+00
2.3727E+04 4.10617832E-04 0.00000000E+00
2.3750E+04 4.12559577E-04 0.00000000E+00
2.3774E+04 4.15635286E-04 0.00000000E+00
2.3798E+04 4.18769649E-04 0.00000000E+00
2.3821E+04 4.20801617E-04 0.00000000E+00
2.3845E+04 4.22784189E-04 0.00000000E+00
2.3868E+04 4.25898727E-04 0.00000000E+00
2.3892E+04 4.29111307E-04 0.00000000E+00
2.3915E+04 4.31217599E-04 0.00000000E+00
2.3939E+04 4.33229254E-04 0.00000000E+00
2.3962E+04 4.36369792E-04 0.00000000E+00
2.3986E+04 4.39646592E-04 0.00000000E+00
2.4010E+04 4.41814253E-04 0.00000000E+00
2.4033E+04 4.43843177E-04 0.00000000E+00
2.4057E+04 4.46996918E-04 0.00000000E+00
2.4080E+04 4.50324046E-04 0.00000000E+00
2.4104E+04 4.52540153E-04 0.00000000E+00
2.4127E+04 4.54574522E-04 0.00000000E+00
2.4151E+04 4.57728742E-04 0.00000000E+00
2.4175E+04 4.61092457E-04 0.00000000E+00
2.4198E+04 4.63344186E-04 0.00000000E+00
2.4222E+04 4.65372212E-04 0.00000000E+00
2.4245E+04 4.68514302E-04 0.00000000E+00
2.4269E+04 4.71901063E-04 0.00000000E+00
2.4292E+04 4.74175742E-04 0.00000000E+00
2.4316E+04 4.76185733E-04 0.00000000E+00
2.4339E+04 4.79303241E-04 0.00000000E+00
2.4363E+04 4.82699746E-04 0.00000000E+00
2.4387E+04 4.84984912E-04 0.00000000E+00
2.4410E+04 4.86965323E-04 0.00000000E+00
2.4434E+04 4.90045993E-04 0.00000000E+00
2.4457E+04 4.93439224E-04 0.00000000E+00
2.4481E+04 4.95722678E-04 0.00000000E+00
2.4504E+04 4.97662162E-04 0.00000000E+00
2.4528E+04 5.00693976E-04 0.00000000E+00
2.4552E+04 5.04071237E-04 0.00000000E+00
2.4575E+04 5.06341093E-04 0.00000000E+00
2.4599E+04 5.08228555E-04 0.00000000E+00
2.4622E+04 5.11199767E-04 0.00000000E+00
2.4646E+04 5.14548721E-04 0.00000000E+00
2.4669E+04 5.16793455E-04 0.00000000E+00
2.4693E+04 5.18618101E-04 0.00000000E+00
2.4716E+04 5.21517280E-04 0.00000000E+00
2.4740E+04 5.24825982E-04 0.00000000E+00
2.4764E+04 5.27034478E-04 0.00000000E+00
2.4787E+04 5.28785861E-04 0.00000000E+00
2.4811E+04 5.31601925E-04 0.00000000E+00
2.4834E+04 5.34858856E-04 0.00000000E+00
2.4858E+04 5.37020446E-04 0.00000000E+00
2.4881E+04 5.38688517E-04 0.00000000E+00
2.4905E+04 5.41410767E-04 0.00000000E+00
2.4929E+04 5.44604860E-04 0.00000000E+00
2.4952E+04 5.46709366E-04 0.00000000E+00
2.4976E+04 5.48284516E-04 0.00000000E+00
2.4999E+04 5.50902672E-04 0.00000000E+00
2.5023E+04 5.54023343E-04 0.00000000E+00
2.5046E+04 5.56061110E-04 0.00000000E+00
2.5070E+04 5.57534211E-04 0.00000000E+00
2.5093E+04 5.60038446E-04 0.00000000E+00
2.5117E+04 5.63075614E-04 0.00000000E+00
2.5141E+04 5.65037543E-04 0.00000000E+00
2.5164E+04 5.66399991E-04 0.00000000E+00
2.5188E+04 5.68780959E-04 0.00000000E+00
2.5211E+04 5.71725071E-04 0.00000000E+00
2.5235E+04 5.73602648E-04 0.00000000E+00
2.5258E+04 5.74846397E-04 0.00000000E+00
2.5282E+04 5.77095265E-04 0.00000000E+00
2.5306E+04 5.79937313E-04 0.00000000E+00
2.5329E+04 5.81722633E-04 0.00000000E+00
2.5353E+04 5.82840233E-04 0.00000000E+00
2.5376E+04 5.84948707E-04 0.00000000E+00
2.5400E+04 5.87680248E-04 0.00000000E+00
2.5423E+04 5.89366037E-04 0.00000000E+00
2.5447E+04 5.90350658E-04 0.00000000E+00
2.5470E+04 5.92311015E-04 0.00000000E+00
2.5494E+04 5.94924182E-04 0.00000000E+00
2.5518E+04 5.96503812E-04 0.00000000E+00
2.5541E+04 5.97349282E-04 0.00000000E+00
2.5565E+04 5.99154385E-04 0.00000000E+00
2.5588E+04 6.01641903E-04 0.00000000E+00
2.5612E+04 6.03109409E-04 0.00000000E+00
2.5635E+04 6.03810229E-04 0.00000000E+00
2.5659E+04 6.05453560E-04 0.00000000E+00
2.5683E+04 6.07808753E-04 0.00000000E+00
2.5706E+04 6.09158841E-04 0.00000000E+00
2.5730E+04 6.09710213E-04 0.00000000E+00
2.5753E+04 6.11185883E-04 0.00000000E+00
2.5777E+04 6.13402684E-04 0.00000000E+00
2.5800E+04 6.14630741E-04 0.00000000E+00
2.5824E+04 6.15028581E-04 0.00000000E+00
2.5847E+04 6.16331357E-04 0.00000000E+00
2.5871E+04 6.18404314E-04 0.00000000E+00
2.5895E+04 6.19506406E-04 0.00000000E+00
2.5918E+04 6.19747359E-04 0.00000000E+00
2.5942E+04 6.20872674E-04 0.00000000E+00
2.5965E+04 6.22796953E-04 0.00000000E+00
2.5989E+04 6.23769828E-04 0.00000000E+00
2.6012E+04 6.23851282E-04 0.00000000E+00
2.6036E+04 6.24795252E-04 0.00000000E+00
2.6060E+04 6.26566639E-04 0.00000000E+00
2.6083E+04 6.27407723E-04 0.00000000E+00
2.6107E+04 6.27327810E-04 0.00000000E+00
2.6130E+04 6.28087243E-04 0.00000000E+00
2.6154E+04 6.29702145E-04 0.00000000E+00
2.6177E+04 6.30409535E-04 0.00000000E+00
2.6201E+04 6.30167136E-04 0.00000000E+00
2.6224E+04 6.30739543E-04 0.00000000E+00
2.6248E+04 6.32194984E-04 0.00000000E+00
2.6272E+04 6.32767438E-04 0.00000000E+00
2.6295E+04 6.32362183E-04 0.00000000E+00
2.6319E+04 6.32745784E-04 0.00000000E+00
2.6342E+04 6.34039405E-04 0.00000000E+00
2.6366E+04 6.34476329E-04 0.00000000E+00
2.6389E+04 6.33908590E-04 0.00000000E+00
2.6413E+04 6.34102316E-04 0.00000000E+00
2.6437E+04 6.35232366E-04 0.00000000E+00
2.6460E+04 6.35533799E-04 0.00000000E+00
2.6484E+04 6.34804685E-04 0.00000000E+00
2.6507E+04 6.34808179E-04 0.00000000E+00
2.6531E+04 6.35773511E-04 0.00000000E+00
2.6554E+04 6.35940108E-04 0.00000000E+00
2.6578E+04 6.35051450E-04 0.00000000E+00
2.6601E+04 6.34865066E-04 0.00000000E+00
2.6625E+04 6.35665129E-04 0.00000000E+00
2.6649E+04 6.35698138E-04 0.00000000E+00
2.6672E+04 6.34652475E-04 0.00000000E+00
2.6696E+04 6.34277275E-04 0.00000000E+00
2.6719E+04 6.34912101E-04 0.00000000E+00
2.6743E+04 6.34813345E-04 0.00000000E+00
2.6766E+04 6.33613904E-04 0.00000000E+00
2.6790E+04 6.33051649E-04 0.00000000E+00
2.6813E+04 6.33521843E-04 0.00000000E+00
2.6837E+04 6.33293692E-04 0.00000000E+00
2.6861E+04 6.31944366E-04 0.00000000E+00
2.6884E+04 6.31197508E-04 0.00000000E+00
2.6908E+04 6.31504239E-04 0.00000000E+00
2.6931E+04 6.31149583E-04 0.00000000E+00
2.6955E+04 6.29654908E-04 0.00000000E+00
2.6978E+04 6.28726575E-04 0.00000000E+00
2.7002E+04 6.28871558E-04 0.00000000E+00
2.7026E+04 6.28393784E-04 0.00000000E+00
2.7049E+04 6.26758908E-04 0.00000000E+00
2.7073E+04 6.25652889E-04 0.00000000E+00
2.7096E+04 6.25638371E-04 0.00000000E+00
2.7120E+04 6.25041332E-04 0.00000000E+00
2.7143E+04 6.23271986E-04 0.00000000E+00
2.7167E+04 6.21992716E-04 0.00000000E+00
2.7190E+04 6.21821460E-04 0.00000000E+00
2.7214E+04 6.21109441E-04 0.00000000E+00
2.7238E+04 6.19211905E-04 0.00000000E+00
2.7261E+04 6.17764442E-04 0.00000000E+00
2.7285E+04 6.17439709E-04 0.00000000E+00
2.7308E+04 6.16617401E-04 0.00000000E+00
2.7332E+04 6.14598469E-04 0.00000000E+00
2.7355E+04 6.12988470E-04 0.00000000E+00
2.7379E+04 6.12514002E-04 0.00000000E+00
2.7403E+04 6.11586469E-04 0.00000000E+00
2.7426E+04 6.09453410E-04 0.00000000E+00
2.7450E+04 6.07687109E-04 0.00000000E+00
2.7473E+04 6.07067107E-04 0.00000000E+00
2.7497E+04 6.06039751E-04 0.00000000E+00
2.7520E+04 6.03800269E-04 0.00000000E+00
2.7544E+04 6.01884446E-04 0.00000000E+00
2.7567E+04 6.01123552E-04 0.00000000E+00
2.7591E+04 6.00002084E-04 0.00000000E+00
2.7615E+04 5.97664279E-04 0.00000000E+00
2.7638E+04 5.95606230E-04 0.00000000E+00
2.7662E+04 5.94709502E-04 0.00000000E+00
2.7685E+04 5.93499907E-04 0.00000000E+00
2.7709E+04 5.91072231E-04 0.00000000E+00
2.7732E+04 5.88879737E-04 0.00000000E+00
2.7756E+04 5.87852629E-04 0.00000000E+00
2.7780E+04 5.86561133E-04 0.00000000E+00
2.7803E+04 5.84052345E-04 0.00000000E+00
2.7827E+04 5.81733636E-04 0.00000000E+00
2.7850E+04 5.80581976E-04 0.00000000E+00
2.7874E+04 5.79215014E-04 0.00000000E+00
2.7897E+04 5.76634137E-04 0.00000000E+00
2.7921E+04 5.74197858E-04 0.00000000E+00
2.7944E+04 5.72927818E-04 0.00000000E+00
2.7968E+04 5.71492000E-04 0.00000000E+00
2.7992E+04 5.68848276E-04 0.00000000E+00
2.8015E+04 5.66303447E-04 0.00000000E+00
2.8039E+04 5.64921524E-04 0.00000000E+00
2.8062E+04 5.63423605E-04 0.00000000E+00
2.8086E+04 5.60726448E-04 0.00000000E+00
2.8109E+04 5.58082424E-04 0.00000000E+00
2.8133E+04 5.56595410E-04 0.00000000E+00
2.8157E+04 5.55042259E-04 0.00000000E+00
2.8180E+04 5.52301209E-04 0.00000000E+00
2.8204E+04 5.49567641E-04 0.00000000E+00
2.8227E+04 5.47982599E-04 0.00000000E+00
2.8251E+04 5.46381165E-04 0.00000000E+00
2.8274E+04 5.43605845E-04 0.00000000E+00
2.8298E+04 5.40792637E-04 0.00000000E+00
2.8321E+04 5.39116871E-04 0.00000000E+00
2.8345E+04 5.37474154E-04 0.00000000E+00
2.8369E+04 5.34674224E-04 0.00000000E+00
2.8392E+04 5.31791489E-04 0.00000000E+00
2.8416E+04 5.30032519E-04 0.00000000E+00
2.8439E+04 5.28355544E-04 0.00000000E+00
2.8463E+04 5.25540653E-04 0.00000000E+00
2.8486E+04 5.22598672E-04 0.00000000E+00
2.8510E+04 5.20764203E-04 0.00000000E+00
2.8534E+04 5.19059986E-04 0.00000000E+00
2.8557E+04 5.16239735E-04 0.00000000E+00
2.8581E+04 5.13248907E-04 0.00000000E+00
2.8604E+04 5.11346802E-04 0.00000000E+00
2.8628E+04 5.09622330E-04 0.00000000E+00
2.8651E+04 5.06806223E-04 0.00000000E+00
2.8675E+04 5.03777027E-04 0.00000000E+00
2.8698E+04 5.01815276E-04 0.00000000E+00
2.8722E+04 5.00077474E-04 0.00000000E+00
2.8746E+04 4.97274883E-04 0.00000000E+00
2.8769E+04 4.94217827E-04 0.00000000E+00
2.8793E+04 4.92204517E-04 0.00000000E+00
2.8816E+04 4.90460228E-04 0.00000000E+00
2.8840E+04 4.87680348E-04 0.00000000E+00
2.8863E+04 4.84605929E-04 0.00000000E+00
2.8887E+04 4.82549216E-04 0.00000000E+00
2.8911E+04 4.80805174E-04 0.00000000E+00
2.8934E+04 4.78056988E-04 0.00000000E+00
2.8958E+04 4.74975645E-04 0.00000000E+00
2.8981E+04 4.72883722E-04 0.00000000E+00
2.9005E+04 4.71146531E-04 0.00000000E+00
2.9028E+04 4.68438774E-04 0.00000000E+00
2.9052E+04 4.65360843E-04 0.00000000E+00
2.9075E+04 4.63241910E-04 0.00000000E+00
2.9099E+04 4.61518024E-04 0.00000000E+00
2.9123E+04 4.58859147E-04 0.00000000E+00
2.9146E+04 4.55794821E-04 0.00000000E+00
2.9170E+04 4.53657054E-04 0.00000000E+00
2.9193E+04 4.51952754E-04 0.00000000E+00
2.9217E+04 4.49350895E-04 0.00000000E+00
2.9240E+04 4.46310178E-04 0.00000000E+00
2.9264E+04 4.44161701E-04 0.00000000E+00
2.9287E+04 4.42483076E-04 0.00000000E+00
2.9311E+04 4.39946028E-04 0.00000000E+00
2.9335E+04 4.36938698E-04 0.00000000E+00
2.9358E+04 4.34787550E-04 0.00000000E+00
2.9382E+04 4.33140482E-04 0.00000000E+00
2.9405E+04 4.30675668E-04 0.00000000E+00
2.9429E+04 4.27711234E-04 0.00000000E+00
2.9452E+04 4.25565339E-04 0.00000000E+00
2.9476E+04 4.23955486E-04 0.00000000E+00
2.9500E+04 4.21569930E-04 0.00000000E+00
2.9523E+04 4.18657598E-04 0.00000000E+00
2.9547E+04 4.16524738E-04 0.00000000E+00
2.9570E+04 4.14957515E-04 0.00000000E+00
2.9594E+04 4.12657825E-04 0.00000000E+00
2.9617E+04 4.09806457E-04 0.00000000E+00
2.9641E+04 4.07694241E-04 0.00000000E+00
2.9664E+04 4.06174813E-04 0.00000000E+00
2.9688E+04 4.03967157E-04 0.00000000E+00
2.9712E+04 4.01185239E-04 0.00000000E+00
2.9735E+04 3.99101076E-04 0.00000000E+00
2.9759E+04 3.97634337E-04 0.00000000E+00
2.9782E+04 3.95524429E-04 0.00000000E+00
2.9806E+04 3.92820042E-04 0.00000000E+00
2.9829E+04 3.90771109E-04 0.00000000E+00
2.9853E+04 3.89361677E-04 0.00000000E+00
2.9877E+04 3.87354761E-04 0.00000000E+00
2.9900E+04 3.84735545E-04 0.00000000E+00
2.9924E+04 3.82728768E-04 0.00000000E+00
2.9947E+04 3.81380969E-04 0.00000000E+00
2.9971E+04 3.79481808E-04 0.00000000E+00
2.9994E+04 3.76954939E-04 0.00000000E+00
3.0018E+04 3.74996961E-04 0.00000000E+00
3.0041E+04 3.73714823E-04 0.00000000E+00
3.0065E+04 3.71927686E-04 0.00000000E+00
3.0089E+04 3.69499853E-04 0.00000000E+00
3.0112E+04 3.67597009E-04 0.00000000E+00
3.0136E+04 3.66384253E-04 0.00000000E+00
3.0159E+04 3.64712913E-04 0.00000000E+00
3.0183E+04 3.62390290E-04 0.00000000E+00
3.0206E+04 3.60548587E-04 0.00000000E+00
3.0230E+04 3.59408618E-04 0.00000000E+00
3.0254E+04 3.57856346E-04 0.00000000E+00
3.0277E+04 3.55644577E-04 0.00000000E+00
3.0301E+04 3.53869670E-04 0.00000000E+00
3.0324E+04 3.52805571E-04 0.00000000E+00
3.0348E+04 3.51375133E-04 0.00000000E+00
3.0371E+04 3.49279315E-04 0.00000000E+00
3.0395E+04 3.47576486E-04 0.00000000E+00
3.0418E+04 3.46591012E-04 0.00000000E+00
3.0442E+04 3.45284671E-04 0.00000000E+00
3.0466E+04 3.43309340E-04 0.00000000E+00
3.0489E+04 3.41683479E-04 0.00000000E+00
3.0513E+04 3.40779054E-04 0.00000000E+00
3.0536E+04 3.39598569E-04 0.00000000E+00
3.0560E+04 3.37747691E-04 0.00000000E+00
3.0583E+04 3.36203278E-04 0.00000000E+00
3.0607E+04 3.35381989E-04 0.00000000E+00
3.0631E+04 3.34328627E-04 0.00000000E+00
3.0654E+04 3.32605586E-04 0.00000000E+00
3.0678E+04 3.31146676E-04 0.00000000E+00
3.0701E+04 3.30410271E-04 0.00000000E+00
3.0725E+04 3.29484806E-04 0.00000000E+00
3.0748E+04 3.27892405E-04 0.00000000E+00
3.0772E+04 3.26522612E-04 0.00000000E+00
3.0795E+04 3.25872501E-04 0.00000000E+00
3.0819E+04 3.25075228E-04 0.00000000E+00
3.0843E+04 3.23615683E-04 0.00000000E+00
3.0866E+04 3.22338171E-04 0.00000000E+00
3.0890E+04 3.21775419E-04 0.00000000E+00
3.0913E+04 3.21106161E-04 0.00000000E+00
3.0937E+04 3.19781104E-04 0.00000000E+00
3.0960E+04 3.18598576E-04 0.00000000E+00
3.0984E+04 3.18123907E-04 0.00000000E+00
3.1008E+04 3.17582031E-04 0.00000000E+00
3.1031E+04 3.16392513E-04 0.00000000E+00
3.1055E+04 3.15307202E-04 0.00000000E+00
3.1078E+04 3.14920998E-04 0.00000000E+00
3.1102E+04 3.14505427E-04 0.00000000E+00
3.1125E+04 3.13451927E-04 0.00000000E+00
3.1149E+04 3.12465589E-04 0.00000000E+00
3.1172E+04 3.12167892E-04 0.00000000E+00
3.1196E+04 3.11877119E-04 0.00000000E+00
3.1220E+04 3.10959552E-04 0.00000000E+00
3.1243E+04 3.10073467E-04 0.00000000E+00
3.1267E+04 3.09863982E-04 0.00000000E+00
3.1290E+04 3.09696087E-04 0.00000000E+00
3.1314E+04 3.08913815E-04 0.00000000E+00
3.1337E+04 3.08128781E-04 0.00000000E+00
3.1361E+04 3.08006876E-04 0.00000000E+00
3.1385E+04 3.07959547E-04 0.00000000E+00
3.1408E+04 3.07311396E-04 0.00000000E+00
3.1432E+04 3.06627733E-04 0.00000000E+00
3.1455E+04 3.06592446E-04 0.00000000E+00
3.1479E+04 3.06662991E-04 0.00000000E+00
3.1502E+04 3.06147267E-04 0.00000000E+00
3.1526E+04 3.05564818E-04 0.00000000E+00
3.1549E+04 3.05614862E-04 0.00000000E+00
3.1573E+04 3.05800233E-04 0.00000000E+00
3.1597E+04 3.05414742E-04 0.00000000E+00
3.1620E+04 3.04932879E-04 0.00000000E+00
3.1644E+04 3.05066646E-04 0.00000000E+00
3.1667E+04 3.05363458E-04 0.00000000E+00
3.1691E+04 3.05105526E-04 0.00000000E+00
3.1714E+04 3.04723159E-04 0.00000000E+00
3.1738E+04 3.04938726E-04 0.00000000E+00
3.1762E+04 3.05343279E-04 0.00000000E+00
3.1785E+04 3.05209773E-04 0.00000000E+00
3.1809E+04 3.04925361E-04 0.00000000E+00
3.1832E+04 3.05220497E-04 0.00000000E+00
3.1856E+04 3.05728795E-04 0.00000000E+00
3.1879E+04 3.05716155E-04 0.00000000E+00
3.1903E+04 3.05527712E-04 0.00000000E+00
3.1926E+04 3.05899890E-04 0.00000000E+00
3.1950E+04 3.06507663E-04 0.00000000E+00
3.1974E+04 3.06611922E-04 0.00000000E+00
3.1997E+04 3.06517038E-04 0.00000000E+00
3.2021E+04 3.06963441E-04 0.00000000E+00
3.2044E+04 3.07666166E-04 0.00000000E+00
3.2068E+04 3.07882980E-04 0.00000000E+00
3.2091E+04 3.07878834E-04 0.00000000E+00
3.2115E+04 3.08396366E-04 0.00000000E+00
3.2138E+04 3.09189290E-04 0.00000000E+00
3.2162E+04 3.09513967E-04 0.00000000E+00
3.2186E+04 3.09597347E-04 0.00000000E+00
3.2209E+04 3.10182642E-04 0.00000000E+00
3.2233E+04 3.11060805E-04 0.00000000E+00
3.2256E+04 3.11488336E-04 0.00000000E+00
3.2280E+04 3.11655656E-04 0.00000000E+00
3.2303E+04 3.12305093E-04 0.00000000E+00
3.2327E+04 3.13263344E-04 0.00000000E+00
3.2351E+04 3.13788432E-04 0.00000000E+00
3.2374E+04 3.14035758E-04 0.00000000E+00
3.2398E+04 3.14745471E-04 0.00000000E+00
3.2421E+04 3.15778498E-04 0.00000000E+00
3.2445E+04 3.16395591E-04 0.00000000E+00
3.2468E+04 3.16718659E-04 0.00000000E+00
3.2492E+04 3.17484554E-04 0.00000000E+00
3.2515E+04 3.18586897E-04 0.00000000E+00
3.2539E+04 3.19290218E-04 0.00000000E+00
3.2563E+04 3.19684467E-04 0.00000000E+00
3.2586E+04 3.20502231E-04 0.00000000E+00
3.2610E+04 3.21668309E-04 0.00000000E+00
3.2633E+04 3.22451888E-04 0.00000000E+00
3.2657E+04 3.22912479E-04 0.00000000E+00
3.2680E+04 3.23777603E-04 0.00000000E+00
3.2704E+04 3.25001730E-04 0.00000000E+00
3.2728E+04 3.25859439E-04 0.00000000E+00
3.2751E+04 3.26381286E-04 0.00000000E+00
3.2775E+04 3.27289074E-04 0.00000000E+00
3.2798E+04 3.28565483E-04 0.00000000E+00
3.2822E+04 3.29491065E-04 0.00000000E+00
3.2845E+04 3.30068863E-04 0.00000000E+00
3.2869E+04 3.31014453E-04 0.00000000E+00
3.2892E+04 3.32337312E-04 0.00000000E+00
3.2916E+04 3.33324413E-04 0.00000000E+00
3.2940E+04 3.33952669E-04 0.00000000E+00
3.2963E+04 3.34931050E-04 0.00000000E+00
3.2987E+04 3.36294484E-04 0.00000000E+00
3.3010E+04 3.37336683E-04 0.00000000E+00
3.3034E+04 3.38009746E-04 0.00000000E+00
3.3057E+04 3.39015776E-04 0.00000000E+00
3.3081E+04 3.40413885E-04 0.00000000E+00
3.3105E+04 3.41504727E-04 0.00000000E+00
3.3128E+04 3.42216815E-04 0.00000000E+00
3.3152E+04 3.43245243E-04 0.00000000E+00
3.3175E+04 3.44672118E-04 0.00000000E+00
3.3199E+04 3.45805140E-04 0.00000000E+00
3.3222E+04 3.46550377E-04 0.00000000E+00
3.3246E+04 3.47595860E-04 0.00000000E+00
3.3269E+04 3.49045605E-04 0.00000000E+00
3.3293E+04 3.50214367E-04 0.00000000E+00
3.3317E+04 3.50986811E-04 0.00000000E+00
3.3340E+04 3.52043934E-04 0.00000000E+00
3.3364E+04 3.53510678E-04 0.00000000E+00
3.3387E+04 3.54708790E-04 0.00000000E+00
3.3411E+04 3.55502466E-04 0.00000000E+00
3.3434E+04 3.56565767E-04 0.00000000E+00
3.3458E+04 3.58043682E-04 0.00000000E+00
3.3482E+04 3.59264830E-04 0.00000000E+00
3.3505E+04 3.60073760E-04 0.00000000E+00
3.3529E+04 3.61137749E-04 0.00000000E+00
3.3552E+04 3.62621067E-04 0.00000000E+00
3.3576E+04 3.63859035E-04 0.00000000E+00
3.3599E+04 3.64677271E-04 0.00000000E+00
3.3623E+04 3.65736453E-04 0.00000000E+00
3.3646E+04 3.67219480E-04 0.00000000E+00
3.3670E+04 3.68468179E-04 0.00000000E+00
3.3694E+04 3.69289830E-04 0.00000000E+00
3.3717E+04 3.70338725E-04 0.00000000E+00
3.3741E+04 3.71815857E-04 0.00000000E+00
3.3764E+04 3.73069343E-04 0.00000000E+00
3.3788E+04 3.73888608E-04 0.00000000E+00
3.3811E+04 3.74921776E-04 0.00000000E+00
3.3835E+04 3.76387512E-04 0.00000000E+00
3.3859E+04 3.77640007E-04 0.00000000E+00
3.3882E+04 3.78451203E-04 0.00000000E+00
3.3906E+04 3.79463266E-04 0.00000000E+00
3.3929E+04 3.80912220E-04 0.00000000E+00
3.3953E+04 3.82158131E-04 0.00000000E+00
3.3976E+04 3.82955719E-04 0.00000000E+00
3.4000E+04 3.83941386E-04 0.00000000E+00
3.4023E+04 3.85368303E-04 0.00000000E+00
3.4047E+04 3.86602240E-04 0.00000000E+00
3.4071E+04 3.87380854E-04 0.00000000E+00
3.4094E+04 3.88334937E-04 0.00000000E+00
3.4118E+04 3.89734704E-04 0.00000000E+00
3.4141E+04 3.90951495E-04 0.00000000E+00
3.4165E+04 3.91705966E-04 0.00000000E+00
3.4188E+04 3.92623408E-04 0.00000000E+00
3.4212E+04 3.93991066E-04 0.00000000E+00
3.4236E+04 3.95185771E-04 0.00000000E+00
3.4259E+04 3.95911151E-04 0.00000000E+00
3.4283E+04 3.96787047E-04 0.00000000E+00
3.4306E+04 3.98117803E-04 0.00000000E+00
3.4330E+04 3.99285725E-04 0.00000000E+00
3.4353E+04 3.99977308E-04 0.00000000E+00
3.4377E+04 4.00806926E-04 0.00000000E+00
3.4400E+04 4.02096163E-04 0.00000000E+00
3.4424E+04 4.03232862E-04 0.00000000E+00
3.4448E+04 4.03886206E-04 0.00000000E+00
3.4471E+04 4.04665007E-04 0.00000000E+00
3.4495E+04 4.05908296E-04 0.00000000E+00
3.4518E+04 4.07009592E-04 0.00000000E+00
3.4542E+04 4.07620539E-04 0.00000000E+00
3.4565E+04 4.08344198E-04 0.00000000E+00
3.4589E+04 4.09537308E-04 0.00000000E+00
3.4612E+04 4.10599294E-04 0.00000000E+00
3.4636E+04 4.11163982E-04 0.00000000E+00
3.4660E+04 4.11828409E-04 0.00000000E+00
3.4683E+04 4.12967316E-04 0.00000000E+00
3.4707E+04 4.13986362E-04 0.00000000E+00
3.4730E+04 4.14501245E-04 0.00000000E+00
3.4754E+04 4.15102600E-04 0.00000000E+00
3.4777E+04 4.16183495E-04 0.00000000E+00
3.4801E+04 4.17156251E-04 0.00000000E+00
3.4825E+04 4.17618108E-04 0.00000000E+00
3.4848E+04 4.18152824E-04 0.00000000E+00
3.4872E+04 4.19172125E-04 0.00000000E+00
3.4895E+04 4.20095524E-04 0.00000000E+00
3.4919E+04 4.20501472E-04 0.00000000E+00
3.4942E+04 4.20966266E-04 0.00000000E+00
3.4966E+04 4.21920624E-04 0.00000000E+00
3.4989E+04 4.22791885E-04 0.00000000E+00
3.5013E+04 4.23139386E-04 0.00000000E+00
3.5037E+04 4.23531277E-04 0.00000000E+00
3.5060E+04 4.24417584E-04 0.00000000E+00
3.5084E+04 4.25234212E-04 0.00000000E+00
3.5107E+04 4.25521080E-04 0.00000000E+00
3.5131E+04 4.25837403E-04 0.00000000E+00
3.5154E+04 4.26652799E-04 0.00000000E+00
3.5178E+04 4.27412582E-04 0.00000000E+00
3.5202E+04 4.27636988E-04 0.00000000E+00
3.5225E+04 4.27875405E-04 0.00000000E+00
3.5249E+04 4.28617286E-04 0.00000000E+00
3.5272E+04 4.29318296E-04 0.00000000E+00
3.5296E+04 4.29478769E-04 0.00000000E+00
3.5319E+04 4.29637280E-04 0.00000000E+00
3.5343E+04 4.30303306E-04 0.00000000E+00
3.5366E+04 4.30943890E-04 0.00000000E+00
3.5390E+04 4.31039319E-04 0.00000000E+00
3.5414E+04 4.31116274E-04 0.00000000E+00
3.5437E+04 4.31704370E-04 0.00000000E+00
3.5461E+04 4.32283153E-04 0.00000000E+00
3.5484E+04 4.32312782E-04 0.00000000E+00
3.5508E+04 4.32306886E-04 0.00000000E+00
3.5531E+04 4.32815251E-04 0.00000000E+00
3.5555E+04 4.33331125E-04 0.00000000E+00
3.5579E+04 4.33294553E-04 0.00000000E+00
3.5602E+04 4.33204872E-04 0.00000000E+00
3.5626E+04 4.33631981E-04 0.00000000E+00
3.5649E+04 4.34084103E-04 0.00000000E+00
3.5673E+04 4.33981276E-04 0.00000000E+00
3.5696E+04 4.33807241E-04 0.00000000E+00
3.5720E+04 4.34151852E-04 0.00000000E+00
3.5743E+04 4.34539637E-04 0.00000000E+00
3.5767E+04 4.34370838E-04 0.00000000E+00
3.5791E+04 4.34112251E-04 0.00000000E+00
3.5814E+04 4.34373405E-04 0.00000000E+00
3.5838E+04 4.34696515E-04 0.00000000E+00
3.5861E+04 4.34462362E-04 0.00000000E+00
3.5885E+04 4.34119389E-04 0.00000000E+00
3.5908E+04 4.34296417E-04 0.00000000E+00
3.5932E+04 4.34554756E-04 0.00000000E+00
3.5956E+04 4.34256184E-04 0.00000000E+00
3.5979E+04 4.33829362E-04 0.00000000E+00
3.6003E+04 4.33921879E-04 0.00000000E+00
3.6026E+04 4.34115588E-04 0.00000000E+00
3.6050E+04 4.33753839E-04 0.00000000E+00
3.6073E+04 4.33244067E-04 0.00000000E+00
3.6097E+04 4.33251981E-04 0.00000000E+00
3.6120E+04 4.33381423E-04 0.00000000E+00
3.6144E+04 4.32958033E-04 0.00000000E+00
3.6168E+04 4.32366568E-04 0.00000000E+00
3.6191E+04 4.32290077E-04 0.00000000E+00
3.6215E+04 4.32355833E-04 0.00000000E+00
3.6238E+04 4.31872615E-04 0.00000000E+00
3.6262E+04 4.31201068E-04 0.00000000E+00
3.6285E+04 4.31040658E-04 0.00000000E+00
3.6309E+04 4.31043515E-04 0.00000000E+00
3.6333E+04 4.30502545E-04 0.00000000E+00
3.6356E+04 4.29752869E-04 0.00000000E+00
3.6380E+04 4.29509312E-04 0.00000000E+00
3.6403E+04 4.29450256E-04 0.00000000E+00
3.6427E+04 4.28853855E-04 0.00000000E+00
3.6450E+04 4.28028333E-04 0.00000000E+00
3.6474E+04 4.27702689E-04 0.00000000E+00
3.6497E+04 4.27582893E-04 0.00000000E+00
3.6521E+04 4.26933608E-04 0.00000000E+00
3.6545E+04 4.26034846E-04 0.00000000E+00
3.6568E+04 4.25628455E-04 0.00000000E+00
3.6592E+04 4.25449272E-04 0.00000000E+00
3.6615E+04 4.24749855E-04 0.00000000E+00
3.6639E+04 4.23780767E-04 0.00000000E+00
3.6662E+04 4.23295243E-04 0.00000000E+00
3.6686E+04 4.23058197E-04 0.00000000E+00
3.6710E+04 4.22311591E-04 0.00000000E+00
3.6733E+04 4.21275377E-04 0.00000000E+00
3.6757E+04 4.20712610E-04 0.00000000E+00
3.6780E+04 4.20419382E-04 0.00000000E+00
3.6804E+04 4.19628697E-04 0.00000000E+00
3.6827E+04 4.18528834E-04 0.00000000E+00
3.6851E+04 4.17890974E-04 0.00000000E+00
3.6874E+04 4.17543398E-04 0.00000000E+00
3.6898E+04 4.16711892E-04 0.00000000E+00
3.6922E+04 4.15552112E-04 0.00000000E+00
3.6945E+04 4.14841569E-04 0.00000000E+00
3.6969E+04 4.14441619E-04 0.00000000E+00
3.6992E+04 4.13572677E-04 0.00000000E+00
3.7016E+04 4.12356949E-04 0.00000000E+00
3.7039E+04 4.11576380E-04 0.00000000E+00
3.7063E+04 4.11126161E-04 0.00000000E+00
3.7087E+04 4.10223276E-04 0.00000000E+00
3.7110E+04 4.08955784E-04 0.00000000E+00
3.7134E+04 4.08108082E-04 0.00000000E+00
3.7157E+04 4.07609824E-04 0.00000000E+00
3.7181E+04 4.06676576E-04 0.00000000E+00
3.7204E+04 4.05361697E-04 0.00000000E+00
3.7228E+04 4.04449986E-04 0.00000000E+00
3.7251E+04 4.03906031E-04 0.00000000E+00
3.7275E+04 4.02946065E-04 0.00000000E+00
3.7299E+04 4.01588348E-04 0.00000000E+00
3.7322E+04 4.00615967E-04 0.00000000E+00
3.7346E+04 4.00028761E-04 0.00000000E+00
3.7369E+04 3.99045770E-04 0.00000000E+00
3.7393E+04 3.97649914E-04 0.00000000E+00
3.7416E+04 3.96620402E-04 0.00000000E+00
3.7440E+04 3.95992489E-04 0.00000000E+00
3.7463E+04 3.94990193E-04 0.00000000E+00
3.7487E+04 3.93561018E-04 0.00000000E+00
3.7511E+04 3.92478105E-04 0.00000000E+00
3.7534E+04 3.91812115E-04 0.00000000E+00
3.7558E+04 3.90794244E-04 0.00000000E+00
3.7581E+04 3.89336671E-04 0.00000000E+00
3.7605E+04 3.88204262E-04 0.00000000E+00
3.7628E+04 3.87502901E-04 0.00000000E+00
3.7652E+04 3.86473176E-04 0.00000000E+00
3.7676E+04 3.84992202E-04 0.00000000E+00
3.7699E+04 3.83814359E-04 0.00000000E+00
3.7723E+04 3.83080405E-04 0.00000000E+00
3.7746E+04 3.82042520E-04 0.00000000E+00
3.7770E+04 3.80543190E-04 0.00000000E+00
3.7793E+04 3.79324119E-04 0.00000000E+00
3.7817E+04 3.78560410E-04 0.00000000E+00
3.7840E+04 3.77518016E-04 0.00000000E+00
3.7864E+04 3.76005404E-04 0.00000000E+00
3.7888E+04 3.74749433E-04 0.00000000E+00
3.7911E+04 3.73958861E-04 0.00000000E+00
3.7935E+04 3.72915550E-04 0.00000000E+00
3.7958E+04 3.71394728E-04 0.00000000E+00
3.7982E+04 3.70106294E-04 0.00000000E+00
3.8005E+04 3.69291794E-04 0.00000000E+00
3.8029E+04 3.68251086E-04 0.00000000E+00
3.8053E+04 3.66727104E-04 0.00000000E+00
3.8076E+04 3.65410732E-04 0.00000000E+00
3.8100E+04 3.64575275E-04 0.00000000E+00
3.8123E+04 3.63540601E-04 0.00000000E+00
3.8147E+04 3.62018462E-04 0.00000000E+00
3.8170E+04 3.60678747E-04 0.00000000E+00
3.8194E+04 3.59825329E-04 0.00000000E+00
3.8217E+04 3.58800025E-04 0.00000000E+00
3.8241E+04 3.57284659E-04 0.00000000E+00
3.8265E+04 3.55926244E-04 0.00000000E+00
3.8288E+04 3.55057883E-04 0.00000000E+00
3.8312E+04 3.54045170E-04 0.00000000E+00
3.8335E+04 3.52541416E-04 0.00000000E+00
3.8359E+04 3.51168975E-04 0.00000000E+00
3.8382E+04 3.50288697E-04 0.00000000E+00
3.8406E+04 3.49291675E-04 0.00000000E+00
3.8430E+04 3.47804258E-04 0.00000000E+00
3.8453E+04 3.46422473E-04 0.00000000E+00
3.8477E+04 3.45533307E-04 0.00000000E+00
3.8500E+04 3.44554947E-04 0.00000000E+00
3.8524E+04 3.43088452E-04 0.00000000E+00
3.8547E+04 3.41701997E-04 0.00000000E+00
3.8571E+04 3.40806964E-04 0.00000000E+00
3.8594E+04 3.39850096E-04 0.00000000E+00
3.8618E+04 3.38408956E-04 0.00000000E+00
3.8642E+04 3.37022472E-04 0.00000000E+00
3.8665E+04 3.36124577E-04 0.00000000E+00
3.8689E+04 3.35191885E-04 0.00000000E+00
3.8712E+04 3.33780357E-04 0.00000000E+00
3.8736E+04 3.32398436E-04 0.00000000E+00
3.8759E+04 3.31500659E-04 0.00000000E+00
3.8783E+04 3.30594674E-04 0.00000000E+00
3.8807E+04 3.29216825E-04 0.00000000E+00
3.8830E+04 3.27843985E-04 0.00000000E+00
3.8854E+04 3.26949273E-04 0.00000000E+00
3.8877E+04 3.26072371E-04 0.00000000E+00
3.8901E+04 3.24732059E-04 0.00000000E+00
3.8924E+04 3.23372728E-04 0.00000000E+00
3.8948E+04 3.22483986E-04 0.00000000E+00
3.8971E+04 3.21638377E-04 0.00000000E+00
3.8995E+04 3.20339241E-04 0.00000000E+00
3.9019E+04 3.18997735E-04 0.00000000E+00
3.9042E+04 3.18117816E-04 0.00000000E+00
3.9066E+04 3.17305547E-04 0.00000000E+00
3.9089E+04 3.16050989E-04 0.00000000E+00
3.9113E+04 3.14731497E-04 0.00000000E+00
3.9136E+04 3.13863194E-04 0.00000000E+00
3.9160E+04 3.13086144E-04 0.00000000E+00
3.9184E+04 3.11879320E-04 0.00000000E+00
3.9207E+04 3.10585882E-04 0.00000000E+00
3.9231E+04 3.09731918E-04 0.00000000E+00
3.9254E+04 3.08991797E-04 0.00000000E+00
3.9278E+04 3.07835608E-04 0.00000000E+00
3.9301E+04 3.06572099E-04 0.00000000E+00
3.9325E+04 3.05735118E-04 0.00000000E+00
3.9348E+04 3.05033467E-04 0.00000000E+00
3.9372E+04 3.03930550E-04 0.00000000E+00
3.9396E+04 3.02700663E-04 0.00000000E+00
3.9419E+04 3.01883222E-04 0.00000000E+00
3.9443E+04 3.01221411E-04 0.00000000E+00
3.9466E+04 3.00174131E-04 0.00000000E+00
3.9490E+04 2.98981363E-04 0.00000000E+00
3.9513E+04 2.98185922E-04 0.00000000E+00
3.9537E+04 2.97565154E-04 0.00000000E+00
3.9561E+04 2.96575601E-04 0.00000000E+00
3.9584E+04 2.95423235E-04 0.00000000E+00
3.9608E+04 2.94652149E-04 0.00000000E+00
3.9631E+04 2.94073458E-04 0.00000000E+00
3.9655E+04 2.93143443E-04 0.00000000E+00
3.9678E+04 2.92034537E-04 0.00000000E+00
3.9702E+04 2.91290047E-04 0.00000000E+00
3.9725E+04 2.90754302E-04 0.00000000E+00
3.9749E+04 2.89885355E-04 0.00000000E+00
3.9773E+04 2.88822731E-04 0.00000000E+00
3.9796E+04 2.88106952E-04 0.00000000E+00
3.9820E+04 2.87614860E-04 0.00000000E+00
3.9843E+04 2.86808231E-04 0.00000000E+00
3.9867E+04 2.85794459E-04 0.00000000E+00
3.9890E+04 2.85109379E-04 0.00000000E+00
3.9914E+04 2.84661486E-04 0.00000000E+00
3.9937E+04 2.83918143E-04 0.00000000E+00
3.9961E+04 2.82955539E-04 0.00000000E+00
3.9985E+04 2.82303002E-04 0.00000000E+00
