0.0000E+00 0.00000000E+00 0.00000000E+00
2.3562E+01 0.00000000E+00 0.00000000E+00
4.7124E+01 0.00000000E+00 0.00000000E+00
7.0686E+01 0.00000000E+00 0.00000000E+00
9.4248E+01 0.00000000E+00 0.00000000E+00
1.1781E+02 0.00000000E+00 0.00000000E+00
1.4137E+02 0.00000000E+00 0.00000000E+00
1.6493E+02 0.00000000E+00 0.00000000E+00
1.8850E+02 0.00000000E+00 0.00000000E+00
2.1206E+02 0.00000000E+00 0.00000000E+00
2.3562E+02 0.00000000E+00 0.00000000E+00
2.5918E+02 2.42067009E-272 0.00000000E+00
2.8274E+02 3.09317446E-219 0.00000000E+00
3.0631E+02 1.72427581E-176 0.00000000E+00
3.2987E+02 4.56727014E-141 0.00000000E+00
3.5343E+02 2.23745418E-111 0.00000000E+00
3.7699E+02 1.79532091E-86 0.00000000E+00
4.0055E+02 9.24346943E-66 0.00000000E+00
4.2412E+02 6.99715325E-49 0.00000000E+00
4.4768E+02 1.14666424E-35 0.00000000E+00
4.7124E+02 3.50372563E-26 0.00000000E+00
4.9480E+02 4.45475149E-21 0.00000000E+00
5.1836E+02 2.55962731E-19 0.00000000E+00
5.4192E+02 4.78569960E-19 0.00000000E+00
5.6549E+02 9.53276688E-19 0.00000000E+00
5.8905E+02 1.41343474E-18 0.00000000E+00
6.1261E+02 1.95135166E-18 0.00000000E+00
6.3617E+02 2.82602327E-18 0.00000000E+00
6.5973E+02 5.14591463E-18 0.00000000E+00
6.8330E+02 8.15064684E-18 0.00000000E+00
7.0686E+02 1.06608193E-17 0.00000000E+00
7.3042E+02 1.68931268E-17 0.00000000E+00
7.5398E+02 2.80167329E-17 0.00000000E+00
7.7754E+02 3.62339207E-17 0.00000000E+00
8.0111E+02 4.78495619E-17 0.00000000E+00
8.2467E+02 7.78050885E-17 0.00000000E+00
8.4823E+02 1.08732891E-16 0.00000000E+00
8.7179E+02 1.31152603E-16 0.00000000E+00
8.9535E+02 1.96976736E-16 0.00000000E+00
9.1892E+02 3.02727679E-16 0.00000000E+00
9.4248E+02 3.74276860E-16 0.00000000E+00
9.6604E+02 4.92747007E-16 0.00000000E+00
9.8960E+02 7.88309159E-16 0.00000000E+00
1.0132E+03 1.06718692E-15 0.00000000E+00
1.0367E+03 1.28593126E-15 0.00000000E+00
1.0603E+03 1.94092658E-15 0.00000000E+00
1.0838E+03 2.90252692E-15 0.00000000E+00
1.1074E+03 3.50409878E-15 0.00000000E+00
1.1310E+03 4.65884436E-15 0.00000000E+00
1.1545E+03 7.28794033E-15 0.00000000E+00
1.1781E+03 9.50297369E-15 0.00000000E+00
1.2017E+03 1.13993343E-14 0.00000000E+00
1.2252E+03 1.70353496E-14 0.00000000E+00
1.2488E+03 2.44781793E-14 0.00000000E+00
1.2723E+03 2.88850050E-14 0.00000000E+00
1.2959E+03 3.84160667E-14 0.00000000E+00
1.3195E+03 5.83096827E-14 0.00000000E+00
1.3430E+03 7.32996975E-14 0.00000000E+00
1.3666E+03 8.74320353E-14 0.00000000E+00
1.3902E+03 1.28964715E-13 0.00000000E+00
1.4137E+03 1.78109670E-13 0.00000000E+00
1.4373E+03 2.05850063E-13 0.00000000E+00
1.4608E+03 2.73738044E-13 0.00000000E+00
1.4844E+03 4.03204032E-13 0.00000000E+00
1.5080E+03 4.90374704E-13 0.00000000E+00
1.5315E+03 5.83547196E-13 0.00000000E+00
1.5551E+03 8.49461953E-13 0.00000000E+00
1.5787E+03 1.13034485E-12 0.00000000E+00
1.6022E+03 1.28506143E-12 0.00000000E+00
1.6258E+03 1.70877280E-12 0.00000000E+00
1.6493E+03 2.44075325E-12 0.00000000E+00
1.6729E+03 2.87948283E-12 0.00000000E+00
1.6965E+03 3.42423065E-12 0.00000000E+00
1.7200E+03 4.90545056E-12 0.00000000E+00
1.7436E+03 6.29301127E-12 0.00000000E+00
1.7671E+03 7.05766950E-12 0.00000000E+00
1.7907E+03 9.36507473E-12 0.00000000E+00
1.8143E+03 1.29521152E-11 0.00000000E+00
1.8378E+03 1.48560703E-11 0.00000000E+00
1.8614E+03 1.76650427E-11 0.00000000E+00
1.8850E+03 2.48348157E-11 0.00000000E+00
1.9085E+03 3.07395731E-11 0.00000000E+00
1.9321E+03 3.40937844E-11 0.00000000E+00
1.9556E+03 4.50540465E-11 0.00000000E+00
1.9792E+03 6.02770284E-11 0.00000000E+00
2.0028E+03 6.73861639E-11 0.00000000E+00
2.0263E+03 8.01586579E-11 0.00000000E+00
2.0499E+03 1.10344962E-10 0.00000000E+00
2.0735E+03 1.31945732E-10 0.00000000E+00
2.0970E+03 1.45091110E-10 0.00000000E+00
2.1206E+03 1.90570695E-10 0.00000000E+00
2.1441E+03 2.46520445E-10 0.00000000E+00
2.1677E+03 2.69334949E-10 0.00000000E+00
2.1913E+03 3.20565100E-10 0.00000000E+00
2.2148E+03 4.31210967E-10 0.00000000E+00
2.2384E+03 4.98865166E-10 0.00000000E+00
2.2619E+03 5.45126238E-10 0.00000000E+00
2.2855E+03 7.10145827E-10 0.00000000E+00
2.3091E+03 8.88014048E-10 0.00000000E+00
2.3326E+03 9.50752882E-10 0.00000000E+00
2.3562E+03 1.13198617E-09 0.00000000E+00
2.3798E+03 1.48523347E-09 0.00000000E+00
2.4033E+03 1.66524692E-09 0.00000000E+00
2.4269E+03 1.81197889E-09 0.00000000E+00
2.4504E+03 2.33618057E-09 0.00000000E+00
2.4740E+03 2.82415588E-09 0.00000000E+00
2.4976E+03 2.97139564E-09 0.00000000E+00
2.5211E+03 3.53728002E-09 0.00000000E+00
2.5447E+03 4.52010947E-09 0.00000000E+00
2.5683E+03 4.92131870E-09 0.00000000E+00
2.5918E+03 5.34218919E-09 0.00000000E+00
2.6154E+03 6.80265503E-09 0.00000000E+00
2.6389E+03 7.95351279E-09 0.00000000E+00
2.6625E+03 8.24721772E-09 0.00000000E+00
2.6861E+03 9.80936112E-09 0.00000000E+00
2.7096E+03 1.21936904E-08 0.00000000E+00
2.7332E+03 1.29210345E-08 0.00000000E+00
2.7567E+03 1.40154067E-08 0.00000000E+00
2.7803E+03 1.75921834E-08 0.00000000E+00
2.8039E+03 1.99085669E-08 0.00000000E+00
2.8274E+03 2.04052899E-08 0.00000000E+00
2.8510E+03 2.42269840E-08 0.00000000E+00
2.8746E+03 2.92714095E-08 0.00000000E+00
2.8981E+03 3.02649312E-08 0.00000000E+00
2.9217E+03 3.28487541E-08 0.00000000E+00
2.9452E+03 4.05695729E-08 0.00000000E+00
2.9688E+03 4.44901854E-08 0.00000000E+00
2.9924E+03 4.52075070E-08 0.00000000E+00
3.0159E+03 5.35200796E-08 0.00000000E+00
3.0395E+03 6.28214144E-08 0.00000000E+00
3.0631E+03 6.35580007E-08 0.00000000E+00
3.0866E+03 6.91045889E-08 0.00000000E+00
3.1102E+03 8.38414128E-08 0.00000000E+00
3.1337E+03 8.92377380E-08 0.00000000E+00
3.1573E+03 9.01621708E-08 0.00000000E+00
3.1809E+03 1.06305183E-07 0.00000000E+00
3.2044E+03 1.21218988E-07 0.00000000E+00
3.2280E+03 1.20381735E-07 0.00000000E+00
3.2515E+03 1.31225633E-07 0.00000000E+00
3.2751E+03 1.56191854E-07 0.00000000E+00
3.2987E+03 1.61677478E-07 0.00000000E+00
3.3222E+03 1.62895882E-07 0.00000000E+00
3.3458E+03 1.91031674E-07 0.00000000E+00
3.3694E+03 2.11702426E-07 0.00000000E+00
3.3929E+03 2.07070661E-07 0.00000000E+00
3.4165E+03 2.26425591E-07 0.00000000E+00
3.4400E+03 2.64126603E-07 0.00000000E+00
3.4636E+03 2.66549063E-07 0.00000000E+00
3.4872E+03 2.68538085E-07 0.00000000E+00
3.5107E+03 3.12822721E-07 0.00000000E+00
3.5343E+03 3.37224864E-07 0.00000000E+00
3.5579E+03 3.26041000E-07 0.00000000E+00
3.5814E+03 3.57691007E-07 0.00000000E+00
3.6050E+03 4.08667935E-07 0.00000000E+00
3.6285E+03 4.03247406E-07 0.00000000E+00
3.6521E+03 4.07219981E-07 0.00000000E+00
3.6757E+03 4.70622716E-07 0.00000000E+00
3.6992E+03 4.94218761E-07 0.00000000E+00
3.7228E+03 4.74042080E-07 0.00000000E+00
3.7463E+03 5.21689979E-07 0.00000000E+00
3.7699E+03 5.83681900E-07 0.00000000E+00
3.7935E+03 5.64981977E-07 0.00000000E+00
3.8170E+03 5.73066202E-07 0.00000000E+00
3.8406E+03 6.56316754E-07 0.00000000E+00
3.8642E+03 6.72711908E-07 0.00000000E+00
3.8877E+03 6.42407597E-07 0.00000000E+00
3.9113E+03 7.08858973E-07 0.00000000E+00
3.9348E+03 7.76892555E-07 0.00000000E+00
3.9584E+03 7.40285409E-07 0.00000000E+00
3.9820E+03 7.55341196E-07 0.00000000E+00
4.0055E+03 8.56498070E-07 0.00000000E+00
4.0291E+03 8.58899993E-07 0.00000000E+00
4.0527E+03 8.19248171E-07 0.00000000E+00
4.0762E+03 9.05741391E-07 0.00000000E+00
4.0998E+03 9.73161615E-07 0.00000000E+00
4.1233E+03 9.16104214E-07 0.00000000E+00
4.1469E+03 9.41190814E-07 0.00000000E+00
4.1705E+03 1.05601752E-06 0.00000000E+00
4.1940E+03 1.03883549E-06 0.00000000E+00
4.2176E+03 9.92454930E-07 0.00000000E+00
4.2412E+03 1.09840433E-06 0.00000000E+00
4.2647E+03 1.15835412E-06 0.00000000E+00
4.2883E+03 1.08091877E-06 0.00000000E+00
4.3118E+03 1.11864877E-06 0.00000000E+00
4.3354E+03 1.24157272E-06 0.00000000E+00
4.3590E+03 1.20147484E-06 0.00000000E+00
4.3825E+03 1.15216516E-06 0.00000000E+00
4.4061E+03 1.27537734E-06 0.00000000E+00
4.4296E+03 1.32207831E-06 0.00000000E+00
4.4532E+03 1.22664530E-06 0.00000000E+00
4.4768E+03 1.27870871E-06 0.00000000E+00
4.5003E+03 1.40390389E-06 0.00000000E+00
4.5239E+03 1.34004372E-06 0.00000000E+00
4.5475E+03 1.29192578E-06 0.00000000E+00
4.5710E+03 1.42912469E-06 0.00000000E+00
4.5946E+03 1.45855069E-06 0.00000000E+00
4.6181E+03 1.34899015E-06 0.00000000E+00
4.6417E+03 1.41599263E-06 0.00000000E+00
4.6653E+03 1.53818966E-06 0.00000000E+00
4.6888E+03 1.45176825E-06 0.00000000E+00
4.7124E+03 1.40858996E-06 0.00000000E+00
4.7360E+03 1.55599641E-06 0.00000000E+00
4.7595E+03 1.56591940E-06 0.00000000E+00
4.7831E+03 1.44670914E-06 0.00000000E+00
4.8066E+03 1.52828391E-06 0.00000000E+00
4.8302E+03 1.64315465E-06 0.00000000E+00
4.8538E+03 1.53670517E-06 0.00000000E+00
4.8773E+03 1.50147802E-06 0.00000000E+00
4.9009E+03 1.65525310E-06 0.00000000E+00
4.9244E+03 1.64490133E-06 0.00000000E+00
4.9480E+03 1.52048015E-06 0.00000000E+00
4.9716E+03 1.61553409E-06 0.00000000E+00
4.9951E+03 1.71972405E-06 0.00000000E+00
5.0187E+03 1.59645446E-06 0.00000000E+00
5.0423E+03 1.57138548E-06 0.00000000E+00
5.0658E+03 1.72787903E-06 0.00000000E+00
5.0894E+03 1.69749072E-06 0.00000000E+00
5.1129E+03 1.57192441E-06 0.00000000E+00
5.1365E+03 1.67889316E-06 0.00000000E+00
5.1601E+03 1.76987480E-06 0.00000000E+00
5.1836E+03 1.63322863E-06 0.00000000E+00
5.2072E+03 1.61982524E-06 0.00000000E+00
5.2308E+03 1.77567657E-06 0.00000000E+00
5.2543E+03 1.72613692E-06 0.00000000E+00
5.2779E+03 1.60302891E-06 0.00000000E+00
5.3014E+03 1.72008351E-06 0.00000000E+00
5.3250E+03 1.79598712E-06 0.00000000E+00
5.3486E+03 1.64942708E-06 0.00000000E+00
5.3721E+03 1.64866152E-06 0.00000000E+00
5.3957E+03 1.80083325E-06 0.00000000E+00
5.4192E+03 1.73345627E-06 0.00000000E+00
5.4428E+03 1.61598725E-06 0.00000000E+00
5.4664E+03 1.74118494E-06 0.00000000E+00
5.4899E+03 1.80068469E-06 0.00000000E+00
5.5135E+03 1.64762046E-06 0.00000000E+00
5.5371E+03 1.66007739E-06 0.00000000E+00
5.5606E+03 1.80587409E-06 0.00000000E+00
5.5842E+03 1.72229776E-06 0.00000000E+00
5.6077E+03 1.61328951E-06 0.00000000E+00
5.6313E+03 1.74467074E-06 0.00000000E+00
5.6549E+03 1.78692633E-06 0.00000000E+00
5.6784E+03 1.63069127E-06 0.00000000E+00
5.7020E+03 1.65665565E-06 0.00000000E+00
5.7256E+03 1.79373500E-06 0.00000000E+00
5.7491E+03 1.69586434E-06 0.00000000E+00
5.7727E+03 1.59780227E-06 0.00000000E+00
5.7962E+03 1.73343276E-06 0.00000000E+00
5.8198E+03 1.75805202E-06 0.00000000E+00
5.8434E+03 1.60186461E-06 0.00000000E+00
5.8669E+03 1.64133803E-06 0.00000000E+00
5.8905E+03 1.76770296E-06 0.00000000E+00
5.9140E+03 1.65765183E-06 0.00000000E+00
5.9376E+03 1.57264924E-06 0.00000000E+00
5.9612E+03 1.71061261E-06 0.00000000E+00
5.9847E+03 1.71760652E-06 0.00000000E+00
6.0083E+03 1.56449901E-06 0.00000000E+00
6.0319E+03 1.61716188E-06 0.00000000E+00
6.0554E+03 1.73112902E-06 0.00000000E+00
6.0790E+03 1.61114621E-06 0.00000000E+00
6.1025E+03 1.54087270E-06 0.00000000E+00
6.1261E+03 1.67923363E-06 0.00000000E+00
6.1497E+03 1.66895878E-06 0.00000000E+00
6.1732E+03 1.52169245E-06 0.00000000E+00
6.1968E+03 1.58685077E-06 0.00000000E+00
6.2204E+03 1.68700889E-06 0.00000000E+00
6.2439E+03 1.55940290E-06 0.00000000E+00
6.2675E+03 1.50502027E-06 0.00000000E+00
6.2910E+03 1.64179333E-06 0.00000000E+00
6.3146E+03 1.61489891E-06 0.00000000E+00
6.3382E+03 1.47590144E-06 0.00000000E+00
6.3617E+03 1.55246450E-06 0.00000000E+00
6.3853E+03 1.63765057E-06 0.00000000E+00
6.4088E+03 1.50473881E-06 0.00000000E+00
6.4324E+03 1.46688585E-06 0.00000000E+00
6.4560E+03 1.60004542E-06 0.00000000E+00
6.4795E+03 1.55744635E-06 0.00000000E+00
6.5031E+03 1.42879729E-06 0.00000000E+00
6.5267E+03 1.51531651E-06 0.00000000E+00
6.5502E+03 1.58462916E-06 0.00000000E+00
6.5738E+03 1.44872322E-06 0.00000000E+00
6.5973E+03 1.42756150E-06 0.00000000E+00
6.6209E+03 1.55510379E-06 0.00000000E+00
6.6445E+03 1.49798196E-06 0.00000000E+00
6.6680E+03 1.38143952E-06 0.00000000E+00
6.6916E+03 1.47620053E-06 0.00000000E+00
6.7152E+03 1.52904253E-06 0.00000000E+00
6.7387E+03 1.39245125E-06 0.00000000E+00
6.7623E+03 1.38774524E-06 0.00000000E+00
6.7858E+03 1.50777784E-06 0.00000000E+00
6.8094E+03 1.43758690E-06 0.00000000E+00
6.8330E+03 1.33462063E-06 0.00000000E+00
6.8565E+03 1.43574861E-06 0.00000000E+00
6.8801E+03 1.47186658E-06 0.00000000E+00
6.9036E+03 1.33688375E-06 0.00000000E+00
6.9272E+03 1.34807062E-06 0.00000000E+00
6.9508E+03 1.45888913E-06 0.00000000E+00
6.9743E+03 1.37733593E-06 0.00000000E+00
6.9979E+03 1.28913064E-06 0.00000000E+00
7.0215E+03 1.39466828E-06 0.00000000E+00
7.0450E+03 1.41416011E-06 0.00000000E+00
7.0686E+03 1.28301596E-06 0.00000000E+00
7.0921E+03 1.30923746E-06 0.00000000E+00
7.1157E+03 1.40936410E-06 0.00000000E+00
7.1393E+03 1.31834950E-06 0.00000000E+00
7.1628E+03 1.24577103E-06 0.00000000E+00
7.1864E+03 1.35371327E-06 0.00000000E+00
7.2100E+03 1.35699864E-06 0.00000000E+00
7.2335E+03 1.23178145E-06 0.00000000E+00
7.2571E+03 1.27187970E-06 0.00000000E+00
7.2806E+03 1.36006119E-06 0.00000000E+00
7.3042E+03 1.26160020E-06 0.00000000E+00
7.3278E+03 1.20514412E-06 0.00000000E+00
7.3513E+03 1.31344569E-06 0.00000000E+00
7.3749E+03 1.30121516E-06 0.00000000E+00
7.3985E+03 1.18379421E-06 0.00000000E+00
7.4220E+03 1.23630664E-06 0.00000000E+00
7.4456E+03 1.31150401E-06 0.00000000E+00
7.4691E+03 1.20765491E-06 0.00000000E+00
7.4927E+03 1.16742073E-06 0.00000000E+00
7.5163E+03 1.27401545E-06 0.00000000E+00
7.5398E+03 1.24719185E-06 0.00000000E+00
7.5634E+03 1.13917621E-06 0.00000000E+00
7.5869E+03 1.20236713E-06 0.00000000E+00
7.6105E+03 1.26376523E-06 0.00000000E+00
7.6341E+03 1.15659128E-06 0.00000000E+00
7.6576E+03 1.13230644E-06 0.00000000E+00
7.6812E+03 1.23516298E-06 0.00000000E+00
7.7048E+03 1.19489160E-06 0.00000000E+00
7.7283E+03 1.09763496E-06 0.00000000E+00
7.7519E+03 1.16957439E-06 0.00000000E+00
7.7754E+03 1.21662010E-06 0.00000000E+00
7.7990E+03 1.10818164E-06 0.00000000E+00
7.8226E+03 1.09926793E-06 0.00000000E+00
7.8461E+03 1.19647597E-06 0.00000000E+00
7.8697E+03 1.14413086E-06 0.00000000E+00
7.8933E+03 1.05876022E-06 0.00000000E+00
7.9168E+03 1.13742703E-06 0.00000000E+00
7.9404E+03 1.16987647E-06 0.00000000E+00
7.9639E+03 1.06222716E-06 0.00000000E+00
7.9875E+03 1.06787466E-06 0.00000000E+00
8.0111E+03 1.15773078E-06 0.00000000E+00
8.0346E+03 1.09491000E-06 0.00000000E+00
8.0582E+03 1.02234154E-06 0.00000000E+00
8.0817E+03 1.10571107E-06 0.00000000E+00
8.1053E+03 1.12365334E-06 0.00000000E+00
8.1289E+03 1.01880879E-06 0.00000000E+00
8.1524E+03 1.03801872E-06 0.00000000E+00
8.1760E+03 1.11907641E-06 0.00000000E+00
8.1996E+03 1.04756177E-06 0.00000000E+00
8.2231E+03 9.88478619E-07 0.00000000E+00
8.2467E+03 1.07456538E-06 0.00000000E+00
8.2702E+03 1.07840401E-06 0.00000000E+00
8.2938E+03 9.78273640E-07 0.00000000E+00
8.3174E+03 1.00985788E-06 0.00000000E+00
8.3409E+03 1.08093124E-06 0.00000000E+00
8.3645E+03 1.00261419E-06 0.00000000E+00
8.3881E+03 9.57414165E-07 0.00000000E+00
8.4116E+03 1.04427466E-06 0.00000000E+00
8.4352E+03 1.03467732E-06 0.00000000E+00
8.4587E+03 9.40982280E-07 0.00000000E+00
8.4823E+03 9.83543427E-07 0.00000000E+00
8.5059E+03 1.04368561E-06 0.00000000E+00
8.5294E+03 9.60488097E-07 0.00000000E+00
8.5530E+03 9.29237233E-07 0.00000000E+00
8.5765E+03 1.01496567E-06 0.00000000E+00
8.6001E+03 9.92812236E-07 0.00000000E+00
8.6237E+03 9.07025313E-07 0.00000000E+00
8.6472E+03 9.58955986E-07 0.00000000E+00
8.6708E+03 1.00744471E-06 0.00000000E+00
8.6944E+03 9.21264756E-07 0.00000000E+00
8.7179E+03 9.03690954E-07 0.00000000E+00
8.7415E+03 9.86440103E-07 0.00000000E+00
8.7650E+03 9.52793637E-07 0.00000000E+00
8.7886E+03 8.76123353E-07 0.00000000E+00
8.8122E+03 9.35649087E-07 0.00000000E+00
8.8357E+03 9.71998711E-07 0.00000000E+00
8.8593E+03 8.84691202E-07 0.00000000E+00
8.8829E+03 8.80226668E-07 0.00000000E+00
8.9064E+03 9.58263845E-07 0.00000000E+00
8.9300E+03 9.14366796E-07 0.00000000E+00
8.9535E+03 8.47779541E-07 0.00000000E+00
8.9771E+03 9.13039463E-07 0.00000000E+00
9.0007E+03 9.37033680E-07 0.00000000E+00
9.0242E+03 8.50411270E-07 0.00000000E+00
9.0478E+03 8.58262154E-07 0.00000000E+00
9.0713E+03 9.30041732E-07 0.00000000E+00
9.0949E+03 8.77316998E-07 0.00000000E+00
9.1185E+03 8.21566955E-07 0.00000000E+00
9.1420E+03 8.90700168E-07 0.00000000E+00
9.1656E+03 9.02418633E-07 0.00000000E+00
9.1892E+03 8.18242118E-07 0.00000000E+00
9.2127E+03 8.37447553E-07 0.00000000E+00
9.2363E+03 9.01666277E-07 0.00000000E+00
9.2598E+03 8.41695384E-07 0.00000000E+00
9.2834E+03 7.97329757E-07 0.00000000E+00
9.3070E+03 8.68532696E-07 0.00000000E+00
9.3305E+03 8.68345980E-07 0.00000000E+00
9.3541E+03 7.88283205E-07 0.00000000E+00
9.3777E+03 8.17738535E-07 0.00000000E+00
9.4012E+03 8.73352203E-07 0.00000000E+00
9.4248E+03 8.07820431E-07 0.00000000E+00
9.4483E+03 7.75151600E-07 0.00000000E+00
9.4719E+03 8.46695931E-07 0.00000000E+00
9.4955E+03 8.35226679E-07 0.00000000E+00
9.5190E+03 7.60787387E-07 0.00000000E+00
9.5426E+03 7.99237925E-07 0.00000000E+00
9.5661E+03 8.45446339E-07 0.00000000E+00
9.5897E+03 7.76071131E-07 0.00000000E+00
9.6133E+03 7.55137335E-07 0.00000000E+00
9.6368E+03 8.25367014E-07 0.00000000E+00
9.6604E+03 8.03438051E-07 0.00000000E+00
9.6840E+03 7.35913112E-07 0.00000000E+00
9.7075E+03 7.81947456E-07 0.00000000E+00
9.7311E+03 8.18172716E-07 0.00000000E+00
9.7546E+03 7.46642896E-07 0.00000000E+00
9.7782E+03 7.37189403E-07 0.00000000E+00
9.8018E+03 8.04525806E-07 0.00000000E+00
9.8253E+03 7.73119824E-07 0.00000000E+00
9.8489E+03 7.13551093E-07 0.00000000E+00
9.8725E+03 7.65621617E-07 0.00000000E+00
9.8960E+03 7.91502107E-07 0.00000000E+00
9.9196E+03 7.19445600E-07 0.00000000E+00
9.9431E+03 7.20944988E-07 0.00000000E+00
9.9667E+03 7.83917890E-07 0.00000000E+00
9.9903E+03 7.44159666E-07 0.00000000E+00
1.0014E+04 6.93346897E-07 0.00000000E+00
1.0037E+04 7.49824764E-07 0.00000000E+00
1.0061E+04 7.65229517E-07 0.00000000E+00
1.0085E+04 6.94206452E-07 0.00000000E+00
1.0108E+04 7.05911578E-07 0.00000000E+00
1.0132E+04 7.63211001E-07 0.00000000E+00
1.0155E+04 7.16362800E-07 0.00000000E+00
1.0179E+04 6.74890606E-07 0.00000000E+00
1.0202E+04 7.34137792E-07 0.00000000E+00
1.0226E+04 7.39185605E-07 0.00000000E+00
1.0249E+04 6.70685399E-07 0.00000000E+00
1.0273E+04 6.91688232E-07 0.00000000E+00
1.0297E+04 7.42213648E-07 0.00000000E+00
1.0320E+04 6.89661715E-07 0.00000000E+00
1.0344E+04 6.57918578E-07 0.00000000E+00
1.0367E+04 7.18347923E-07 0.00000000E+00
1.0391E+04 7.13408570E-07 0.00000000E+00
1.0414E+04 6.48828568E-07 0.00000000E+00
1.0438E+04 6.78098386E-07 0.00000000E+00
1.0462E+04 7.20982854E-07 0.00000000E+00
1.0485E+04 6.64199839E-07 0.00000000E+00
1.0509E+04 6.42372886E-07 0.00000000E+00
1.0532E+04 7.02479093E-07 0.00000000E+00
1.0556E+04 6.88147334E-07 0.00000000E+00
1.0579E+04 6.28749262E-07 0.00000000E+00
1.0603E+04 6.65144600E-07 0.00000000E+00
1.0626E+04 6.99750840E-07 0.00000000E+00
1.0650E+04 6.40239576E-07 0.00000000E+00
1.0674E+04 6.28292902E-07 0.00000000E+00
1.0697E+04 6.86660555E-07 0.00000000E+00
1.0721E+04 6.63713554E-07 0.00000000E+00
1.0744E+04 6.10574679E-07 0.00000000E+00
1.0768E+04 6.52845186E-07 0.00000000E+00
1.0791E+04 6.78748591E-07 0.00000000E+00
1.0815E+04 6.17986716E-07 0.00000000E+00
1.0838E+04 6.15645609E-07 0.00000000E+00
1.0862E+04 6.70953829E-07 0.00000000E+00
1.0886E+04 6.40310758E-07 0.00000000E+00
1.0909E+04 5.94291559E-07 0.00000000E+00
1.0933E+04 6.41091433E-07 0.00000000E+00
1.0956E+04 6.58068046E-07 0.00000000E+00
1.0980E+04 5.97470385E-07 0.00000000E+00
1.1003E+04 6.04229772E-07 0.00000000E+00
1.1027E+04 6.55269850E-07 0.00000000E+00
1.1051E+04 6.17965813E-07 0.00000000E+00
1.1074E+04 5.79704814E-07 0.00000000E+00
1.1098E+04 6.29628904E-07 0.00000000E+00
1.1121E+04 6.37656347E-07 0.00000000E+00
1.1145E+04 5.78558349E-07 0.00000000E+00
1.1168E+04 5.93717507E-07 0.00000000E+00
1.1192E+04 6.39425702E-07 0.00000000E+00
1.1215E+04 5.96598087E-07 0.00000000E+00
1.1239E+04 5.66527274E-07 0.00000000E+00
1.1263E+04 6.18163352E-07 0.00000000E+00
1.1286E+04 6.17428108E-07 0.00000000E+00
1.1310E+04 5.61078839E-07 0.00000000E+00
1.1333E+04 5.83787601E-07 0.00000000E+00
1.1357E+04 6.23280333E-07 0.00000000E+00
1.1380E+04 5.76154114E-07 0.00000000E+00
1.1404E+04 5.54516680E-07 0.00000000E+00
1.1428E+04 6.06495291E-07 0.00000000E+00
1.1451E+04 5.97391304E-07 0.00000000E+00
1.1475E+04 5.44939398E-07 0.00000000E+00
1.1498E+04 5.74236173E-07 0.00000000E+00
1.1522E+04 6.06831148E-07 0.00000000E+00
1.1545E+04 5.56690418E-07 0.00000000E+00
1.1569E+04 5.43546108E-07 0.00000000E+00
1.1592E+04 5.94573178E-07 0.00000000E+00
1.1616E+04 5.77682580E-07 0.00000000E+00
1.1640E+04 5.30148501E-07 0.00000000E+00
1.1663E+04 5.64981842E-07 0.00000000E+00
1.1687E+04 5.90199697E-07 0.00000000E+00
1.1710E+04 5.38345809E-07 0.00000000E+00
1.1734E+04 5.33564889E-07 0.00000000E+00
1.1757E+04 5.82437564E-07 0.00000000E+00
1.1781E+04 5.58498360E-07 0.00000000E+00
1.1805E+04 5.16741629E-07 0.00000000E+00
1.1828E+04 5.55983105E-07 0.00000000E+00
1.1852E+04 5.73537789E-07 0.00000000E+00
1.1875E+04 5.21246173E-07 0.00000000E+00
1.1899E+04 5.24505226E-07 0.00000000E+00
1.1922E+04 5.70122502E-07 0.00000000E+00
1.1946E+04 5.39995481E-07 0.00000000E+00
1.1969E+04 5.04691238E-07 0.00000000E+00
1.1993E+04 5.47153069E-07 0.00000000E+00
1.2017E+04 5.56942588E-07 0.00000000E+00
1.2040E+04 5.05430040E-07 0.00000000E+00
1.2064E+04 5.16221735E-07 0.00000000E+00
1.2087E+04 5.57600278E-07 0.00000000E+00
1.2111E+04 5.22243499E-07 0.00000000E+00
1.2134E+04 4.93876112E-07 0.00000000E+00
1.2158E+04 5.38340880E-07 0.00000000E+00
1.2182E+04 5.40443741E-07 0.00000000E+00
1.2205E+04 4.90848963E-07 0.00000000E+00
1.2229E+04 5.08507797E-07 0.00000000E+00
1.2252E+04 5.44804606E-07 0.00000000E+00
1.2276E+04 5.05254779E-07 0.00000000E+00
1.2299E+04 4.84125049E-07 0.00000000E+00
1.2323E+04 5.29383988E-07 0.00000000E+00
1.2346E+04 5.24057717E-07 0.00000000E+00
1.2370E+04 4.77428561E-07 0.00000000E+00
1.2394E+04 5.01163958E-07 0.00000000E+00
1.2417E+04 5.31698536E-07 0.00000000E+00
1.2441E+04 4.89051543E-07 0.00000000E+00
1.2464E+04 4.75286637E-07 0.00000000E+00
1.2488E+04 5.20175480E-07 0.00000000E+00
1.2511E+04 5.07848470E-07 0.00000000E+00
1.2535E+04 4.65126078E-07 0.00000000E+00
1.2559E+04 4.94050891E-07 0.00000000E+00
1.2582E+04 5.18317181E-07 0.00000000E+00
1.2606E+04 4.73700397E-07 0.00000000E+00
1.2629E+04 4.67257710E-07 0.00000000E+00
1.2653E+04 5.10681184E-07 0.00000000E+00
1.2676E+04 4.91932822E-07 0.00000000E+00
1.2700E+04 4.53929204E-07 0.00000000E+00
1.2723E+04 4.87079039E-07 0.00000000E+00
1.2747E+04 5.04744579E-07 0.00000000E+00
1.2771E+04 4.59282292E-07 0.00000000E+00
1.2794E+04 4.59948987E-07 0.00000000E+00
1.2818E+04 5.00895485E-07 0.00000000E+00
1.2841E+04 4.76429051E-07 0.00000000E+00
1.2865E+04 4.43805042E-07 0.00000000E+00
1.2888E+04 4.80154916E-07 0.00000000E+00
1.2912E+04 4.91054122E-07 0.00000000E+00
1.2936E+04 4.45835339E-07 0.00000000E+00
1.2959E+04 4.53233445E-07 0.00000000E+00
1.2983E+04 4.90788814E-07 0.00000000E+00
1.3006E+04 4.61406401E-07 0.00000000E+00
1.3030E+04 4.34660009E-07 0.00000000E+00
1.3053E+04 4.73147675E-07 0.00000000E+00
1.3077E+04 4.77277383E-07 0.00000000E+00
1.3100E+04 4.33333540E-07 0.00000000E+00
1.3124E+04 4.46937631E-07 0.00000000E+00
1.3148E+04 4.80304079E-07 0.00000000E+00
1.3171E+04 4.46887781E-07 0.00000000E+00
1.3195E+04 4.26355786E-07 0.00000000E+00
1.3218E+04 4.65913934E-07 0.00000000E+00
1.3242E+04 4.63432345E-07 0.00000000E+00
1.3265E+04 4.21723724E-07 0.00000000E+00
1.3289E+04 4.40888651E-07 0.00000000E+00
1.3312E+04 4.69406298E-07 0.00000000E+00
1.3336E+04 4.32901862E-07 0.00000000E+00
1.3360E+04 4.18768286E-07 0.00000000E+00
1.3383E+04 4.58359062E-07 0.00000000E+00
1.3407E+04 4.49582301E-07 0.00000000E+00
1.3430E+04 4.10985369E-07 0.00000000E+00
1.3454E+04 4.34974439E-07 0.00000000E+00
1.3477E+04 4.58137398E-07 0.00000000E+00
1.3501E+04 4.19532922E-07 0.00000000E+00
1.3525E+04 4.11834552E-07 0.00000000E+00
1.3548E+04 4.50476529E-07 0.00000000E+00
1.3572E+04 4.35865663E-07 0.00000000E+00
1.3595E+04 4.01154115E-07 0.00000000E+00
1.3619E+04 4.29158649E-07 0.00000000E+00
1.3642E+04 4.46618650E-07 0.00000000E+00
1.3666E+04 4.06914236E-07 0.00000000E+00
1.3689E+04 4.05538290E-07 0.00000000E+00
1.3713E+04 4.42320661E-07 0.00000000E+00
1.3737E+04 4.22457514E-07 0.00000000E+00
1.3760E+04 3.92277467E-07 0.00000000E+00
1.3784E+04 4.23427198E-07 0.00000000E+00
1.3807E+04 4.34985609E-07 0.00000000E+00
1.3831E+04 3.95158566E-07 0.00000000E+00
1.3854E+04 3.99837986E-07 0.00000000E+00
1.3878E+04 4.33926873E-07 0.00000000E+00
1.3902E+04 4.09485785E-07 0.00000000E+00
1.3925E+04 3.84334956E-07 0.00000000E+00
1.3949E+04 4.17708898E-07 0.00000000E+00
1.3972E+04 4.23306461E-07 0.00000000E+00
1.3996E+04 3.84283205E-07 0.00000000E+00
1.4019E+04 3.94601877E-07 0.00000000E+00
1.4043E+04 4.25249950E-07 0.00000000E+00
1.4066E+04 3.96976014E-07 0.00000000E+00
1.4090E+04 3.77198062E-07 0.00000000E+00
1.4114E+04 4.11846868E-07 0.00000000E+00
1.4137E+04 4.11560257E-07 0.00000000E+00
1.4161E+04 3.74202477E-07 0.00000000E+00
1.4184E+04 3.89617666E-07 0.00000000E+00
1.4208E+04 4.16183431E-07 0.00000000E+00
1.4231E+04 3.84880737E-07 0.00000000E+00
1.4255E+04 3.70676203E-07 0.00000000E+00
1.4279E+04 4.05657189E-07 0.00000000E+00
1.4302E+04 3.99702050E-07 0.00000000E+00
1.4326E+04 3.64803326E-07 0.00000000E+00
1.4349E+04 3.84679953E-07 0.00000000E+00
1.4373E+04 4.06651769E-07 0.00000000E+00
1.4396E+04 3.73174589E-07 0.00000000E+00
1.4420E+04 3.64618046E-07 0.00000000E+00
1.4443E+04 3.99032610E-07 0.00000000E+00
1.4467E+04 3.87763834E-07 0.00000000E+00
1.4491E+04 3.56044721E-07 0.00000000E+00
1.4514E+04 3.79687515E-07 0.00000000E+00
1.4538E+04 3.96700582E-07 0.00000000E+00
1.4561E+04 3.61936522E-07 0.00000000E+00
1.4585E+04 3.58986119E-07 0.00000000E+00
1.4608E+04 3.92006131E-07 0.00000000E+00
1.4632E+04 3.75905516E-07 0.00000000E+00
1.4656E+04 3.47997097E-07 0.00000000E+00
1.4679E+04 3.74668721E-07 0.00000000E+00
1.4703E+04 3.86506013E-07 0.00000000E+00
1.4726E+04 3.51345764E-07 0.00000000E+00
1.4750E+04 3.53838754E-07 0.00000000E+00
1.4773E+04 3.84715401E-07 0.00000000E+00
1.4797E+04 3.64364746E-07 0.00000000E+00
1.4820E+04 3.40781233E-07 0.00000000E+00
1.4844E+04 3.69705671E-07 0.00000000E+00
1.4868E+04 3.76283989E-07 0.00000000E+00
1.4891E+04 3.41583575E-07 0.00000000E+00
1.4915E+04 3.49224679E-07 0.00000000E+00
1.4938E+04 3.77285736E-07 0.00000000E+00
1.4962E+04 3.53334324E-07 0.00000000E+00
1.4985E+04 3.34447297E-07 0.00000000E+00
1.5009E+04 3.64810558E-07 0.00000000E+00
1.5033E+04 3.66163285E-07 0.00000000E+00
1.5056E+04 3.32713277E-07 0.00000000E+00
1.5080E+04 3.45072102E-07 0.00000000E+00
1.5103E+04 3.69722132E-07 0.00000000E+00
1.5127E+04 3.42862540E-07 0.00000000E+00
1.5150E+04 3.28892545E-07 0.00000000E+00
1.5174E+04 3.59856289E-07 0.00000000E+00
1.5197E+04 3.56125640E-07 0.00000000E+00
1.5221E+04 3.24638963E-07 0.00000000E+00
1.5245E+04 3.41168779E-07 0.00000000E+00
1.5268E+04 3.61902816E-07 0.00000000E+00
1.5292E+04 3.32861808E-07 0.00000000E+00
1.5315E+04 3.23892558E-07 0.00000000E+00
1.5339E+04 3.54625918E-07 0.00000000E+00
1.5362E+04 3.46066985E-07 0.00000000E+00
1.5386E+04 3.17183302E-07 0.00000000E+00
1.5410E+04 3.37258201E-07 0.00000000E+00
1.5433E+04 3.53685869E-07 0.00000000E+00
1.5457E+04 3.23223411E-07 0.00000000E+00
1.5480E+04 3.19227928E-07 0.00000000E+00
1.5504E+04 3.48947481E-07 0.00000000E+00
1.5527E+04 3.35933753E-07 0.00000000E+00
1.5551E+04 3.10225896E-07 0.00000000E+00
1.5574E+04 3.33180054E-07 0.00000000E+00
1.5598E+04 3.45046242E-07 0.00000000E+00
1.5622E+04 3.13947971E-07 0.00000000E+00
1.5645E+04 3.14808381E-07 0.00000000E+00
1.5669E+04 3.42809105E-07 0.00000000E+00
1.5692E+04 3.25825779E-07 0.00000000E+00
1.5716E+04 3.03792936E-07 0.00000000E+00
1.5739E+04 3.28944881E-07 0.00000000E+00
1.5763E+04 3.36133784E-07 0.00000000E+00
1.5787E+04 3.05186887E-07 0.00000000E+00
1.5810E+04 3.10695859E-07 0.00000000E+00
1.5834E+04 3.36361840E-07 0.00000000E+00
1.5857E+04 3.15981150E-07 0.00000000E+00
1.5881E+04 2.98024875E-07 0.00000000E+00
1.5904E+04 3.24681263E-07 0.00000000E+00
1.5928E+04 3.27201520E-07 0.00000000E+00
1.5951E+04 2.97157179E-07 0.00000000E+00
1.5975E+04 3.07004357E-07 0.00000000E+00
1.5999E+04 3.29802109E-07 0.00000000E+00
1.6022E+04 3.06648189E-07 0.00000000E+00
1.6046E+04 2.93042649E-07 0.00000000E+00
1.6069E+04 3.20491866E-07 0.00000000E+00
1.6093E+04 3.18453697E-07 0.00000000E+00
1.6116E+04 2.89991514E-07 0.00000000E+00
1.6140E+04 3.03751997E-07 0.00000000E+00
1.6163E+04 3.23221489E-07 0.00000000E+00
1.6187E+04 2.97940833E-07 0.00000000E+00
1.6211E+04 2.88816519E-07 0.00000000E+00
1.6234E+04 3.16330667E-07 0.00000000E+00
1.6258E+04 3.09930873E-07 0.00000000E+00
1.6281E+04 2.83641773E-07 0.00000000E+00
1.6305E+04 3.00784492E-07 0.00000000E+00
1.6328E+04 3.16543028E-07 0.00000000E+00
1.6352E+04 2.89792340E-07 0.00000000E+00
1.6376E+04 2.85145138E-07 0.00000000E+00
1.6399E+04 3.12001991E-07 0.00000000E+00
1.6423E+04 3.01524174E-07 0.00000000E+00
1.6446E+04 2.77915525E-07 0.00000000E+00
1.6470E+04 2.97835289E-07 0.00000000E+00
1.6493E+04 3.09596530E-07 0.00000000E+00
1.6517E+04 2.82045085E-07 0.00000000E+00
1.6540E+04 2.81764940E-07 0.00000000E+00
1.6564E+04 3.07284782E-07 0.00000000E+00
1.6588E+04 2.93107296E-07 0.00000000E+00
1.6611E+04 2.72617634E-07 0.00000000E+00
1.6635E+04 2.94677303E-07 0.00000000E+00
1.6658E+04 3.02273356E-07 0.00000000E+00
1.6682E+04 2.74604755E-07 0.00000000E+00
1.6705E+04 2.78504984E-07 0.00000000E+00
1.6729E+04 3.02085114E-07 0.00000000E+00
1.6753E+04 2.84681312E-07 0.00000000E+00
1.6776E+04 2.67685927E-07 0.00000000E+00
1.6800E+04 2.91248669E-07 0.00000000E+00
1.6823E+04 2.94639319E-07 0.00000000E+00
1.6847E+04 2.67537901E-07 0.00000000E+00
1.6870E+04 2.75367652E-07 0.00000000E+00
1.6894E+04 2.96498876E-07 0.00000000E+00
1.6917E+04 2.76419180E-07 0.00000000E+00
1.6941E+04 2.63216175E-07 0.00000000E+00
1.6965E+04 2.87656087E-07 0.00000000E+00
1.6988E+04 2.86917949E-07 0.00000000E+00
1.7012E+04 2.61037335E-07 0.00000000E+00
1.7035E+04 2.72473730E-07 0.00000000E+00
1.7059E+04 2.90736027E-07 0.00000000E+00
1.7082E+04 2.68574833E-07 0.00000000E+00
1.7106E+04 2.59357604E-07 0.00000000E+00
1.7130E+04 2.84053280E-07 0.00000000E+00
1.7153E+04 2.79355817E-07 0.00000000E+00
1.7177E+04 2.55281946E-07 0.00000000E+00
1.7200E+04 2.69915017E-07 0.00000000E+00
1.7224E+04 2.84964147E-07 0.00000000E+00
1.7247E+04 2.61326408E-07 0.00000000E+00
1.7271E+04 2.56161040E-07 0.00000000E+00
1.7294E+04 2.80489263E-07 0.00000000E+00
1.7318E+04 2.72073564E-07 0.00000000E+00
1.7342E+04 2.50300809E-07 0.00000000E+00
1.7365E+04 2.67631058E-07 0.00000000E+00
1.7389E+04 2.79192954E-07 0.00000000E+00
1.7412E+04 2.54675856E-07 0.00000000E+00
1.7436E+04 2.53500476E-07 0.00000000E+00
1.7459E+04 2.76846051E-07 0.00000000E+00
1.7483E+04 2.65018177E-07 0.00000000E+00
1.7507E+04 2.45948708E-07 0.00000000E+00
1.7530E+04 2.65408096E-07 0.00000000E+00
1.7554E+04 2.73289049E-07 0.00000000E+00
1.7577E+04 2.48481901E-07 0.00000000E+00
1.7601E+04 2.51129845E-07 0.00000000E+00
1.7624E+04 2.72913452E-07 0.00000000E+00
1.7648E+04 2.58050212E-07 0.00000000E+00
1.7671E+04 2.42009934E-07 0.00000000E+00
1.7695E+04 2.62999508E-07 0.00000000E+00
1.7719E+04 2.67105068E-07 0.00000000E+00
1.7742E+04 2.42595817E-07 0.00000000E+00
1.7766E+04 2.48827969E-07 0.00000000E+00
1.7789E+04 2.68539025E-07 0.00000000E+00
1.7813E+04 2.51092565E-07 0.00000000E+00
1.7836E+04 2.38345752E-07 0.00000000E+00
1.7860E+04 2.60271621E-07 0.00000000E+00
1.7884E+04 2.60619008E-07 0.00000000E+00
1.7907E+04 2.36990995E-07 0.00000000E+00
1.7931E+04 2.46518026E-07 0.00000000E+00
1.7954E+04 2.63735771E-07 0.00000000E+00
1.7978E+04 2.44223722E-07 0.00000000E+00
1.8001E+04 2.34971449E-07 0.00000000E+00
1.8025E+04 2.57263502E-07 0.00000000E+00
1.8048E+04 2.53976716E-07 0.00000000E+00
1.8072E+04 2.31787636E-07 0.00000000E+00
1.8096E+04 2.44272401E-07 0.00000000E+00
1.8119E+04 2.58667333E-07 0.00000000E+00
1.8143E+04 2.37646228E-07 0.00000000E+00
1.8166E+04 2.32007576E-07 0.00000000E+00
1.8190E+04 2.54118871E-07 0.00000000E+00
1.8213E+04 2.47408206E-07 0.00000000E+00
1.8237E+04 2.27157777E-07 0.00000000E+00
1.8261E+04 2.42204102E-07 0.00000000E+00
1.8284E+04 2.53525886E-07 0.00000000E+00
1.8308E+04 2.31558470E-07 0.00000000E+00
1.8331E+04 2.29547989E-07 0.00000000E+00
1.8355E+04 2.50946818E-07 0.00000000E+00
1.8378E+04 2.41085442E-07 0.00000000E+00
1.8402E+04 2.23188279E-07 0.00000000E+00
1.8425E+04 2.40333146E-07 0.00000000E+00
1.8449E+04 2.48399733E-07 0.00000000E+00
1.8473E+04 2.26031691E-07 0.00000000E+00
1.8496E+04 2.27550901E-07 0.00000000E+00
1.8520E+04 2.47721715E-07 0.00000000E+00
1.8543E+04 2.35032676E-07 0.00000000E+00
1.8567E+04 2.19810138E-07 0.00000000E+00
1.8590E+04 2.38533568E-07 0.00000000E+00
1.8614E+04 2.43232621E-07 0.00000000E+00
1.8637E+04 2.20986667E-07 0.00000000E+00
1.8661E+04 2.25837659E-07 0.00000000E+00
1.8685E+04 2.44298048E-07 0.00000000E+00
1.8708E+04 2.29154657E-07 0.00000000E+00
1.8732E+04 2.16845755E-07 0.00000000E+00
1.8755E+04 2.36598722E-07 0.00000000E+00
1.8779E+04 2.37899902E-07 0.00000000E+00
1.8802E+04 2.16281260E-07 0.00000000E+00
1.8826E+04 2.24194667E-07 0.00000000E+00
1.8850E+04 2.40521506E-07 0.00000000E+00
1.8873E+04 2.23351864E-07 0.00000000E+00
1.8897E+04 2.14130062E-07 0.00000000E+00
1.8920E+04 2.34367496E-07 0.00000000E+00
1.8944E+04 2.32334016E-07 0.00000000E+00
1.8967E+04 2.11833049E-07 0.00000000E+00
1.8991E+04 2.22493876E-07 0.00000000E+00
1.9014E+04 2.36344485E-07 0.00000000E+00
1.9038E+04 2.17627344E-07 0.00000000E+00
1.9062E+04 2.11607957E-07 0.00000000E+00
1.9085E+04 2.31811584E-07 0.00000000E+00
1.9109E+04 2.26599678E-07 0.00000000E+00
1.9132E+04 2.07681025E-07 0.00000000E+00
1.9156E+04 2.20739922E-07 0.00000000E+00
1.9179E+04 2.31858303E-07 0.00000000E+00
1.9203E+04 2.12104501E-07 0.00000000E+00
1.9227E+04 2.09336703E-07 0.00000000E+00
1.9250E+04 2.29021335E-07 0.00000000E+00
1.9274E+04 2.20865354E-07 0.00000000E+00
1.9297E+04 2.03944500E-07 0.00000000E+00
1.9321E+04 2.19014548E-07 0.00000000E+00
1.9344E+04 2.27223805E-07 0.00000000E+00
1.9368E+04 2.06948828E-07 0.00000000E+00
1.9391E+04 2.07399389E-07 0.00000000E+00
1.9415E+04 2.26108667E-07 0.00000000E+00
1.9439E+04 2.15299861E-07 0.00000000E+00
1.9462E+04 2.00718701E-07 0.00000000E+00
1.9486E+04 2.17369069E-07 0.00000000E+00
1.9509E+04 2.22560345E-07 0.00000000E+00
1.9533E+04 2.02260500E-07 0.00000000E+00
1.9556E+04 2.05803546E-07 0.00000000E+00
1.9580E+04 2.23107862E-07 0.00000000E+00
1.9604E+04 2.09978494E-07 0.00000000E+00
1.9627E+04 1.97993087E-07 0.00000000E+00
1.9651E+04 2.15752809E-07 0.00000000E+00
1.9674E+04 2.17881378E-07 0.00000000E+00
1.9698E+04 1.98023030E-07 0.00000000E+00
1.9721E+04 2.04445950E-07 0.00000000E+00
1.9745E+04 2.19951286E-07 0.00000000E+00
1.9768E+04 2.04869637E-07 0.00000000E+00
1.9792E+04 1.95654469E-07 0.00000000E+00
1.9816E+04 2.14030753E-07 0.00000000E+00
1.9839E+04 2.13121413E-07 0.00000000E+00
1.9863E+04 1.94142059E-07 0.00000000E+00
1.9886E+04 2.03165613E-07 0.00000000E+00
1.9910E+04 2.16531308E-07 0.00000000E+00
1.9933E+04 1.99902818E-07 0.00000000E+00
1.9957E+04 1.93564032E-07 0.00000000E+00
1.9981E+04 2.12067889E-07 0.00000000E+00
2.0004E+04 2.08222445E-07 0.00000000E+00
2.0028E+04 1.90533632E-07 0.00000000E+00
2.0051E+04 2.01834800E-07 0.00000000E+00
2.0075E+04 2.12790430E-07 0.00000000E+00
2.0098E+04 1.95055035E-07 0.00000000E+00
2.0122E+04 1.91640344E-07 0.00000000E+00
2.0145E+04 2.09807758E-07 0.00000000E+00
2.0169E+04 2.03205286E-07 0.00000000E+00
2.0193E+04 1.87187577E-07 0.00000000E+00
2.0216E+04 2.00414088E-07 0.00000000E+00
2.0240E+04 2.08766690E-07 0.00000000E+00
2.0263E+04 1.90386111E-07 0.00000000E+00
2.0287E+04 1.89884310E-07 0.00000000E+00
2.0310E+04 2.07285983E-07 0.00000000E+00
2.0334E+04 1.98172350E-07 0.00000000E+00
2.0358E+04 1.84160507E-07 0.00000000E+00
2.0381E+04 1.98934298E-07 0.00000000E+00
2.0405E+04 2.04564750E-07 0.00000000E+00
2.0428E+04 1.86001911E-07 0.00000000E+00
2.0452E+04 1.88334701E-07 0.00000000E+00
2.0475E+04 2.04576524E-07 0.00000000E+00
2.0499E+04 1.93247617E-07 0.00000000E+00
2.0522E+04 1.81512879E-07 0.00000000E+00
2.0546E+04 1.97428892E-07 0.00000000E+00
2.0570E+04 2.00283681E-07 0.00000000E+00
2.0593E+04 1.81982738E-07 0.00000000E+00
2.0617E+04 1.86998364E-07 0.00000000E+00
2.0640E+04 2.01720954E-07 0.00000000E+00
2.0664E+04 1.88507983E-07 0.00000000E+00
2.0687E+04 1.79247268E-07 0.00000000E+00
2.0711E+04 1.95877113E-07 0.00000000E+00
2.0735E+04 1.95963445E-07 0.00000000E+00
2.0758E+04 1.78338225E-07 0.00000000E+00
2.0782E+04 1.85815223E-07 0.00000000E+00
2.0805E+04 1.98699584E-07 0.00000000E+00
2.0829E+04 1.83961617E-07 0.00000000E+00
2.0852E+04 1.77298371E-07 0.00000000E+00
2.0876E+04 1.94203386E-07 0.00000000E+00
2.0899E+04 1.91590364E-07 0.00000000E+00
2.0923E+04 1.75021881E-07 0.00000000E+00
2.0947E+04 1.84683193E-07 0.00000000E+00
2.0970E+04 1.95462321E-07 0.00000000E+00
2.0994E+04 1.79583760E-07 0.00000000E+00
2.1017E+04 1.75576381E-07 0.00000000E+00
2.1041E+04 1.92326177E-07 0.00000000E+00
2.1064E+04 1.87147668E-07 0.00000000E+00
2.1088E+04 1.71984222E-07 0.00000000E+00
2.1112E+04 1.83514321E-07 0.00000000E+00
2.1135E+04 1.91984356E-07 0.00000000E+00
2.1159E+04 1.75370483E-07 0.00000000E+00
2.1182E+04 1.74019755E-07 0.00000000E+00
2.1206E+04 1.90208133E-07 0.00000000E+00
2.1229E+04 1.82660808E-07 0.00000000E+00
2.1253E+04 1.69213553E-07 0.00000000E+00
2.1276E+04 1.82270626E-07 0.00000000E+00
2.1300E+04 1.88295390E-07 0.00000000E+00
2.1324E+04 1.71361418E-07 0.00000000E+00
2.1347E+04 1.72611673E-07 0.00000000E+00
2.1371E+04 1.87864982E-07 0.00000000E+00
2.1394E+04 1.78199084E-07 0.00000000E+00
2.1418E+04 1.66731626E-07 0.00000000E+00
2.1441E+04 1.80952777E-07 0.00000000E+00
2.1465E+04 1.84460988E-07 0.00000000E+00
2.1488E+04 1.67616273E-07 0.00000000E+00
2.1512E+04 1.71352135E-07 0.00000000E+00
2.1536E+04 1.85331615E-07 0.00000000E+00
2.1559E+04 1.73837790E-07 0.00000000E+00
2.1583E+04 1.64554720E-07 0.00000000E+00
2.1606E+04 1.79558632E-07 0.00000000E+00
2.1630E+04 1.80538280E-07 0.00000000E+00
2.1653E+04 1.64171686E-07 0.00000000E+00
2.1677E+04 1.70216954E-07 0.00000000E+00
2.1701E+04 1.82620819E-07 0.00000000E+00
2.1724E+04 1.69618833E-07 0.00000000E+00
2.1748E+04 1.62659845E-07 0.00000000E+00
2.1771E+04 1.78053287E-07 0.00000000E+00
2.1795E+04 1.76548480E-07 0.00000000E+00
2.1818E+04 1.61020063E-07 0.00000000E+00
2.1842E+04 1.69144036E-07 0.00000000E+00
2.1865E+04 1.79713756E-07 0.00000000E+00
2.1889E+04 1.65546257E-07 0.00000000E+00
2.1913E+04 1.60988537E-07 0.00000000E+00
2.1936E+04 1.76379172E-07 0.00000000E+00
2.1960E+04 1.72490739E-07 0.00000000E+00
2.1983E+04 1.58129493E-07 0.00000000E+00
2.2007E+04 1.68059981E-07 0.00000000E+00
2.2030E+04 1.76589799E-07 0.00000000E+00
2.2054E+04 1.61618710E-07 0.00000000E+00
2.2078E+04 1.59483735E-07 0.00000000E+00
2.2101E+04 1.74495381E-07 0.00000000E+00
2.2125E+04 1.68381286E-07 0.00000000E+00
2.2148E+04 1.55483433E-07 0.00000000E+00
2.2172E+04 1.66920203E-07 0.00000000E+00
2.2195E+04 1.73264420E-07 0.00000000E+00
2.2219E+04 1.57864409E-07 0.00000000E+00
2.2242E+04 1.58122302E-07 0.00000000E+00
2.2266E+04 1.72406149E-07 0.00000000E+00
2.2290E+04 1.64276665E-07 0.00000000E+00
2.2313E+04 1.53099251E-07 0.00000000E+00
2.2337E+04 1.65721966E-07 0.00000000E+00
2.2360E+04 1.69795591E-07 0.00000000E+00
2.2384E+04 1.54341808E-07 0.00000000E+00
2.2407E+04 1.56910031E-07 0.00000000E+00
2.2431E+04 1.70148847E-07 0.00000000E+00
2.2455E+04 1.60255722E-07 0.00000000E+00
2.2478E+04 1.51005855E-07 0.00000000E+00
2.2502E+04 1.64476438E-07 0.00000000E+00
2.2525E+04 1.66250145E-07 0.00000000E+00
2.2549E+04 1.51103258E-07 0.00000000E+00
2.2572E+04 1.55843072E-07 0.00000000E+00
2.2596E+04 1.67751474E-07 0.00000000E+00
2.2619E+04 1.56375449E-07 0.00000000E+00
2.2643E+04 1.49200986E-07 0.00000000E+00
2.2667E+04 1.63165870E-07 0.00000000E+00
2.2690E+04 1.62660413E-07 0.00000000E+00
2.2714E+04 1.48155178E-07 0.00000000E+00
2.2737E+04 1.54872636E-07 0.00000000E+00
2.2761E+04 1.65199315E-07 0.00000000E+00
2.2784E+04 1.52641515E-07 0.00000000E+00
2.2808E+04 1.47629247E-07 0.00000000E+00
2.2832E+04 1.61727359E-07 0.00000000E+00
2.2855E+04 1.59012051E-07 0.00000000E+00
2.2879E+04 1.45453352E-07 0.00000000E+00
2.2902E+04 1.53908904E-07 0.00000000E+00
2.2926E+04 1.62444185E-07 0.00000000E+00
2.2949E+04 1.49023097E-07 0.00000000E+00
2.2973E+04 1.46205402E-07 0.00000000E+00
2.2996E+04 1.60082848E-07 0.00000000E+00
2.3020E+04 1.55277935E-07 0.00000000E+00
2.3044E+04 1.42942309E-07 0.00000000E+00
2.3067E+04 1.52866520E-07 0.00000000E+00
2.3091E+04 1.59452818E-07 0.00000000E+00
2.3114E+04 1.45502983E-07 0.00000000E+00
2.3138E+04 1.44867396E-07 0.00000000E+00
2.3161E+04 1.58193526E-07 0.00000000E+00
2.3185E+04 1.51471297E-07 0.00000000E+00
2.3209E+04 1.40607123E-07 0.00000000E+00
2.3232E+04 1.51714816E-07 0.00000000E+00
2.3256E+04 1.56253480E-07 0.00000000E+00
2.3279E+04 1.42119428E-07 0.00000000E+00
2.3303E+04 1.43613234E-07 0.00000000E+00
2.3326E+04 1.56090619E-07 0.00000000E+00
2.3350E+04 1.47669629E-07 0.00000000E+00
2.3373E+04 1.38490166E-07 0.00000000E+00
2.3397E+04 1.50486467E-07 0.00000000E+00
2.3421E+04 1.52936215E-07 0.00000000E+00
2.3444E+04 1.38958824E-07 0.00000000E+00
2.3468E+04 1.42485432E-07 0.00000000E+00
2.3491E+04 1.53850759E-07 0.00000000E+00
2.3515E+04 1.43982758E-07 0.00000000E+00
2.3538E+04 1.36653082E-07 0.00000000E+00
2.3562E+04 1.49231880E-07 0.00000000E+00
2.3586E+04 1.49600506E-07 0.00000000E+00
2.3609E+04 1.36100013E-07 0.00000000E+00
2.3633E+04 1.41511885E-07 0.00000000E+00
2.3656E+04 1.51532098E-07 0.00000000E+00
2.3680E+04 1.40487522E-07 0.00000000E+00
2.3703E+04 1.35113028E-07 0.00000000E+00
2.3727E+04 1.47955137E-07 0.00000000E+00
2.3750E+04 1.46291309E-07 0.00000000E+00
2.3774E+04 1.33555189E-07 0.00000000E+00
2.3798E+04 1.40652293E-07 0.00000000E+00
2.3821E+04 1.49123720E-07 0.00000000E+00
2.3845E+04 1.37182919E-07 0.00000000E+00
2.3868E+04 1.33807496E-07 0.00000000E+00
2.3892E+04 1.46586319E-07 0.00000000E+00
2.3915E+04 1.42977443E-07 0.00000000E+00
2.3939E+04 1.31258414E-07 0.00000000E+00
2.3962E+04 1.39797892E-07 0.00000000E+00
2.3986E+04 1.46552933E-07 0.00000000E+00
2.4010E+04 1.34005492E-07 0.00000000E+00
2.4033E+04 1.32621041E-07 0.00000000E+00
2.4057E+04 1.45017540E-07 0.00000000E+00
2.4080E+04 1.39593741E-07 0.00000000E+00
2.4104E+04 1.29115664E-07 0.00000000E+00
2.4127E+04 1.38830232E-07 0.00000000E+00
2.4151E+04 1.43749078E-07 0.00000000E+00
2.4175E+04 1.30896505E-07 0.00000000E+00
2.4198E+04 1.31457249E-07 0.00000000E+00
2.4222E+04 1.43178232E-07 0.00000000E+00
2.4245E+04 1.36116202E-07 0.00000000E+00
2.4269E+04 1.27079314E-07 0.00000000E+00
2.4292E+04 1.37695131E-07 0.00000000E+00
2.4316E+04 1.40714653E-07 0.00000000E+00
2.4339E+04 1.27868022E-07 0.00000000E+00
2.4363E+04 1.30299375E-07 0.00000000E+00
2.4387E+04 1.41089651E-07 0.00000000E+00
2.4410E+04 1.32608860E-07 0.00000000E+00
2.4434E+04 1.25186052E-07 0.00000000E+00
2.4457E+04 1.36430969E-07 0.00000000E+00
2.4481E+04 1.37543969E-07 0.00000000E+00
2.4504E+04 1.25011603E-07 0.00000000E+00
2.4528E+04 1.29207793E-07 0.00000000E+00
2.4552E+04 1.38851028E-07 0.00000000E+00
2.4575E+04 1.29200274E-07 0.00000000E+00
2.4599E+04 1.23523627E-07 0.00000000E+00
2.4622E+04 1.35124379E-07 0.00000000E+00
2.4646E+04 1.34369621E-07 0.00000000E+00
2.4669E+04 1.22438304E-07 0.00000000E+00
2.4693E+04 1.28252579E-07 0.00000000E+00
2.4716E+04 1.36564375E-07 0.00000000E+00
2.4740E+04 1.26004631E-07 0.00000000E+00
2.4764E+04 1.22150373E-07 0.00000000E+00
2.4787E+04 1.33826248E-07 0.00000000E+00
2.4811E+04 1.31276766E-07 0.00000000E+00
2.4834E+04 1.20196286E-07 0.00000000E+00
2.4858E+04 1.27434321E-07 0.00000000E+00
2.4881E+04 1.34256686E-07 0.00000000E+00
2.4905E+04 1.23049492E-07 0.00000000E+00
2.4929E+04 1.21032189E-07 0.00000000E+00
2.4952E+04 1.32495392E-07 0.00000000E+00
2.4976E+04 1.28253309E-07 0.00000000E+00
2.4999E+04 1.18232520E-07 0.00000000E+00
2.5023E+04 1.26657907E-07 0.00000000E+00
2.5046E+04 1.31862271E-07 0.00000000E+00
2.5070E+04 1.20268502E-07 0.00000000E+00
2.5093E+04 1.20049283E-07 0.00000000E+00
2.5117E+04 1.31016704E-07 0.00000000E+00
2.5141E+04 1.25216669E-07 0.00000000E+00
2.5164E+04 1.16431035E-07 0.00000000E+00
2.5188E+04 1.25782989E-07 0.00000000E+00
2.5211E+04 1.29281147E-07 0.00000000E+00
2.5235E+04 1.17566560E-07 0.00000000E+00
2.5258E+04 1.19070267E-07 0.00000000E+00
2.5282E+04 1.29282165E-07 0.00000000E+00
2.5306E+04 1.22097673E-07 0.00000000E+00
2.5329E+04 1.14699659E-07 0.00000000E+00
2.5353E+04 1.24714052E-07 0.00000000E+00
2.5376E+04 1.26469196E-07 0.00000000E+00
2.5400E+04 1.14907264E-07 0.00000000E+00
2.5423E+04 1.18037011E-07 0.00000000E+00
2.5447E+04 1.27272317E-07 0.00000000E+00
2.5470E+04 1.18915825E-07 0.00000000E+00
2.5494E+04 1.13037341E-07 0.00000000E+00
2.5518E+04 1.23459661E-07 0.00000000E+00
2.5541E+04 1.23488678E-07 0.00000000E+00
2.5565E+04 1.12352870E-07 0.00000000E+00
2.5588E+04 1.16992744E-07 0.00000000E+00
2.5612E+04 1.25072922E-07 0.00000000E+00
2.5635E+04 1.15784934E-07 0.00000000E+00
2.5659E+04 1.11527411E-07 0.00000000E+00
2.5683E+04 1.22112617E-07 0.00000000E+00
2.5706E+04 1.20477252E-07 0.00000000E+00
2.5730E+04 1.10023363E-07 0.00000000E+00
2.5753E+04 1.16029688E-07 0.00000000E+00
2.5777E+04 1.22811831E-07 0.00000000E+00
2.5800E+04 1.12842956E-07 0.00000000E+00
2.5824E+04 1.10261054E-07 0.00000000E+00
2.5847E+04 1.20765540E-07 0.00000000E+00
2.5871E+04 1.17558659E-07 0.00000000E+00
2.5895E+04 1.08006462E-07 0.00000000E+00
2.5918E+04 1.15197419E-07 0.00000000E+00
2.5942E+04 1.20565208E-07 0.00000000E+00
2.5965E+04 1.10161094E-07 0.00000000E+00
2.5989E+04 1.09251965E-07 0.00000000E+00
2.6012E+04 1.19428630E-07 0.00000000E+00
2.6036E+04 1.14765121E-07 0.00000000E+00
2.6060E+04 1.06290002E-07 0.00000000E+00
2.6083E+04 1.14444948E-07 0.00000000E+00
2.6107E+04 1.18306702E-07 0.00000000E+00
2.6130E+04 1.07703526E-07 0.00000000E+00
2.6154E+04 1.08410063E-07 0.00000000E+00
2.6177E+04 1.18014339E-07 0.00000000E+00
2.6201E+04 1.12031623E-07 0.00000000E+00
2.6224E+04 1.04769799E-07 0.00000000E+00
2.6248E+04 1.13642349E-07 0.00000000E+00
2.6272E+04 1.15938622E-07 0.00000000E+00
2.6295E+04 1.05368452E-07 0.00000000E+00
2.6319E+04 1.07595062E-07 0.00000000E+00
2.6342E+04 1.16400722E-07 0.00000000E+00
2.6366E+04 1.09265382E-07 0.00000000E+00
2.6389E+04 1.03326452E-07 0.00000000E+00
2.6413E+04 1.12665234E-07 0.00000000E+00
2.6437E+04 1.13380035E-07 0.00000000E+00
2.6460E+04 1.03077527E-07 0.00000000E+00
2.6484E+04 1.06708162E-07 0.00000000E+00
2.6507E+04 1.14523911E-07 0.00000000E+00
2.6531E+04 1.06435423E-07 0.00000000E+00
2.6554E+04 1.01910798E-07 0.00000000E+00
2.6578E+04 1.11476316E-07 0.00000000E+00
2.6601E+04 1.10642542E-07 0.00000000E+00
2.6625E+04 1.00843215E-07 0.00000000E+00
2.6649E+04 1.05750293E-07 0.00000000E+00
2.6672E+04 1.12427420E-07 0.00000000E+00
2.6696E+04 1.03611728E-07 0.00000000E+00
2.6719E+04 1.00571076E-07 0.00000000E+00
2.6743E+04 1.10140457E-07 0.00000000E+00
2.6766E+04 1.07834347E-07 0.00000000E+00
2.6790E+04 9.87613737E-08 0.00000000E+00
2.6813E+04 1.04801766E-07 0.00000000E+00
2.6837E+04 1.10230074E-07 0.00000000E+00
2.6861E+04 1.00923796E-07 0.00000000E+00
2.6884E+04 9.94014924E-08 0.00000000E+00
2.6908E+04 1.08762460E-07 0.00000000E+00
2.6931E+04 1.05090449E-07 0.00000000E+00
2.6955E+04 9.69364380E-08 0.00000000E+00
2.6978E+04 1.03941088E-07 0.00000000E+00
2.7002E+04 1.08039176E-07 0.00000000E+00
2.7026E+04 9.84728732E-08 0.00000000E+00
2.7049E+04 9.84548077E-08 0.00000000E+00
2.7073E+04 1.07398192E-07 0.00000000E+00
2.7096E+04 1.02485137E-07 0.00000000E+00
2.7120E+04 9.53999052E-08 0.00000000E+00
2.7143E+04 1.03168439E-07 0.00000000E+00
2.7167E+04 1.05877820E-07 0.00000000E+00
2.7190E+04 9.62675366E-08 0.00000000E+00
2.7214E+04 9.76887125E-08 0.00000000E+00
2.7238E+04 1.06008901E-07 0.00000000E+00
2.7261E+04 9.99946883E-08 0.00000000E+00
2.7285E+04 9.40857826E-08 0.00000000E+00
2.7308E+04 1.02393303E-07 0.00000000E+00
2.7332E+04 1.03681428E-07 0.00000000E+00
2.7355E+04 9.42310824E-08 0.00000000E+00
2.7379E+04 9.69865684E-08 0.00000000E+00
2.7403E+04 1.04492170E-07 0.00000000E+00
2.7426E+04 9.75362378E-08 0.00000000E+00
2.7450E+04 9.28796938E-08 0.00000000E+00
2.7473E+04 1.01493609E-07 0.00000000E+00
2.7497E+04 1.01362846E-07 0.00000000E+00
2.7520E+04 9.22716533E-08 0.00000000E+00
2.7544E+04 9.62339795E-08 0.00000000E+00
2.7567E+04 1.02762680E-07 0.00000000E+00
2.7591E+04 9.50492145E-08 0.00000000E+00
2.7615E+04 9.17008984E-08 0.00000000E+00
2.7638E+04 1.00398412E-07 0.00000000E+00
2.7662E+04 9.88928339E-08 0.00000000E+00
2.7685E+04 9.03581959E-08 0.00000000E+00
2.7709E+04 9.53902530E-08 0.00000000E+00
2.7732E+04 1.00818587E-07 0.00000000E+00
2.7756E+04 9.25543952E-08 0.00000000E+00
2.7780E+04 9.05525547E-08 0.00000000E+00
2.7803E+04 9.91295140E-08 0.00000000E+00
2.7827E+04 9.63328948E-08 0.00000000E+00
2.7850E+04 8.85430470E-08 0.00000000E+00
2.7874E+04 9.44998146E-08 0.00000000E+00
2.7897E+04 9.87427290E-08 0.00000000E+00
2.7921E+04 9.01456131E-08 0.00000000E+00
2.7944E+04 8.95027785E-08 0.00000000E+00
2.7968E+04 9.77717208E-08 0.00000000E+00
2.7992E+04 9.37970935E-08 0.00000000E+00
2.8015E+04 8.69163233E-08 0.00000000E+00
2.8039E+04 9.36379138E-08 0.00000000E+00
2.8062E+04 9.66409542E-08 0.00000000E+00
2.8086E+04 8.79241880E-08 0.00000000E+00
2.8109E+04 8.86153610E-08 0.00000000E+00
2.8133E+04 9.63988302E-08 0.00000000E+00
2.8157E+04 9.13764622E-08 0.00000000E+00
2.8180E+04 8.55319610E-08 0.00000000E+00
2.8204E+04 9.28370717E-08 0.00000000E+00
2.8227E+04 9.45690646E-08 0.00000000E+00
2.8251E+04 8.59306494E-08 0.00000000E+00
2.8274E+04 8.78876846E-08 0.00000000E+00
2.8298E+04 9.50155736E-08 0.00000000E+00
2.8321E+04 8.90866760E-08 0.00000000E+00
2.8345E+04 8.43649640E-08 0.00000000E+00
2.8369E+04 9.20528238E-08 0.00000000E+00
2.8392E+04 9.25051271E-08 0.00000000E+00
2.8416E+04 8.41264894E-08 0.00000000E+00
2.8439E+04 8.72437138E-08 0.00000000E+00
2.8463E+04 9.35589343E-08 0.00000000E+00
2.8486E+04 8.68769614E-08 0.00000000E+00
2.8510E+04 8.33306267E-08 0.00000000E+00
2.8534E+04 9.11924636E-08 0.00000000E+00
2.8557E+04 9.03844502E-08 0.00000000E+00
2.8581E+04 8.24358168E-08 0.00000000E+00
2.8604E+04 8.65836523E-08 0.00000000E+00
2.8628E+04 9.19531970E-08 0.00000000E+00
2.8651E+04 8.46880837E-08 0.00000000E+00
2.8675E+04 8.23462801E-08 0.00000000E+00
2.8698E+04 9.01801677E-08 0.00000000E+00
2.8722E+04 8.81651087E-08 0.00000000E+00
2.8746E+04 8.08099441E-08 0.00000000E+00
2.8769E+04 8.58480077E-08 0.00000000E+00
2.8793E+04 9.01721874E-08 0.00000000E+00
2.8816E+04 8.25104952E-08 0.00000000E+00
2.8840E+04 8.13846786E-08 0.00000000E+00
2.8863E+04 8.90056151E-08 0.00000000E+00
2.8887E+04 8.58707083E-08 0.00000000E+00
2.8911E+04 7.92629107E-08 0.00000000E+00
2.8934E+04 8.50454614E-08 0.00000000E+00
2.8958E+04 8.82597712E-08 0.00000000E+00
2.8981E+04 8.03971650E-08 0.00000000E+00
2.9005E+04 8.04781910E-08 0.00000000E+00
2.9028E+04 8.77195845E-08 0.00000000E+00
2.9052E+04 8.35786551E-08 0.00000000E+00
2.9075E+04 7.78525474E-08 0.00000000E+00
2.9099E+04 8.42258592E-08 0.00000000E+00
2.9123E+04 8.62959156E-08 0.00000000E+00
2.9146E+04 7.84248361E-08 0.00000000E+00
2.9170E+04 7.96749856E-08 0.00000000E+00
2.9193E+04 8.63846166E-08 0.00000000E+00
2.9217E+04 8.13678585E-08 0.00000000E+00
2.9240E+04 7.66271877E-08 0.00000000E+00
2.9264E+04 8.34248700E-08 0.00000000E+00
2.9287E+04 8.43399399E-08 0.00000000E+00
2.9311E+04 7.66392523E-08 0.00000000E+00
2.9335E+04 7.89868596E-08 0.00000000E+00
2.9358E+04 8.50240249E-08 0.00000000E+00
2.9382E+04 7.92709611E-08 0.00000000E+00
2.9405E+04 7.55839610E-08 0.00000000E+00
2.9429E+04 8.26271863E-08 0.00000000E+00
2.9452E+04 8.23977621E-08 0.00000000E+00
2.9476E+04 7.50292806E-08 0.00000000E+00
2.9500E+04 7.83712702E-08 0.00000000E+00
2.9523E+04 8.36095452E-08 0.00000000E+00
2.9547E+04 7.72678821E-08 0.00000000E+00
2.9570E+04 7.46706016E-08 0.00000000E+00
2.9594E+04 8.17755157E-08 0.00000000E+00
2.9617E+04 8.04358446E-08 0.00000000E+00
2.9641E+04 7.35469455E-08 0.00000000E+00
2.9664E+04 7.77583182E-08 0.00000000E+00
2.9688E+04 8.20928829E-08 0.00000000E+00
2.9712E+04 7.53206159E-08 0.00000000E+00
2.9735E+04 7.38245961E-08 0.00000000E+00
2.9759E+04 8.08133145E-08 0.00000000E+00
2.9782E+04 7.84251074E-08 0.00000000E+00
2.9806E+04 7.21521157E-08 0.00000000E+00
2.9829E+04 7.70965511E-08 0.00000000E+00
2.9853E+04 8.04510920E-08 0.00000000E+00
2.9877E+04 7.34165937E-08 0.00000000E+00
2.9900E+04 7.30144366E-08 0.00000000E+00
2.9924E+04 7.97235971E-08 0.00000000E+00
2.9947E+04 7.63760670E-08 0.00000000E+00
2.9971E+04 7.08431658E-08 0.00000000E+00
2.9994E+04 7.63789400E-08 0.00000000E+00
3.0018E+04 7.87076272E-08 0.00000000E+00
3.0041E+04 7.15843933E-08 0.00000000E+00
3.0065E+04 7.22494436E-08 0.00000000E+00
3.0089E+04 7.85327753E-08 0.00000000E+00
3.0112E+04 7.43372707E-08 0.00000000E+00
3.0136E+04 6.96500468E-08 0.00000000E+00
3.0159E+04 7.56300033E-08 0.00000000E+00
3.0183E+04 7.69141919E-08 0.00000000E+00
3.0206E+04 6.98716875E-08 0.00000000E+00
3.0230E+04 7.15535970E-08 0.00000000E+00
3.0254E+04 7.72800551E-08 0.00000000E+00
3.0277E+04 7.23620758E-08 0.00000000E+00
3.0301E+04 6.85997948E-08 0.00000000E+00
3.0324E+04 7.48692356E-08 0.00000000E+00
3.0348E+04 7.51126589E-08 0.00000000E+00
3.0371E+04 6.83081580E-08 0.00000000E+00
3.0395E+04 7.09297898E-08 0.00000000E+00
3.0418E+04 7.59820243E-08 0.00000000E+00
3.0442E+04 7.04752662E-08 0.00000000E+00
3.0466E+04 6.76872375E-08 0.00000000E+00
3.0489E+04 7.40849278E-08 0.00000000E+00
3.0513E+04 7.33115414E-08 0.00000000E+00
3.0536E+04 6.68868819E-08 0.00000000E+00
3.0560E+04 7.03467341E-08 0.00000000E+00
3.0583E+04 7.46233374E-08 0.00000000E+00
3.0607E+04 6.86679911E-08 0.00000000E+00
3.0631E+04 6.68759514E-08 0.00000000E+00
3.0654E+04 7.32401097E-08 0.00000000E+00
3.0678E+04 7.14953869E-08 0.00000000E+00
3.0701E+04 6.55782373E-08 0.00000000E+00
3.0725E+04 6.97578197E-08 0.00000000E+00
3.0748E+04 7.31786179E-08 0.00000000E+00
3.0772E+04 6.69219744E-08 0.00000000E+00
3.0795E+04 6.61256194E-08 0.00000000E+00
3.0819E+04 7.23022199E-08 0.00000000E+00
3.0843E+04 6.96550271E-08 0.00000000E+00
3.0866E+04 6.43606453E-08 0.00000000E+00
3.0890E+04 6.91324296E-08 0.00000000E+00
3.0913E+04 7.16430506E-08 0.00000000E+00
3.0937E+04 6.52384179E-08 0.00000000E+00
3.0960E+04 6.54192232E-08 0.00000000E+00
3.0984E+04 7.12681065E-08 0.00000000E+00
3.1008E+04 6.78095568E-08 0.00000000E+00
3.1031E+04 6.32391421E-08 0.00000000E+00
3.1055E+04 6.84708160E-08 0.00000000E+00
3.1078E+04 7.00432905E-08 0.00000000E+00
3.1102E+04 6.36448831E-08 0.00000000E+00
3.1125E+04 6.47655536E-08 0.00000000E+00
3.1149E+04 7.01619112E-08 0.00000000E+00
3.1172E+04 6.60001664E-08 0.00000000E+00
3.1196E+04 6.22354321E-08 0.00000000E+00
3.1220E+04 6.77898186E-08 0.00000000E+00
3.1243E+04 6.84193005E-08 0.00000000E+00
3.1267E+04 6.21745820E-08 0.00000000E+00
3.1290E+04 6.41758584E-08 0.00000000E+00
3.1314E+04 6.90086639E-08 0.00000000E+00
3.1337E+04 6.42622109E-08 0.00000000E+00
3.1361E+04 6.13597162E-08 0.00000000E+00
3.1385E+04 6.70937222E-08 0.00000000E+00
3.1408E+04 6.67945919E-08 0.00000000E+00
3.1432E+04 6.08381760E-08 0.00000000E+00
3.1455E+04 6.36375519E-08 0.00000000E+00
3.1479E+04 6.78089332E-08 0.00000000E+00
3.1502E+04 6.26021556E-08 0.00000000E+00
3.1526E+04 6.05917375E-08 0.00000000E+00
3.1549E+04 6.63585409E-08 0.00000000E+00
3.1573E+04 6.51632186E-08 0.00000000E+00
3.1597E+04 5.96153409E-08 0.00000000E+00
3.1620E+04 6.31108790E-08 0.00000000E+00
3.1644E+04 6.65390224E-08 0.00000000E+00
3.1667E+04 6.10015500E-08 0.00000000E+00
3.1691E+04 5.98899641E-08 0.00000000E+00
3.1714E+04 6.55455219E-08 0.00000000E+00
3.1738E+04 6.35061617E-08 0.00000000E+00
3.1762E+04 5.84747429E-08 0.00000000E+00
3.1785E+04 6.25528080E-08 0.00000000E+00
3.1809E+04 6.51771358E-08 0.00000000E+00
3.1832E+04 5.94446527E-08 0.00000000E+00
3.1856E+04 5.92211930E-08 0.00000000E+00
3.1879E+04 6.46320361E-08 0.00000000E+00
3.1903E+04 6.18220091E-08 0.00000000E+00
3.1926E+04 5.74041849E-08 0.00000000E+00
3.1950E+04 6.19465996E-08 0.00000000E+00
3.1974E+04 6.37313990E-08 0.00000000E+00
3.1997E+04 5.79440039E-08 0.00000000E+00
3.2021E+04 5.85834080E-08 0.00000000E+00
3.2044E+04 6.36313836E-08 0.00000000E+00
3.2068E+04 6.01431980E-08 0.00000000E+00
3.2091E+04 5.64228058E-08 0.00000000E+00
3.2115E+04 6.13095728E-08 0.00000000E+00
3.2138E+04 6.22432434E-08 0.00000000E+00
3.2162E+04 5.65395448E-08 0.00000000E+00
3.2186E+04 5.80001270E-08 0.00000000E+00
3.2209E+04 6.25822247E-08 0.00000000E+00
3.2233E+04 5.85214399E-08 0.00000000E+00
3.2256E+04 5.55627603E-08 0.00000000E+00
3.2280E+04 6.06703916E-08 0.00000000E+00
3.2303E+04 6.07610088E-08 0.00000000E+00
3.2327E+04 5.52700672E-08 0.00000000E+00
3.2351E+04 5.74894932E-08 0.00000000E+00
3.2374E+04 6.15149349E-08 0.00000000E+00
3.2398E+04 5.69931338E-08 0.00000000E+00
3.2421E+04 5.48350098E-08 0.00000000E+00
3.2445E+04 6.00343979E-08 0.00000000E+00
3.2468E+04 5.93053009E-08 0.00000000E+00
3.2492E+04 5.41409535E-08 0.00000000E+00
3.2515E+04 5.70346812E-08 0.00000000E+00
3.2539E+04 6.04236595E-08 0.00000000E+00
3.2563E+04 5.55545689E-08 0.00000000E+00
3.2586E+04 5.42095593E-08 0.00000000E+00
3.2610E+04 5.93679255E-08 0.00000000E+00
3.2633E+04 5.78568312E-08 0.00000000E+00
3.2657E+04 5.31175180E-08 0.00000000E+00
3.2680E+04 5.65832855E-08 0.00000000E+00
3.2704E+04 5.92700614E-08 0.00000000E+00
3.2728E+04 5.41702379E-08 0.00000000E+00
3.2751E+04 5.36298594E-08 0.00000000E+00
3.2775E+04 5.86178627E-08 0.00000000E+00
3.2798E+04 5.63795148E-08 0.00000000E+00
3.2822E+04 5.21522941E-08 0.00000000E+00
3.2845E+04 5.60792146E-08 0.00000000E+00
3.2869E+04 5.80180452E-08 0.00000000E+00
3.2892E+04 5.28092998E-08 0.00000000E+00
3.2916E+04 5.30515245E-08 0.00000000E+00
3.2940E+04 5.77520139E-08 0.00000000E+00
3.2963E+04 5.48606852E-08 0.00000000E+00
3.2987E+04 5.12244936E-08 0.00000000E+00
3.3010E+04 5.55014682E-08 0.00000000E+00
3.3034E+04 5.66708655E-08 0.00000000E+00
3.3057E+04 5.14796915E-08 0.00000000E+00
3.3081E+04 5.24730248E-08 0.00000000E+00
3.3105E+04 5.67862625E-08 0.00000000E+00
3.3128E+04 5.33340322E-08 0.00000000E+00
3.3152E+04 5.03577878E-08 0.00000000E+00
3.3175E+04 5.48764732E-08 0.00000000E+00
3.3199E+04 5.52783025E-08 0.00000000E+00
3.3222E+04 5.02298889E-08 0.00000000E+00
3.3246E+04 5.19312467E-08 0.00000000E+00
3.3269E+04 5.57741415E-08 0.00000000E+00
3.3293E+04 5.18641860E-08 0.00000000E+00
3.3317E+04 4.95997243E-08 0.00000000E+00
3.3340E+04 5.42517145E-08 0.00000000E+00
3.3364E+04 5.39056934E-08 0.00000000E+00
3.3387E+04 4.91147538E-08 0.00000000E+00
3.3411E+04 5.14636087E-08 0.00000000E+00
3.3434E+04 5.47651985E-08 0.00000000E+00
3.3458E+04 5.05035342E-08 0.00000000E+00
3.3482E+04 4.89780384E-08 0.00000000E+00
3.3505E+04 5.36506218E-08 0.00000000E+00
3.3529E+04 5.25884337E-08 0.00000000E+00
3.3552E+04 4.81522181E-08 0.00000000E+00
3.3576E+04 5.10669150E-08 0.00000000E+00
3.3599E+04 5.37652051E-08 0.00000000E+00
3.3623E+04 4.92558662E-08 0.00000000E+00
3.3646E+04 4.84696152E-08 0.00000000E+00
3.3670E+04 5.30456927E-08 0.00000000E+00
3.3694E+04 5.13091260E-08 0.00000000E+00
3.3717E+04 4.73068854E-08 0.00000000E+00
3.3741E+04 5.06877963E-08 0.00000000E+00
3.3764E+04 5.27316926E-08 0.00000000E+00
3.3788E+04 4.80776913E-08 0.00000000E+00
3.3811E+04 4.80093650E-08 0.00000000E+00
3.3835E+04 5.23737475E-08 0.00000000E+00
3.3859E+04 5.00176246E-08 0.00000000E+00
3.3882E+04 4.65159538E-08 0.00000000E+00
3.3906E+04 5.02549634E-08 0.00000000E+00
3.3929E+04 5.16104290E-08 0.00000000E+00
3.3953E+04 4.69179238E-08 0.00000000E+00
3.3976E+04 4.75339608E-08 0.00000000E+00
3.4000E+04 5.15829137E-08 0.00000000E+00
3.4023E+04 4.86790691E-08 0.00000000E+00
3.4047E+04 4.57377973E-08 0.00000000E+00
3.4071E+04 4.97286026E-08 0.00000000E+00
3.4094E+04 5.03842119E-08 0.00000000E+00
3.4118E+04 4.57643083E-08 0.00000000E+00
3.4141E+04 4.70256534E-08 0.00000000E+00
3.4165E+04 5.06737405E-08 0.00000000E+00
3.4188E+04 4.73109628E-08 0.00000000E+00
3.4212E+04 4.49837382E-08 0.00000000E+00
3.4236E+04 4.91268324E-08 0.00000000E+00
3.4259E+04 4.90940823E-08 0.00000000E+00
3.4283E+04 4.46584014E-08 0.00000000E+00
3.4306E+04 4.65201549E-08 0.00000000E+00
3.4330E+04 4.97005156E-08 0.00000000E+00
3.4353E+04 4.59784629E-08 0.00000000E+00
3.4377E+04 4.43065021E-08 0.00000000E+00
3.4400E+04 4.85069654E-08 0.00000000E+00
3.4424E+04 4.78148175E-08 0.00000000E+00
3.4448E+04 4.36660715E-08 0.00000000E+00
3.4471E+04 4.60712900E-08 0.00000000E+00
3.4495E+04 4.87305969E-08 0.00000000E+00
3.4518E+04 4.47506264E-08 0.00000000E+00
3.4542E+04 4.37537816E-08 0.00000000E+00
3.4565E+04 4.79156093E-08 0.00000000E+00
3.4589E+04 4.66032663E-08 0.00000000E+00
3.4612E+04 4.28264285E-08 0.00000000E+00
3.4636E+04 4.57000840E-08 0.00000000E+00
3.4660E+04 4.77934008E-08 0.00000000E+00
3.4683E+04 4.36519357E-08 0.00000000E+00
3.4707E+04 4.33238218E-08 0.00000000E+00
3.4730E+04 4.73470932E-08 0.00000000E+00
3.4754E+04 4.54602816E-08 0.00000000E+00
3.4777E+04 4.21200102E-08 0.00000000E+00
3.4801E+04 4.53692213E-08 0.00000000E+00
3.4825E+04 4.68596902E-08 0.00000000E+00
3.4848E+04 4.26479257E-08 0.00000000E+00
3.4872E+04 4.29592079E-08 0.00000000E+00
3.4895E+04 4.67439725E-08 0.00000000E+00
3.4919E+04 4.43368995E-08 0.00000000E+00
3.4942E+04 4.14823734E-08 0.00000000E+00
3.4966E+04 4.50043092E-08 0.00000000E+00
3.4989E+04 4.58682660E-08 0.00000000E+00
3.5013E+04 4.16769096E-08 0.00000000E+00
3.5037E+04 4.25848343E-08 0.00000000E+00
3.5060E+04 4.60400491E-08 0.00000000E+00
3.5084E+04 4.31801708E-08 0.00000000E+00
3.5107E+04 4.08527963E-08 0.00000000E+00
3.5131E+04 4.45457485E-08 0.00000000E+00
3.5154E+04 4.47790482E-08 0.00000000E+00
3.5178E+04 4.07025290E-08 0.00000000E+00
3.5202E+04 4.21601047E-08 0.00000000E+00
3.5225E+04 4.52118211E-08 0.00000000E+00
3.5249E+04 4.19818840E-08 0.00000000E+00
3.5272E+04 4.02191188E-08 0.00000000E+00
3.5296E+04 4.39899193E-08 0.00000000E+00
3.5319E+04 4.36100528E-08 0.00000000E+00
3.5343E+04 3.97449207E-08 0.00000000E+00
3.5366E+04 4.17036644E-08 0.00000000E+00
3.5390E+04 4.42973155E-08 0.00000000E+00
3.5414E+04 4.07911892E-08 0.00000000E+00
3.5437E+04 3.96229350E-08 0.00000000E+00
3.5461E+04 4.33869588E-08 0.00000000E+00
3.5484E+04 4.24289029E-08 0.00000000E+00
3.5508E+04 3.88658362E-08 0.00000000E+00
3.5531E+04 4.12712260E-08 0.00000000E+00
3.5555E+04 4.33675651E-08 0.00000000E+00
3.5579E+04 3.96814126E-08 0.00000000E+00
3.5602E+04 3.91214445E-08 0.00000000E+00
3.5626E+04 4.27972349E-08 0.00000000E+00
3.5649E+04 4.13059354E-08 0.00000000E+00
3.5673E+04 3.81200420E-08 0.00000000E+00
3.5696E+04 4.09045286E-08 0.00000000E+00
3.5720E+04 4.24735569E-08 0.00000000E+00
3.5743E+04 3.86977240E-08 0.00000000E+00
3.5767E+04 3.87367033E-08 0.00000000E+00
3.5791E+04 4.22411753E-08 0.00000000E+00
3.5814E+04 4.02660754E-08 0.00000000E+00
3.5838E+04 3.75118341E-08 0.00000000E+00
3.5861E+04 4.05921040E-08 0.00000000E+00
3.5885E+04 4.16104625E-08 0.00000000E+00
3.5908E+04 3.78270341E-08 0.00000000E+00
3.5932E+04 3.84326932E-08 0.00000000E+00
3.5956E+04 4.16820204E-08 0.00000000E+00
3.5979E+04 3.92771290E-08 0.00000000E+00
3.6003E+04 3.69910381E-08 0.00000000E+00
3.6026E+04 4.02728832E-08 0.00000000E+00
3.6050E+04 4.07269009E-08 0.00000000E+00
3.6073E+04 3.70134175E-08 0.00000000E+00
3.6097E+04 3.81382218E-08 0.00000000E+00
3.6120E+04 4.10546875E-08 0.00000000E+00
3.6144E+04 3.82828751E-08 0.00000000E+00
3.6168E+04 3.64910849E-08 0.00000000E+00
3.6191E+04 3.98793508E-08 0.00000000E+00
3.6215E+04 3.97709547E-08 0.00000000E+00
3.6238E+04 3.62058134E-08 0.00000000E+00
3.6262E+04 3.77968675E-08 0.00000000E+00
3.6285E+04 4.03170867E-08 0.00000000E+00
3.6309E+04 3.72535792E-08 0.00000000E+00
3.6333E+04 3.59780815E-08 0.00000000E+00
3.6356E+04 3.93854143E-08 0.00000000E+00
3.6380E+04 3.87356071E-08 0.00000000E+00
3.6403E+04 3.53993151E-08 0.00000000E+00
3.6427E+04 3.74039039E-08 0.00000000E+00
3.6450E+04 3.94828634E-08 0.00000000E+00
3.6474E+04 3.62134711E-08 0.00000000E+00
3.6497E+04 3.54718331E-08 0.00000000E+00
3.6521E+04 3.88212400E-08 0.00000000E+00
3.6545E+04 3.76678664E-08 0.00000000E+00
3.6568E+04 3.46377570E-08 0.00000000E+00
3.6592E+04 3.70016764E-08 0.00000000E+00
3.6615E+04 3.86105512E-08 0.00000000E+00
3.6639E+04 3.52244827E-08 0.00000000E+00
3.6662E+04 3.50234290E-08 0.00000000E+00
3.6686E+04 3.82446833E-08 0.00000000E+00
3.6710E+04 3.66358351E-08 0.00000000E+00
3.6733E+04 3.39771951E-08 0.00000000E+00
3.6757E+04 3.66387376E-08 0.00000000E+00
3.6780E+04 3.77592752E-08 0.00000000E+00
3.6804E+04 3.43407895E-08 0.00000000E+00
3.6827E+04 3.46688258E-08 0.00000000E+00
3.6851E+04 3.76933244E-08 0.00000000E+00
3.6874E+04 3.56810653E-08 0.00000000E+00
3.6898E+04 3.34405858E-08 0.00000000E+00
3.6922E+04 3.63262196E-08 0.00000000E+00
3.6945E+04 3.69467637E-08 0.00000000E+00
3.6969E+04 3.35708611E-08 0.00000000E+00
3.6992E+04 3.43958994E-08 0.00000000E+00
3.7016E+04 3.71552737E-08 0.00000000E+00
3.7039E+04 3.47938101E-08 0.00000000E+00
3.7063E+04 3.29996137E-08 0.00000000E+00
3.7087E+04 3.60258059E-08 0.00000000E+00
3.7110E+04 3.61421459E-08 0.00000000E+00
3.7134E+04 3.28763075E-08 0.00000000E+00
3.7157E+04 3.41504387E-08 0.00000000E+00
3.7181E+04 3.65807543E-08 0.00000000E+00
3.7204E+04 3.39292772E-08 0.00000000E+00
3.7228E+04 3.25968248E-08 0.00000000E+00
3.7251E+04 3.56775264E-08 0.00000000E+00
3.7275E+04 3.52973871E-08 0.00000000E+00
3.7299E+04 3.22065658E-08 0.00000000E+00
3.7322E+04 3.38747690E-08 0.00000000E+00
3.7346E+04 3.59234385E-08 0.00000000E+00
3.7369E+04 3.30498424E-08 0.00000000E+00
3.7393E+04 3.21886694E-08 0.00000000E+00
3.7416E+04 3.52436725E-08 0.00000000E+00
3.7440E+04 3.43904940E-08 0.00000000E+00
3.7463E+04 3.15400568E-08 0.00000000E+00
3.7487E+04 3.35469548E-08 0.00000000E+00
3.7511E+04 3.51774061E-08 0.00000000E+00
3.7534E+04 3.21583549E-08 0.00000000E+00
3.7558E+04 3.17743272E-08 0.00000000E+00
3.7581E+04 3.47334172E-08 0.00000000E+00
3.7605E+04 3.34457255E-08 0.00000000E+00
3.7628E+04 3.08989320E-08 0.00000000E+00
3.7652E+04 3.31897339E-08 0.00000000E+00
3.7676E+04 3.43809490E-08 0.00000000E+00
3.7699E+04 3.12968669E-08 0.00000000E+00
3.7723E+04 3.13885769E-08 0.00000000E+00
3.7746E+04 3.41900637E-08 0.00000000E+00
3.7770E+04 3.25164494E-08 0.00000000E+00
3.7793E+04 3.03276464E-08 0.00000000E+00
3.7817E+04 3.28442378E-08 0.00000000E+00
3.7840E+04 3.35864535E-08 0.00000000E+00
3.7864E+04 3.05142195E-08 0.00000000E+00
3.7888E+04 3.10668993E-08 0.00000000E+00
3.7911E+04 3.36534727E-08 0.00000000E+00
3.7935E+04 3.16466608E-08 0.00000000E+00
3.7958E+04 2.98548580E-08 0.00000000E+00
3.7982E+04 3.25316432E-08 0.00000000E+00
3.8005E+04 3.28222383E-08 0.00000000E+00
3.8029E+04 2.98301724E-08 0.00000000E+00
3.8053E+04 3.08123546E-08 0.00000000E+00
3.8076E+04 3.31288320E-08 0.00000000E+00
3.8100E+04 3.08427670E-08 0.00000000E+00
3.8123E+04 2.94699563E-08 0.00000000E+00
3.8147E+04 3.22338586E-08 0.00000000E+00
3.8170E+04 3.20767342E-08 0.00000000E+00
3.8194E+04 2.92245594E-08 0.00000000E+00
3.8217E+04 3.05904407E-08 0.00000000E+00
3.8241E+04 3.25858776E-08 0.00000000E+00
3.8265E+04 3.00769745E-08 0.00000000E+00
3.8288E+04 2.91318756E-08 0.00000000E+00
3.8312E+04 3.19073123E-08 0.00000000E+00
3.8335E+04 3.13157207E-08 0.00000000E+00
3.8359E+04 2.86581824E-08 0.00000000E+00
3.8382E+04 3.03542058E-08 0.00000000E+00
3.8406E+04 3.19869441E-08 0.00000000E+00
3.8430E+04 2.93170379E-08 0.00000000E+00
3.8453E+04 2.88008581E-08 0.00000000E+00
3.8477E+04 3.15165309E-08 0.00000000E+00
3.8500E+04 3.05162102E-08 0.00000000E+00
3.8524E+04 2.81062089E-08 0.00000000E+00
3.8547E+04 3.00773470E-08 0.00000000E+00
3.8571E+04 3.13191557E-08 0.00000000E+00
3.8594E+04 2.85562763E-08 0.00000000E+00
3.8618E+04 2.84658655E-08 0.00000000E+00
3.8642E+04 3.10590581E-08 0.00000000E+00
3.8665E+04 2.96883135E-08 0.00000000E+00
3.8689E+04 2.75760967E-08 0.00000000E+00
3.8712E+04 2.97680556E-08 0.00000000E+00
3.8736E+04 3.06044982E-08 0.00000000E+00
3.8759E+04 2.78195775E-08 0.00000000E+00
3.8783E+04 2.81459230E-08 0.00000000E+00
3.8807E+04 3.05623899E-08 0.00000000E+00
3.8830E+04 2.88684630E-08 0.00000000E+00
3.8854E+04 2.70969552E-08 0.00000000E+00
3.8877E+04 2.94541641E-08 0.00000000E+00
3.8901E+04 2.98815751E-08 0.00000000E+00
3.8924E+04 2.71427215E-08 0.00000000E+00
3.8948E+04 2.78667384E-08 0.00000000E+00
3.8971E+04 3.00579046E-08 0.00000000E+00
3.8995E+04 2.80920498E-08 0.00000000E+00
3.9019E+04 2.66916766E-08 0.00000000E+00
3.9042E+04 2.91542781E-08 0.00000000E+00
3.9066E+04 2.91763106E-08 0.00000000E+00
3.9089E+04 2.65442775E-08 0.00000000E+00
3.9113E+04 2.76339702E-08 0.00000000E+00
3.9136E+04 2.95549672E-08 0.00000000E+00
3.9160E+04 2.73694893E-08 0.00000000E+00
3.9184E+04 2.63562288E-08 0.00000000E+00
3.9207E+04 2.88597319E-08 0.00000000E+00
3.9231E+04 2.84863026E-08 0.00000000E+00
3.9254E+04 2.60137017E-08 0.00000000E+00
3.9278E+04 2.74254896E-08 0.00000000E+00
3.9301E+04 2.90363173E-08 0.00000000E+00
3.9325E+04 2.66848903E-08 0.00000000E+00
3.9348E+04 2.60626518E-08 0.00000000E+00
3.9372E+04 2.85413950E-08 0.00000000E+00
3.9396E+04 2.77903779E-08 0.00000000E+00
3.9419E+04 2.55240683E-08 0.00000000E+00
3.9443E+04 2.72076452E-08 0.00000000E+00
3.9466E+04 2.84767495E-08 0.00000000E+00
3.9490E+04 2.60163889E-08 0.00000000E+00
3.9513E+04 2.57814223E-08 0.00000000E+00
3.9537E+04 2.81737405E-08 0.00000000E+00
3.9561E+04 2.70731546E-08 0.00000000E+00
3.9584E+04 2.50566978E-08 0.00000000E+00
3.9608E+04 2.69600835E-08 0.00000000E+00
3.9631E+04 2.78674700E-08 0.00000000E+00
3.9655E+04 2.53590939E-08 0.00000000E+00
3.9678E+04 2.55027622E-08 0.00000000E+00
3.9702E+04 2.77544797E-08 0.00000000E+00
3.9725E+04 2.63424417E-08 0.00000000E+00
3.9749E+04 2.46156996E-08 0.00000000E+00
3.9773E+04 2.66873369E-08 0.00000000E+00
3.9796E+04 2.72248318E-08 0.00000000E+00
3.9820E+04 2.47306885E-08 0.00000000E+00
3.9843E+04 2.52386929E-08 0.00000000E+00
3.9867E+04 2.73032313E-08 0.00000000E+00
3.9890E+04 2.56249761E-08 0.00000000E+00
3.9914E+04 2.42206495E-08 0.00000000E+00
3.9937E+04 2.64081943E-08 0.00000000E+00
3.9961E+04 2.65770172E-08 0.00000000E+00
3.9985E+04 2.41561339E-08 0.00000000E+00
