0.0000E+00 0.00000000E+00 0.00000000E+00
2.3562E+01 0.00000000E+00 0.00000000E+00
4.7124E+01 0.00000000E+00 0.00000000E+00
7.0686E+01 0.00000000E+00 0.00000000E+00
9.4248E+01 0.00000000E+00 0.00000000E+00
1.1781E+02 0.00000000E+00 0.00000000E+00
1.4137E+02 0.00000000E+00 0.00000000E+00
1.6493E+02 0.00000000E+00 0.00000000E+00
1.8850E+02 0.00000000E+00 0.00000000E+00
2.1206E+02 0.00000000E+00 0.00000000E+00
2.3562E+02 0.00000000E+00 0.00000000E+00
2.5918E+02 1.51505555E-272 0.00000000E+00
2.8274E+02 1.99013565E-219 0.00000000E+00
3.0631E+02 1.14496865E-176 0.00000000E+00
3.2987E+02 3.14687941E-141 0.00000000E+00
3.5343E+02 1.61169355E-111 0.00000000E+00
3.7699E+02 1.36705966E-86 0.00000000E+00
4.0055E+02 7.57104756E-66 0.00000000E+00
4.2412E+02 6.35273748E-49 0.00000000E+00
4.4768E+02 1.22552140E-35 0.00000000E+00
4.7124E+02 5.16352491E-26 0.00000000E+00
4.9480E+02 2.02145242E-20 0.00000000E+00
5.1836E+02 2.58354049E-19 0.00000000E+00
5.4192E+02 6.94462665E-19 0.00000000E+00
5.6549E+02 8.41986137E-19 0.00000000E+00
5.8905E+02 1.13803249E-18 0.00000000E+00
6.1261E+02 2.04290839E-18 0.00000000E+00
6.3617E+02 3.21756850E-18 0.00000000E+00
6.5973E+02 4.25552775E-18 0.00000000E+00
6.8330E+02 6.82164962E-18 0.00000000E+00
7.0686E+02 1.17758668E-17 0.00000000E+00
7.3042E+02 1.56820071E-17 0.00000000E+00
7.5398E+02 2.07346353E-17 0.00000000E+00
7.7754E+02 3.42985531E-17 0.00000000E+00
8.0111E+02 4.84158560E-17 0.00000000E+00
8.2467E+02 5.84015916E-17 0.00000000E+00
8.4823E+02 8.90295232E-17 0.00000000E+00
8.7179E+02 1.37046195E-16 0.00000000E+00
8.9535E+02 1.67157295E-16 0.00000000E+00
9.1892E+02 2.24924587E-16 0.00000000E+00
9.4248E+02 3.64313270E-16 0.00000000E+00
9.6604E+02 4.83807934E-16 0.00000000E+00
9.8960E+02 5.89477503E-16 0.00000000E+00
1.0132E+03 9.23421616E-16 0.00000000E+00
1.0367E+03 1.35735508E-15 0.00000000E+00
1.0603E+03 1.61629793E-15 0.00000000E+00
1.0838E+03 2.25952723E-15 0.00000000E+00
1.1074E+03 3.54147684E-15 0.00000000E+00
1.1310E+03 4.44297220E-15 0.00000000E+00
1.1545E+03 5.50152404E-15 0.00000000E+00
1.1781E+03 8.55505139E-15 0.00000000E+00
1.2017E+03 1.17652824E-14 0.00000000E+00
1.2252E+03 1.37365784E-14 0.00000000E+00
1.2488E+03 1.95894204E-14 0.00000000E+00
1.2723E+03 2.92156730E-14 0.00000000E+00
1.2959E+03 3.49085066E-14 0.00000000E+00
1.3195E+03 4.41199944E-14 0.00000000E+00
1.3430E+03 6.74105678E-14 0.00000000E+00
1.3666E+03 8.71669977E-14 0.00000000E+00
1.3902E+03 1.01242724E-13 0.00000000E+00
1.4137E+03 1.46575333E-13 0.00000000E+00
1.4373E+03 2.07136361E-13 0.00000000E+00
1.4608E+03 2.38715355E-13 0.00000000E+00
1.4844E+03 3.09722512E-13 0.00000000E+00
1.5080E+03 4.60317658E-13 0.00000000E+00
1.5315E+03 5.63143688E-13 0.00000000E+00
1.5551E+03 6.59562069E-13 0.00000000E+00
1.5787E+03 9.59411288E-13 0.00000000E+00
1.6022E+03 1.28097265E-12 0.00000000E+00
1.6258E+03 1.44242244E-12 0.00000000E+00
1.6493E+03 1.91730750E-12 0.00000000E+00
1.6729E+03 2.74009986E-12 0.00000000E+00
1.6965E+03 3.19278651E-12 0.00000000E+00
1.7200E+03 3.80314650E-12 0.00000000E+00
1.7436E+03 5.48396711E-12 0.00000000E+00
1.7671E+03 6.91189134E-12 0.00000000E+00
1.7907E+03 7.70094319E-12 0.00000000E+00
1.8143E+03 1.04200017E-11 0.00000000E+00
1.8378E+03 1.42030563E-11 0.00000000E+00
1.8614E+03 1.59114749E-11 0.00000000E+00
1.8850E+03 1.93736546E-11 0.00000000E+00
1.9085E+03 2.73520866E-11 0.00000000E+00
1.9321E+03 3.26305383E-11 0.00000000E+00
1.9556E+03 3.64094640E-11 0.00000000E+00
1.9792E+03 4.96907553E-11 0.00000000E+00
2.0028E+03 6.42780057E-11 0.00000000E+00
2.0263E+03 7.00192418E-11 0.00000000E+00
2.0499E+03 8.72158692E-11 0.00000000E+00
2.0735E+03 1.19230873E-10 0.00000000E+00
2.0970E+03 1.35373765E-10 0.00000000E+00
2.1206E+03 1.52791974E-10 0.00000000E+00
2.1441E+03 2.07964240E-10 0.00000000E+00
2.1677E+03 2.54776649E-10 0.00000000E+00
2.1913E+03 2.73145537E-10 0.00000000E+00
2.2148E+03 3.46803559E-10 0.00000000E+00
2.2384E+03 4.54967472E-10 0.00000000E+00
2.2619E+03 4.95541591E-10 0.00000000E+00
2.2855E+03 5.69571290E-10 0.00000000E+00
2.3091E+03 7.64026969E-10 0.00000000E+00
2.3326E+03 8.87361409E-10 0.00000000E+00
2.3562E+03 9.47552572E-10 0.00000000E+00
2.3798E+03 1.21759284E-09 0.00000000E+00
2.4033E+03 1.52330192E-09 0.00000000E+00
2.4269E+03 1.60763115E-09 0.00000000E+00
2.4504E+03 1.88719900E-09 0.00000000E+00
2.4740E+03 2.46731666E-09 0.00000000E+00
2.4976E+03 2.72742651E-09 0.00000000E+00
2.5211E+03 2.93194137E-09 0.00000000E+00
2.5447E+03 3.77648821E-09 0.00000000E+00
2.5683E+03 4.49076925E-09 0.00000000E+00
2.5918E+03 4.64484614E-09 0.00000000E+00
2.6154E+03 5.56229164E-09 0.00000000E+00
2.6389E+03 7.02107352E-09 0.00000000E+00
2.6625E+03 7.43619846E-09 0.00000000E+00
2.6861E+03 8.11361962E-09 0.00000000E+00
2.7096E+03 1.03626514E-08 0.00000000E+00
2.7332E+03 1.17089545E-08 0.00000000E+00
2.7567E+03 1.20106037E-08 0.00000000E+00
2.7803E+03 1.46000212E-08 0.00000000E+00
2.8039E+03 1.76668683E-08 0.00000000E+00
2.8274E+03 1.80892652E-08 0.00000000E+00
2.8510E+03 2.01301348E-08 0.00000000E+00
2.8746E+03 2.52198316E-08 0.00000000E+00
2.8981E+03 2.71498618E-08 0.00000000E+00
2.9217E+03 2.79303831E-08 0.00000000E+00
2.9452E+03 3.41946553E-08 0.00000000E+00
2.9688E+03 3.94946652E-08 0.00000000E+00
2.9924E+03 3.95165844E-08 0.00000000E+00
3.0159E+03 4.48949438E-08 0.00000000E+00
3.0395E+03 5.46456438E-08 0.00000000E+00
3.0631E+03 5.63587204E-08 0.00000000E+00
3.0866E+03 5.86959741E-08 0.00000000E+00
3.1102E+03 7.16796753E-08 0.00000000E+00
3.1337E+03 7.89156961E-08 0.00000000E+00
3.1573E+03 7.80661867E-08 0.00000000E+00
3.1809E+03 9.02913741E-08 0.00000000E+00
3.2044E+03 1.05965671E-07 0.00000000E+00
3.2280E+03 1.05551337E-07 0.00000000E+00
3.2515E+03 1.12013503E-07 0.00000000E+00
3.2751E+03 1.35070030E-07 0.00000000E+00
3.2987E+03 1.41986404E-07 0.00000000E+00
3.3222E+03 1.40485223E-07 0.00000000E+00
3.3458E+03 1.64417210E-07 0.00000000E+00
3.3694E+03 1.85120453E-07 0.00000000E+00
3.3929E+03 1.79906811E-07 0.00000000E+00
3.4165E+03 1.95105972E-07 0.00000000E+00
3.4400E+03 2.30125839E-07 0.00000000E+00
3.4636E+03 2.32052357E-07 0.00000000E+00
3.4872E+03 2.32005158E-07 0.00000000E+00
3.5107E+03 2.72493952E-07 0.00000000E+00
3.5343E+03 2.93732626E-07 0.00000000E+00
3.5579E+03 2.81698622E-07 0.00000000E+00
3.5814E+03 3.11912254E-07 0.00000000E+00
3.6050E+03 3.57095243E-07 0.00000000E+00
3.6285E+03 3.47936583E-07 0.00000000E+00
3.6521E+03 3.54237232E-07 0.00000000E+00
3.6757E+03 4.13711922E-07 0.00000000E+00
3.6992E+03 4.27358453E-07 0.00000000E+00
3.7228E+03 4.09149873E-07 0.00000000E+00
3.7463E+03 4.60563756E-07 0.00000000E+00
3.7699E+03 5.09090568E-07 0.00000000E+00
3.7935E+03 4.83812075E-07 0.00000000E+00
3.8170E+03 5.03790510E-07 0.00000000E+00
3.8406E+03 5.79893454E-07 0.00000000E+00
3.8642E+03 5.76231225E-07 0.00000000E+00
3.8877E+03 5.56542684E-07 0.00000000E+00
3.9113E+03 6.32601939E-07 0.00000000E+00
3.9348E+03 6.73419255E-07 0.00000000E+00
3.9584E+03 6.30876601E-07 0.00000000E+00
3.9820E+03 6.72364032E-07 0.00000000E+00
4.0055E+03 7.57102236E-07 0.00000000E+00
4.0291E+03 7.28250804E-07 0.00000000E+00
4.0527E+03 7.15455305E-07 0.00000000E+00
4.0762E+03 8.14646576E-07 0.00000000E+00
4.0998E+03 8.35360661E-07 0.00000000E+00
4.1233E+03 7.79831376E-07 0.00000000E+00
4.1469E+03 8.48414351E-07 0.00000000E+00
4.1705E+03 9.29544877E-07 0.00000000E+00
4.1940E+03 8.72534223E-07 0.00000000E+00
4.2176E+03 8.76518929E-07 0.00000000E+00
4.2412E+03 9.91815622E-07 0.00000000E+00
4.2647E+03 9.82342200E-07 0.00000000E+00
4.2883E+03 9.22877974E-07 0.00000000E+00
4.3118E+03 1.01971131E-06 0.00000000E+00
4.3354E+03 1.08374129E-06 0.00000000E+00
4.3590E+03 1.00173925E-06 0.00000000E+00
4.3825E+03 1.03103029E-06 0.00000000E+00
4.4061E+03 1.15124159E-06 0.00000000E+00
4.4296E+03 1.10651281E-06 0.00000000E+00
4.4532E+03 1.05457578E-06 0.00000000E+00
4.4768E+03 1.17571738E-06 0.00000000E+00
4.5003E+03 1.21108414E-06 0.00000000E+00
4.5239E+03 1.11249428E-06 0.00000000E+00
4.5475E+03 1.17200434E-06 0.00000000E+00
4.5710E+03 1.28423127E-06 0.00000000E+00
4.5946E+03 1.20505212E-06 0.00000000E+00
4.6181E+03 1.17170120E-06 0.00000000E+00
4.6417E+03 1.30896877E-06 0.00000000E+00
4.6653E+03 1.30818800E-06 0.00000000E+00
4.6888E+03 1.20444423E-06 0.00000000E+00
4.7124E+03 1.29454388E-06 0.00000000E+00
4.7360E+03 1.38662460E-06 0.00000000E+00
4.7595E+03 1.27888223E-06 0.00000000E+00
4.7831E+03 1.27261162E-06 0.00000000E+00
4.8066E+03 1.41526968E-06 0.00000000E+00
4.8302E+03 1.37568018E-06 0.00000000E+00
4.8538E+03 1.27885999E-06 0.00000000E+00
4.8773E+03 1.39566251E-06 0.00000000E+00
4.9009E+03 1.45789260E-06 0.00000000E+00
4.9244E+03 1.33093348E-06 0.00000000E+00
4.9480E+03 1.35658004E-06 0.00000000E+00
4.9716E+03 1.49310765E-06 0.00000000E+00
4.9951E+03 1.41655086E-06 0.00000000E+00
5.0187E+03 1.33753240E-06 0.00000000E+00
5.0423E+03 1.47386936E-06 0.00000000E+00
5.0658E+03 1.49987562E-06 0.00000000E+00
5.0894E+03 1.36480408E-06 0.00000000E+00
5.1129E+03 1.42335875E-06 0.00000000E+00
5.1365E+03 1.54288081E-06 0.00000000E+00
5.1601E+03 1.43486126E-06 0.00000000E+00
5.1836E+03 1.38219555E-06 0.00000000E+00
5.2072E+03 1.52879455E-06 0.00000000E+00
5.2308E+03 1.51578565E-06 0.00000000E+00
5.2543E+03 1.38405254E-06 0.00000000E+00
5.2779E+03 1.47300738E-06 0.00000000E+00
5.3014E+03 1.56631117E-06 0.00000000E+00
5.3250E+03 1.43502502E-06 0.00000000E+00
5.3486E+03 1.41436926E-06 0.00000000E+00
5.3721E+03 1.56097452E-06 0.00000000E+00
5.3957E+03 1.50963117E-06 0.00000000E+00
5.4192E+03 1.39195732E-06 0.00000000E+00
5.4428E+03 1.50589783E-06 0.00000000E+00
5.4664E+03 1.56611475E-06 0.00000000E+00
5.4899E+03 1.42149837E-06 0.00000000E+00
5.5135E+03 1.43540234E-06 0.00000000E+00
5.5371E+03 1.57176441E-06 0.00000000E+00
5.5606E+03 1.48591994E-06 0.00000000E+00
5.5842E+03 1.39146908E-06 0.00000000E+00
5.6077E+03 1.52276690E-06 0.00000000E+00
5.6313E+03 1.54579809E-06 0.00000000E+00
5.6549E+03 1.39860605E-06 0.00000000E+00
5.6784E+03 1.44651970E-06 0.00000000E+00
5.7020E+03 1.56325062E-06 0.00000000E+00
5.7256E+03 1.44940647E-06 0.00000000E+00
5.7491E+03 1.38513591E-06 0.00000000E+00
5.7727E+03 1.52469346E-06 0.00000000E+00
5.7962E+03 1.50940908E-06 0.00000000E+00
5.8198E+03 1.37030872E-06 0.00000000E+00
5.8434E+03 1.44876953E-06 0.00000000E+00
5.8669E+03 1.53806387E-06 0.00000000E+00
5.8905E+03 1.40475380E-06 0.00000000E+00
5.9140E+03 1.37493835E-06 0.00000000E+00
5.9376E+03 1.51297535E-06 0.00000000E+00
5.9612E+03 1.46119497E-06 0.00000000E+00
5.9847E+03 1.33990611E-06 0.00000000E+00
6.0083E+03 1.44291361E-06 0.00000000E+00
6.0319E+03 1.49912501E-06 0.00000000E+00
6.0554E+03 1.35616118E-06 0.00000000E+00
6.0790E+03 1.36213024E-06 0.00000000E+00
6.1025E+03 1.48899617E-06 0.00000000E+00
6.1261E+03 1.40525931E-06 0.00000000E+00
6.1497E+03 1.30980041E-06 0.00000000E+00
6.1732E+03 1.42938061E-06 0.00000000E+00
6.1968E+03 1.44942919E-06 0.00000000E+00
6.2204E+03 1.30708415E-06 0.00000000E+00
6.2439E+03 1.34720767E-06 0.00000000E+00
6.2675E+03 1.45417815E-06 0.00000000E+00
6.2910E+03 1.34532264E-06 0.00000000E+00
6.3146E+03 1.28142575E-06 0.00000000E+00
6.3382E+03 1.40835507E-06 0.00000000E+00
6.3617E+03 1.39193662E-06 0.00000000E+00
6.3853E+03 1.26012325E-06 0.00000000E+00
6.4088E+03 1.33005195E-06 0.00000000E+00
6.4324E+03 1.41004696E-06 0.00000000E+00
6.4560E+03 1.28462441E-06 0.00000000E+00
6.4795E+03 1.25536218E-06 0.00000000E+00
6.5031E+03 1.37998803E-06 0.00000000E+00
6.5267E+03 1.32956140E-06 0.00000000E+00
6.5502E+03 1.21706906E-06 0.00000000E+00
6.5738E+03 1.31019760E-06 0.00000000E+00
6.5973E+03 1.35835139E-06 0.00000000E+00
6.6209E+03 1.22591705E-06 0.00000000E+00
6.6445E+03 1.23155577E-06 0.00000000E+00
6.6680E+03 1.34462842E-06 0.00000000E+00
6.6916E+03 1.26516951E-06 0.00000000E+00
6.7152E+03 1.17900321E-06 0.00000000E+00
6.7387E+03 1.28709595E-06 0.00000000E+00
6.7623E+03 1.30111631E-06 0.00000000E+00
6.7858E+03 1.17144045E-06 0.00000000E+00
6.8094E+03 1.20951132E-06 0.00000000E+00
6.8330E+03 1.30294169E-06 0.00000000E+00
6.8565E+03 1.20147838E-06 0.00000000E+00
6.8801E+03 1.14634524E-06 0.00000000E+00
6.9036E+03 1.26025986E-06 0.00000000E+00
6.9272E+03 1.24054572E-06 0.00000000E+00
6.9508E+03 1.12281198E-06 0.00000000E+00
6.9743E+03 1.18839371E-06 0.00000000E+00
6.9979E+03 1.25587715E-06 0.00000000E+00
7.0215E+03 1.14085424E-06 0.00000000E+00
7.0450E+03 1.11884636E-06 0.00000000E+00
7.0686E+03 1.22930089E-06 0.00000000E+00
7.0921E+03 1.17882587E-06 0.00000000E+00
7.1157E+03 1.08090190E-06 0.00000000E+00
7.1393E+03 1.16708970E-06 0.00000000E+00
7.1628E+03 1.20456037E-06 0.00000000E+00
7.1864E+03 1.08511001E-06 0.00000000E+00
7.2100E+03 1.09561725E-06 0.00000000E+00
7.2335E+03 1.19394865E-06 0.00000000E+00
7.2571E+03 1.11793774E-06 0.00000000E+00
7.2806E+03 1.04578386E-06 0.00000000E+00
7.3042E+03 1.14432337E-06 0.00000000E+00
7.3278E+03 1.15021563E-06 0.00000000E+00
7.3513E+03 1.03540332E-06 0.00000000E+00
7.3749E+03 1.07526962E-06 0.00000000E+00
7.3985E+03 1.15412917E-06 0.00000000E+00
7.4220E+03 1.05957343E-06 0.00000000E+00
7.4456E+03 1.01684698E-06 0.00000000E+00
7.4691E+03 1.11887387E-06 0.00000000E+00
7.4927E+03 1.09418145E-06 0.00000000E+00
7.5163E+03 9.92296021E-07 0.00000000E+00
7.5398E+03 1.05619426E-06 0.00000000E+00
7.5634E+03 1.11012091E-06 0.00000000E+00
7.5869E+03 1.00516724E-06 0.00000000E+00
7.6105E+03 9.93037244E-07 0.00000000E+00
7.6341E+03 1.08984603E-06 0.00000000E+00
7.6576E+03 1.03796570E-06 0.00000000E+00
7.6812E+03 9.55895856E-07 0.00000000E+00
7.7048E+03 1.03686757E-06 0.00000000E+00
7.7283E+03 1.06267827E-06 0.00000000E+00
7.7519E+03 9.55934922E-07 0.00000000E+00
7.7754E+03 9.73099152E-07 0.00000000E+00
7.7990E+03 1.05686016E-06 0.00000000E+00
7.8226E+03 9.83226965E-07 0.00000000E+00
7.8461E+03 9.25960622E-07 0.00000000E+00
7.8697E+03 1.01605540E-06 0.00000000E+00
7.8933E+03 1.01301494E-06 0.00000000E+00
7.9168E+03 9.12827148E-07 0.00000000E+00
7.9404E+03 9.55716752E-07 0.00000000E+00
7.9639E+03 1.02007685E-06 0.00000000E+00
7.9875E+03 9.31627130E-07 0.00000000E+00
8.0111E+03 9.01911349E-07 0.00000000E+00
8.0346E+03 9.92869022E-07 0.00000000E+00
8.0582E+03 9.62634978E-07 0.00000000E+00
8.0817E+03 8.76396166E-07 0.00000000E+00
8.1053E+03 9.39548693E-07 0.00000000E+00
8.1289E+03 9.80073632E-07 0.00000000E+00
8.1524E+03 8.84593817E-07 0.00000000E+00
8.1760E+03 8.82788065E-07 0.00000000E+00
8.1996E+03 9.66714116E-07 0.00000000E+00
8.2231E+03 9.13080277E-07 0.00000000E+00
8.2467E+03 8.46649957E-07 0.00000000E+00
8.2702E+03 9.23228019E-07 0.00000000E+00
8.2938E+03 9.37670361E-07 0.00000000E+00
8.3174E+03 8.43107041E-07 0.00000000E+00
8.3409E+03 8.67251868E-07 0.00000000E+00
8.3645E+03 9.37246082E-07 0.00000000E+00
8.3881E+03 8.65729034E-07 0.00000000E+00
8.4116E+03 8.23017564E-07 0.00000000E+00
8.4352E+03 9.05438407E-07 0.00000000E+00
8.4587E+03 8.93826926E-07 0.00000000E+00
8.4823E+03 8.07628050E-07 0.00000000E+00
8.5059E+03 8.53723680E-07 0.00000000E+00
8.5294E+03 9.04416569E-07 0.00000000E+00
8.5530E+03 8.21729419E-07 0.00000000E+00
8.5765E+03 8.04478480E-07 0.00000000E+00
8.6001E+03 8.85094537E-07 0.00000000E+00
8.6237E+03 8.49639674E-07 0.00000000E+00
8.6472E+03 7.78173873E-07 0.00000000E+00
8.6708E+03 8.40627383E-07 0.00000000E+00
8.6944E+03 8.68571813E-07 0.00000000E+00
8.7179E+03 7.82022054E-07 0.00000000E+00
8.7415E+03 7.89778400E-07 0.00000000E+00
8.7650E+03 8.61535457E-07 0.00000000E+00
8.7886E+03 8.06352908E-07 0.00000000E+00
8.8122E+03 7.54439488E-07 0.00000000E+00
8.8357E+03 8.26622061E-07 0.00000000E+00
8.8593E+03 8.30499675E-07 0.00000000E+00
8.8829E+03 7.47353455E-07 0.00000000E+00
8.9064E+03 7.77618490E-07 0.00000000E+00
8.9300E+03 8.34624978E-07 0.00000000E+00
8.9535E+03 7.65298600E-07 0.00000000E+00
8.9771E+03 7.35875210E-07 0.00000000E+00
9.0007E+03 8.10728908E-07 0.00000000E+00
9.0242E+03 7.91354177E-07 0.00000000E+00
9.0478E+03 7.18217664E-07 0.00000000E+00
9.0713E+03 7.66748529E-07 0.00000000E+00
9.0949E+03 8.04707223E-07 0.00000000E+00
9.1185E+03 7.27733639E-07 0.00000000E+00
9.1420E+03 7.21685000E-07 0.00000000E+00
9.1656E+03 7.92326507E-07 0.00000000E+00
9.1892E+03 7.52459064E-07 0.00000000E+00
9.2127E+03 6.94734625E-07 0.00000000E+00
9.2363E+03 7.55972358E-07 0.00000000E+00
9.2598E+03 7.72451314E-07 0.00000000E+00
9.2834E+03 6.94628670E-07 0.00000000E+00
9.3070E+03 7.10796823E-07 0.00000000E+00
9.3305E+03 7.71079715E-07 0.00000000E+00
9.3541E+03 7.15082254E-07 0.00000000E+00
9.3777E+03 6.76557402E-07 0.00000000E+00
9.4012E+03 7.44155317E-07 0.00000000E+00
9.4248E+03 7.38695665E-07 0.00000000E+00
9.4483E+03 6.66524629E-07 0.00000000E+00
9.4719E+03 7.01905322E-07 0.00000000E+00
9.4955E+03 7.46906235E-07 0.00000000E+00
9.5190E+03 6.80293390E-07 0.00000000E+00
9.5426E+03 6.62900307E-07 0.00000000E+00
9.5661E+03 7.30309685E-07 0.00000000E+00
9.5897E+03 7.04372192E-07 0.00000000E+00
9.6133E+03 6.43521950E-07 0.00000000E+00
9.6368E+03 6.93622797E-07 0.00000000E+00
9.6604E+03 7.20011582E-07 0.00000000E+00
9.6840E+03 6.48929592E-07 0.00000000E+00
9.7075E+03 6.52683497E-07 0.00000000E+00
9.7311E+03 7.13737770E-07 0.00000000E+00
9.7546E+03 6.70492541E-07 0.00000000E+00
9.7782E+03 6.25366475E-07 0.00000000E+00
9.8018E+03 6.84680165E-07 0.00000000E+00
9.8253E+03 6.90938172E-07 0.00000000E+00
9.8489E+03 6.21613661E-07 0.00000000E+00
9.8725E+03 6.44717479E-07 0.00000000E+00
9.8960E+03 6.94154860E-07 0.00000000E+00
9.9196E+03 6.38129776E-07 0.00000000E+00
9.9431E+03 6.11554410E-07 0.00000000E+00
9.9667E+03 6.74091437E-07 0.00000000E+00
9.9903E+03 6.60556824E-07 0.00000000E+00
1.0014E+04 5.98755570E-07 0.00000000E+00
1.0037E+04 6.37846418E-07 0.00000000E+00
1.0061E+04 6.71720706E-07 0.00000000E+00
1.0085E+04 6.08338838E-07 0.00000000E+00
1.0108E+04 6.01392253E-07 0.00000000E+00
1.0132E+04 6.61219358E-07 0.00000000E+00
1.0155E+04 6.29959253E-07 0.00000000E+00
1.0179E+04 5.80499554E-07 0.00000000E+00
1.0202E+04 6.31008828E-07 0.00000000E+00
1.0226E+04 6.46957784E-07 0.00000000E+00
1.0249E+04 5.82010814E-07 0.00000000E+00
1.0273E+04 5.94003460E-07 0.00000000E+00
1.0297E+04 6.45745859E-07 0.00000000E+00
1.0320E+04 6.00280140E-07 0.00000000E+00
1.0344E+04 5.66648542E-07 0.00000000E+00
1.0367E+04 6.23248488E-07 0.00000000E+00
1.0391E+04 6.20611983E-07 0.00000000E+00
1.0414E+04 5.59728127E-07 0.00000000E+00
1.0438E+04 5.88341673E-07 0.00000000E+00
1.0462E+04 6.27617471E-07 0.00000000E+00
1.0485E+04 5.72534397E-07 0.00000000E+00
1.0509E+04 5.56642239E-07 0.00000000E+00
1.0532E+04 6.13745294E-07 0.00000000E+00
1.0556E+04 5.93537129E-07 0.00000000E+00
1.0579E+04 5.41696424E-07 0.00000000E+00
1.0603E+04 5.83267075E-07 0.00000000E+00
1.0626E+04 6.07023159E-07 0.00000000E+00
1.0650E+04 5.47527531E-07 0.00000000E+00
1.0674E+04 5.49624667E-07 0.00000000E+00
1.0697E+04 6.01890127E-07 0.00000000E+00
1.0721E+04 5.66631545E-07 0.00000000E+00
1.0744E+04 5.27766539E-07 0.00000000E+00
1.0768E+04 5.77679060E-07 0.00000000E+00
1.0791E+04 5.84400238E-07 0.00000000E+00
1.0815E+04 5.25832361E-07 0.00000000E+00
1.0838E+04 5.44573863E-07 0.00000000E+00
1.0862E+04 5.87372551E-07 0.00000000E+00
1.0886E+04 5.40803081E-07 0.00000000E+00
1.0909E+04 5.17510409E-07 0.00000000E+00
1.0933E+04 5.70657730E-07 0.00000000E+00
1.0956E+04 5.60430941E-07 0.00000000E+00
1.0980E+04 5.07794164E-07 0.00000000E+00
1.1003E+04 5.40441292E-07 0.00000000E+00
1.1027E+04 5.70233485E-07 0.00000000E+00
1.1051E+04 5.16924484E-07 0.00000000E+00
1.1074E+04 5.10302231E-07 0.00000000E+00
1.1098E+04 5.61561791E-07 0.00000000E+00
1.1121E+04 5.35991227E-07 0.00000000E+00
1.1145E+04 4.93524910E-07 0.00000000E+00
1.1168E+04 5.36252762E-07 0.00000000E+00
1.1192E+04 5.50846489E-07 0.00000000E+00
1.1215E+04 4.95753208E-07 0.00000000E+00
1.1239E+04 5.05371425E-07 0.00000000E+00
1.1263E+04 5.50054807E-07 0.00000000E+00
1.1286E+04 5.12042084E-07 0.00000000E+00
1.1310E+04 4.82876972E-07 0.00000000E+00
1.1333E+04 5.31159459E-07 0.00000000E+00
1.1357E+04 5.29834644E-07 0.00000000E+00
1.1380E+04 4.77832819E-07 0.00000000E+00
1.1404E+04 5.01838690E-07 0.00000000E+00
1.1428E+04 5.36081299E-07 0.00000000E+00
1.1451E+04 4.89501301E-07 0.00000000E+00
1.1475E+04 4.75429703E-07 0.00000000E+00
1.1498E+04 5.24470271E-07 0.00000000E+00
1.1522E+04 5.07969060E-07 0.00000000E+00
1.1545E+04 4.63422585E-07 0.00000000E+00
1.1569E+04 4.98769727E-07 0.00000000E+00
1.1592E+04 5.19832881E-07 0.00000000E+00
1.1616E+04 4.69141712E-07 0.00000000E+00
1.1640E+04 4.70520400E-07 0.00000000E+00
1.1663E+04 5.15690523E-07 0.00000000E+00
1.1687E+04 4.86081785E-07 0.00000000E+00
1.1710E+04 4.52478819E-07 0.00000000E+00
1.1734E+04 4.95255184E-07 0.00000000E+00
1.1757E+04 5.01717425E-07 0.00000000E+00
1.1781E+04 4.51529191E-07 0.00000000E+00
1.1805E+04 4.67316627E-07 0.00000000E+00
1.1828E+04 5.04561758E-07 0.00000000E+00
1.1852E+04 4.64995850E-07 0.00000000E+00
1.1875E+04 4.44680804E-07 0.00000000E+00
1.1899E+04 4.90500219E-07 0.00000000E+00
1.1922E+04 4.82324303E-07 0.00000000E+00
1.1946E+04 4.36993909E-07 0.00000000E+00
1.1969E+04 4.64910739E-07 0.00000000E+00
1.1993E+04 4.91087545E-07 0.00000000E+00
1.2017E+04 4.45466300E-07 0.00000000E+00
1.2040E+04 4.39485443E-07 0.00000000E+00
1.2064E+04 4.83903312E-07 0.00000000E+00
1.2087E+04 4.62376577E-07 0.00000000E+00
1.2111E+04 4.25623561E-07 0.00000000E+00
1.2134E+04 4.62414785E-07 0.00000000E+00
1.2158E+04 4.75530803E-07 0.00000000E+00
1.2182E+04 4.28124102E-07 0.00000000E+00
1.2205E+04 4.36192090E-07 0.00000000E+00
1.2229E+04 4.75105836E-07 0.00000000E+00
1.2252E+04 4.42663625E-07 0.00000000E+00
1.2276E+04 4.17267986E-07 0.00000000E+00
1.2299E+04 4.59038801E-07 0.00000000E+00
1.2323E+04 4.58377365E-07 0.00000000E+00
1.2346E+04 4.13423018E-07 0.00000000E+00
1.2370E+04 4.34008924E-07 0.00000000E+00
1.2394E+04 4.64009360E-07 0.00000000E+00
1.2417E+04 4.23963564E-07 0.00000000E+00
1.2441E+04 4.11559006E-07 0.00000000E+00
1.2464E+04 4.54152966E-07 0.00000000E+00
1.2488E+04 4.40278939E-07 0.00000000E+00
1.2511E+04 4.01603733E-07 0.00000000E+00
1.2535E+04 4.32125040E-07 0.00000000E+00
1.2559E+04 4.50770678E-07 0.00000000E+00
1.2582E+04 4.06972462E-07 0.00000000E+00
1.2606E+04 4.07951602E-07 0.00000000E+00
1.2629E+04 4.47335528E-07 0.00000000E+00
1.2653E+04 4.21986118E-07 0.00000000E+00
1.2676E+04 3.92680119E-07 0.00000000E+00
1.2700E+04 4.29781600E-07 0.00000000E+00
1.2723E+04 4.35773444E-07 0.00000000E+00
1.2747E+04 3.92241585E-07 0.00000000E+00
1.2771E+04 4.05775201E-07 0.00000000E+00
1.2794E+04 4.38394667E-07 0.00000000E+00
1.2818E+04 4.04268645E-07 0.00000000E+00
1.2841E+04 3.86438302E-07 0.00000000E+00
1.2865E+04 4.26326316E-07 0.00000000E+00
1.2888E+04 4.19571234E-07 0.00000000E+00
1.2912E+04 3.80120544E-07 0.00000000E+00
1.2936E+04 4.04284329E-07 0.00000000E+00
1.2959E+04 4.27359727E-07 0.00000000E+00
1.2983E+04 3.87829171E-07 0.00000000E+00
1.3006E+04 3.82449074E-07 0.00000000E+00
1.3030E+04 4.21250355E-07 0.00000000E+00
1.3053E+04 4.02813744E-07 0.00000000E+00
1.3077E+04 3.70718649E-07 0.00000000E+00
1.3100E+04 4.02713335E-07 0.00000000E+00
1.3124E+04 4.14454362E-07 0.00000000E+00
1.3148E+04 3.73229878E-07 0.00000000E+00
1.3171E+04 3.80104145E-07 0.00000000E+00
1.3195E+04 4.14217622E-07 0.00000000E+00
1.3218E+04 3.86175871E-07 0.00000000E+00
1.3242E+04 3.63899387E-07 0.00000000E+00
1.3265E+04 4.00342150E-07 0.00000000E+00
1.3289E+04 4.00066282E-07 0.00000000E+00
1.3312E+04 3.60848838E-07 0.00000000E+00
1.3336E+04 3.78682222E-07 0.00000000E+00
1.3360E+04 4.05093808E-07 0.00000000E+00
1.3383E+04 3.70304876E-07 0.00000000E+00
1.3407E+04 3.59315152E-07 0.00000000E+00
1.3430E+04 3.96573869E-07 0.00000000E+00
1.3454E+04 3.84722644E-07 0.00000000E+00
1.3477E+04 3.50873680E-07 0.00000000E+00
1.3501E+04 3.77440961E-07 0.00000000E+00
1.3525E+04 3.93974075E-07 0.00000000E+00
1.3548E+04 3.55789035E-07 0.00000000E+00
1.3572E+04 3.56474380E-07 0.00000000E+00
1.3595E+04 3.91010776E-07 0.00000000E+00
1.3619E+04 3.69064260E-07 0.00000000E+00
1.3642E+04 3.43319741E-07 0.00000000E+00
1.3666E+04 3.75710371E-07 0.00000000E+00
1.3689E+04 3.81188621E-07 0.00000000E+00
1.3713E+04 3.43128559E-07 0.00000000E+00
1.3737E+04 3.54810085E-07 0.00000000E+00
1.3760E+04 3.83496202E-07 0.00000000E+00
1.3784E+04 3.53793537E-07 0.00000000E+00
1.3807E+04 3.38041911E-07 0.00000000E+00
1.3831E+04 3.72951072E-07 0.00000000E+00
1.3854E+04 3.67259065E-07 0.00000000E+00
1.3878E+04 3.32685435E-07 0.00000000E+00
1.3902E+04 3.53720215E-07 0.00000000E+00
1.3925E+04 3.74099604E-07 0.00000000E+00
1.3949E+04 3.39585438E-07 0.00000000E+00
1.3972E+04 3.34727277E-07 0.00000000E+00
1.3996E+04 3.68766278E-07 0.00000000E+00
1.4019E+04 3.52809134E-07 0.00000000E+00
1.4043E+04 3.24620190E-07 0.00000000E+00
1.4066E+04 3.52584996E-07 0.00000000E+00
1.4090E+04 3.63060924E-07 0.00000000E+00
1.4114E+04 3.26987676E-07 0.00000000E+00
1.4137E+04 3.32890764E-07 0.00000000E+00
1.4161E+04 3.62892578E-07 0.00000000E+00
1.4184E+04 3.38466581E-07 0.00000000E+00
1.4208E+04 3.18851041E-07 0.00000000E+00
1.4231E+04 3.50791707E-07 0.00000000E+00
1.4255E+04 3.50732992E-07 0.00000000E+00
1.4279E+04 3.16352001E-07 0.00000000E+00
1.4302E+04 3.31906500E-07 0.00000000E+00
1.4326E+04 3.55203231E-07 0.00000000E+00
1.4349E+04 3.24796460E-07 0.00000000E+00
1.4373E+04 3.15067530E-07 0.00000000E+00
1.4396E+04 3.47791913E-07 0.00000000E+00
1.4420E+04 3.37552672E-07 0.00000000E+00
1.4443E+04 3.07824169E-07 0.00000000E+00
1.4467E+04 3.31090073E-07 0.00000000E+00
1.4491E+04 3.45739372E-07 0.00000000E+00
1.4514E+04 3.12282994E-07 0.00000000E+00
1.4538E+04 3.12803345E-07 0.00000000E+00
1.4561E+04 3.43188223E-07 0.00000000E+00
1.4585E+04 3.24041077E-07 0.00000000E+00
1.4608E+04 3.01385001E-07 0.00000000E+00
1.4632E+04 3.29810694E-07 0.00000000E+00
1.4656E+04 3.34748340E-07 0.00000000E+00
1.4679E+04 3.01337816E-07 0.00000000E+00
1.4703E+04 3.11532484E-07 0.00000000E+00
1.4726E+04 3.36809783E-07 0.00000000E+00
1.4750E+04 3.10795739E-07 0.00000000E+00
1.4773E+04 2.96897472E-07 0.00000000E+00
1.4797E+04 3.27579809E-07 0.00000000E+00
1.4820E+04 3.22681244E-07 0.00000000E+00
1.4844E+04 2.92287832E-07 0.00000000E+00
1.4868E+04 3.10734457E-07 0.00000000E+00
1.4891E+04 3.28726599E-07 0.00000000E+00
1.4915E+04 2.98434454E-07 0.00000000E+00
1.4938E+04 2.94117452E-07 0.00000000E+00
1.4962E+04 3.24075504E-07 0.00000000E+00
1.4985E+04 3.10122962E-07 0.00000000E+00
1.5009E+04 2.85321757E-07 0.00000000E+00
1.5033E+04 3.09907421E-07 0.00000000E+00
1.5056E+04 3.19193927E-07 0.00000000E+00
1.5080E+04 2.87494615E-07 0.00000000E+00
1.5103E+04 2.92672324E-07 0.00000000E+00
1.5127E+04 3.19113518E-07 0.00000000E+00
1.5150E+04 2.97680232E-07 0.00000000E+00
1.5174E+04 2.80424357E-07 0.00000000E+00
1.5197E+04 3.08558165E-07 0.00000000E+00
1.5221E+04 3.08567275E-07 0.00000000E+00
1.5245E+04 2.78335479E-07 0.00000000E+00
1.5268E+04 2.92050650E-07 0.00000000E+00
1.5292E+04 3.12612211E-07 0.00000000E+00
1.5315E+04 2.85883867E-07 0.00000000E+00
1.5339E+04 2.77349905E-07 0.00000000E+00
1.5362E+04 3.06216293E-07 0.00000000E+00
1.5386E+04 2.97241988E-07 0.00000000E+00
1.5410E+04 2.71095812E-07 0.00000000E+00
1.5433E+04 2.91645142E-07 0.00000000E+00
1.5457E+04 3.04594318E-07 0.00000000E+00
1.5480E+04 2.75149589E-07 0.00000000E+00
1.5504E+04 2.75667859E-07 0.00000000E+00
1.5527E+04 3.02498069E-07 0.00000000E+00
1.5551E+04 2.85644772E-07 0.00000000E+00
1.5574E+04 2.65725810E-07 0.00000000E+00
1.5598E+04 2.90853970E-07 0.00000000E+00
1.5622E+04 2.95228562E-07 0.00000000E+00
1.5645E+04 2.65796897E-07 0.00000000E+00
1.5669E+04 2.74864946E-07 0.00000000E+00
1.5692E+04 2.97196292E-07 0.00000000E+00
1.5716E+04 2.74253360E-07 0.00000000E+00
1.5739E+04 2.62058598E-07 0.00000000E+00
1.5763E+04 2.89193793E-07 0.00000000E+00
1.5787E+04 2.84865139E-07 0.00000000E+00
1.5810E+04 2.58076784E-07 0.00000000E+00
1.5834E+04 2.74443294E-07 0.00000000E+00
1.5857E+04 2.90335188E-07 0.00000000E+00
1.5881E+04 2.63587959E-07 0.00000000E+00
1.5904E+04 2.59859472E-07 0.00000000E+00
1.5928E+04 2.86360743E-07 0.00000000E+00
1.5951E+04 2.74010780E-07 0.00000000E+00
1.5975E+04 2.52157335E-07 0.00000000E+00
1.5999E+04 2.73961997E-07 0.00000000E+00
1.6022E+04 2.82147814E-07 0.00000000E+00
1.6046E+04 2.54143306E-07 0.00000000E+00
1.6069E+04 2.58823007E-07 0.00000000E+00
1.6093E+04 2.82216625E-07 0.00000000E+00
1.6116E+04 2.63236013E-07 0.00000000E+00
1.6140E+04 2.48065716E-07 0.00000000E+00
1.6163E+04 2.73023744E-07 0.00000000E+00
1.6187E+04 2.72991432E-07 0.00000000E+00
1.6211E+04 2.46287026E-07 0.00000000E+00
1.6234E+04 2.58544159E-07 0.00000000E+00
1.6258E+04 2.76734381E-07 0.00000000E+00
1.6281E+04 2.53060644E-07 0.00000000E+00
1.6305E+04 2.45633016E-07 0.00000000E+00
1.6328E+04 2.71253387E-07 0.00000000E+00
1.6352E+04 2.63257469E-07 0.00000000E+00
1.6376E+04 2.40183334E-07 0.00000000E+00
1.6399E+04 2.58516957E-07 0.00000000E+00
1.6423E+04 2.69960017E-07 0.00000000E+00
1.6446E+04 2.43878956E-07 0.00000000E+00
1.6470E+04 2.44495759E-07 0.00000000E+00
1.6493E+04 2.68317776E-07 0.00000000E+00
1.6517E+04 2.53328913E-07 0.00000000E+00
1.6540E+04 2.35788755E-07 0.00000000E+00
1.6564E+04 2.58196070E-07 0.00000000E+00
1.6588E+04 2.62025196E-07 0.00000000E+00
1.6611E+04 2.35955717E-07 0.00000000E+00
1.6635E+04 2.44171116E-07 0.00000000E+00
1.6658E+04 2.63996037E-07 0.00000000E+00
1.6682E+04 2.43592805E-07 0.00000000E+00
1.6705E+04 2.32915782E-07 0.00000000E+00
1.6729E+04 2.57103918E-07 0.00000000E+00
1.6753E+04 2.53190740E-07 0.00000000E+00
1.6776E+04 2.29466955E-07 0.00000000E+00
1.6800E+04 2.44165690E-07 0.00000000E+00
1.6823E+04 2.58255146E-07 0.00000000E+00
1.6847E+04 2.34462445E-07 0.00000000E+00
1.6870E+04 2.31309504E-07 0.00000000E+00
1.6894E+04 2.54921522E-07 0.00000000E+00
1.6917E+04 2.43862983E-07 0.00000000E+00
1.6941E+04 2.24526018E-07 0.00000000E+00
1.6965E+04 2.44052509E-07 0.00000000E+00
1.6988E+04 2.51270384E-07 0.00000000E+00
1.7012E+04 2.26355746E-07 0.00000000E+00
1.7035E+04 2.30681985E-07 0.00000000E+00
1.7059E+04 2.51511903E-07 0.00000000E+00
1.7082E+04 2.34543916E-07 0.00000000E+00
1.7106E+04 2.21160425E-07 0.00000000E+00
1.7130E+04 2.43484306E-07 0.00000000E+00
1.7153E+04 2.43371463E-07 0.00000000E+00
1.7177E+04 2.19620940E-07 0.00000000E+00
1.7200E+04 2.30697783E-07 0.00000000E+00
1.7224E+04 2.46878509E-07 0.00000000E+00
1.7247E+04 2.25730972E-07 0.00000000E+00
1.7271E+04 2.19258966E-07 0.00000000E+00
1.7294E+04 2.42166101E-07 0.00000000E+00
1.7318E+04 2.34949435E-07 0.00000000E+00
1.7342E+04 2.14450712E-07 0.00000000E+00
1.7365E+04 2.30950703E-07 0.00000000E+00
1.7389E+04 2.41105693E-07 0.00000000E+00
1.7412E+04 2.17821077E-07 0.00000000E+00
1.7436E+04 2.18540725E-07 0.00000000E+00
1.7459E+04 2.39838540E-07 0.00000000E+00
1.7483E+04 2.26382446E-07 0.00000000E+00
1.7507E+04 2.10840746E-07 0.00000000E+00
1.7530E+04 2.30980953E-07 0.00000000E+00
1.7554E+04 2.34332433E-07 0.00000000E+00
1.7577E+04 2.11070015E-07 0.00000000E+00
1.7601E+04 2.18586907E-07 0.00000000E+00
1.7624E+04 2.36307880E-07 0.00000000E+00
1.7648E+04 2.18016501E-07 0.00000000E+00
1.7671E+04 2.08619360E-07 0.00000000E+00
1.7695E+04 2.30348055E-07 0.00000000E+00
1.7719E+04 2.26772600E-07 0.00000000E+00
1.7742E+04 2.05614282E-07 0.00000000E+00
1.7766E+04 2.18928736E-07 0.00000000E+00
1.7789E+04 2.31509691E-07 0.00000000E+00
1.7813E+04 2.10185849E-07 0.00000000E+00
1.7836E+04 2.07521374E-07 0.00000000E+00
1.7860E+04 2.28723077E-07 0.00000000E+00
1.7884E+04 2.18744997E-07 0.00000000E+00
1.7907E+04 2.01513341E-07 0.00000000E+00
1.7931E+04 2.19139677E-07 0.00000000E+00
1.7954E+04 2.25554416E-07 0.00000000E+00
1.7978E+04 2.03222975E-07 0.00000000E+00
1.8001E+04 2.07250352E-07 0.00000000E+00
1.8025E+04 2.25943598E-07 0.00000000E+00
1.8048E+04 2.10663650E-07 0.00000000E+00
1.8072E+04 1.98763515E-07 0.00000000E+00
1.8096E+04 2.18882288E-07 0.00000000E+00
1.8119E+04 2.18713858E-07 0.00000000E+00
1.8143E+04 1.97424710E-07 0.00000000E+00
1.8166E+04 2.07496215E-07 0.00000000E+00
1.8190E+04 2.22005463E-07 0.00000000E+00
1.8213E+04 2.02974020E-07 0.00000000E+00
1.8237E+04 1.97272647E-07 0.00000000E+00
1.8261E+04 2.17902585E-07 0.00000000E+00
1.8284E+04 2.11353241E-07 0.00000000E+00
1.8308E+04 1.92986068E-07 0.00000000E+00
1.8331E+04 2.07920782E-07 0.00000000E+00
1.8355E+04 2.17012026E-07 0.00000000E+00
1.8378E+04 1.96065063E-07 0.00000000E+00
1.8402E+04 1.96825628E-07 0.00000000E+00
1.8425E+04 2.16004499E-07 0.00000000E+00
1.8449E+04 2.03850218E-07 0.00000000E+00
1.8473E+04 1.89944503E-07 0.00000000E+00
1.8496E+04 2.08151185E-07 0.00000000E+00
1.8520E+04 2.11125882E-07 0.00000000E+00
1.8543E+04 1.90205274E-07 0.00000000E+00
1.8567E+04 1.97083232E-07 0.00000000E+00
1.8590E+04 2.13045790E-07 0.00000000E+00
1.8614E+04 1.96545551E-07 0.00000000E+00
1.8637E+04 1.88173846E-07 0.00000000E+00
1.8661E+04 2.07813119E-07 0.00000000E+00
1.8685E+04 2.04555695E-07 0.00000000E+00
1.8708E+04 1.85531977E-07 0.00000000E+00
1.8732E+04 1.97632801E-07 0.00000000E+00
1.8755E+04 2.08969714E-07 0.00000000E+00
1.8779E+04 1.89738379E-07 0.00000000E+00
1.8802E+04 1.87430747E-07 0.00000000E+00
1.8826E+04 2.06597851E-07 0.00000000E+00
1.8850E+04 1.97571050E-07 0.00000000E+00
1.8873E+04 1.82080678E-07 0.00000000E+00
1.8897E+04 1.98066943E-07 0.00000000E+00
1.8920E+04 2.03846202E-07 0.00000000E+00
1.8944E+04 1.83698882E-07 0.00000000E+00
1.8967E+04 1.87418113E-07 0.00000000E+00
1.8991E+04 2.04323432E-07 0.00000000E+00
1.9014E+04 1.90508680E-07 0.00000000E+00
1.9038E+04 1.79815030E-07 0.00000000E+00
1.9062E+04 1.98046380E-07 0.00000000E+00
1.9085E+04 1.97883105E-07 0.00000000E+00
1.9109E+04 1.78662408E-07 0.00000000E+00
1.9132E+04 1.87826974E-07 0.00000000E+00
1.9156E+04 2.00955023E-07 0.00000000E+00
1.9179E+04 1.83743089E-07 0.00000000E+00
1.9203E+04 1.78631523E-07 0.00000000E+00
1.9227E+04 1.97322527E-07 0.00000000E+00
1.9250E+04 1.91392242E-07 0.00000000E+00
1.9274E+04 1.74795170E-07 0.00000000E+00
1.9297E+04 1.88347023E-07 0.00000000E+00
1.9321E+04 1.96581421E-07 0.00000000E+00
1.9344E+04 1.77626970E-07 0.00000000E+00
1.9368E+04 1.78344811E-07 0.00000000E+00
1.9391E+04 1.95728401E-07 0.00000000E+00
1.9415E+04 1.84727477E-07 0.00000000E+00
1.9439E+04 1.72151166E-07 0.00000000E+00
1.9462E+04 1.88664361E-07 0.00000000E+00
1.9486E+04 1.91372264E-07 0.00000000E+00
1.9509E+04 1.72430534E-07 0.00000000E+00
1.9533E+04 1.78679867E-07 0.00000000E+00
1.9556E+04 1.93165241E-07 0.00000000E+00
1.9580E+04 1.78227594E-07 0.00000000E+00
1.9604E+04 1.70650811E-07 0.00000000E+00
1.9627E+04 1.88473164E-07 0.00000000E+00
1.9651E+04 1.85545963E-07 0.00000000E+00
1.9674E+04 1.68309599E-07 0.00000000E+00
1.9698E+04 1.79293976E-07 0.00000000E+00
1.9721E+04 1.89606743E-07 0.00000000E+00
1.9745E+04 1.72187126E-07 0.00000000E+00
1.9768E+04 1.70097656E-07 0.00000000E+00
1.9792E+04 1.87511668E-07 0.00000000E+00
1.9816E+04 1.79359556E-07 0.00000000E+00
1.9839E+04 1.65309433E-07 0.00000000E+00
1.9863E+04 1.79826868E-07 0.00000000E+00
1.9886E+04 1.85117581E-07 0.00000000E+00
1.9910E+04 1.66851018E-07 0.00000000E+00
1.9933E+04 1.70221230E-07 0.00000000E+00
1.9957E+04 1.85606082E-07 0.00000000E+00
1.9981E+04 1.73105626E-07 0.00000000E+00
2.0004E+04 1.63385555E-07 0.00000000E+00
2.0028E+04 1.79954464E-07 0.00000000E+00
2.0051E+04 1.79863670E-07 0.00000000E+00
2.0075E+04 1.62411738E-07 0.00000000E+00
2.0098E+04 1.70719996E-07 0.00000000E+00
2.0122E+04 1.82697238E-07 0.00000000E+00
2.0145E+04 1.67096196E-07 0.00000000E+00
2.0169E+04 1.62420188E-07 0.00000000E+00
2.0193E+04 1.79424016E-07 0.00000000E+00
2.0216E+04 1.74098214E-07 0.00000000E+00
2.0240E+04 1.58995840E-07 0.00000000E+00
2.0263E+04 1.71289724E-07 0.00000000E+00
2.0287E+04 1.78839749E-07 0.00000000E+00
2.0310E+04 1.61629467E-07 0.00000000E+00
2.0334E+04 1.62229383E-07 0.00000000E+00
2.0358E+04 1.78066794E-07 0.00000000E+00
2.0381E+04 1.68126424E-07 0.00000000E+00
2.0405E+04 1.56644341E-07 0.00000000E+00
2.0428E+04 1.71639857E-07 0.00000000E+00
2.0452E+04 1.74180957E-07 0.00000000E+00
2.0475E+04 1.56950593E-07 0.00000000E+00
2.0499E+04 1.62569316E-07 0.00000000E+00
2.0522E+04 1.75797830E-07 0.00000000E+00
2.0546E+04 1.62263499E-07 0.00000000E+00
2.0570E+04 1.55300051E-07 0.00000000E+00
2.0593E+04 1.71508385E-07 0.00000000E+00
2.0617E+04 1.68934132E-07 0.00000000E+00
2.0640E+04 1.53222045E-07 0.00000000E+00
2.0664E+04 1.63152682E-07 0.00000000E+00
2.0687E+04 1.72614302E-07 0.00000000E+00
2.0711E+04 1.56800447E-07 0.00000000E+00
2.0735E+04 1.54812384E-07 0.00000000E+00
2.0758E+04 1.70682467E-07 0.00000000E+00
2.0782E+04 1.63355904E-07 0.00000000E+00
2.0805E+04 1.50511901E-07 0.00000000E+00
2.0829E+04 1.63677739E-07 0.00000000E+00
2.0852E+04 1.68595481E-07 0.00000000E+00
2.0876E+04 1.51981655E-07 0.00000000E+00
2.0899E+04 1.54957994E-07 0.00000000E+00
2.0923E+04 1.69020371E-07 0.00000000E+00
2.0947E+04 1.57725960E-07 0.00000000E+00
2.0970E+04 1.48795301E-07 0.00000000E+00
2.0994E+04 1.63860521E-07 0.00000000E+00
2.1017E+04 1.63896817E-07 0.00000000E+00
2.1041E+04 1.47987879E-07 0.00000000E+00
2.1064E+04 1.55466583E-07 0.00000000E+00
2.1088E+04 1.66464462E-07 0.00000000E+00
2.1112E+04 1.52322782E-07 0.00000000E+00
2.1135E+04 1.47961131E-07 0.00000000E+00
2.1159E+04 1.63460742E-07 0.00000000E+00
2.1182E+04 1.58733473E-07 0.00000000E+00
2.1206E+04 1.44921771E-07 0.00000000E+00
2.1229E+04 1.56046497E-07 0.00000000E+00
2.1253E+04 1.63042846E-07 0.00000000E+00
2.1276E+04 1.47397581E-07 0.00000000E+00
2.1300E+04 1.47824235E-07 0.00000000E+00
2.1324E+04 1.62301489E-07 0.00000000E+00
2.1347E+04 1.53358383E-07 0.00000000E+00
2.1371E+04 1.42801171E-07 0.00000000E+00
2.1394E+04 1.56412345E-07 0.00000000E+00
2.1418E+04 1.58864832E-07 0.00000000E+00
2.1441E+04 1.43153839E-07 0.00000000E+00
2.1465E+04 1.48146757E-07 0.00000000E+00
2.1488E+04 1.60285790E-07 0.00000000E+00
2.1512E+04 1.48041163E-07 0.00000000E+00
2.1536E+04 1.41564035E-07 0.00000000E+00
2.1559E+04 1.56314950E-07 0.00000000E+00
2.1583E+04 1.54112957E-07 0.00000000E+00
2.1606E+04 1.39735404E-07 0.00000000E+00
2.1630E+04 1.48666781E-07 0.00000000E+00
2.1653E+04 1.57408249E-07 0.00000000E+00
2.1677E+04 1.43048610E-07 0.00000000E+00
2.1701E+04 1.41082130E-07 0.00000000E+00
2.1724E+04 1.55568026E-07 0.00000000E+00
2.1748E+04 1.49028944E-07 0.00000000E+00
2.1771E+04 1.37219817E-07 0.00000000E+00
2.1795E+04 1.49126610E-07 0.00000000E+00
2.1818E+04 1.53755488E-07 0.00000000E+00
2.1842E+04 1.38622636E-07 0.00000000E+00
2.1865E+04 1.41175728E-07 0.00000000E+00
2.1889E+04 1.54062620E-07 0.00000000E+00
2.1913E+04 1.43888204E-07 0.00000000E+00
2.1936E+04 1.35610418E-07 0.00000000E+00
2.1960E+04 1.49291362E-07 0.00000000E+00
2.1983E+04 1.49489152E-07 0.00000000E+00
2.2007E+04 1.34951675E-07 0.00000000E+00
2.2030E+04 1.41622619E-07 0.00000000E+00
2.2054E+04 1.51764051E-07 0.00000000E+00
2.2078E+04 1.38962282E-07 0.00000000E+00
2.2101E+04 1.34826083E-07 0.00000000E+00
2.2125E+04 1.48956199E-07 0.00000000E+00
2.2148E+04 1.44814941E-07 0.00000000E+00
2.2172E+04 1.32141425E-07 0.00000000E+00
2.2195E+04 1.42165775E-07 0.00000000E+00
2.2219E+04 1.48698984E-07 0.00000000E+00
2.2242E+04 1.34481545E-07 0.00000000E+00
2.2266E+04 1.34699682E-07 0.00000000E+00
2.2290E+04 1.47953479E-07 0.00000000E+00
2.2313E+04 1.39953636E-07 0.00000000E+00
2.2337E+04 1.30201102E-07 0.00000000E+00
2.2360E+04 1.42533027E-07 0.00000000E+00
2.2384E+04 1.44948375E-07 0.00000000E+00
2.2407E+04 1.30615399E-07 0.00000000E+00
2.2431E+04 1.34998347E-07 0.00000000E+00
2.2455E+04 1.46171456E-07 0.00000000E+00
2.2478E+04 1.35127642E-07 0.00000000E+00
2.2502E+04 1.29055210E-07 0.00000000E+00
2.2525E+04 1.42473942E-07 0.00000000E+00
2.2549E+04 1.40652017E-07 0.00000000E+00
2.2572E+04 1.27474319E-07 0.00000000E+00
2.2596E+04 1.35463706E-07 0.00000000E+00
2.2619E+04 1.43580848E-07 0.00000000E+00
2.2643E+04 1.30559886E-07 0.00000000E+00
2.2667E+04 1.28572745E-07 0.00000000E+00
2.2690E+04 1.41801700E-07 0.00000000E+00
2.2714E+04 1.36013737E-07 0.00000000E+00
2.2737E+04 1.25120883E-07 0.00000000E+00
2.2761E+04 1.35854283E-07 0.00000000E+00
2.2784E+04 1.40251808E-07 0.00000000E+00
2.2808E+04 1.26468986E-07 0.00000000E+00
2.2832E+04 1.28594105E-07 0.00000000E+00
2.2855E+04 1.40418902E-07 0.00000000E+00
2.2879E+04 1.31289427E-07 0.00000000E+00
2.2902E+04 1.23571346E-07 0.00000000E+00
2.2926E+04 1.35969307E-07 0.00000000E+00
2.2949E+04 1.36343833E-07 0.00000000E+00
2.2973E+04 1.23046014E-07 0.00000000E+00
2.2996E+04 1.28939439E-07 0.00000000E+00
2.3020E+04 1.38313147E-07 0.00000000E+00
2.3044E+04 1.26748987E-07 0.00000000E+00
2.3067E+04 1.22779608E-07 0.00000000E+00
2.3091E+04 1.35646585E-07 0.00000000E+00
2.3114E+04 1.32067138E-07 0.00000000E+00
2.3138E+04 1.20415081E-07 0.00000000E+00
2.3161E+04 1.29400895E-07 0.00000000E+00
2.3185E+04 1.35529435E-07 0.00000000E+00
2.3209E+04 1.22625109E-07 0.00000000E+00
2.3232E+04 1.22617161E-07 0.00000000E+00
2.3256E+04 1.34749945E-07 0.00000000E+00
2.3279E+04 1.27636996E-07 0.00000000E+00
2.3303E+04 1.18601089E-07 0.00000000E+00
2.3326E+04 1.29741183E-07 0.00000000E+00
2.3350E+04 1.32145362E-07 0.00000000E+00
2.3373E+04 1.19077590E-07 0.00000000E+00
2.3397E+04 1.22875009E-07 0.00000000E+00
2.3421E+04 1.33171756E-07 0.00000000E+00
2.3444E+04 1.23248782E-07 0.00000000E+00
2.3468E+04 1.17529458E-07 0.00000000E+00
2.3491E+04 1.29718810E-07 0.00000000E+00
2.3515E+04 1.28269649E-07 0.00000000E+00
2.3538E+04 1.16191638E-07 0.00000000E+00
2.3562E+04 1.23299425E-07 0.00000000E+00
2.3586E+04 1.30859424E-07 0.00000000E+00
2.3609E+04 1.19081592E-07 0.00000000E+00
2.3633E+04 1.17059494E-07 0.00000000E+00
2.3656E+04 1.29135926E-07 0.00000000E+00
2.3680E+04 1.24058995E-07 0.00000000E+00
2.3703E+04 1.14001484E-07 0.00000000E+00
2.3727E+04 1.23646100E-07 0.00000000E+00
2.3750E+04 1.27848550E-07 0.00000000E+00
2.3774E+04 1.15312387E-07 0.00000000E+00
2.3798E+04 1.17028039E-07 0.00000000E+00
2.3821E+04 1.27882303E-07 0.00000000E+00
2.3845E+04 1.19728068E-07 0.00000000E+00
2.3868E+04 1.12512001E-07 0.00000000E+00
2.3892E+04 1.23721947E-07 0.00000000E+00
2.3915E+04 1.24273748E-07 0.00000000E+00
2.3939E+04 1.12113306E-07 0.00000000E+00
2.3962E+04 1.17273891E-07 0.00000000E+00
2.3986E+04 1.25947150E-07 0.00000000E+00
2.4010E+04 1.15528794E-07 0.00000000E+00
2.4033E+04 1.11695226E-07 0.00000000E+00
2.4057E+04 1.23392159E-07 0.00000000E+00
2.4080E+04 1.20340383E-07 0.00000000E+00
2.4104E+04 1.09619463E-07 0.00000000E+00
2.4127E+04 1.17631379E-07 0.00000000E+00
2.4151E+04 1.23392309E-07 0.00000000E+00
2.4175E+04 1.11699094E-07 0.00000000E+00
2.4198E+04 1.11464179E-07 0.00000000E+00
2.4222E+04 1.22558466E-07 0.00000000E+00
2.4245E+04 1.16270417E-07 0.00000000E+00
2.4269E+04 1.07884256E-07 0.00000000E+00
2.4292E+04 1.17911655E-07 0.00000000E+00
2.4316E+04 1.20310923E-07 0.00000000E+00
2.4339E+04 1.08410023E-07 0.00000000E+00
2.4363E+04 1.11652964E-07 0.00000000E+00
2.4387E+04 1.21139481E-07 0.00000000E+00
2.4410E+04 1.12257525E-07 0.00000000E+00
2.4434E+04 1.06856768E-07 0.00000000E+00
2.4457E+04 1.17904098E-07 0.00000000E+00
2.4481E+04 1.16805702E-07 0.00000000E+00
2.4504E+04 1.05744822E-07 0.00000000E+00
2.4528E+04 1.12031586E-07 0.00000000E+00
2.4552E+04 1.19079469E-07 0.00000000E+00
2.4575E+04 1.08457056E-07 0.00000000E+00
2.4599E+04 1.06401041E-07 0.00000000E+00
2.4622E+04 1.17411880E-07 0.00000000E+00
2.4646E+04 1.12999147E-07 0.00000000E+00
2.4669E+04 1.03717684E-07 0.00000000E+00
2.4693E+04 1.12355687E-07 0.00000000E+00
2.4716E+04 1.16382319E-07 0.00000000E+00
2.4740E+04 1.05005092E-07 0.00000000E+00
2.4764E+04 1.06344528E-07 0.00000000E+00
2.4787E+04 1.16303925E-07 0.00000000E+00
2.4811E+04 1.09056905E-07 0.00000000E+00
2.4834E+04 1.02309263E-07 0.00000000E+00
2.4858E+04 1.12422697E-07 0.00000000E+00
2.4881E+04 1.13141555E-07 0.00000000E+00
2.4905E+04 1.02036828E-07 0.00000000E+00
2.4929E+04 1.06521875E-07 0.00000000E+00
2.4952E+04 1.14548459E-07 0.00000000E+00
2.4976E+04 1.05191706E-07 0.00000000E+00
2.4999E+04 1.01485398E-07 0.00000000E+00
2.5023E+04 1.12099937E-07 0.00000000E+00
2.5046E+04 1.09535669E-07 0.00000000E+00
2.5070E+04 9.96762790E-08 0.00000000E+00
2.5093E+04 1.06786169E-07 0.00000000E+00
2.5117E+04 1.12204262E-07 0.00000000E+00
2.5141E+04 1.01629809E-07 0.00000000E+00
2.5164E+04 1.01183197E-07 0.00000000E+00
2.5188E+04 1.11312304E-07 0.00000000E+00
2.5211E+04 1.05783647E-07 0.00000000E+00
2.5235E+04 9.79968001E-08 0.00000000E+00
2.5258E+04 1.06989959E-07 0.00000000E+00
2.5282E+04 1.09378525E-07 0.00000000E+00
2.5306E+04 9.85551344E-08 0.00000000E+00
2.5329E+04 1.01281968E-07 0.00000000E+00
2.5353E+04 1.10011158E-07 0.00000000E+00
2.5376E+04 1.02088612E-07 0.00000000E+00
2.5400E+04 9.69825145E-08 0.00000000E+00
2.5423E+04 1.06966880E-07 0.00000000E+00
2.5447E+04 1.06186324E-07 0.00000000E+00
2.5470E+04 9.60681799E-08 0.00000000E+00
2.5494E+04 1.01593982E-07 0.00000000E+00
2.5518E+04 1.08159726E-07 0.00000000E+00
2.5541E+04 9.86062254E-08 0.00000000E+00
2.5565E+04 9.65237560E-08 0.00000000E+00
2.5588E+04 1.06543231E-07 0.00000000E+00
2.5612E+04 1.02740590E-07 0.00000000E+00
2.5635E+04 9.41851041E-08 0.00000000E+00
2.5659E+04 1.01893907E-07 0.00000000E+00
2.5683E+04 1.05750788E-07 0.00000000E+00
2.5706E+04 9.54509479E-08 0.00000000E+00
2.5730E+04 9.64526367E-08 0.00000000E+00
2.5753E+04 1.05580032E-07 0.00000000E+00
2.5777E+04 9.91709113E-08 0.00000000E+00
2.5800E+04 9.28700835E-08 0.00000000E+00
2.5824E+04 1.01973257E-07 0.00000000E+00
2.5847E+04 1.02840509E-07 0.00000000E+00
2.5871E+04 9.27214901E-08 0.00000000E+00
2.5895E+04 9.65941660E-08 0.00000000E+00
2.5918E+04 1.04017850E-07 0.00000000E+00
2.5942E+04 9.56433530E-08 0.00000000E+00
2.5965E+04 9.20699284E-08 0.00000000E+00
2.5989E+04 1.01685611E-07 0.00000000E+00
2.6012E+04 9.95653692E-08 0.00000000E+00
2.6036E+04 9.05128113E-08 0.00000000E+00
2.6060E+04 9.67983096E-08 0.00000000E+00
2.6083E+04 1.01891379E-07 0.00000000E+00
2.6107E+04 9.23517957E-08 0.00000000E+00
2.6130E+04 9.17220352E-08 0.00000000E+00
2.6154E+04 1.00955404E-07 0.00000000E+00
2.6177E+04 9.61204393E-08 0.00000000E+00
2.6201E+04 8.88964750E-08 0.00000000E+00
2.6224E+04 9.69368693E-08 0.00000000E+00
2.6248E+04 9.93034076E-08 0.00000000E+00
2.6272E+04 8.94765081E-08 0.00000000E+00
2.6295E+04 9.17341445E-08 0.00000000E+00
2.6319E+04 9.97534036E-08 0.00000000E+00
2.6342E+04 9.27090986E-08 0.00000000E+00
2.6366E+04 8.78831008E-08 0.00000000E+00
2.6389E+04 9.68815528E-08 0.00000000E+00
2.6413E+04 9.63803962E-08 0.00000000E+00
2.6437E+04 8.71363096E-08 0.00000000E+00
2.6460E+04 9.19628989E-08 0.00000000E+00
2.6484E+04 9.80686609E-08 0.00000000E+00
2.6507E+04 8.94976811E-08 0.00000000E+00
2.6531E+04 8.73997686E-08 0.00000000E+00
2.6554E+04 9.64951111E-08 0.00000000E+00
2.6578E+04 9.32433242E-08 0.00000000E+00
2.6601E+04 8.53669666E-08 0.00000000E+00
2.6625E+04 9.22198043E-08 0.00000000E+00
2.6649E+04 9.59043684E-08 0.00000000E+00
2.6672E+04 8.66013518E-08 0.00000000E+00
2.6696E+04 8.73033787E-08 0.00000000E+00
2.6719E+04 9.56522360E-08 0.00000000E+00
2.6743E+04 9.00089822E-08 0.00000000E+00
2.6766E+04 8.41363205E-08 0.00000000E+00
2.6790E+04 9.23087999E-08 0.00000000E+00
2.6813E+04 9.32991768E-08 0.00000000E+00
2.6837E+04 8.40998213E-08 0.00000000E+00
2.6861E+04 8.74222682E-08 0.00000000E+00
2.6884E+04 9.42785438E-08 0.00000000E+00
2.6908E+04 8.68086093E-08 0.00000000E+00
2.6931E+04 8.33786499E-08 0.00000000E+00
2.6955E+04 9.20732964E-08 0.00000000E+00
2.6978E+04 9.03511361E-08 0.00000000E+00
2.7002E+04 8.20585378E-08 0.00000000E+00
2.7026E+04 8.75978543E-08 0.00000000E+00
2.7049E+04 9.23787446E-08 0.00000000E+00
2.7073E+04 8.37961807E-08 0.00000000E+00
2.7096E+04 8.30189706E-08 0.00000000E+00
2.7120E+04 9.14227726E-08 0.00000000E+00
2.7143E+04 8.72173149E-08 0.00000000E+00
2.7167E+04 8.05298573E-08 0.00000000E+00
2.7190E+04 8.77008958E-08 0.00000000E+00
2.7214E+04 9.00321813E-08 0.00000000E+00
2.7238E+04 8.11287585E-08 0.00000000E+00
2.7261E+04 8.29711982E-08 0.00000000E+00
2.7285E+04 9.03261725E-08 0.00000000E+00
2.7308E+04 8.40821765E-08 0.00000000E+00
2.7332E+04 7.95305231E-08 0.00000000E+00
2.7355E+04 8.76212472E-08 0.00000000E+00
2.7379E+04 8.73603046E-08 0.00000000E+00
2.7403E+04 7.89281162E-08 0.00000000E+00
2.7426E+04 8.31211138E-08 0.00000000E+00
2.7450E+04 8.87868964E-08 0.00000000E+00
2.7473E+04 8.11144073E-08 0.00000000E+00
2.7497E+04 7.90164236E-08 0.00000000E+00
2.7520E+04 8.72531115E-08 0.00000000E+00
2.7544E+04 8.44916890E-08 0.00000000E+00
2.7567E+04 7.72503764E-08 0.00000000E+00
2.7591E+04 8.33193283E-08 0.00000000E+00
2.7615E+04 8.68254963E-08 0.00000000E+00
2.7638E+04 7.84392182E-08 0.00000000E+00
2.7662E+04 7.88787249E-08 0.00000000E+00
2.7685E+04 8.64976779E-08 0.00000000E+00
2.7709E+04 8.15465608E-08 0.00000000E+00
2.7732E+04 7.60827552E-08 0.00000000E+00
2.7756E+04 8.33987976E-08 0.00000000E+00
2.7780E+04 8.44831538E-08 0.00000000E+00
2.7803E+04 7.61372153E-08 0.00000000E+00
2.7827E+04 7.89672651E-08 0.00000000E+00
2.7850E+04 8.52857357E-08 0.00000000E+00
2.7874E+04 7.86422455E-08 0.00000000E+00
2.7897E+04 7.53646881E-08 0.00000000E+00
2.7921E+04 8.32096330E-08 0.00000000E+00
2.7944E+04 8.18375715E-08 0.00000000E+00
2.7968E+04 7.42594111E-08 0.00000000E+00
2.7992E+04 7.91263660E-08 0.00000000E+00
2.8015E+04 8.36037690E-08 0.00000000E+00
2.8039E+04 7.59029735E-08 0.00000000E+00
2.8062E+04 7.50139669E-08 0.00000000E+00
2.8086E+04 8.26497507E-08 0.00000000E+00
2.8109E+04 7.90109638E-08 0.00000000E+00
2.8133E+04 7.28377604E-08 0.00000000E+00
2.8157E+04 7.92207442E-08 0.00000000E+00
2.8180E+04 8.15026983E-08 0.00000000E+00
2.8204E+04 7.34553927E-08 0.00000000E+00
2.8227E+04 7.49389339E-08 0.00000000E+00
2.8251E+04 8.16737306E-08 0.00000000E+00
2.8274E+04 7.61563513E-08 0.00000000E+00
2.8298E+04 7.18791277E-08 0.00000000E+00
2.8321E+04 7.91405509E-08 0.00000000E+00
2.8345E+04 7.90824693E-08 0.00000000E+00
2.8369E+04 7.14065718E-08 0.00000000E+00
2.8392E+04 7.50346723E-08 0.00000000E+00
2.8416E+04 8.02810418E-08 0.00000000E+00
2.8439E+04 7.34278145E-08 0.00000000E+00
2.8463E+04 7.13498678E-08 0.00000000E+00
2.8486E+04 7.87941681E-08 0.00000000E+00
2.8510E+04 7.64650578E-08 0.00000000E+00
2.8534E+04 6.98190588E-08 0.00000000E+00
2.8557E+04 7.51774631E-08 0.00000000E+00
2.8581E+04 7.84998733E-08 0.00000000E+00
2.8604E+04 7.09530555E-08 0.00000000E+00
2.8628E+04 7.11681165E-08 0.00000000E+00
2.8651E+04 7.81052070E-08 0.00000000E+00
2.8675E+04 7.37737536E-08 0.00000000E+00
2.8698E+04 6.86996439E-08 0.00000000E+00
2.8722E+04 7.52313706E-08 0.00000000E+00
2.8746E+04 7.63803145E-08 0.00000000E+00
2.8769E+04 6.88213847E-08 0.00000000E+00
2.8793E+04 7.12133241E-08 0.00000000E+00
2.8816E+04 7.70212499E-08 0.00000000E+00
2.8840E+04 7.11260686E-08 0.00000000E+00
2.8863E+04 6.80062358E-08 0.00000000E+00
2.8887E+04 7.50679736E-08 0.00000000E+00
2.8911E+04 7.39974588E-08 0.00000000E+00
2.8934E+04 6.70862985E-08 0.00000000E+00
2.8958E+04 7.13485265E-08 0.00000000E+00
2.8981E+04 7.55285471E-08 0.00000000E+00
2.9005E+04 6.86345005E-08 0.00000000E+00
2.9028E+04 6.76644545E-08 0.00000000E+00
2.9052E+04 7.45887191E-08 0.00000000E+00
2.9075E+04 7.14545999E-08 0.00000000E+00
2.9099E+04 6.57720410E-08 0.00000000E+00
2.9123E+04 7.14425169E-08 0.00000000E+00
2.9146E+04 7.36603760E-08 0.00000000E+00
2.9170E+04 6.64039710E-08 0.00000000E+00
2.9193E+04 6.75814513E-08 0.00000000E+00
2.9217E+04 7.37374537E-08 0.00000000E+00
2.9240E+04 6.88764025E-08 0.00000000E+00
2.9264E+04 6.48744130E-08 0.00000000E+00
2.9287E+04 7.13819298E-08 0.00000000E+00
2.9311E+04 7.14916315E-08 0.00000000E+00
2.9335E+04 6.45206514E-08 0.00000000E+00
2.9358E+04 6.76516495E-08 0.00000000E+00
2.9382E+04 7.24997009E-08 0.00000000E+00
2.9405E+04 6.63918604E-08 0.00000000E+00
2.9429E+04 6.43563427E-08 0.00000000E+00
2.9452E+04 7.10744430E-08 0.00000000E+00
2.9476E+04 6.91239677E-08 0.00000000E+00
2.9500E+04 6.30380900E-08 0.00000000E+00
2.9523E+04 6.77599226E-08 0.00000000E+00
2.9547E+04 7.08959453E-08 0.00000000E+00
2.9570E+04 6.41163624E-08 0.00000000E+00
2.9594E+04 6.41466921E-08 0.00000000E+00
2.9617E+04 7.04512902E-08 0.00000000E+00
2.9641E+04 6.66713616E-08 0.00000000E+00
2.9664E+04 6.19699371E-08 0.00000000E+00
2.9688E+04 6.77895195E-08 0.00000000E+00
2.9712E+04 6.89766513E-08 0.00000000E+00
2.9735E+04 6.21406555E-08 0.00000000E+00
2.9759E+04 6.41475056E-08 0.00000000E+00
2.9782E+04 6.94730854E-08 0.00000000E+00
2.9806E+04 6.42505616E-08 0.00000000E+00
2.9829E+04 6.12917905E-08 0.00000000E+00
2.9853E+04 6.76348620E-08 0.00000000E+00
2.9877E+04 6.68193884E-08 0.00000000E+00
2.9900E+04 6.05264983E-08 0.00000000E+00
2.9924E+04 6.42468846E-08 0.00000000E+00
2.9947E+04 6.81356497E-08 0.00000000E+00
2.9971E+04 6.19737887E-08 0.00000000E+00
2.9994E+04 6.09478009E-08 0.00000000E+00
3.0018E+04 6.72135430E-08 0.00000000E+00
3.0041E+04 6.45235698E-08 0.00000000E+00
3.0065E+04 5.93043184E-08 0.00000000E+00
3.0089E+04 6.43312035E-08 0.00000000E+00
3.0112E+04 6.64703729E-08 0.00000000E+00
3.0136E+04 5.99394748E-08 0.00000000E+00
3.0159E+04 6.08567733E-08 0.00000000E+00
3.0183E+04 6.64722954E-08 0.00000000E+00
3.0206E+04 6.21995956E-08 0.00000000E+00
3.0230E+04 5.84698201E-08 0.00000000E+00
3.0254E+04 6.42930464E-08 0.00000000E+00
3.0277E+04 6.45373914E-08 0.00000000E+00
3.0301E+04 5.82208075E-08 0.00000000E+00
3.0324E+04 6.09169526E-08 0.00000000E+00
3.0348E+04 6.53871836E-08 0.00000000E+00
3.0371E+04 5.99549681E-08 0.00000000E+00
3.0395E+04 5.79821181E-08 0.00000000E+00
3.0418E+04 6.40373864E-08 0.00000000E+00
3.0442E+04 6.24162722E-08 0.00000000E+00
3.0466E+04 5.68576273E-08 0.00000000E+00
3.0489E+04 6.10140957E-08 0.00000000E+00
3.0513E+04 6.39636226E-08 0.00000000E+00
3.0536E+04 5.78843766E-08 0.00000000E+00
3.0560E+04 5.77691797E-08 0.00000000E+00
3.0583E+04 6.34910777E-08 0.00000000E+00
3.0607E+04 6.02004118E-08 0.00000000E+00
3.0631E+04 5.58570542E-08 0.00000000E+00
3.0654E+04 6.10360571E-08 0.00000000E+00
3.0678E+04 6.22395036E-08 0.00000000E+00
3.0701E+04 5.60668466E-08 0.00000000E+00
3.0725E+04 5.77410962E-08 0.00000000E+00
3.0748E+04 6.26148235E-08 0.00000000E+00
3.0772E+04 5.79945383E-08 0.00000000E+00
3.0795E+04 5.52003694E-08 0.00000000E+00
3.0819E+04 6.08891144E-08 0.00000000E+00
3.0843E+04 6.02867904E-08 0.00000000E+00
3.0866E+04 5.45648461E-08 0.00000000E+00
3.0890E+04 5.78038280E-08 0.00000000E+00
3.0913E+04 6.14099337E-08 0.00000000E+00
3.0937E+04 5.59085070E-08 0.00000000E+00
3.0960E+04 5.48481622E-08 0.00000000E+00
3.0984E+04 6.05072682E-08 0.00000000E+00
3.1008E+04 5.82043662E-08 0.00000000E+00
3.1031E+04 5.34185694E-08 0.00000000E+00
3.1055E+04 5.78658533E-08 0.00000000E+00
3.1078E+04 5.99137151E-08 0.00000000E+00
3.1102E+04 5.40430876E-08 0.00000000E+00
3.1125E+04 5.47392553E-08 0.00000000E+00
3.1149E+04 5.98507888E-08 0.00000000E+00
3.1172E+04 5.61009393E-08 0.00000000E+00
3.1196E+04 5.26350440E-08 0.00000000E+00
3.1220E+04 5.78374872E-08 0.00000000E+00
3.1243E+04 5.81855280E-08 0.00000000E+00
3.1267E+04 5.24716365E-08 0.00000000E+00
3.1290E+04 5.47872100E-08 0.00000000E+00
3.1314E+04 5.88990961E-08 0.00000000E+00
3.1337E+04 5.40754469E-08 0.00000000E+00
3.1361E+04 5.21797124E-08 0.00000000E+00
3.1385E+04 5.76305719E-08 0.00000000E+00
3.1408E+04 5.62932010E-08 0.00000000E+00
3.1432E+04 5.12281012E-08 0.00000000E+00
3.1455E+04 5.48839132E-08 0.00000000E+00
3.1479E+04 5.76482181E-08 0.00000000E+00
3.1502E+04 5.22062650E-08 0.00000000E+00
3.1526E+04 5.19804340E-08 0.00000000E+00
3.1549E+04 5.71675067E-08 0.00000000E+00
3.1573E+04 5.43094341E-08 0.00000000E+00
3.1597E+04 5.03098114E-08 0.00000000E+00
3.1620E+04 5.49162429E-08 0.00000000E+00
3.1644E+04 5.61183182E-08 0.00000000E+00
3.1667E+04 5.05539651E-08 0.00000000E+00
3.1691E+04 5.19456360E-08 0.00000000E+00
3.1714E+04 5.63993667E-08 0.00000000E+00
3.1738E+04 5.23174062E-08 0.00000000E+00
3.1762E+04 4.96918137E-08 0.00000000E+00
3.1785E+04 5.47896230E-08 0.00000000E+00
3.1809E+04 5.43643876E-08 0.00000000E+00
3.1832E+04 4.91695260E-08 0.00000000E+00
3.1856E+04 5.19857049E-08 0.00000000E+00
3.1879E+04 5.53211278E-08 0.00000000E+00
3.1903E+04 5.04137660E-08 0.00000000E+00
3.1926E+04 4.93393463E-08 0.00000000E+00
3.1950E+04 5.44438743E-08 0.00000000E+00
3.1974E+04 5.24765594E-08 0.00000000E+00
3.1997E+04 4.80947094E-08 0.00000000E+00
3.2021E+04 5.20235676E-08 0.00000000E+00
3.2044E+04 5.39712680E-08 0.00000000E+00
3.2068E+04 4.86982130E-08 0.00000000E+00
3.2091E+04 4.92078995E-08 0.00000000E+00
3.2115E+04 5.38519616E-08 0.00000000E+00
3.2138E+04 5.05635286E-08 0.00000000E+00
3.2162E+04 4.73495974E-08 0.00000000E+00
3.2186E+04 5.19903678E-08 0.00000000E+00
3.2209E+04 5.24145244E-08 0.00000000E+00
3.2233E+04 4.72510432E-08 0.00000000E+00
3.2256E+04 4.92331163E-08 0.00000000E+00
3.2280E+04 5.30059754E-08 0.00000000E+00
3.2303E+04 4.87264632E-08 0.00000000E+00
3.2327E+04 4.69158138E-08 0.00000000E+00
3.2351E+04 5.18156965E-08 0.00000000E+00
3.2374E+04 5.07198864E-08 0.00000000E+00
3.2398E+04 4.61122231E-08 0.00000000E+00
3.2421E+04 4.93240016E-08 0.00000000E+00
3.2445E+04 5.19051480E-08 0.00000000E+00
3.2468E+04 4.70397525E-08 0.00000000E+00
3.2492E+04 4.67310705E-08 0.00000000E+00
3.2515E+04 5.14275709E-08 0.00000000E+00
3.2539E+04 4.89499415E-08 0.00000000E+00
3.2563E+04 4.52772660E-08 0.00000000E+00
3.2586E+04 4.93726044E-08 0.00000000E+00
3.2610E+04 5.05586130E-08 0.00000000E+00
3.2633E+04 4.55504915E-08 0.00000000E+00
3.2657E+04 4.67039265E-08 0.00000000E+00
3.2680E+04 5.07688524E-08 0.00000000E+00
3.2704E+04 4.71672707E-08 0.00000000E+00
3.2728E+04 4.47127055E-08 0.00000000E+00
3.2751E+04 4.92794685E-08 0.00000000E+00
3.2775E+04 4.90006545E-08 0.00000000E+00
3.2798E+04 4.42923902E-08 0.00000000E+00
3.2822E+04 4.67407701E-08 0.00000000E+00
3.2845E+04 4.98199491E-08 0.00000000E+00
3.2869E+04 4.54467197E-08 0.00000000E+00
3.2892E+04 4.43773648E-08 0.00000000E+00
3.2916E+04 4.89787272E-08 0.00000000E+00
3.2940E+04 4.73021216E-08 0.00000000E+00
3.2963E+04 4.32969795E-08 0.00000000E+00
3.2987E+04 4.67662033E-08 0.00000000E+00
3.3010E+04 4.86092641E-08 0.00000000E+00
3.3034E+04 4.38760727E-08 0.00000000E+00
3.3057E+04 4.42316216E-08 0.00000000E+00
3.3081E+04 4.84456249E-08 0.00000000E+00
3.3105E+04 4.55631458E-08 0.00000000E+00
3.3128E+04 4.25886073E-08 0.00000000E+00
3.3152E+04 4.67242369E-08 0.00000000E+00
3.3175E+04 4.72016179E-08 0.00000000E+00
3.3199E+04 4.25381543E-08 0.00000000E+00
3.3222E+04 4.42290874E-08 0.00000000E+00
3.3246E+04 4.76834242E-08 0.00000000E+00
3.3269E+04 4.38876695E-08 0.00000000E+00
3.3293E+04 4.21657117E-08 0.00000000E+00
3.3317E+04 4.65646152E-08 0.00000000E+00
3.3340E+04 4.56723389E-08 0.00000000E+00
3.3364E+04 4.14845079E-08 0.00000000E+00
3.3387E+04 4.43019303E-08 0.00000000E+00
3.3411E+04 4.67032509E-08 0.00000000E+00
3.3434E+04 4.23558538E-08 0.00000000E+00
3.3458E+04 4.19849674E-08 0.00000000E+00
3.3482E+04 4.62315762E-08 0.00000000E+00
3.3505E+04 4.40861944E-08 0.00000000E+00
3.3529E+04 4.07200539E-08 0.00000000E+00
3.3552E+04 4.43582779E-08 0.00000000E+00
3.3576E+04 4.55157246E-08 0.00000000E+00
3.3599E+04 4.10131780E-08 0.00000000E+00
3.3623E+04 4.19649753E-08 0.00000000E+00
3.3646E+04 4.56701901E-08 0.00000000E+00
3.3670E+04 4.24956917E-08 0.00000000E+00
3.3694E+04 4.02107280E-08 0.00000000E+00
3.3717E+04 4.43004741E-08 0.00000000E+00
3.3741E+04 4.41415317E-08 0.00000000E+00
3.3764E+04 3.98811077E-08 0.00000000E+00
3.3788E+04 4.20104150E-08 0.00000000E+00
3.3811E+04 4.48484717E-08 0.00000000E+00
3.3835E+04 4.09551321E-08 0.00000000E+00
3.3859E+04 3.99070326E-08 0.00000000E+00
3.3882E+04 4.40537994E-08 0.00000000E+00
3.3906E+04 4.26291167E-08 0.00000000E+00
3.3929E+04 3.89754730E-08 0.00000000E+00
3.3953E+04 4.20398624E-08 0.00000000E+00
3.3976E+04 4.37773193E-08 0.00000000E+00
3.4000E+04 3.95321300E-08 0.00000000E+00
3.4023E+04 3.97636282E-08 0.00000000E+00
3.4047E+04 4.35850450E-08 0.00000000E+00
3.4071E+04 4.10599225E-08 0.00000000E+00
3.4094E+04 3.83132870E-08 0.00000000E+00
3.4118E+04 4.19979665E-08 0.00000000E+00
3.4141E+04 4.25108180E-08 0.00000000E+00
3.4165E+04 3.83012069E-08 0.00000000E+00
3.4188E+04 3.97405268E-08 0.00000000E+00
3.4212E+04 4.28985888E-08 0.00000000E+00
3.4236E+04 3.95320492E-08 0.00000000E+00
3.4259E+04 3.79009003E-08 0.00000000E+00
3.4283E+04 4.18468661E-08 0.00000000E+00
3.4306E+04 4.11252866E-08 0.00000000E+00
3.4330E+04 3.73207308E-08 0.00000000E+00
3.4353E+04 3.97889250E-08 0.00000000E+00
3.4377E+04 4.20159485E-08 0.00000000E+00
3.4400E+04 3.81315498E-08 0.00000000E+00
3.4424E+04 3.77143010E-08 0.00000000E+00
3.4448E+04 4.15494283E-08 0.00000000E+00
3.4471E+04 3.96924891E-08 0.00000000E+00
3.4495E+04 3.66100719E-08 0.00000000E+00
3.4518E+04 3.98389615E-08 0.00000000E+00
3.4542E+04 4.09576924E-08 0.00000000E+00
3.4565E+04 3.69114114E-08 0.00000000E+00
3.4589E+04 3.76908863E-08 0.00000000E+00
3.4612E+04 4.10633998E-08 0.00000000E+00
3.4636E+04 3.82665650E-08 0.00000000E+00
3.4660E+04 3.61451680E-08 0.00000000E+00
3.4683E+04 3.98055053E-08 0.00000000E+00
3.4707E+04 3.97430264E-08 0.00000000E+00
3.4730E+04 3.58919641E-08 0.00000000E+00
3.4754E+04 3.77431805E-08 0.00000000E+00
3.4777E+04 4.03546386E-08 0.00000000E+00
3.4801E+04 3.68911606E-08 0.00000000E+00
3.4825E+04 3.58755871E-08 0.00000000E+00
3.4848E+04 3.96116025E-08 0.00000000E+00
3.4872E+04 3.84047912E-08 0.00000000E+00
3.4895E+04 3.50778243E-08 0.00000000E+00
3.4919E+04 3.77859697E-08 0.00000000E+00
3.4942E+04 3.94187844E-08 0.00000000E+00
3.4966E+04 3.56146675E-08 0.00000000E+00
3.4989E+04 3.57482873E-08 0.00000000E+00
3.5013E+04 3.92127710E-08 0.00000000E+00
3.5037E+04 3.70026968E-08 0.00000000E+00
3.5060E+04 3.44731712E-08 0.00000000E+00
3.5084E+04 3.77572914E-08 0.00000000E+00
3.5107E+04 3.82922247E-08 0.00000000E+00
3.5131E+04 3.44951986E-08 0.00000000E+00
3.5154E+04 3.57195182E-08 0.00000000E+00
3.5178E+04 3.86044987E-08 0.00000000E+00
3.5202E+04 3.56192894E-08 0.00000000E+00
3.5225E+04 3.40810770E-08 0.00000000E+00
3.5249E+04 3.76202558E-08 0.00000000E+00
3.5272E+04 3.70421206E-08 0.00000000E+00
3.5296E+04 3.35875321E-08 0.00000000E+00
3.5319E+04 3.57486650E-08 0.00000000E+00
3.5343E+04 3.78094629E-08 0.00000000E+00
3.5366E+04 3.43383629E-08 0.00000000E+00
3.5390E+04 3.38884902E-08 0.00000000E+00
3.5414E+04 3.73494120E-08 0.00000000E+00
3.5437E+04 3.57423937E-08 0.00000000E+00
3.5461E+04 3.29210532E-08 0.00000000E+00
3.5484E+04 3.57843474E-08 0.00000000E+00
3.5508E+04 3.68571625E-08 0.00000000E+00
3.5531E+04 3.32206113E-08 0.00000000E+00
3.5555E+04 3.38521760E-08 0.00000000E+00
3.5579E+04 3.69179155E-08 0.00000000E+00
3.5602E+04 3.44535010E-08 0.00000000E+00
3.5626E+04 3.24864888E-08 0.00000000E+00
3.5649E+04 3.57598902E-08 0.00000000E+00
3.5673E+04 3.57734852E-08 0.00000000E+00
3.5696E+04 3.22936627E-08 0.00000000E+00
3.5720E+04 3.39007999E-08 0.00000000E+00
3.5743E+04 3.62994846E-08 0.00000000E+00
3.5767E+04 3.32191966E-08 0.00000000E+00
3.5791E+04 3.22421543E-08 0.00000000E+00
3.5814E+04 3.56062084E-08 0.00000000E+00
3.5838E+04 3.45868296E-08 0.00000000E+00
3.5861E+04 3.15608260E-08 0.00000000E+00
3.5885E+04 3.39541005E-08 0.00000000E+00
3.5908E+04 3.54839494E-08 0.00000000E+00
3.5932E+04 3.20773643E-08 0.00000000E+00
3.5956E+04 3.21337523E-08 0.00000000E+00
3.5979E+04 3.52736030E-08 0.00000000E+00
3.6003E+04 3.33411379E-08 0.00000000E+00
3.6026E+04 3.10170481E-08 0.00000000E+00
3.6050E+04 3.39453738E-08 0.00000000E+00
3.6073E+04 3.44919226E-08 0.00000000E+00
3.6097E+04 3.10700782E-08 0.00000000E+00
3.6120E+04 3.21115912E-08 0.00000000E+00
3.6144E+04 3.47460292E-08 0.00000000E+00
3.6168E+04 3.21003003E-08 0.00000000E+00
3.6191E+04 3.06566556E-08 0.00000000E+00
3.6215E+04 3.38319974E-08 0.00000000E+00
3.6238E+04 3.33749714E-08 0.00000000E+00
3.6262E+04 3.02407788E-08 0.00000000E+00
3.6285E+04 3.21338508E-08 0.00000000E+00
3.6309E+04 3.40383236E-08 0.00000000E+00
3.6333E+04 3.09368882E-08 0.00000000E+00
3.6356E+04 3.04672565E-08 0.00000000E+00
3.6380E+04 3.35900443E-08 0.00000000E+00
3.6403E+04 3.22001199E-08 0.00000000E+00
3.6427E+04 2.96193989E-08 0.00000000E+00
3.6450E+04 3.21580631E-08 0.00000000E+00
3.6474E+04 3.31809493E-08 0.00000000E+00
3.6497E+04 2.99120834E-08 0.00000000E+00
3.6521E+04 3.04176780E-08 0.00000000E+00
3.6545E+04 3.32023142E-08 0.00000000E+00
3.6568E+04 3.10301116E-08 0.00000000E+00
3.6592E+04 2.92076671E-08 0.00000000E+00
3.6615E+04 3.21333037E-08 0.00000000E+00
3.6639E+04 3.22060104E-08 0.00000000E+00
3.6662E+04 2.90611641E-08 0.00000000E+00
3.6686E+04 3.04535472E-08 0.00000000E+00
3.6710E+04 3.26532883E-08 0.00000000E+00
3.6733E+04 2.99131620E-08 0.00000000E+00
3.6757E+04 2.89770060E-08 0.00000000E+00
3.6780E+04 3.20039779E-08 0.00000000E+00
3.6804E+04 3.11449117E-08 0.00000000E+00
3.6827E+04 2.83935335E-08 0.00000000E+00
3.6851E+04 3.05070240E-08 0.00000000E+00
3.6874E+04 3.19360501E-08 0.00000000E+00
3.6898E+04 2.88860150E-08 0.00000000E+00
3.6922E+04 2.88802658E-08 0.00000000E+00
3.6945E+04 3.17241977E-08 0.00000000E+00
3.6969E+04 3.00355626E-08 0.00000000E+00
3.6992E+04 2.79032938E-08 0.00000000E+00
3.7016E+04 3.05142879E-08 0.00000000E+00
3.7039E+04 3.10637182E-08 0.00000000E+00
3.7063E+04 2.79819923E-08 0.00000000E+00
3.7087E+04 2.88671907E-08 0.00000000E+00
3.7110E+04 3.12716830E-08 0.00000000E+00
3.7134E+04 2.89281662E-08 0.00000000E+00
3.7157E+04 2.75787609E-08 0.00000000E+00
3.7181E+04 3.04285165E-08 0.00000000E+00
3.7204E+04 3.00738494E-08 0.00000000E+00
3.7228E+04 2.72331205E-08 0.00000000E+00
3.7251E+04 2.88926185E-08 0.00000000E+00
3.7275E+04 3.06511353E-08 0.00000000E+00
3.7299E+04 2.78811375E-08 0.00000000E+00
3.7322E+04 2.74031405E-08 0.00000000E+00
3.7346E+04 3.02215012E-08 0.00000000E+00
3.7369E+04 2.90209724E-08 0.00000000E+00
3.7393E+04 2.66629163E-08 0.00000000E+00
3.7416E+04 2.89148291E-08 0.00000000E+00
3.7440E+04 2.98863555E-08 0.00000000E+00
3.7463E+04 2.69483279E-08 0.00000000E+00
3.7487E+04 2.73483679E-08 0.00000000E+00
3.7511E+04 2.98771513E-08 0.00000000E+00
3.7534E+04 2.79624480E-08 0.00000000E+00
3.7558E+04 2.62759254E-08 0.00000000E+00
3.7581E+04 2.88906144E-08 0.00000000E+00
3.7605E+04 2.90090930E-08 0.00000000E+00
3.7628E+04 2.61665040E-08 0.00000000E+00
3.7652E+04 2.73708676E-08 0.00000000E+00
3.7676E+04 2.93860695E-08 0.00000000E+00
3.7699E+04 2.69476117E-08 0.00000000E+00
3.7723E+04 2.60534319E-08 0.00000000E+00
3.7746E+04 2.87757657E-08 0.00000000E+00
3.7770E+04 2.80535162E-08 0.00000000E+00
3.7793E+04 2.55513780E-08 0.00000000E+00
3.7817E+04 2.74159630E-08 0.00000000E+00
3.7840E+04 2.87472186E-08 0.00000000E+00
3.7864E+04 2.60156716E-08 0.00000000E+00
3.7888E+04 2.59590095E-08 0.00000000E+00
3.7911E+04 2.85330774E-08 0.00000000E+00
3.7935E+04 2.70577833E-08 0.00000000E+00
3.7958E+04 2.51022495E-08 0.00000000E+00
3.7982E+04 2.74290311E-08 0.00000000E+00
3.8005E+04 2.79739508E-08 0.00000000E+00
3.8029E+04 2.51989086E-08 0.00000000E+00
3.8053E+04 2.59488027E-08 0.00000000E+00
3.8076E+04 2.81417708E-08 0.00000000E+00
3.8100E+04 2.60665550E-08 0.00000000E+00
3.8123E+04 2.48082909E-08 0.00000000E+00
3.8147E+04 2.73655582E-08 0.00000000E+00
3.8170E+04 2.70968958E-08 0.00000000E+00
3.8194E+04 2.45239097E-08 0.00000000E+00
3.8217E+04 2.59788181E-08 0.00000000E+00
3.8241E+04 2.76010917E-08 0.00000000E+00
3.8265E+04 2.51282648E-08 0.00000000E+00
3.8288E+04 2.46505173E-08 0.00000000E+00
3.8312E+04 2.71945614E-08 0.00000000E+00
3.8335E+04 2.61596090E-08 0.00000000E+00
3.8359E+04 2.40076530E-08 0.00000000E+00
3.8382E+04 2.60064213E-08 0.00000000E+00
3.8406E+04 2.69265744E-08 0.00000000E+00
3.8430E+04 2.42870474E-08 0.00000000E+00
3.8453E+04 2.45997686E-08 0.00000000E+00
3.8477E+04 2.68965149E-08 0.00000000E+00
3.8500E+04 2.52096098E-08 0.00000000E+00
3.8524E+04 2.36516813E-08 0.00000000E+00
3.8547E+04 2.59894924E-08 0.00000000E+00
3.8571E+04 2.61435370E-08 0.00000000E+00
3.8594E+04 2.35746607E-08 0.00000000E+00
3.8618E+04 2.46158216E-08 0.00000000E+00
3.8642E+04 2.64612503E-08 0.00000000E+00
3.8665E+04 2.42910173E-08 0.00000000E+00
3.8689E+04 2.34401938E-08 0.00000000E+00
3.8712E+04 2.58885571E-08 0.00000000E+00
3.8736E+04 2.52834667E-08 0.00000000E+00
3.8759E+04 2.30077635E-08 0.00000000E+00
3.8783E+04 2.46518453E-08 0.00000000E+00
3.8807E+04 2.58896750E-08 0.00000000E+00
3.8830E+04 2.34424318E-08 0.00000000E+00
3.8854E+04 2.33444027E-08 0.00000000E+00
3.8877E+04 2.56731297E-08 0.00000000E+00
3.8901E+04 2.43842663E-08 0.00000000E+00
3.8924E+04 2.25905358E-08 0.00000000E+00
3.8948E+04 2.46626847E-08 0.00000000E+00
3.8971E+04 2.51972879E-08 0.00000000E+00
3.8995E+04 2.26976118E-08 0.00000000E+00
3.9019E+04 2.33293945E-08 0.00000000E+00
3.9042E+04 2.53277700E-08 0.00000000E+00
3.9066E+04 2.34899431E-08 0.00000000E+00
3.9089E+04 2.23176088E-08 0.00000000E+00
3.9113E+04 2.46112249E-08 0.00000000E+00
3.9136E+04 2.44141118E-08 0.00000000E+00
3.9160E+04 2.20838302E-08 0.00000000E+00
3.9184E+04 2.33580208E-08 0.00000000E+00
3.9207E+04 2.48528232E-08 0.00000000E+00
3.9231E+04 2.26456897E-08 0.00000000E+00
3.9254E+04 2.21734727E-08 0.00000000E+00
3.9278E+04 2.44693931E-08 0.00000000E+00
3.9301E+04 2.35788936E-08 0.00000000E+00
3.9325E+04 2.16165925E-08 0.00000000E+00
3.9348E+04 2.33908103E-08 0.00000000E+00
3.9372E+04 2.42599720E-08 0.00000000E+00
3.9396E+04 2.18897153E-08 0.00000000E+00
3.9419E+04 2.21300444E-08 0.00000000E+00
3.9443E+04 2.42161099E-08 0.00000000E+00
3.9466E+04 2.27311261E-08 0.00000000E+00
3.9490E+04 2.12946947E-08 0.00000000E+00
3.9513E+04 2.33859212E-08 0.00000000E+00
3.9537E+04 2.35674455E-08 0.00000000E+00
3.9561E+04 2.12471965E-08 0.00000000E+00
3.9584E+04 2.21473711E-08 0.00000000E+00
3.9608E+04 2.38372738E-08 0.00000000E+00
3.9631E+04 2.19064414E-08 0.00000000E+00
3.9655E+04 2.11006386E-08 0.00000000E+00
3.9678E+04 2.33034791E-08 0.00000000E+00
3.9702E+04 2.27993494E-08 0.00000000E+00
3.9725E+04 2.07303859E-08 0.00000000E+00
3.9749E+04 2.21803139E-08 0.00000000E+00
3.9773E+04 2.33301329E-08 0.00000000E+00
3.9796E+04 2.11374410E-08 0.00000000E+00
3.9820E+04 2.10071998E-08 0.00000000E+00
3.9843E+04 2.31139968E-08 0.00000000E+00
3.9867E+04 2.19885022E-08 0.00000000E+00
3.9890E+04 2.03433300E-08 0.00000000E+00
3.9914E+04 2.21882575E-08 0.00000000E+00
3.9937E+04 2.27085934E-08 0.00000000E+00
3.9961E+04 2.04561124E-08 0.00000000E+00
3.9985E+04 2.09851098E-08 0.00000000E+00
