0.0000E+00 0.00000000E+00 0.00000000E+00
2.3562E+01 0.00000000E+00 0.00000000E+00
4.7124E+01 0.00000000E+00 0.00000000E+00
7.0686E+01 0.00000000E+00 0.00000000E+00
9.4248E+01 0.00000000E+00 0.00000000E+00
1.1781E+02 0.00000000E+00 0.00000000E+00
1.4137E+02 0.00000000E+00 0.00000000E+00
1.6493E+02 0.00000000E+00 0.00000000E+00
1.8850E+02 0.00000000E+00 0.00000000E+00
2.1206E+02 0.00000000E+00 0.00000000E+00
2.3562E+02 0.00000000E+00 0.00000000E+00
2.5918E+02 3.52140817E-272 0.00000000E+00
2.8274E+02 4.52352919E-219 0.00000000E+00
3.0631E+02 2.53707975E-176 0.00000000E+00
3.2987E+02 6.76911824E-141 0.00000000E+00
3.5343E+02 3.34564055E-111 0.00000000E+00
3.7699E+02 2.71498834E-86 0.00000000E+00
4.0055E+02 1.41922768E-65 0.00000000E+00
4.2412E+02 1.09836519E-48 0.00000000E+00
4.4768E+02 1.86738402E-35 0.00000000E+00
4.7124E+02 6.17507865E-26 0.00000000E+00
4.9480E+02 1.11919514E-20 0.00000000E+00
5.1836E+02 2.38062478E-19 0.00000000E+00
5.4192E+02 4.91371639E-19 0.00000000E+00
5.6549E+02 1.01085802E-18 0.00000000E+00
5.8905E+02 1.52477644E-18 0.00000000E+00
6.1261E+02 2.11791043E-18 0.00000000E+00
6.3617E+02 3.27515937E-18 0.00000000E+00
6.5973E+02 6.16355616E-18 0.00000000E+00
6.8330E+02 9.71231791E-18 0.00000000E+00
7.0686E+02 1.30753056E-17 0.00000000E+00
7.3042E+02 2.13479547E-17 0.00000000E+00
7.5398E+02 3.59112330E-17 0.00000000E+00
7.7754E+02 4.79693749E-17 0.00000000E+00
8.0111E+02 6.38340565E-17 0.00000000E+00
8.2467E+02 1.03391403E-16 0.00000000E+00
8.4823E+02 1.50950276E-16 0.00000000E+00
8.7179E+02 1.85963373E-16 0.00000000E+00
8.9535E+02 2.65617116E-16 0.00000000E+00
9.1892E+02 4.19795556E-16 0.00000000E+00
9.4248E+02 5.53799358E-16 0.00000000E+00
9.6604E+02 6.92549842E-16 0.00000000E+00
9.8960E+02 1.05893729E-15 0.00000000E+00
1.0132E+03 1.55196881E-15 0.00000000E+00
1.0367E+03 1.89423508E-15 0.00000000E+00
1.0603E+03 2.55396201E-15 0.00000000E+00
1.0838E+03 3.96834943E-15 0.00000000E+00
1.1074E+03 5.26163043E-15 0.00000000E+00
1.1310E+03 6.38579179E-15 0.00000000E+00
1.1545E+03 9.38183752E-15 0.00000000E+00
1.1781E+03 1.38005110E-14 0.00000000E+00
1.2017E+03 1.68554358E-14 0.00000000E+00
1.2252E+03 2.17502332E-14 0.00000000E+00
1.2488E+03 3.30883916E-14 0.00000000E+00
1.2723E+03 4.43191857E-14 0.00000000E+00
1.2959E+03 5.27078435E-14 0.00000000E+00
1.3195E+03 7.40363299E-14 0.00000000E+00
1.3430E+03 1.08525756E-13 0.00000000E+00
1.3666E+03 1.32892574E-13 0.00000000E+00
1.3902E+03 1.64531149E-13 0.00000000E+00
1.4137E+03 2.42658275E-13 0.00000000E+00
1.4373E+03 3.26978547E-13 0.00000000E+00
1.4608E+03 3.82865218E-13 0.00000000E+00
1.4844E+03 5.12556673E-13 0.00000000E+00
1.5080E+03 7.43449483E-13 0.00000000E+00
1.5315E+03 9.14144662E-13 0.00000000E+00
1.5551E+03 1.09151104E-12 0.00000000E+00
1.5787E+03 1.55249094E-12 0.00000000E+00
1.6022E+03 2.09825108E-12 0.00000000E+00
1.6258E+03 2.43251632E-12 0.00000000E+00
1.6493E+03 3.10863357E-12 0.00000000E+00
1.6729E+03 4.43617536E-12 0.00000000E+00
1.6965E+03 5.48253917E-12 0.00000000E+00
1.7200E+03 6.35563270E-12 0.00000000E+00
1.7436E+03 8.69077919E-12 0.00000000E+00
1.7671E+03 1.17413657E-11 0.00000000E+00
1.7907E+03 1.35430177E-11 0.00000000E+00
1.8143E+03 1.65777491E-11 0.00000000E+00
1.8378E+03 2.31521119E-11 0.00000000E+00
1.8614E+03 2.87542535E-11 0.00000000E+00
1.8850E+03 3.25728470E-11 0.00000000E+00
1.9085E+03 4.27384698E-11 0.00000000E+00
1.9321E+03 5.74708962E-11 0.00000000E+00
1.9556E+03 6.61838072E-11 0.00000000E+00
1.9792E+03 7.79277888E-11 0.00000000E+00
2.0028E+03 1.05976319E-10 0.00000000E+00
2.0263E+03 1.32088780E-10 0.00000000E+00
2.0499E+03 1.47064206E-10 0.00000000E+00
2.0735E+03 1.85054772E-10 0.00000000E+00
2.0970E+03 2.46518399E-10 0.00000000E+00
2.1206E+03 2.84048485E-10 0.00000000E+00
2.1441E+03 3.23278008E-10 0.00000000E+00
2.1677E+03 4.26324776E-10 0.00000000E+00
2.1913E+03 5.32057132E-10 0.00000000E+00
2.2148E+03 5.85114658E-10 0.00000000E+00
2.2384E+03 7.06770982E-10 0.00000000E+00
2.2619E+03 9.28354689E-10 0.00000000E+00
2.2855E+03 1.07138402E-09 0.00000000E+00
2.3091E+03 1.18474362E-09 0.00000000E+00
2.3326E+03 1.51062674E-09 0.00000000E+00
2.3562E+03 1.88235484E-09 0.00000000E+00
2.3798E+03 2.05298110E-09 0.00000000E+00
2.4033E+03 2.38583807E-09 0.00000000E+00
2.4269E+03 3.07672314E-09 0.00000000E+00
2.4504E+03 3.55674325E-09 0.00000000E+00
2.4740E+03 3.84108591E-09 0.00000000E+00
2.4976E+03 4.72753806E-09 0.00000000E+00
2.5211E+03 5.86323103E-09 0.00000000E+00
2.5447E+03 6.36169659E-09 0.00000000E+00
2.5683E+03 7.13553651E-09 0.00000000E+00
2.5918E+03 9.00074387E-09 0.00000000E+00
2.6154E+03 1.04160294E-08 0.00000000E+00
2.6389E+03 1.10381775E-08 0.00000000E+00
2.6625E+03 1.31081972E-08 0.00000000E+00
2.6861E+03 1.61289937E-08 0.00000000E+00
2.7096E+03 1.74488955E-08 0.00000000E+00
2.7332E+03 1.89604674E-08 0.00000000E+00
2.7567E+03 2.33260030E-08 0.00000000E+00
2.7803E+03 2.69918011E-08 0.00000000E+00
2.8039E+03 2.81880623E-08 0.00000000E+00
2.8274E+03 3.23197572E-08 0.00000000E+00
2.8510E+03 3.93348758E-08 0.00000000E+00
2.8746E+03 4.24933815E-08 0.00000000E+00
2.8981E+03 4.49136944E-08 0.00000000E+00
2.9217E+03 5.37811618E-08 0.00000000E+00
2.9452E+03 6.21417145E-08 0.00000000E+00
2.9688E+03 6.41884636E-08 0.00000000E+00
2.9924E+03 7.11705823E-08 0.00000000E+00
3.0159E+03 8.54478189E-08 0.00000000E+00
3.0395E+03 9.22697865E-08 0.00000000E+00
3.0631E+03 9.52505959E-08 0.00000000E+00
3.0866E+03 1.10888351E-07 0.00000000E+00
3.1102E+03 1.27753892E-07 0.00000000E+00
3.1337E+03 1.30941719E-07 0.00000000E+00
3.1573E+03 1.40715927E-07 0.00000000E+00
3.1809E+03 1.66299743E-07 0.00000000E+00
3.2044E+03 1.79623774E-07 0.00000000E+00
3.2280E+03 1.81833223E-07 0.00000000E+00
3.2515E+03 2.05738952E-07 0.00000000E+00
3.2751E+03 2.36026822E-07 0.00000000E+00
3.2987E+03 2.40730636E-07 0.00000000E+00
3.3222E+03 2.51430067E-07 0.00000000E+00
3.3458E+03 2.92006226E-07 0.00000000E+00
3.3694E+03 3.15661328E-07 0.00000000E+00
3.3929E+03 3.14595222E-07 0.00000000E+00
3.4165E+03 3.46080187E-07 0.00000000E+00
3.4400E+03 3.94891557E-07 0.00000000E+00
3.4636E+03 4.01848535E-07 0.00000000E+00
3.4872E+03 4.09198023E-07 0.00000000E+00
3.5107E+03 4.66455492E-07 0.00000000E+00
3.5343E+03 5.04929877E-07 0.00000000E+00
3.5579E+03 4.97386885E-07 0.00000000E+00
3.5814E+03 5.32476116E-07 0.00000000E+00
3.6050E+03 6.03702410E-07 0.00000000E+00
3.6285E+03 6.14516130E-07 0.00000000E+00
3.6521E+03 6.12204387E-07 0.00000000E+00
3.6757E+03 6.84380653E-07 0.00000000E+00
3.6992E+03 7.42228409E-07 0.00000000E+00
3.7228E+03 7.25541340E-07 0.00000000E+00
3.7463E+03 7.56920633E-07 0.00000000E+00
3.7699E+03 8.51870164E-07 0.00000000E+00
3.7935E+03 8.69554546E-07 0.00000000E+00
3.8170E+03 8.50734833E-07 0.00000000E+00
3.8406E+03 9.32039880E-07 0.00000000E+00
3.8642E+03 1.01312980E-06 0.00000000E+00
3.8877E+03 9.86742182E-07 0.00000000E+00
3.9113E+03 1.00496895E-06 0.00000000E+00
3.9348E+03 1.12147429E-06 0.00000000E+00
3.9584E+03 1.15067365E-06 0.00000000E+00
3.9820E+03 1.11008003E-06 0.00000000E+00
4.0055E+03 1.19123247E-06 0.00000000E+00
4.0291E+03 1.29790959E-06 0.00000000E+00
4.0527E+03 1.26456875E-06 0.00000000E+00
4.0762E+03 1.26009238E-06 0.00000000E+00
4.0998E+03 1.39226751E-06 0.00000000E+00
4.1233E+03 1.43882438E-06 0.00000000E+00
4.1469E+03 1.37464704E-06 0.00000000E+00
4.1705E+03 1.44423727E-06 0.00000000E+00
4.1940E+03 1.57644947E-06 0.00000000E+00
4.2176E+03 1.54243275E-06 0.00000000E+00
4.2412E+03 1.50768549E-06 0.00000000E+00
4.2647E+03 1.64626032E-06 0.00000000E+00
4.2883E+03 1.71608161E-06 0.00000000E+00
4.3118E+03 1.63096272E-06 0.00000000E+00
4.3354E+03 1.67719110E-06 0.00000000E+00
4.3590E+03 1.83171891E-06 0.00000000E+00
4.3825E+03 1.80598240E-06 0.00000000E+00
4.4061E+03 1.73701330E-06 0.00000000E+00
4.4296E+03 1.87016099E-06 0.00000000E+00
4.4532E+03 1.96767263E-06 0.00000000E+00
4.4768E+03 1.86866722E-06 0.00000000E+00
4.5003E+03 1.88115708E-06 0.00000000E+00
4.5239E+03 2.05121229E-06 0.00000000E+00
4.5475E+03 2.04377121E-06 0.00000000E+00
4.5710E+03 1.94123324E-06 0.00000000E+00
4.5946E+03 2.05588677E-06 0.00000000E+00
4.6181E+03 2.18255685E-06 0.00000000E+00
4.6417E+03 2.08022663E-06 0.00000000E+00
4.6653E+03 2.05174147E-06 0.00000000E+00
4.6888E+03 2.22721932E-06 0.00000000E+00
4.7124E+03 2.24722765E-06 0.00000000E+00
4.7360E+03 2.11665823E-06 0.00000000E+00
4.7595E+03 2.20025674E-06 0.00000000E+00
4.7831E+03 2.35364377E-06 0.00000000E+00
4.8066E+03 2.26052468E-06 0.00000000E+00
4.8302E+03 2.18834842E-06 0.00000000E+00
4.8538E+03 2.35684814E-06 0.00000000E+00
4.8773E+03 2.41081924E-06 0.00000000E+00
4.9009E+03 2.26213360E-06 0.00000000E+00
4.9244E+03 2.30451463E-06 0.00000000E+00
4.9480E+03 2.47811628E-06 0.00000000E+00
4.9716E+03 2.40681838E-06 0.00000000E+00
4.9951E+03 2.29344858E-06 0.00000000E+00
5.0187E+03 2.44188099E-06 0.00000000E+00
5.0423E+03 2.53240492E-06 0.00000000E+00
5.0658E+03 2.37859647E-06 0.00000000E+00
5.0894E+03 2.37356116E-06 0.00000000E+00
5.1129E+03 2.55747339E-06 0.00000000E+00
5.1365E+03 2.51874771E-06 0.00000000E+00
5.1601E+03 2.37164653E-06 0.00000000E+00
5.1836E+03 2.48800160E-06 0.00000000E+00
5.2072E+03 2.61317723E-06 0.00000000E+00
5.2308E+03 2.46844888E-06 0.00000000E+00
5.2543E+03 2.41458179E-06 0.00000000E+00
5.2779E+03 2.59672749E-06 0.00000000E+00
5.3014E+03 2.59787465E-06 0.00000000E+00
5.3250E+03 2.42833351E-06 0.00000000E+00
5.3486E+03 2.50315457E-06 0.00000000E+00
5.3721E+03 2.65675779E-06 0.00000000E+00
5.3957E+03 2.53451343E-06 0.00000000E+00
5.4192E+03 2.43513734E-06 0.00000000E+00
5.4428E+03 2.60271307E-06 0.00000000E+00
5.4664E+03 2.64660769E-06 0.00000000E+00
5.4899E+03 2.46808946E-06 0.00000000E+00
5.5135E+03 2.49541258E-06 0.00000000E+00
5.5371E+03 2.66765402E-06 0.00000000E+00
5.5606E+03 2.57878267E-06 0.00000000E+00
5.5842E+03 2.44125916E-06 0.00000000E+00
5.6077E+03 2.58213641E-06 0.00000000E+00
5.6313E+03 2.66695266E-06 0.00000000E+00
5.6549E+03 2.49336171E-06 0.00000000E+00
5.6784E+03 2.47115850E-06 0.00000000E+00
5.7020E+03 2.64984706E-06 0.00000000E+00
5.7256E+03 2.60155569E-06 0.00000000E+00
5.7491E+03 2.43627015E-06 0.00000000E+00
5.7727E+03 2.54026711E-06 0.00000000E+00
5.7962E+03 2.65985574E-06 0.00000000E+00
5.8198E+03 2.50403955E-06 0.00000000E+00
5.8434E+03 2.43432270E-06 0.00000000E+00
5.8669E+03 2.60631352E-06 0.00000000E+00
5.8905E+03 2.60157454E-06 0.00000000E+00
5.9140E+03 2.42082732E-06 0.00000000E+00
5.9376E+03 2.48084122E-06 0.00000000E+00
5.9612E+03 2.62567310E-06 0.00000000E+00
5.9847E+03 2.49825715E-06 0.00000000E+00
6.0083E+03 2.38690398E-06 0.00000000E+00
6.0319E+03 2.53972283E-06 0.00000000E+00
6.0554E+03 2.57731434E-06 0.00000000E+00
6.0790E+03 2.39415313E-06 0.00000000E+00
6.1025E+03 2.40703411E-06 0.00000000E+00
6.1261E+03 2.56559587E-06 0.00000000E+00
6.1497E+03 2.47416604E-06 0.00000000E+00
6.1732E+03 2.33035184E-06 0.00000000E+00
6.1968E+03 2.45376745E-06 0.00000000E+00
6.2204E+03 2.52885863E-06 0.00000000E+00
6.2439E+03 2.35583915E-06 0.00000000E+00
6.2675E+03 2.32273719E-06 0.00000000E+00
6.2910E+03 2.48315082E-06 0.00000000E+00
6.3146E+03 2.43182746E-06 0.00000000E+00
6.3382E+03 2.26696266E-06 0.00000000E+00
6.3617E+03 2.35413286E-06 0.00000000E+00
6.3853E+03 2.45929522E-06 0.00000000E+00
6.4088E+03 2.30727969E-06 0.00000000E+00
6.4324E+03 2.23323160E-06 0.00000000E+00
6.4560E+03 2.38472461E-06 0.00000000E+00
6.4795E+03 2.37418665E-06 0.00000000E+00
6.5031E+03 2.20047024E-06 0.00000000E+00
6.5267E+03 2.24831943E-06 0.00000000E+00
6.5502E+03 2.37471309E-06 0.00000000E+00
6.5738E+03 2.25194584E-06 0.00000000E+00
6.5973E+03 2.14475038E-06 0.00000000E+00
6.6209E+03 2.27859330E-06 0.00000000E+00
6.6445E+03 2.30651554E-06 0.00000000E+00
6.6680E+03 2.13546686E-06 0.00000000E+00
6.6916E+03 2.14423631E-06 0.00000000E+00
6.7152E+03 2.28264360E-06 0.00000000E+00
6.7387E+03 2.19431151E-06 0.00000000E+00
6.7623E+03 2.06308140E-06 0.00000000E+00
6.7858E+03 2.17282840E-06 0.00000000E+00
6.8094E+03 2.23454904E-06 0.00000000E+00
6.8330E+03 2.07592998E-06 0.00000000E+00
6.8565E+03 2.04821942E-06 0.00000000E+00
6.8801E+03 2.18969645E-06 0.00000000E+00
6.9036E+03 2.13798793E-06 0.00000000E+00
6.9272E+03 1.99190168E-06 0.00000000E+00
6.9508E+03 2.07311412E-06 0.00000000E+00
6.9743E+03 2.16230294E-06 0.00000000E+00
6.9979E+03 2.02363614E-06 0.00000000E+00
7.0215E+03 1.96345637E-06 0.00000000E+00
7.0450E+03 2.09962253E-06 0.00000000E+00
7.0686E+03 2.08410613E-06 0.00000000E+00
7.0921E+03 1.93170306E-06 0.00000000E+00
7.1157E+03 1.98157363E-06 0.00000000E+00
7.1393E+03 2.09077339E-06 0.00000000E+00
7.1628E+03 1.97736230E-06 0.00000000E+00
7.1864E+03 1.88959245E-06 0.00000000E+00
7.2100E+03 2.01280706E-06 0.00000000E+00
7.2335E+03 2.03090867E-06 0.00000000E+00
7.2571E+03 1.87991031E-06 0.00000000E+00
7.2806E+03 1.89714270E-06 0.00000000E+00
7.3042E+03 2.01825081E-06 0.00000000E+00
7.3278E+03 1.93342373E-06 0.00000000E+00
7.3513E+03 1.82371125E-06 0.00000000E+00
7.3749E+03 1.92739673E-06 0.00000000E+00
7.3985E+03 1.97486904E-06 0.00000000E+00
7.4220E+03 1.83223641E-06 0.00000000E+00
7.4456E+03 1.81724116E-06 0.00000000E+00
7.4691E+03 1.94206941E-06 0.00000000E+00
7.4927E+03 1.88741684E-06 0.00000000E+00
7.5163E+03 1.76223282E-06 0.00000000E+00
7.5398E+03 1.84139724E-06 0.00000000E+00
7.5634E+03 1.91280350E-06 0.00000000E+00
7.5869E+03 1.78471213E-06 0.00000000E+00
7.6105E+03 1.73985135E-06 0.00000000E+00
7.6341E+03 1.86080175E-06 0.00000000E+00
7.6576E+03 1.83633873E-06 0.00000000E+00
7.6812E+03 1.70283228E-06 0.00000000E+00
7.7048E+03 1.75456668E-06 0.00000000E+00
7.7283E+03 1.84382259E-06 0.00000000E+00
7.7519E+03 1.73543250E-06 0.00000000E+00
7.7754E+03 1.66495440E-06 0.00000000E+00
7.7990E+03 1.77565551E-06 0.00000000E+00
7.8226E+03 1.77997487E-06 0.00000000E+00
7.8461E+03 1.64547523E-06 0.00000000E+00
7.8697E+03 1.66910098E-06 0.00000000E+00
7.8933E+03 1.77001651E-06 0.00000000E+00
7.9168E+03 1.68514580E-06 0.00000000E+00
7.9404E+03 1.59465226E-06 0.00000000E+00
7.9639E+03 1.69030535E-06 0.00000000E+00
7.9875E+03 1.72079132E-06 0.00000000E+00
8.0111E+03 1.59210811E-06 0.00000000E+00
8.0346E+03 1.58882438E-06 0.00000000E+00
8.0582E+03 1.69549956E-06 0.00000000E+00
8.0817E+03 1.63639922E-06 0.00000000E+00
8.1053E+03 1.53201957E-06 0.00000000E+00
8.1289E+03 1.60931886E-06 0.00000000E+00
8.1524E+03 1.66240119E-06 0.00000000E+00
8.1760E+03 1.54523001E-06 0.00000000E+00
8.1996E+03 1.51742475E-06 0.00000000E+00
8.2231E+03 1.62438960E-06 0.00000000E+00
8.2467E+03 1.59173021E-06 0.00000000E+00
8.2702E+03 1.47937023E-06 0.00000000E+00
8.2938E+03 1.53611664E-06 0.00000000E+00
8.3174E+03 1.60748637E-06 0.00000000E+00
8.3409E+03 1.50614018E-06 0.00000000E+00
8.3645E+03 1.45673542E-06 0.00000000E+00
8.3881E+03 1.55888200E-06 0.00000000E+00
8.4116E+03 1.55191150E-06 0.00000000E+00
8.4352E+03 1.43687019E-06 0.00000000E+00
8.4587E+03 1.47159107E-06 0.00000000E+00
8.4823E+03 1.55634591E-06 0.00000000E+00
8.5059E+03 1.47380848E-06 0.00000000E+00
8.5294E+03 1.40595395E-06 0.00000000E+00
8.5530E+03 1.49846762E-06 0.00000000E+00
8.5765E+03 1.51522937E-06 0.00000000E+00
8.6001E+03 1.40220940E-06 0.00000000E+00
8.6237E+03 1.41406935E-06 0.00000000E+00
8.6472E+03 1.50686399E-06 0.00000000E+00
8.6708E+03 1.44499192E-06 0.00000000E+00
8.6944E+03 1.36215003E-06 0.00000000E+00
8.7179E+03 1.44065679E-06 0.00000000E+00
8.7415E+03 1.47820917E-06 0.00000000E+00
8.7650E+03 1.37150417E-06 0.00000000E+00
8.7886E+03 1.36055387E-06 0.00000000E+00
8.8122E+03 1.45587983E-06 0.00000000E+00
8.8357E+03 1.41557408E-06 0.00000000E+00
8.8593E+03 1.32175983E-06 0.00000000E+00
8.8829E+03 1.38273185E-06 0.00000000E+00
8.9064E+03 1.43739622E-06 0.00000000E+00
8.9300E+03 1.34098511E-06 0.00000000E+00
8.9535E+03 1.30851831E-06 0.00000000E+00
8.9771E+03 1.40115088E-06 0.00000000E+00
9.0007E+03 1.38243710E-06 0.00000000E+00
9.0242E+03 1.28228929E-06 0.00000000E+00
9.0478E+03 1.32351423E-06 0.00000000E+00
9.0713E+03 1.39119107E-06 0.00000000E+00
9.0949E+03 1.30861098E-06 0.00000000E+00
9.1185E+03 1.25729484E-06 0.00000000E+00
9.1420E+03 1.34277790E-06 0.00000000E+00
9.1656E+03 1.34484811E-06 0.00000000E+00
9.1892E+03 1.24336121E-06 0.00000000E+00
9.2127E+03 1.26417394E-06 0.00000000E+00
9.2363E+03 1.34068970E-06 0.00000000E+00
9.2598E+03 1.27475958E-06 0.00000000E+00
9.2834E+03 1.20835222E-06 0.00000000E+00
9.3070E+03 1.28329483E-06 0.00000000E+00
9.3305E+03 1.30457994E-06 0.00000000E+00
9.3541E+03 1.20658814E-06 0.00000000E+00
9.3777E+03 1.20768797E-06 0.00000000E+00
9.4012E+03 1.28905433E-06 0.00000000E+00
9.4248E+03 1.24162515E-06 0.00000000E+00
9.4483E+03 1.16438112E-06 0.00000000E+00
9.4719E+03 1.22641909E-06 0.00000000E+00
9.4955E+03 1.26469889E-06 0.00000000E+00
9.5190E+03 1.17437234E-06 0.00000000E+00
9.5426E+03 1.15731901E-06 0.00000000E+00
9.5661E+03 1.23980268E-06 0.00000000E+00
9.5897E+03 1.21166157E-06 0.00000000E+00
9.6133E+03 1.12773078E-06 0.00000000E+00
9.6368E+03 1.17521960E-06 0.00000000E+00
9.6604E+03 1.22772045E-06 0.00000000E+00
9.6840E+03 1.14829812E-06 0.00000000E+00
9.7075E+03 1.11498829E-06 0.00000000E+00
9.7311E+03 1.19501488E-06 0.00000000E+00
9.7546E+03 1.18594388E-06 0.00000000E+00
9.7782E+03 1.09904515E-06 0.00000000E+00
9.8018E+03 1.13073432E-06 0.00000000E+00
9.8253E+03 1.19418553E-06 0.00000000E+00
9.8489E+03 1.12798610E-06 0.00000000E+00
9.8725E+03 1.08040105E-06 0.00000000E+00
9.8960E+03 1.15445331E-06 0.00000000E+00
9.9196E+03 1.16336081E-06 0.00000000E+00
9.9431E+03 1.07679657E-06 0.00000000E+00
9.9667E+03 1.09174064E-06 0.00000000E+00
9.9903E+03 1.16243930E-06 0.00000000E+00
1.0014E+04 1.11102151E-06 0.00000000E+00
1.0037E+04 1.05132132E-06 0.00000000E+00
1.0061E+04 1.11601762E-06 0.00000000E+00
1.0085E+04 1.14107801E-06 0.00000000E+00
1.0108E+04 1.05792900E-06 0.00000000E+00
1.0132E+04 1.05570541E-06 0.00000000E+00
1.0155E+04 1.12968680E-06 0.00000000E+00
1.0179E+04 1.09399443E-06 0.00000000E+00
1.0202E+04 1.02478233E-06 0.00000000E+00
1.0226E+04 1.07719249E-06 0.00000000E+00
1.0249E+04 1.11599923E-06 0.00000000E+00
1.0273E+04 1.03925858E-06 0.00000000E+00
1.0297E+04 1.02032272E-06 0.00000000E+00
1.0320E+04 1.09367943E-06 0.00000000E+00
1.0344E+04 1.07409331E-06 0.00000000E+00
1.0367E+04 9.98568095E-07 0.00000000E+00
1.0391E+04 1.03662726E-06 0.00000000E+00
1.0414E+04 1.08639312E-06 0.00000000E+00
1.0438E+04 1.01889893E-06 0.00000000E+00
1.0462E+04 9.84790778E-07 0.00000000E+00
1.0485E+04 1.05405507E-06 0.00000000E+00
1.0509E+04 1.05038340E-06 0.00000000E+00
1.0532E+04 9.72200165E-07 0.00000000E+00
1.0556E+04 9.94971077E-07 0.00000000E+00
1.0579E+04 1.05276228E-06 0.00000000E+00
1.0603E+04 9.96963273E-07 0.00000000E+00
1.0626E+04 9.50174764E-07 0.00000000E+00
1.0650E+04 1.01258556E-06 0.00000000E+00
1.0674E+04 1.02406146E-06 0.00000000E+00
1.0697E+04 9.46940830E-07 0.00000000E+00
1.0721E+04 9.54548906E-07 0.00000000E+00
1.0744E+04 1.01747243E-06 0.00000000E+00
1.0768E+04 9.75174113E-07 0.00000000E+00
1.0791E+04 9.18720108E-07 0.00000000E+00
1.0815E+04 9.72237445E-07 0.00000000E+00
1.0838E+04 9.97552097E-07 0.00000000E+00
1.0862E+04 9.24845922E-07 0.00000000E+00
1.0886E+04 9.18126349E-07 0.00000000E+00
1.0909E+04 9.83386757E-07 0.00000000E+00
1.0933E+04 9.55609518E-07 0.00000000E+00
1.0956E+04 8.92540747E-07 0.00000000E+00
1.0980E+04 9.35634136E-07 0.00000000E+00
1.1003E+04 9.72981254E-07 0.00000000E+00
1.1027E+04 9.07405300E-07 0.00000000E+00
1.1051E+04 8.87493604E-07 0.00000000E+00
1.1074E+04 9.52324045E-07 0.00000000E+00
1.1098E+04 9.39302885E-07 0.00000000E+00
1.1121E+04 8.72413580E-07 0.00000000E+00
1.1145E+04 9.03812194E-07 0.00000000E+00
1.1168E+04 9.50919373E-07 0.00000000E+00
1.1192E+04 8.94522365E-07 0.00000000E+00
1.1215E+04 8.62641331E-07 0.00000000E+00
1.1239E+04 9.24224166E-07 0.00000000E+00
1.1263E+04 9.25492958E-07 0.00000000E+00
1.1286E+04 8.57312658E-07 0.00000000E+00
1.1310E+04 8.75931724E-07 0.00000000E+00
1.1333E+04 9.30105041E-07 0.00000000E+00
1.1357E+04 8.84385401E-07 0.00000000E+00
1.1380E+04 8.41918633E-07 0.00000000E+00
1.1404E+04 8.97443174E-07 0.00000000E+00
1.1428E+04 9.11938352E-07 0.00000000E+00
1.1451E+04 8.44894355E-07 0.00000000E+00
1.1475E+04 8.50014380E-07 0.00000000E+00
1.1498E+04 9.08262596E-07 0.00000000E+00
1.1522E+04 8.74287293E-07 0.00000000E+00
1.1545E+04 8.23013066E-07 0.00000000E+00
1.1569E+04 8.69926426E-07 0.00000000E+00
1.1592E+04 8.96095084E-07 0.00000000E+00
1.1616E+04 8.32641026E-07 0.00000000E+00
1.1640E+04 8.24217387E-07 0.00000000E+00
1.1663E+04 8.83491498E-07 0.00000000E+00
1.1687E+04 8.61931656E-07 0.00000000E+00
1.1710E+04 8.04182529E-07 0.00000000E+00
1.1734E+04 8.40534316E-07 0.00000000E+00
1.1757E+04 8.76467664E-07 0.00000000E+00
1.1781E+04 8.19041332E-07 0.00000000E+00
1.1805E+04 7.97912226E-07 0.00000000E+00
1.1828E+04 8.55403127E-07 0.00000000E+00
1.1852E+04 8.46499893E-07 0.00000000E+00
1.1875E+04 7.85082570E-07 0.00000000E+00
1.1899E+04 8.09766432E-07 0.00000000E+00
1.1922E+04 8.53357865E-07 0.00000000E+00
1.1946E+04 8.04180467E-07 0.00000000E+00
1.1969E+04 7.72003486E-07 0.00000000E+00
1.1993E+04 8.25363955E-07 0.00000000E+00
1.2017E+04 8.28886789E-07 0.00000000E+00
1.2040E+04 7.66776525E-07 0.00000000E+00
1.2064E+04 7.79517767E-07 0.00000000E+00
1.2087E+04 8.28594619E-07 0.00000000E+00
1.2111E+04 7.89432565E-07 0.00000000E+00
1.2134E+04 7.48366262E-07 0.00000000E+00
1.2158E+04 7.95744867E-07 0.00000000E+00
1.2182E+04 8.10981359E-07 0.00000000E+00
1.2205E+04 7.50956077E-07 0.00000000E+00
1.2229E+04 7.52061087E-07 0.00000000E+00
1.2252E+04 8.04428582E-07 0.00000000E+00
1.2276E+04 7.76439579E-07 0.00000000E+00
1.2299E+04 7.28755877E-07 0.00000000E+00
1.2323E+04 7.68653145E-07 0.00000000E+00
1.2346E+04 7.94423240E-07 0.00000000E+00
1.2370E+04 7.38820687E-07 0.00000000E+00
1.2394E+04 7.28866565E-07 0.00000000E+00
1.2417E+04 7.82263131E-07 0.00000000E+00
1.2441E+04 7.65967314E-07 0.00000000E+00
1.2464E+04 7.13808471E-07 0.00000000E+00
1.2488E+04 7.44898565E-07 0.00000000E+00
1.2511E+04 7.79575156E-07 0.00000000E+00
1.2535E+04 7.30246840E-07 0.00000000E+00
1.2559E+04 7.09920496E-07 0.00000000E+00
1.2582E+04 7.61970052E-07 0.00000000E+00
1.2606E+04 7.57305977E-07 0.00000000E+00
1.2629E+04 7.02673713E-07 0.00000000E+00
1.2653E+04 7.23764781E-07 0.00000000E+00
1.2676E+04 7.65315095E-07 0.00000000E+00
1.2700E+04 7.23712549E-07 0.00000000E+00
1.2723E+04 6.93882414E-07 0.00000000E+00
1.2747E+04 7.42157932E-07 0.00000000E+00
1.2771E+04 7.48563876E-07 0.00000000E+00
1.2794E+04 6.93454401E-07 0.00000000E+00
1.2818E+04 7.03653409E-07 0.00000000E+00
1.2841E+04 7.49745733E-07 0.00000000E+00
1.2865E+04 7.17013680E-07 0.00000000E+00
1.2888E+04 6.78934241E-07 0.00000000E+00
1.2912E+04 7.21176013E-07 0.00000000E+00
1.2936E+04 7.37672530E-07 0.00000000E+00
1.2959E+04 6.84183735E-07 0.00000000E+00
1.2983E+04 6.83166342E-07 0.00000000E+00
1.3006E+04 7.31365586E-07 0.00000000E+00
1.3030E+04 7.08360216E-07 0.00000000E+00
1.3053E+04 6.63811849E-07 0.00000000E+00
1.3077E+04 6.98218887E-07 0.00000000E+00
1.3100E+04 7.23503313E-07 0.00000000E+00
1.3124E+04 6.73791856E-07 0.00000000E+00
1.3148E+04 6.61984176E-07 0.00000000E+00
1.3171E+04 7.09990127E-07 0.00000000E+00
1.3195E+04 6.97228564E-07 0.00000000E+00
1.3218E+04 6.48450278E-07 0.00000000E+00
1.3242E+04 6.73884010E-07 0.00000000E+00
1.3265E+04 7.06439512E-07 0.00000000E+00
1.3289E+04 6.62535516E-07 0.00000000E+00
1.3312E+04 6.41066015E-07 0.00000000E+00
1.3336E+04 6.86889331E-07 0.00000000E+00
1.3360E+04 6.84487186E-07 0.00000000E+00
1.3383E+04 6.33914307E-07 0.00000000E+00
1.3407E+04 6.49892269E-07 0.00000000E+00
1.3430E+04 6.88077857E-07 0.00000000E+00
1.3454E+04 6.51664137E-07 0.00000000E+00
1.3477E+04 6.22101139E-07 0.00000000E+00
1.3501E+04 6.64089167E-07 0.00000000E+00
1.3525E+04 6.71728325E-07 0.00000000E+00
1.3548E+04 6.21678447E-07 0.00000000E+00
1.3572E+04 6.28173563E-07 0.00000000E+00
1.3595E+04 6.70250435E-07 0.00000000E+00
1.3619E+04 6.42516430E-07 0.00000000E+00
1.3642E+04 6.06550433E-07 0.00000000E+00
1.3666E+04 6.43273712E-07 0.00000000E+00
1.3689E+04 6.60200459E-07 0.00000000E+00
1.3713E+04 6.12667190E-07 0.00000000E+00
1.3737E+04 6.09863829E-07 0.00000000E+00
1.3760E+04 6.53958722E-07 0.00000000E+00
1.3784E+04 6.35567530E-07 0.00000000E+00
1.3807E+04 5.94820897E-07 0.00000000E+00
1.3831E+04 6.24940506E-07 0.00000000E+00
1.3854E+04 6.49978927E-07 0.00000000E+00
1.3878E+04 6.06597200E-07 0.00000000E+00
1.3902E+04 5.94780812E-07 0.00000000E+00
1.3925E+04 6.38856763E-07 0.00000000E+00
1.3949E+04 6.29989732E-07 0.00000000E+00
1.3972E+04 5.86026891E-07 0.00000000E+00
1.3996E+04 6.08287564E-07 0.00000000E+00
1.4019E+04 6.39877185E-07 0.00000000E+00
1.4043E+04 6.02001700E-07 0.00000000E+00
1.4066E+04 5.81649461E-07 0.00000000E+00
1.4090E+04 6.23578123E-07 0.00000000E+00
1.4114E+04 6.24001459E-07 0.00000000E+00
1.4137E+04 5.78460000E-07 0.00000000E+00
1.4161E+04 5.91860547E-07 0.00000000E+00
1.4184E+04 6.28152341E-07 0.00000000E+00
1.4208E+04 5.96935211E-07 0.00000000E+00
1.4231E+04 5.68914340E-07 0.00000000E+00
1.4255E+04 6.06682212E-07 0.00000000E+00
1.4279E+04 6.15810526E-07 0.00000000E+00
1.4302E+04 5.70495696E-07 0.00000000E+00
1.4326E+04 5.74542931E-07 0.00000000E+00
1.4349E+04 6.13570171E-07 0.00000000E+00
1.4373E+04 5.89962819E-07 0.00000000E+00
1.4396E+04 5.55657319E-07 0.00000000E+00
1.4420E+04 5.87628868E-07 0.00000000E+00
1.4443E+04 6.04593613E-07 0.00000000E+00
1.4467E+04 5.61426642E-07 0.00000000E+00
1.4491E+04 5.56297843E-07 0.00000000E+00
1.4514E+04 5.96179055E-07 0.00000000E+00
1.4538E+04 5.80865739E-07 0.00000000E+00
1.4561E+04 5.42105649E-07 0.00000000E+00
1.4585E+04 5.67198893E-07 0.00000000E+00
1.4608E+04 5.90926517E-07 0.00000000E+00
1.4632E+04 5.51759106E-07 0.00000000E+00
1.4656E+04 5.38249237E-07 0.00000000E+00
1.4679E+04 5.77331525E-07 0.00000000E+00
1.4703E+04 5.70652155E-07 0.00000000E+00
1.4726E+04 5.29464083E-07 0.00000000E+00
1.4750E+04 5.47133438E-07 0.00000000E+00
1.4773E+04 5.76408264E-07 0.00000000E+00
1.4797E+04 5.42809003E-07 0.00000000E+00
1.4820E+04 5.22085468E-07 0.00000000E+00
1.4844E+04 5.58953987E-07 0.00000000E+00
1.4868E+04 5.60861153E-07 0.00000000E+00
1.4891E+04 5.19179859E-07 0.00000000E+00
1.4915E+04 5.29227850E-07 0.00000000E+00
1.4938E+04 5.62703242E-07 0.00000000E+00
1.4962E+04 5.35822554E-07 0.00000000E+00
1.4985E+04 5.09140525E-07 0.00000000E+00
1.5009E+04 5.42508234E-07 0.00000000E+00
1.5033E+04 5.52560175E-07 0.00000000E+00
1.5056E+04 5.12051435E-07 0.00000000E+00
1.5080E+04 5.14412254E-07 0.00000000E+00
1.5103E+04 5.50570581E-07 0.00000000E+00
1.5127E+04 5.31118103E-07 0.00000000E+00
1.5150E+04 4.99665956E-07 0.00000000E+00
1.5174E+04 5.28254632E-07 0.00000000E+00
1.5197E+04 5.45625928E-07 0.00000000E+00
1.5221E+04 5.07675854E-07 0.00000000E+00
1.5245E+04 5.02333484E-07 0.00000000E+00
1.5268E+04 5.39456644E-07 0.00000000E+00
1.5292E+04 5.27750784E-07 0.00000000E+00
1.5315E+04 4.92688892E-07 0.00000000E+00
1.5339E+04 5.15233910E-07 0.00000000E+00
1.5362E+04 5.38746085E-07 0.00000000E+00
1.5386E+04 5.04554082E-07 0.00000000E+00
1.5410E+04 4.91654036E-07 0.00000000E+00
1.5433E+04 5.27889701E-07 0.00000000E+00
1.5457E+04 5.23919777E-07 0.00000000E+00
1.5480E+04 4.86530714E-07 0.00000000E+00
1.5504E+04 5.01956047E-07 0.00000000E+00
1.5527E+04 5.30157136E-07 0.00000000E+00
1.5551E+04 5.00817447E-07 0.00000000E+00
1.5574E+04 4.80879467E-07 0.00000000E+00
1.5598E+04 5.14433932E-07 0.00000000E+00
1.5622E+04 5.17907925E-07 0.00000000E+00
1.5645E+04 4.79702144E-07 0.00000000E+00
1.5669E+04 4.87375474E-07 0.00000000E+00
1.5692E+04 5.18686205E-07 0.00000000E+00
1.5716E+04 4.95183132E-07 0.00000000E+00
1.5739E+04 4.69239415E-07 0.00000000E+00
1.5763E+04 4.98625977E-07 0.00000000E+00
1.5787E+04 5.09014096E-07 0.00000000E+00
1.5810E+04 4.71682405E-07 0.00000000E+00
1.5834E+04 4.71581026E-07 0.00000000E+00
1.5857E+04 5.04471923E-07 0.00000000E+00
1.5881E+04 4.87598013E-07 0.00000000E+00
1.5904E+04 4.57132316E-07 0.00000000E+00
1.5928E+04 4.81337906E-07 0.00000000E+00
1.5951E+04 4.97923778E-07 0.00000000E+00
1.5975E+04 4.63149700E-07 0.00000000E+00
1.5999E+04 4.55815242E-07 0.00000000E+00
1.6022E+04 4.88931162E-07 0.00000000E+00
1.6046E+04 4.79191887E-07 0.00000000E+00
1.6069E+04 4.45897707E-07 0.00000000E+00
1.6093E+04 4.64365248E-07 0.00000000E+00
1.6116E+04 4.86288380E-07 0.00000000E+00
1.6140E+04 4.55530097E-07 0.00000000E+00
1.6163E+04 4.41833058E-07 0.00000000E+00
1.6187E+04 4.73994516E-07 0.00000000E+00
1.6211E+04 4.71552490E-07 0.00000000E+00
1.6234E+04 4.37051409E-07 0.00000000E+00
1.6258E+04 4.49496605E-07 0.00000000E+00
1.6281E+04 4.75753788E-07 0.00000000E+00
1.6305E+04 4.50108770E-07 0.00000000E+00
1.6328E+04 4.30974087E-07 0.00000000E+00
1.6352E+04 4.61065528E-07 0.00000000E+00
1.6376E+04 4.65729968E-07 0.00000000E+00
1.6399E+04 4.31404352E-07 0.00000000E+00
1.6423E+04 4.37604729E-07 0.00000000E+00
1.6446E+04 4.67005986E-07 0.00000000E+00
1.6470E+04 4.47195669E-07 0.00000000E+00
1.6493E+04 4.23459838E-07 0.00000000E+00
1.6517E+04 4.50307564E-07 0.00000000E+00
1.6540E+04 4.61545551E-07 0.00000000E+00
1.6564E+04 4.28543903E-07 0.00000000E+00
1.6588E+04 4.28260926E-07 0.00000000E+00
1.6611E+04 4.59391266E-07 0.00000000E+00
1.6635E+04 4.45821212E-07 0.00000000E+00
1.6658E+04 4.18287687E-07 0.00000000E+00
1.6682E+04 4.40655768E-07 0.00000000E+00
1.6705E+04 4.57616212E-07 0.00000000E+00
1.6729E+04 4.26966653E-07 0.00000000E+00
1.6753E+04 4.20064597E-07 0.00000000E+00
1.6776E+04 4.51330848E-07 0.00000000E+00
1.6800E+04 4.44156553E-07 0.00000000E+00
1.6823E+04 4.13769960E-07 0.00000000E+00
1.6847E+04 4.30526422E-07 0.00000000E+00
1.6870E+04 4.52098654E-07 0.00000000E+00
1.6894E+04 4.24807996E-07 0.00000000E+00
1.6917E+04 4.11484298E-07 0.00000000E+00
1.6941E+04 4.41284147E-07 0.00000000E+00
1.6965E+04 4.40447220E-07 0.00000000E+00
1.6988E+04 4.08426981E-07 0.00000000E+00
1.7012E+04 4.18801951E-07 0.00000000E+00
1.7035E+04 4.43731317E-07 0.00000000E+00
1.7059E+04 4.20785444E-07 0.00000000E+00
1.7082E+04 4.01738252E-07 0.00000000E+00
1.7106E+04 4.28694652E-07 0.00000000E+00
1.7130E+04 4.33940674E-07 0.00000000E+00
1.7153E+04 4.01755307E-07 0.00000000E+00
1.7177E+04 4.05527408E-07 0.00000000E+00
1.7200E+04 4.32566181E-07 0.00000000E+00
1.7224E+04 4.14836881E-07 0.00000000E+00
1.7247E+04 3.91235374E-07 0.00000000E+00
1.7271E+04 4.14368441E-07 0.00000000E+00
1.7294E+04 4.25269285E-07 0.00000000E+00
1.7318E+04 3.94454770E-07 0.00000000E+00
1.7342E+04 3.91935818E-07 0.00000000E+00
1.7365E+04 4.19957986E-07 0.00000000E+00
1.7389E+04 4.08085670E-07 0.00000000E+00
1.7412E+04 3.81347303E-07 0.00000000E+00
1.7436E+04 4.00076652E-07 0.00000000E+00
1.7459E+04 4.16054236E-07 0.00000000E+00
1.7483E+04 3.87986055E-07 0.00000000E+00
1.7507E+04 3.79808979E-07 0.00000000E+00
1.7530E+04 4.07818485E-07 0.00000000E+00
1.7554E+04 4.02136861E-07 0.00000000E+00
1.7577E+04 3.73646736E-07 0.00000000E+00
1.7601E+04 3.87627615E-07 0.00000000E+00
1.7624E+04 4.07952149E-07 0.00000000E+00
1.7648E+04 3.83695233E-07 0.00000000E+00
1.7671E+04 3.70545795E-07 0.00000000E+00
1.7695E+04 3.97576111E-07 0.00000000E+00
1.7719E+04 3.98094506E-07 0.00000000E+00
1.7742E+04 3.69028842E-07 0.00000000E+00
1.7766E+04 3.77945916E-07 0.00000000E+00
1.7789E+04 4.01696606E-07 0.00000000E+00
1.7813E+04 3.81983765E-07 0.00000000E+00
1.7836E+04 3.64449946E-07 0.00000000E+00
1.7860E+04 3.89442110E-07 0.00000000E+00
1.7884E+04 3.95859774E-07 0.00000000E+00
1.7907E+04 3.67186469E-07 0.00000000E+00
1.7931E+04 3.70664570E-07 0.00000000E+00
1.7954E+04 3.96688624E-07 0.00000000E+00
1.7978E+04 3.81986335E-07 0.00000000E+00
1.8001E+04 3.60606637E-07 0.00000000E+00
1.8025E+04 3.82387877E-07 0.00000000E+00
1.8048E+04 3.94117863E-07 0.00000000E+00
1.8072E+04 3.66718651E-07 0.00000000E+00
1.8096E+04 3.64427075E-07 0.00000000E+00
1.8119E+04 3.91366344E-07 0.00000000E+00
1.8143E+04 3.81948704E-07 0.00000000E+00
1.8166E+04 3.57394077E-07 0.00000000E+00
1.8190E+04 3.74819507E-07 0.00000000E+00
1.8213E+04 3.91031581E-07 0.00000000E+00
1.8237E+04 3.65819476E-07 0.00000000E+00
1.8261E+04 3.57702856E-07 0.00000000E+00
1.8284E+04 3.84131463E-07 0.00000000E+00
1.8308E+04 3.80113559E-07 0.00000000E+00
1.8331E+04 3.53346288E-07 0.00000000E+00
1.8355E+04 3.65545782E-07 0.00000000E+00
1.8378E+04 3.85251890E-07 0.00000000E+00
1.8402E+04 3.63186491E-07 0.00000000E+00
1.8425E+04 3.49657097E-07 0.00000000E+00
1.8449E+04 3.74292973E-07 0.00000000E+00
1.8473E+04 3.75629956E-07 0.00000000E+00
1.8496E+04 3.47909180E-07 0.00000000E+00
1.8520E+04 3.54490014E-07 0.00000000E+00
1.8543E+04 3.76666335E-07 0.00000000E+00
1.8567E+04 3.58660544E-07 0.00000000E+00
1.8590E+04 3.40608646E-07 0.00000000E+00
1.8614E+04 3.62488356E-07 0.00000000E+00
1.8637E+04 3.68971650E-07 0.00000000E+00
1.8661E+04 3.41691429E-07 0.00000000E+00
1.8685E+04 3.42761466E-07 0.00000000E+00
1.8708E+04 3.66453196E-07 0.00000000E+00
1.8732E+04 3.53240451E-07 0.00000000E+00
1.8755E+04 3.31845528E-07 0.00000000E+00
1.8779E+04 3.50354560E-07 0.00000000E+00
1.8802E+04 3.61617564E-07 0.00000000E+00
1.8826E+04 3.36077583E-07 0.00000000E+00
1.8850E+04 3.32071744E-07 0.00000000E+00
1.8873E+04 3.56414434E-07 0.00000000E+00
1.8897E+04 3.48453784E-07 0.00000000E+00
1.8920E+04 3.24914627E-07 0.00000000E+00
1.8944E+04 3.39657121E-07 0.00000000E+00
1.8967E+04 3.55172649E-07 0.00000000E+00
1.8991E+04 3.32411754E-07 0.00000000E+00
1.9014E+04 3.23840480E-07 0.00000000E+00
1.9038E+04 3.47982407E-07 0.00000000E+00
1.9062E+04 3.45430366E-07 0.00000000E+00
1.9085E+04 3.20776384E-07 0.00000000E+00
1.9109E+04 3.31384982E-07 0.00000000E+00
1.9132E+04 3.50437077E-07 0.00000000E+00
1.9156E+04 3.31195954E-07 0.00000000E+00
1.9179E+04 3.18484499E-07 0.00000000E+00
1.9203E+04 3.41476019E-07 0.00000000E+00
1.9227E+04 3.44202966E-07 0.00000000E+00
1.9250E+04 3.19275820E-07 0.00000000E+00
1.9274E+04 3.25311366E-07 0.00000000E+00
1.9297E+04 3.46960866E-07 0.00000000E+00
1.9321E+04 3.31744202E-07 0.00000000E+00
1.9344E+04 3.15258371E-07 0.00000000E+00
1.9368E+04 3.36017522E-07 0.00000000E+00
1.9391E+04 3.43636336E-07 0.00000000E+00
1.9415E+04 3.19204185E-07 0.00000000E+00
1.9439E+04 3.20232669E-07 0.00000000E+00
1.9462E+04 3.43331269E-07 0.00000000E+00
1.9486E+04 3.32487990E-07 0.00000000E+00
1.9509E+04 3.12702872E-07 0.00000000E+00
1.9533E+04 3.30125670E-07 0.00000000E+00
1.9556E+04 3.42027659E-07 0.00000000E+00
1.9580E+04 3.18911519E-07 0.00000000E+00
1.9604E+04 3.14714573E-07 0.00000000E+00
1.9627E+04 3.38011305E-07 0.00000000E+00
1.9651E+04 3.31771799E-07 0.00000000E+00
1.9674E+04 3.09440087E-07 0.00000000E+00
1.9698E+04 3.22619620E-07 0.00000000E+00
1.9721E+04 3.38036340E-07 0.00000000E+00
1.9745E+04 3.17142438E-07 0.00000000E+00
1.9768E+04 3.07915391E-07 0.00000000E+00
1.9792E+04 3.30236283E-07 0.00000000E+00
1.9816E+04 3.28702895E-07 0.00000000E+00
1.9839E+04 3.04888429E-07 0.00000000E+00
1.9863E+04 3.13315787E-07 0.00000000E+00
1.9886E+04 3.31411825E-07 0.00000000E+00
1.9910E+04 3.13649230E-07 0.00000000E+00
1.9933E+04 3.00044188E-07 0.00000000E+00
1.9957E+04 3.20456929E-07 0.00000000E+00
1.9981E+04 3.23581267E-07 0.00000000E+00
2.0004E+04 2.99526473E-07 0.00000000E+00
2.0028E+04 3.03143499E-07 0.00000000E+00
2.0051E+04 3.23105256E-07 0.00000000E+00
2.0075E+04 3.09250174E-07 0.00000000E+00
2.0098E+04 2.92228576E-07 0.00000000E+00
2.0122E+04 3.10092884E-07 0.00000000E+00
2.0145E+04 3.17664762E-07 0.00000000E+00
2.0169E+04 2.94575232E-07 0.00000000E+00
2.0193E+04 2.93644746E-07 0.00000000E+00
2.0216E+04 3.14709686E-07 0.00000000E+00
2.0240E+04 3.05298011E-07 0.00000000E+00
2.0263E+04 2.85887121E-07 0.00000000E+00
2.0287E+04 3.00761487E-07 0.00000000E+00
2.0310E+04 3.12403213E-07 0.00000000E+00
2.0334E+04 2.91275513E-07 0.00000000E+00
2.0358E+04 2.86161085E-07 0.00000000E+00
2.0381E+04 3.07564561E-07 0.00000000E+00
2.0405E+04 3.02852844E-07 0.00000000E+00
2.0428E+04 2.81957248E-07 0.00000000E+00
2.0452E+04 2.93437290E-07 0.00000000E+00
2.0475E+04 3.08585920E-07 0.00000000E+00
2.0499E+04 2.90154900E-07 0.00000000E+00
2.0522E+04 2.81162872E-07 0.00000000E+00
2.0546E+04 3.02048132E-07 0.00000000E+00
2.0570E+04 3.02028206E-07 0.00000000E+00
2.0593E+04 2.80393234E-07 0.00000000E+00
2.0617E+04 2.88013020E-07 0.00000000E+00
2.0640E+04 3.05897444E-07 0.00000000E+00
2.0664E+04 2.90687292E-07 0.00000000E+00
2.0687E+04 2.78071524E-07 0.00000000E+00
2.0711E+04 2.97454111E-07 0.00000000E+00
2.0735E+04 3.01885750E-07 0.00000000E+00
2.0758E+04 2.80193392E-07 0.00000000E+00
2.0782E+04 2.83478493E-07 0.00000000E+00
2.0805E+04 3.03130631E-07 0.00000000E+00
2.0829E+04 2.91534099E-07 0.00000000E+00
2.0852E+04 2.75640027E-07 0.00000000E+00
2.0876E+04 2.92492746E-07 0.00000000E+00
2.0899E+04 3.00938270E-07 0.00000000E+00
2.0923E+04 2.79928855E-07 0.00000000E+00
2.0947E+04 2.78576548E-07 0.00000000E+00
2.0970E+04 2.98914959E-07 0.00000000E+00
2.0994E+04 2.91234040E-07 0.00000000E+00
2.1017E+04 2.72658349E-07 0.00000000E+00
2.1041E+04 2.86096684E-07 0.00000000E+00
2.1064E+04 2.97967937E-07 0.00000000E+00
2.1088E+04 2.78481945E-07 0.00000000E+00
2.1112E+04 2.72545615E-07 0.00000000E+00
2.1135E+04 2.92522807E-07 0.00000000E+00
2.1159E+04 2.88957500E-07 0.00000000E+00
2.1182E+04 2.68595447E-07 0.00000000E+00
2.1206E+04 2.78059823E-07 0.00000000E+00
2.1229E+04 2.92686479E-07 0.00000000E+00
2.1253E+04 2.75595773E-07 0.00000000E+00
2.1276E+04 2.65542253E-07 0.00000000E+00
2.1300E+04 2.84287956E-07 0.00000000E+00
2.1324E+04 2.84903245E-07 0.00000000E+00
2.1347E+04 2.63843007E-07 0.00000000E+00
2.1371E+04 2.69162157E-07 0.00000000E+00
2.1394E+04 2.85860919E-07 0.00000000E+00
2.1418E+04 2.71940216E-07 0.00000000E+00
2.1441E+04 2.58536740E-07 0.00000000E+00
2.1465E+04 2.75412803E-07 0.00000000E+00
2.1488E+04 2.80114973E-07 0.00000000E+00
2.1512E+04 2.59445670E-07 0.00000000E+00
2.1536E+04 2.60741167E-07 0.00000000E+00
2.1559E+04 2.78843592E-07 0.00000000E+00
2.1583E+04 2.68660861E-07 0.00000000E+00
2.1606E+04 2.52765594E-07 0.00000000E+00
2.1630E+04 2.67300278E-07 0.00000000E+00
2.1653E+04 2.75826016E-07 0.00000000E+00
2.1677E+04 2.56473994E-07 0.00000000E+00
2.1701E+04 2.53976588E-07 0.00000000E+00
2.1724E+04 2.72792890E-07 0.00000000E+00
2.1748E+04 2.66664024E-07 0.00000000E+00
2.1771E+04 2.49053307E-07 0.00000000E+00
2.1795E+04 2.60811101E-07 0.00000000E+00
2.1818E+04 2.72715611E-07 0.00000000E+00
2.1842E+04 2.55385844E-07 0.00000000E+00
2.1865E+04 2.49295110E-07 0.00000000E+00
2.1889E+04 2.68045691E-07 0.00000000E+00
2.1913E+04 2.66045554E-07 0.00000000E+00
2.1936E+04 2.47371444E-07 0.00000000E+00
2.1960E+04 2.55868839E-07 0.00000000E+00
2.1983E+04 2.70513264E-07 0.00000000E+00
2.2007E+04 2.55729602E-07 0.00000000E+00
2.2030E+04 2.46211238E-07 0.00000000E+00
2.2054E+04 2.63999624E-07 0.00000000E+00
2.2078E+04 2.65995291E-07 0.00000000E+00
2.2101E+04 2.46864965E-07 0.00000000E+00
2.2125E+04 2.51613175E-07 0.00000000E+00
2.2148E+04 2.68178627E-07 0.00000000E+00
2.2172E+04 2.56356191E-07 0.00000000E+00
2.2195E+04 2.43664593E-07 0.00000000E+00
2.2219E+04 2.59549608E-07 0.00000000E+00
2.2242E+04 2.65234391E-07 0.00000000E+00
2.2266E+04 2.46319303E-07 0.00000000E+00
2.2290E+04 2.46978932E-07 0.00000000E+00
2.2313E+04 2.64537478E-07 0.00000000E+00
2.2337E+04 2.56021893E-07 0.00000000E+00
2.2360E+04 2.40642359E-07 0.00000000E+00
2.2384E+04 2.53796270E-07 0.00000000E+00
2.2407E+04 2.62728174E-07 0.00000000E+00
2.2431E+04 2.44804811E-07 0.00000000E+00
2.2455E+04 2.41348427E-07 0.00000000E+00
2.2478E+04 2.58985579E-07 0.00000000E+00
2.2502E+04 2.54040783E-07 0.00000000E+00
2.2525E+04 2.36735644E-07 0.00000000E+00
2.2549E+04 2.46601947E-07 0.00000000E+00
2.2572E+04 2.58254888E-07 0.00000000E+00
2.2596E+04 2.42143886E-07 0.00000000E+00
2.2619E+04 2.34910504E-07 0.00000000E+00
2.2643E+04 2.51844946E-07 0.00000000E+00
2.2667E+04 2.50615357E-07 0.00000000E+00
2.2690E+04 2.32333374E-07 0.00000000E+00
2.2714E+04 2.38684586E-07 0.00000000E+00
2.2737E+04 2.52499872E-07 0.00000000E+00
2.2761E+04 2.38946758E-07 0.00000000E+00
2.2784E+04 2.28547082E-07 0.00000000E+00
2.2808E+04 2.44177851E-07 0.00000000E+00
2.2832E+04 2.46657312E-07 0.00000000E+00
2.2855E+04 2.28363102E-07 0.00000000E+00
2.2879E+04 2.31222331E-07 0.00000000E+00
2.2902E+04 2.46628940E-07 0.00000000E+00
2.2926E+04 2.36199652E-07 0.00000000E+00
2.2949E+04 2.23334937E-07 0.00000000E+00
2.2973E+04 2.37188208E-07 0.00000000E+00
2.2996E+04 2.43204637E-07 0.00000000E+00
2.3020E+04 2.25731176E-07 0.00000000E+00
2.3044E+04 2.25217080E-07 0.00000000E+00
2.3067E+04 2.41602293E-07 0.00000000E+00
2.3091E+04 2.34638448E-07 0.00000000E+00
2.3114E+04 2.19950382E-07 0.00000000E+00
2.3138E+04 2.31572501E-07 0.00000000E+00
2.3161E+04 2.40778027E-07 0.00000000E+00
2.3185E+04 2.24773394E-07 0.00000000E+00
2.3209E+04 2.20982752E-07 0.00000000E+00
2.3232E+04 2.37638377E-07 0.00000000E+00
2.3256E+04 2.34267113E-07 0.00000000E+00
2.3279E+04 2.18302928E-07 0.00000000E+00
2.3303E+04 2.27194084E-07 0.00000000E+00
2.3326E+04 2.39058392E-07 0.00000000E+00
2.3350E+04 2.25022634E-07 0.00000000E+00
2.3373E+04 2.18033838E-07 0.00000000E+00
2.3397E+04 2.34139315E-07 0.00000000E+00
2.3421E+04 2.34305365E-07 0.00000000E+00
2.3444E+04 2.17591524E-07 0.00000000E+00
2.3468E+04 2.23250413E-07 0.00000000E+00
2.3491E+04 2.37077521E-07 0.00000000E+00
2.3515E+04 2.25428810E-07 0.00000000E+00
2.3538E+04 2.15415492E-07 0.00000000E+00
2.3562E+04 2.30107044E-07 0.00000000E+00
2.3586E+04 2.33604334E-07 0.00000000E+00
2.3609E+04 2.16745633E-07 0.00000000E+00
2.3633E+04 2.18811449E-07 0.00000000E+00
2.3656E+04 2.33804376E-07 0.00000000E+00
2.3680E+04 2.24913187E-07 0.00000000E+00
2.3703E+04 2.12272884E-07 0.00000000E+00
2.3727E+04 2.24786264E-07 0.00000000E+00
2.3750E+04 2.31289883E-07 0.00000000E+00
2.3774E+04 2.15003952E-07 0.00000000E+00
2.3798E+04 2.13402231E-07 0.00000000E+00
2.3821E+04 2.28770215E-07 0.00000000E+00
2.3845E+04 2.22943348E-07 0.00000000E+00
2.3868E+04 2.08336231E-07 0.00000000E+00
2.3892E+04 2.18145939E-07 0.00000000E+00
2.3915E+04 2.27252054E-07 0.00000000E+00
2.3939E+04 2.12308604E-07 0.00000000E+00
2.3962E+04 2.07296617E-07 0.00000000E+00
2.3986E+04 2.22357347E-07 0.00000000E+00
2.4010E+04 2.19796031E-07 0.00000000E+00
2.4033E+04 2.04057524E-07 0.00000000E+00
2.4057E+04 2.10923946E-07 0.00000000E+00
2.4080E+04 2.22188770E-07 0.00000000E+00
2.4104E+04 2.09294722E-07 0.00000000E+00
2.4127E+04 2.01370895E-07 0.00000000E+00
2.4151E+04 2.15587089E-07 0.00000000E+00
2.4175E+04 2.16351789E-07 0.00000000E+00
2.4198E+04 2.00333333E-07 0.00000000E+00
2.4222E+04 2.04227429E-07 0.00000000E+00
2.4245E+04 2.17179752E-07 0.00000000E+00
2.4269E+04 2.06880263E-07 0.00000000E+00
2.4292E+04 1.96617763E-07 0.00000000E+00
2.4316E+04 2.09545277E-07 0.00000000E+00
2.4339E+04 2.13538265E-07 0.00000000E+00
2.4363E+04 1.97973277E-07 0.00000000E+00
2.4387E+04 1.98935564E-07 0.00000000E+00
2.4410E+04 2.13047795E-07 0.00000000E+00
2.4434E+04 2.05686308E-07 0.00000000E+00
2.4457E+04 1.93600192E-07 0.00000000E+00
2.4481E+04 2.04791432E-07 0.00000000E+00
2.4504E+04 2.11748094E-07 0.00000000E+00
2.4528E+04 1.97209058E-07 0.00000000E+00
2.4552E+04 1.95248273E-07 0.00000000E+00
2.4575E+04 2.09888526E-07 0.00000000E+00
2.4599E+04 2.05619803E-07 0.00000000E+00
2.4622E+04 1.92144523E-07 0.00000000E+00
2.4646E+04 2.01093204E-07 0.00000000E+00
2.4669E+04 2.10577749E-07 0.00000000E+00
2.4693E+04 1.97518046E-07 0.00000000E+00
2.4716E+04 1.92624820E-07 0.00000000E+00
2.4740E+04 2.07044738E-07 0.00000000E+00
2.4764E+04 2.05867532E-07 0.00000000E+00
2.4787E+04 1.91435508E-07 0.00000000E+00
2.4811E+04 1.97626132E-07 0.00000000E+00
2.4834E+04 2.09047855E-07 0.00000000E+00
2.4858E+04 1.97867945E-07 0.00000000E+00
2.4881E+04 1.90130659E-07 0.00000000E+00
2.4905E+04 2.03533232E-07 0.00000000E+00
2.4929E+04 2.05318721E-07 0.00000000E+00
2.4952E+04 1.90458801E-07 0.00000000E+00
2.4976E+04 1.93506318E-07 0.00000000E+00
2.4999E+04 2.06178539E-07 0.00000000E+00
2.5023E+04 1.97256665E-07 0.00000000E+00
2.5046E+04 1.86987699E-07 0.00000000E+00
2.5070E+04 1.98663082E-07 0.00000000E+00
2.5093E+04 2.03179794E-07 0.00000000E+00
2.5117E+04 1.88548962E-07 0.00000000E+00
2.5141E+04 1.88339336E-07 0.00000000E+00
2.5164E+04 2.01577034E-07 0.00000000E+00
2.5188E+04 1.95247726E-07 0.00000000E+00
2.5211E+04 1.83019573E-07 0.00000000E+00
2.5235E+04 1.92476163E-07 0.00000000E+00
2.5258E+04 1.99420755E-07 0.00000000E+00
2.5282E+04 1.85740663E-07 0.00000000E+00
2.5306E+04 1.82472710E-07 0.00000000E+00
2.5329E+04 1.95685339E-07 0.00000000E+00
2.5353E+04 1.92191586E-07 0.00000000E+00
2.5376E+04 1.78749022E-07 0.00000000E+00
2.5400E+04 1.85755601E-07 0.00000000E+00
2.5423E+04 1.94783783E-07 0.00000000E+00
2.5447E+04 1.82724316E-07 0.00000000E+00
2.5470E+04 1.76819391E-07 0.00000000E+00
2.5494E+04 1.89541883E-07 0.00000000E+00
2.5518E+04 1.88995720E-07 0.00000000E+00
2.5541E+04 1.75098588E-07 0.00000000E+00
2.5565E+04 1.79608733E-07 0.00000000E+00
2.5588E+04 1.90343641E-07 0.00000000E+00
2.5612E+04 1.80424536E-07 0.00000000E+00
2.5635E+04 1.72363652E-07 0.00000000E+00
2.5659E+04 1.84203696E-07 0.00000000E+00
2.5683E+04 1.86568073E-07 0.00000000E+00
2.5706E+04 1.72861572E-07 0.00000000E+00
2.5730E+04 1.74875620E-07 0.00000000E+00
2.5753E+04 1.86878757E-07 0.00000000E+00
2.5777E+04 1.79433152E-07 0.00000000E+00
2.5800E+04 1.69629589E-07 0.00000000E+00
2.5824E+04 1.80172595E-07 0.00000000E+00
2.5847E+04 1.85254973E-07 0.00000000E+00
2.5871E+04 1.72233213E-07 0.00000000E+00
2.5895E+04 1.71700716E-07 0.00000000E+00
2.5918E+04 1.84424827E-07 0.00000000E+00
2.5942E+04 1.79617759E-07 0.00000000E+00
2.5965E+04 1.68401125E-07 0.00000000E+00
2.5989E+04 1.77155520E-07 0.00000000E+00
2.6012E+04 1.84605259E-07 0.00000000E+00
2.6036E+04 1.72660794E-07 0.00000000E+00
2.6060E+04 1.69497639E-07 0.00000000E+00
2.6083E+04 1.82272251E-07 0.00000000E+00
2.6107E+04 1.80137344E-07 0.00000000E+00
2.6130E+04 1.67839566E-07 0.00000000E+00
2.6154E+04 1.74284715E-07 0.00000000E+00
2.6177E+04 1.83606334E-07 0.00000000E+00
2.6201E+04 1.73102850E-07 0.00000000E+00
2.6224E+04 1.67311269E-07 0.00000000E+00
2.6248E+04 1.79404321E-07 0.00000000E+00
2.6272E+04 1.79871066E-07 0.00000000E+00
2.6295E+04 1.66932423E-07 0.00000000E+00
2.6319E+04 1.70657190E-07 0.00000000E+00
2.6342E+04 1.81260977E-07 0.00000000E+00
2.6366E+04 1.72566357E-07 0.00000000E+00
2.6389E+04 1.64367413E-07 0.00000000E+00
2.6413E+04 1.75114746E-07 0.00000000E+00
2.6437E+04 1.78026367E-07 0.00000000E+00
2.6460E+04 1.65032951E-07 0.00000000E+00
2.6484E+04 1.65878978E-07 0.00000000E+00
2.6507E+04 1.77169166E-07 0.00000000E+00
2.6531E+04 1.70630878E-07 0.00000000E+00
2.6554E+04 1.60507956E-07 0.00000000E+00
2.6578E+04 1.69442750E-07 0.00000000E+00
2.6601E+04 1.74577533E-07 0.00000000E+00
2.6625E+04 1.62199402E-07 0.00000000E+00
2.6649E+04 1.60309567E-07 0.00000000E+00
2.6672E+04 1.71772021E-07 0.00000000E+00
2.6696E+04 1.67662570E-07 0.00000000E+00
2.6719E+04 1.56278720E-07 0.00000000E+00
2.6743E+04 1.63177721E-07 0.00000000E+00
2.6766E+04 1.70273342E-07 0.00000000E+00
2.6790E+04 1.59145247E-07 0.00000000E+00
2.6813E+04 1.54879793E-07 0.00000000E+00
2.6837E+04 1.66114173E-07 0.00000000E+00
2.6861E+04 1.64585680E-07 0.00000000E+00
2.6884E+04 1.52626765E-07 0.00000000E+00
2.6908E+04 1.57440354E-07 0.00000000E+00
2.6931E+04 1.66201409E-07 0.00000000E+00
2.6955E+04 1.56819997E-07 0.00000000E+00
2.6978E+04 1.50595441E-07 0.00000000E+00
2.7002E+04 1.61266561E-07 0.00000000E+00
2.7026E+04 1.62331097E-07 0.00000000E+00
2.7049E+04 1.50372851E-07 0.00000000E+00
2.7073E+04 1.53088644E-07 0.00000000E+00
2.7096E+04 1.63160579E-07 0.00000000E+00
2.7120E+04 1.55846395E-07 0.00000000E+00
2.7143E+04 1.48004801E-07 0.00000000E+00
2.7167E+04 1.57748590E-07 0.00000000E+00
2.7190E+04 1.61274735E-07 0.00000000E+00
2.7214E+04 1.49744232E-07 0.00000000E+00
2.7238E+04 1.50284915E-07 0.00000000E+00
2.7261E+04 1.61208155E-07 0.00000000E+00
2.7285E+04 1.56127575E-07 0.00000000E+00
2.7308E+04 1.46916538E-07 0.00000000E+00
2.7332E+04 1.55279493E-07 0.00000000E+00
2.7355E+04 1.60992716E-07 0.00000000E+00
2.7379E+04 1.50221037E-07 0.00000000E+00
2.7403E+04 1.48454169E-07 0.00000000E+00
2.7426E+04 1.59644103E-07 0.00000000E+00
2.7450E+04 1.56851721E-07 0.00000000E+00
2.7473E+04 1.46511358E-07 0.00000000E+00
2.7497E+04 1.52987887E-07 0.00000000E+00
2.7520E+04 1.60481017E-07 0.00000000E+00
2.7544E+04 1.50783926E-07 0.00000000E+00
2.7567E+04 1.46638856E-07 0.00000000E+00
2.7591E+04 1.57435486E-07 0.00000000E+00
2.7615E+04 1.56903561E-07 0.00000000E+00
2.7638E+04 1.45780922E-07 0.00000000E+00
2.7662E+04 1.49943965E-07 0.00000000E+00
2.7685E+04 1.58717648E-07 0.00000000E+00
2.7709E+04 1.50436525E-07 0.00000000E+00
2.7732E+04 1.44043075E-07 0.00000000E+00
2.7756E+04 1.53828890E-07 0.00000000E+00
2.7780E+04 1.55460288E-07 0.00000000E+00
2.7803E+04 1.44059164E-07 0.00000000E+00
2.7827E+04 1.45705462E-07 0.00000000E+00
2.7850E+04 1.55243973E-07 0.00000000E+00
2.7874E+04 1.48723582E-07 0.00000000E+00
2.7897E+04 1.40469617E-07 0.00000000E+00
2.7921E+04 1.48796312E-07 0.00000000E+00
2.7944E+04 1.52436231E-07 0.00000000E+00
2.7968E+04 1.41364853E-07 0.00000000E+00
2.7992E+04 1.40576028E-07 0.00000000E+00
2.8015E+04 1.50428721E-07 0.00000000E+00
2.8039E+04 1.45958463E-07 0.00000000E+00
2.8062E+04 1.36421622E-07 0.00000000E+00
2.8086E+04 1.43065096E-07 0.00000000E+00
2.8109E+04 1.48517873E-07 0.00000000E+00
2.8133E+04 1.38371502E-07 0.00000000E+00
2.8157E+04 1.35445956E-07 0.00000000E+00
2.8180E+04 1.45263454E-07 0.00000000E+00
2.8204E+04 1.43025207E-07 0.00000000E+00
2.8227E+04 1.32822600E-07 0.00000000E+00
2.8251E+04 1.37726945E-07 0.00000000E+00
2.8274E+04 1.44763296E-07 0.00000000E+00
2.8298E+04 1.36016459E-07 0.00000000E+00
2.8321E+04 1.31316931E-07 0.00000000E+00
2.8345E+04 1.40812563E-07 0.00000000E+00
2.8369E+04 1.40857474E-07 0.00000000E+00
2.8392E+04 1.30509145E-07 0.00000000E+00
2.8416E+04 1.33658480E-07 0.00000000E+00
2.8439E+04 1.41995232E-07 0.00000000E+00
2.8463E+04 1.34957698E-07 0.00000000E+00
2.8486E+04 1.28777118E-07 0.00000000E+00
2.8510E+04 1.37639394E-07 0.00000000E+00
2.8534E+04 1.39886414E-07 0.00000000E+00
2.8557E+04 1.29768391E-07 0.00000000E+00
2.8581E+04 1.31080573E-07 0.00000000E+00
2.8604E+04 1.40339622E-07 0.00000000E+00
2.8628E+04 1.35176975E-07 0.00000000E+00
2.8651E+04 1.27707343E-07 0.00000000E+00
2.8675E+04 1.35534755E-07 0.00000000E+00
2.8698E+04 1.39775037E-07 0.00000000E+00
2.8722E+04 1.30167234E-07 0.00000000E+00
2.8746E+04 1.29489916E-07 0.00000000E+00
2.8769E+04 1.39174531E-07 0.00000000E+00
2.8793E+04 1.35954439E-07 0.00000000E+00
2.8816E+04 1.27365094E-07 0.00000000E+00
2.8840E+04 1.33688337E-07 0.00000000E+00
2.8863E+04 1.39595099E-07 0.00000000E+00
2.8887E+04 1.30765431E-07 0.00000000E+00
2.8911E+04 1.27980048E-07 0.00000000E+00
2.8934E+04 1.37510644E-07 0.00000000E+00
2.8958E+04 1.36236370E-07 0.00000000E+00
2.8981E+04 1.26790111E-07 0.00000000E+00
2.9005E+04 1.31186451E-07 0.00000000E+00
2.9028E+04 1.38346200E-07 0.00000000E+00
2.9052E+04 1.30600412E-07 0.00000000E+00
2.9075E+04 1.25759288E-07 0.00000000E+00
2.9099E+04 1.34574197E-07 0.00000000E+00
2.9123E+04 1.35195911E-07 0.00000000E+00
2.9146E+04 1.25310952E-07 0.00000000E+00
2.9170E+04 1.27543867E-07 0.00000000E+00
2.9193E+04 1.35517878E-07 0.00000000E+00
2.9217E+04 1.29184557E-07 0.00000000E+00
2.9240E+04 1.22581132E-07 0.00000000E+00
2.9264E+04 1.30254368E-07 0.00000000E+00
2.9287E+04 1.32672914E-07 0.00000000E+00
2.9311E+04 1.22885647E-07 0.00000000E+00
2.9335E+04 1.22976252E-07 0.00000000E+00
2.9358E+04 1.31371921E-07 0.00000000E+00
2.9382E+04 1.26744344E-07 0.00000000E+00
2.9405E+04 1.18864699E-07 0.00000000E+00
2.9429E+04 1.25167162E-07 0.00000000E+00
2.9452E+04 1.29242346E-07 0.00000000E+00
2.9476E+04 1.20098980E-07 0.00000000E+00
2.9500E+04 1.18278400E-07 0.00000000E+00
2.9523E+04 1.26787096E-07 0.00000000E+00
2.9547E+04 1.24066266E-07 0.00000000E+00
2.9570E+04 1.15453928E-07 0.00000000E+00
2.9594E+04 1.20314845E-07 0.00000000E+00
2.9617E+04 1.25870618E-07 0.00000000E+00
2.9641E+04 1.17818877E-07 0.00000000E+00
2.9664E+04 1.14393259E-07 0.00000000E+00
2.9688E+04 1.22763850E-07 0.00000000E+00
2.9712E+04 1.22030661E-07 0.00000000E+00
2.9735E+04 1.13152718E-07 0.00000000E+00
2.9759E+04 1.16547652E-07 0.00000000E+00
2.9782E+04 1.23357722E-07 0.00000000E+00
2.9806E+04 1.16696398E-07 0.00000000E+00
2.9829E+04 1.11916582E-07 0.00000000E+00
2.9853E+04 1.19880343E-07 0.00000000E+00
2.9877E+04 1.21094075E-07 0.00000000E+00
2.9900E+04 1.12286068E-07 0.00000000E+00
2.9924E+04 1.14133739E-07 0.00000000E+00
2.9947E+04 1.21888383E-07 0.00000000E+00
2.9971E+04 1.16782581E-07 0.00000000E+00
2.9994E+04 1.10802805E-07 0.00000000E+00
3.0018E+04 1.18009893E-07 0.00000000E+00
3.0041E+04 1.21016172E-07 0.00000000E+00
3.0065E+04 1.12519863E-07 0.00000000E+00
3.0089E+04 1.12666191E-07 0.00000000E+00
3.0112E+04 1.20949377E-07 0.00000000E+00
3.0136E+04 1.17476666E-07 0.00000000E+00
3.0159E+04 1.10418305E-07 0.00000000E+00
3.0183E+04 1.16447332E-07 0.00000000E+00
3.0206E+04 1.20989345E-07 0.00000000E+00
3.0230E+04 1.13033316E-07 0.00000000E+00
3.0254E+04 1.11337302E-07 0.00000000E+00
3.0277E+04 1.19651563E-07 0.00000000E+00
3.0301E+04 1.17838566E-07 0.00000000E+00
3.0324E+04 1.09899150E-07 0.00000000E+00
3.0348E+04 1.14351769E-07 0.00000000E+00
3.0371E+04 1.20095211E-07 0.00000000E+00
3.0395E+04 1.12949632E-07 0.00000000E+00
3.0418E+04 1.09409700E-07 0.00000000E+00
3.0442E+04 1.17258500E-07 0.00000000E+00
3.0466E+04 1.17092819E-07 0.00000000E+00
3.0489E+04 1.08613734E-07 0.00000000E+00
3.0513E+04 1.11240551E-07 0.00000000E+00
3.0536E+04 1.17821764E-07 0.00000000E+00
3.0560E+04 1.11791594E-07 0.00000000E+00
3.0583E+04 1.06620569E-07 0.00000000E+00
3.0607E+04 1.13611346E-07 0.00000000E+00
3.0631E+04 1.15040245E-07 0.00000000E+00
3.0654E+04 1.06483900E-07 0.00000000E+00
3.0678E+04 1.07258135E-07 0.00000000E+00
3.0701E+04 1.14342661E-07 0.00000000E+00
3.0725E+04 1.09714194E-07 0.00000000E+00
3.0748E+04 1.03308514E-07 0.00000000E+00
3.0772E+04 1.09213064E-07 0.00000000E+00
3.0795E+04 1.12143889E-07 0.00000000E+00
3.0819E+04 1.03999002E-07 0.00000000E+00
3.0843E+04 1.03086252E-07 0.00000000E+00
3.0866E+04 1.10403560E-07 0.00000000E+00
3.0890E+04 1.07386363E-07 0.00000000E+00
3.0913E+04 1.00210478E-07 0.00000000E+00
3.0937E+04 1.04940508E-07 0.00000000E+00
3.0960E+04 1.09241843E-07 0.00000000E+00
3.0984E+04 1.01920774E-07 0.00000000E+00
3.1008E+04 9.95654403E-08 0.00000000E+00
3.1031E+04 1.06891501E-07 0.00000000E+00
3.1055E+04 1.05587000E-07 0.00000000E+00
3.1078E+04 9.80498944E-08 0.00000000E+00
3.1102E+04 1.01564232E-07 0.00000000E+00
3.1125E+04 1.07055143E-07 0.00000000E+00
3.1149E+04 1.00840769E-07 0.00000000E+00
3.1172E+04 9.72478105E-08 0.00000000E+00
3.1196E+04 1.04344240E-07 0.00000000E+00
3.1220E+04 1.04742845E-07 0.00000000E+00
3.1243E+04 9.71405864E-08 0.00000000E+00
3.1267E+04 9.93528407E-08 0.00000000E+00
3.1290E+04 1.05777746E-07 0.00000000E+00
3.1314E+04 1.00832967E-07 0.00000000E+00
3.1337E+04 9.61235211E-08 0.00000000E+00
3.1361E+04 1.02681821E-07 0.00000000E+00
3.1385E+04 1.04672906E-07 0.00000000E+00
3.1408E+04 9.72167597E-08 0.00000000E+00
3.1432E+04 9.79747390E-08 0.00000000E+00
3.1455E+04 1.04984935E-07 0.00000000E+00
3.1479E+04 1.01395510E-07 0.00000000E+00
3.1502E+04 9.56574497E-08 0.00000000E+00
3.1526E+04 1.01302709E-07 0.00000000E+00
3.1549E+04 1.04687631E-07 0.00000000E+00
3.1573E+04 9.75767185E-08 0.00000000E+00
3.1597E+04 9.67324612E-08 0.00000000E+00
3.1620E+04 1.03905304E-07 0.00000000E+00
3.1644E+04 1.01716690E-07 0.00000000E+00
3.1667E+04 9.51016770E-08 0.00000000E+00
3.1691E+04 9.94703619E-08 0.00000000E+00
3.1714E+04 1.03983977E-07 0.00000000E+00
3.1738E+04 9.74592777E-08 0.00000000E+00
3.1762E+04 9.49802053E-08 0.00000000E+00
3.1785E+04 1.01886452E-07 0.00000000E+00
3.1809E+04 1.01116284E-07 0.00000000E+00
3.1832E+04 9.39054946E-08 0.00000000E+00
3.1856E+04 9.67544930E-08 0.00000000E+00
3.1879E+04 1.02103126E-07 0.00000000E+00
3.1903E+04 9.64457720E-08 0.00000000E+00
3.1926E+04 9.24859548E-08 0.00000000E+00
3.1950E+04 9.87767004E-08 0.00000000E+00
3.1974E+04 9.94106848E-08 0.00000000E+00
3.1997E+04 9.20006551E-08 0.00000000E+00
3.2021E+04 9.32752870E-08 0.00000000E+00
3.2044E+04 9.91829741E-08 0.00000000E+00
3.2068E+04 9.46663319E-08 0.00000000E+00
3.2091E+04 8.95458902E-08 0.00000000E+00
3.2115E+04 9.50060666E-08 0.00000000E+00
3.2138E+04 9.69925564E-08 0.00000000E+00
3.2162E+04 8.98132851E-08 0.00000000E+00
3.2186E+04 8.96264717E-08 0.00000000E+00
3.2209E+04 9.58630936E-08 0.00000000E+00
3.2233E+04 9.26967066E-08 0.00000000E+00
3.2256E+04 8.68035369E-08 0.00000000E+00
3.2280E+04 9.13343890E-08 0.00000000E+00
3.2303E+04 9.45810972E-08 0.00000000E+00
3.2327E+04 8.80026399E-08 0.00000000E+00
3.2351E+04 8.65395471E-08 0.00000000E+00
3.2374E+04 9.29072707E-08 0.00000000E+00
3.2398E+04 9.12043688E-08 0.00000000E+00
3.2421E+04 8.48847607E-08 0.00000000E+00
3.2445E+04 8.84268819E-08 0.00000000E+00
3.2468E+04 9.27912181E-08 0.00000000E+00
3.2492E+04 8.70728478E-08 0.00000000E+00
3.2515E+04 8.44881592E-08 0.00000000E+00
3.2539E+04 9.07718284E-08 0.00000000E+00
3.2563E+04 9.05454460E-08 0.00000000E+00
3.2586E+04 8.40509583E-08 0.00000000E+00
3.2610E+04 8.65056082E-08 0.00000000E+00
3.2633E+04 9.17754607E-08 0.00000000E+00
3.2657E+04 8.70724467E-08 0.00000000E+00
3.2680E+04 8.34503228E-08 0.00000000E+00
3.2704E+04 8.93713821E-08 0.00000000E+00
3.2728E+04 9.05451527E-08 0.00000000E+00
3.2751E+04 8.40561697E-08 0.00000000E+00
3.2775E+04 8.52672944E-08 0.00000000E+00
3.2798E+04 9.11476247E-08 0.00000000E+00
3.2822E+04 8.75504894E-08 0.00000000E+00
3.2845E+04 8.29483850E-08 0.00000000E+00
3.2869E+04 8.81687244E-08 0.00000000E+00
3.2892E+04 9.05909358E-08 0.00000000E+00
3.2916E+04 8.42820023E-08 0.00000000E+00
3.2940E+04 8.40973307E-08 0.00000000E+00
3.2963E+04 9.02276355E-08 0.00000000E+00
3.2987E+04 8.77970158E-08 0.00000000E+00
3.3010E+04 8.23322241E-08 0.00000000E+00
3.3034E+04 8.65217129E-08 0.00000000E+00
3.3057E+04 8.99846777E-08 0.00000000E+00
3.3081E+04 8.40743640E-08 0.00000000E+00
3.3105E+04 8.24436220E-08 0.00000000E+00
3.3128E+04 8.84555065E-08 0.00000000E+00
3.3152E+04 8.72335656E-08 0.00000000E+00
3.3175E+04 8.11430293E-08 0.00000000E+00
3.3199E+04 8.40745524E-08 0.00000000E+00
3.3222E+04 8.83456035E-08 0.00000000E+00
3.3246E+04 8.30955361E-08 0.00000000E+00
3.3269E+04 8.01342198E-08 0.00000000E+00
3.3293E+04 8.57253516E-08 0.00000000E+00
3.3317E+04 8.57294038E-08 0.00000000E+00
3.3340E+04 7.93578234E-08 0.00000000E+00
3.3364E+04 8.09667064E-08 0.00000000E+00
3.3387E+04 8.58249358E-08 0.00000000E+00
3.3411E+04 8.14950904E-08 0.00000000E+00
3.3434E+04 7.74666183E-08 0.00000000E+00
3.3458E+04 8.24456834E-08 0.00000000E+00
3.3482E+04 8.36588390E-08 0.00000000E+00
3.3505E+04 7.73847047E-08 0.00000000E+00
3.3529E+04 7.77500223E-08 0.00000000E+00
3.3552E+04 8.30076149E-08 0.00000000E+00
3.3576E+04 7.98027986E-08 0.00000000E+00
3.3599E+04 7.50309034E-08 0.00000000E+00
3.3623E+04 7.93010775E-08 0.00000000E+00
3.3646E+04 8.16655773E-08 0.00000000E+00
3.3670E+04 7.58160538E-08 0.00000000E+00
3.3694E+04 7.50762299E-08 0.00000000E+00
3.3717E+04 8.05650136E-08 0.00000000E+00
3.3741E+04 7.86033255E-08 0.00000000E+00
3.3764E+04 7.33745409E-08 0.00000000E+00
3.3788E+04 7.68657304E-08 0.00000000E+00
3.3811E+04 8.02732699E-08 0.00000000E+00
3.3835E+04 7.50782464E-08 0.00000000E+00
3.3859E+04 7.33408990E-08 0.00000000E+00
3.3882E+04 7.88691015E-08 0.00000000E+00
3.3906E+04 7.81785769E-08 0.00000000E+00
3.3929E+04 7.26962850E-08 0.00000000E+00
3.3953E+04 7.52971078E-08 0.00000000E+00
3.3976E+04 7.95730380E-08 0.00000000E+00
3.4000E+04 7.51729861E-08 0.00000000E+00
3.4023E+04 7.24820331E-08 0.00000000E+00
3.4047E+04 7.77953901E-08 0.00000000E+00
3.4071E+04 7.83257197E-08 0.00000000E+00
3.4094E+04 7.27345785E-08 0.00000000E+00
3.4118E+04 7.42794766E-08 0.00000000E+00
3.4141E+04 7.91728078E-08 0.00000000E+00
3.4165E+04 7.56569315E-08 0.00000000E+00
3.4188E+04 7.20359257E-08 0.00000000E+00
3.4212E+04 7.68235707E-08 0.00000000E+00
3.4236E+04 7.84604433E-08 0.00000000E+00
3.4259E+04 7.29087280E-08 0.00000000E+00
3.4283E+04 7.32363746E-08 0.00000000E+00
3.4306E+04 7.84365319E-08 0.00000000E+00
3.4330E+04 7.58757692E-08 0.00000000E+00
3.4353E+04 7.14094532E-08 0.00000000E+00
3.4377E+04 7.53665917E-08 0.00000000E+00
3.4400E+04 7.79488327E-08 0.00000000E+00
3.4424E+04 7.26350249E-08 0.00000000E+00
3.4448E+04 7.16795910E-08 0.00000000E+00
3.4471E+04 7.68680365E-08 0.00000000E+00
3.4495E+04 7.53241287E-08 0.00000000E+00
3.4518E+04 7.02138590E-08 0.00000000E+00
3.4542E+04 7.31285101E-08 0.00000000E+00
3.4565E+04 7.64737600E-08 0.00000000E+00
3.4589E+04 7.16440397E-08 0.00000000E+00
3.4612E+04 6.94935649E-08 0.00000000E+00
3.4636E+04 7.44094368E-08 0.00000000E+00
3.4660E+04 7.39255052E-08 0.00000000E+00
3.4683E+04 6.84767314E-08 0.00000000E+00
3.4707E+04 7.02830450E-08 0.00000000E+00
3.4730E+04 7.42179156E-08 0.00000000E+00
3.4754E+04 7.01215052E-08 0.00000000E+00
3.4777E+04 6.69998397E-08 0.00000000E+00
3.4801E+04 7.14789105E-08 0.00000000E+00
3.4825E+04 7.20667958E-08 0.00000000E+00
3.4848E+04 6.66179678E-08 0.00000000E+00
3.4872E+04 6.73771793E-08 0.00000000E+00
3.4895E+04 7.17539350E-08 0.00000000E+00
3.4919E+04 6.85902496E-08 0.00000000E+00
3.4942E+04 6.47739920E-08 0.00000000E+00
3.4966E+04 6.87315046E-08 0.00000000E+00
3.4989E+04 7.03629948E-08 0.00000000E+00
3.5013E+04 6.52046078E-08 0.00000000E+00
3.5037E+04 6.50254433E-08 0.00000000E+00
3.5060E+04 6.97080681E-08 0.00000000E+00
3.5084E+04 6.75961789E-08 0.00000000E+00
3.5107E+04 6.33233474E-08 0.00000000E+00
3.5131E+04 6.66902989E-08 0.00000000E+00
3.5154E+04 6.92878308E-08 0.00000000E+00
3.5178E+04 6.46201383E-08 0.00000000E+00
3.5202E+04 6.35750211E-08 0.00000000E+00
3.5225E+04 6.83989617E-08 0.00000000E+00
3.5249E+04 6.73759282E-08 0.00000000E+00
3.5272E+04 6.28049385E-08 0.00000000E+00
3.5296E+04 6.54651114E-08 0.00000000E+00
3.5319E+04 6.88882181E-08 0.00000000E+00
3.5343E+04 6.48318294E-08 0.00000000E+00
3.5366E+04 6.29283940E-08 0.00000000E+00
3.5390E+04 6.76647764E-08 0.00000000E+00
3.5414E+04 6.76993396E-08 0.00000000E+00
3.5437E+04 6.29362103E-08 0.00000000E+00
3.5461E+04 6.47157310E-08 0.00000000E+00
3.5484E+04 6.87524816E-08 0.00000000E+00
3.5508E+04 6.53883436E-08 0.00000000E+00
3.5531E+04 6.26142250E-08 0.00000000E+00
3.5555E+04 6.69757297E-08 0.00000000E+00
3.5579E+04 6.79831983E-08 0.00000000E+00
3.5602E+04 6.31451628E-08 0.00000000E+00
3.5626E+04 6.38700002E-08 0.00000000E+00
3.5649E+04 6.82518545E-08 0.00000000E+00
3.5673E+04 6.56546307E-08 0.00000000E+00
3.5696E+04 6.20589590E-08 0.00000000E+00
3.5720E+04 6.57590706E-08 0.00000000E+00
3.5743E+04 6.76159511E-08 0.00000000E+00
3.5767E+04 6.28785125E-08 0.00000000E+00
3.5791E+04 6.24637182E-08 0.00000000E+00
3.5814E+04 6.69120900E-08 0.00000000E+00
3.5838E+04 6.51574348E-08 0.00000000E+00
3.5861E+04 6.09065378E-08 0.00000000E+00
3.5885E+04 6.37422714E-08 0.00000000E+00
3.5908E+04 6.63068126E-08 0.00000000E+00
3.5932E+04 6.19009132E-08 0.00000000E+00
3.5956E+04 6.04085769E-08 0.00000000E+00
3.5979E+04 6.46952369E-08 0.00000000E+00
3.6003E+04 6.38467175E-08 0.00000000E+00
3.6026E+04 5.92127094E-08 0.00000000E+00
3.6050E+04 6.11165173E-08 0.00000000E+00
3.6073E+04 6.42537165E-08 0.00000000E+00
3.6097E+04 6.04198122E-08 0.00000000E+00
3.6120E+04 5.80429027E-08 0.00000000E+00
3.6144E+04 6.20267274E-08 0.00000000E+00
3.6168E+04 6.21193927E-08 0.00000000E+00
3.6191E+04 5.74101578E-08 0.00000000E+00
3.6215E+04 5.84328107E-08 0.00000000E+00
3.6238E+04 6.20287396E-08 0.00000000E+00
3.6262E+04 5.89622728E-08 0.00000000E+00
3.6285E+04 5.59442050E-08 0.00000000E+00
3.6309E+04 5.95555320E-08 0.00000000E+00
3.6333E+04 6.05853928E-08 0.00000000E+00
3.6356E+04 5.60639160E-08 0.00000000E+00
3.6380E+04 5.62980588E-08 0.00000000E+00
3.6403E+04 6.02470913E-08 0.00000000E+00
3.6427E+04 5.80672162E-08 0.00000000E+00
3.6450E+04 5.46119549E-08 0.00000000E+00
3.6474E+04 5.77918136E-08 0.00000000E+00
3.6497E+04 5.97076766E-08 0.00000000E+00
3.6521E+04 5.55497983E-08 0.00000000E+00
3.6545E+04 5.50477342E-08 0.00000000E+00
3.6568E+04 5.92148787E-08 0.00000000E+00
3.6592E+04 5.79640936E-08 0.00000000E+00
3.6615E+04 5.41951834E-08 0.00000000E+00
3.6639E+04 5.68334088E-08 0.00000000E+00
3.6662E+04 5.95258300E-08 0.00000000E+00
3.6686E+04 5.58320465E-08 0.00000000E+00
3.6710E+04 5.45764223E-08 0.00000000E+00
3.6733E+04 5.87621482E-08 0.00000000E+00
3.6757E+04 5.84227046E-08 0.00000000E+00
3.6780E+04 5.44108356E-08 0.00000000E+00
3.6804E+04 5.63334424E-08 0.00000000E+00
3.6827E+04 5.96268977E-08 0.00000000E+00
3.6851E+04 5.64651669E-08 0.00000000E+00
3.6874E+04 5.44124000E-08 0.00000000E+00
3.6898E+04 5.83552675E-08 0.00000000E+00
3.6922E+04 5.88656482E-08 0.00000000E+00
3.6945E+04 5.46945709E-08 0.00000000E+00
3.6969E+04 5.57176807E-08 0.00000000E+00
3.6992E+04 5.93821400E-08 0.00000000E+00
3.7016E+04 5.68241046E-08 0.00000000E+00
3.7039E+04 5.39867456E-08 0.00000000E+00
3.7063E+04 5.74171925E-08 0.00000000E+00
3.7087E+04 5.86847684E-08 0.00000000E+00
3.7110E+04 5.45021946E-08 0.00000000E+00
3.7134E+04 5.45199931E-08 0.00000000E+00
3.7157E+04 5.83113004E-08 0.00000000E+00
3.7181E+04 5.64399583E-08 0.00000000E+00
3.7204E+04 5.29464180E-08 0.00000000E+00
3.7228E+04 5.56659859E-08 0.00000000E+00
3.7251E+04 5.75822945E-08 0.00000000E+00
3.7275E+04 5.36001450E-08 0.00000000E+00
3.7299E+04 5.26460278E-08 0.00000000E+00
3.7322E+04 5.63613102E-08 0.00000000E+00
3.7346E+04 5.52550625E-08 0.00000000E+00
3.7369E+04 5.13434050E-08 0.00000000E+00
3.7393E+04 5.32782633E-08 0.00000000E+00
3.7416E+04 5.57387900E-08 0.00000000E+00
3.7440E+04 5.21875249E-08 0.00000000E+00
3.7463E+04 5.04241072E-08 0.00000000E+00
3.7487E+04 5.39383971E-08 0.00000000E+00
3.7511E+04 5.36504309E-08 0.00000000E+00
3.7534E+04 4.96015079E-08 0.00000000E+00
3.7558E+04 5.07911911E-08 0.00000000E+00
3.7581E+04 5.37081859E-08 0.00000000E+00
3.7605E+04 5.07798854E-08 0.00000000E+00
3.7628E+04 4.84236040E-08 0.00000000E+00
3.7652E+04 5.16787914E-08 0.00000000E+00
3.7676E+04 5.22242536E-08 0.00000000E+00
3.7699E+04 4.82804313E-08 0.00000000E+00
3.7723E+04 4.88070269E-08 0.00000000E+00
3.7746E+04 5.20996428E-08 0.00000000E+00
3.7770E+04 4.99140505E-08 0.00000000E+00
3.7793E+04 4.71458404E-08 0.00000000E+00
3.7817E+04 5.00950868E-08 0.00000000E+00
3.7840E+04 5.14441142E-08 0.00000000E+00
3.7864E+04 4.77640147E-08 0.00000000E+00
3.7888E+04 4.76709169E-08 0.00000000E+00
3.7911E+04 5.12317526E-08 0.00000000E+00
3.7935E+04 4.98354698E-08 0.00000000E+00
3.7958E+04 4.67561959E-08 0.00000000E+00
3.7982E+04 4.93029420E-08 0.00000000E+00
3.8005E+04 5.13727820E-08 0.00000000E+00
3.8029E+04 4.80409584E-08 0.00000000E+00
3.8053E+04 4.72991558E-08 0.00000000E+00
3.8076E+04 5.09599696E-08 0.00000000E+00
3.8100E+04 5.03450621E-08 0.00000000E+00
3.8123E+04 4.69990771E-08 0.00000000E+00
3.8147E+04 4.89794187E-08 0.00000000E+00
3.8170E+04 5.16279766E-08 0.00000000E+00
3.8194E+04 4.86988439E-08 0.00000000E+00
3.8217E+04 4.72443603E-08 0.00000000E+00
3.8241E+04 5.07738972E-08 0.00000000E+00
3.8265E+04 5.08967697E-08 0.00000000E+00
3.8288E+04 4.73375024E-08 0.00000000E+00
3.8312E+04 4.85665030E-08 0.00000000E+00
3.8335E+04 5.16005460E-08 0.00000000E+00
3.8359E+04 4.91381649E-08 0.00000000E+00
3.8382E+04 4.69521811E-08 0.00000000E+00
3.8406E+04 5.01017220E-08 0.00000000E+00
3.8430E+04 5.08950731E-08 0.00000000E+00
3.8453E+04 4.72402069E-08 0.00000000E+00
3.8477E+04 4.75955288E-08 0.00000000E+00
3.8500E+04 5.08037630E-08 0.00000000E+00
3.8524E+04 4.88921928E-08 0.00000000E+00
3.8547E+04 4.60648592E-08 0.00000000E+00
3.8571E+04 4.86414687E-08 0.00000000E+00
3.8594E+04 5.00248955E-08 0.00000000E+00
3.8618E+04 4.64625328E-08 0.00000000E+00
3.8642E+04 4.59484879E-08 0.00000000E+00
3.8665E+04 4.91504256E-08 0.00000000E+00
3.8689E+04 4.78769755E-08 0.00000000E+00
3.8712E+04 4.46093397E-08 0.00000000E+00
3.8736E+04 4.65304851E-08 0.00000000E+00
3.8759E+04 4.84245897E-08 0.00000000E+00
3.8783E+04 4.51710041E-08 0.00000000E+00
3.8807E+04 4.39173799E-08 0.00000000E+00
3.8830E+04 4.69991953E-08 0.00000000E+00
3.8854E+04 4.64302644E-08 0.00000000E+00
3.8877E+04 4.29743490E-08 0.00000000E+00
3.8901E+04 4.42645667E-08 0.00000000E+00
3.8924E+04 4.66016086E-08 0.00000000E+00
3.8948E+04 4.38435340E-08 0.00000000E+00
3.8971E+04 4.20391725E-08 0.00000000E+00
3.8995E+04 4.49485299E-08 0.00000000E+00
3.9019E+04 4.51138671E-08 0.00000000E+00
3.9042E+04 4.16931322E-08 0.00000000E+00
3.9066E+04 4.24224667E-08 0.00000000E+00
3.9089E+04 4.51397243E-08 0.00000000E+00
3.9113E+04 4.29972085E-08 0.00000000E+00
3.9136E+04 4.08040585E-08 0.00000000E+00
3.9160E+04 4.35025371E-08 0.00000000E+00
3.9184E+04 4.43887184E-08 0.00000000E+00
3.9207E+04 4.11494482E-08 0.00000000E+00
3.9231E+04 4.13561122E-08 0.00000000E+00
3.9254E+04 4.43682410E-08 0.00000000E+00
3.9278E+04 4.28916280E-08 0.00000000E+00
3.9301E+04 4.03964980E-08 0.00000000E+00
3.9325E+04 4.28021819E-08 0.00000000E+00
3.9348E+04 4.43479633E-08 0.00000000E+00
3.9372E+04 4.13642406E-08 0.00000000E+00
3.9396E+04 4.10167821E-08 0.00000000E+00
3.9419E+04 4.41844520E-08 0.00000000E+00
3.9443E+04 4.33736017E-08 0.00000000E+00
3.9466E+04 4.06047530E-08 0.00000000E+00
3.9490E+04 4.25702940E-08 0.00000000E+00
3.9513E+04 4.46625483E-08 0.00000000E+00
3.9537E+04 4.19782593E-08 0.00000000E+00
3.9561E+04 4.10042257E-08 0.00000000E+00
3.9584E+04 4.41281822E-08 0.00000000E+00
3.9608E+04 4.39534902E-08 0.00000000E+00
3.9631E+04 4.09418575E-08 0.00000000E+00
3.9655E+04 4.22910885E-08 0.00000000E+00
3.9678E+04 4.47708533E-08 0.00000000E+00
3.9702E+04 4.24414772E-08 0.00000000E+00
3.9725E+04 4.08009525E-08 0.00000000E+00
3.9749E+04 4.36583410E-08 0.00000000E+00
3.9773E+04 4.40731162E-08 0.00000000E+00
3.9796E+04 4.09091070E-08 0.00000000E+00
3.9820E+04 4.15124481E-08 0.00000000E+00
3.9843E+04 4.42009486E-08 0.00000000E+00
3.9867E+04 4.23073489E-08 0.00000000E+00
3.9890E+04 4.00575068E-08 0.00000000E+00
3.9914E+04 4.24663257E-08 0.00000000E+00
3.9937E+04 4.34140739E-08 0.00000000E+00
3.9961E+04 4.02598370E-08 0.00000000E+00
3.9985E+04 4.00977642E-08 0.00000000E+00
