0.0000E+00 0.00000000E+00 0.00000000E+00
2.3562E+01 0.00000000E+00 0.00000000E+00
4.7124E+01 0.00000000E+00 0.00000000E+00
7.0686E+01 0.00000000E+00 0.00000000E+00
9.4248E+01 0.00000000E+00 0.00000000E+00
1.1781E+02 0.00000000E+00 0.00000000E+00
1.4137E+02 0.00000000E+00 0.00000000E+00
1.6493E+02 0.00000000E+00 0.00000000E+00
1.8850E+02 0.00000000E+00 0.00000000E+00
2.1206E+02 0.00000000E+00 0.00000000E+00
2.3562E+02 0.00000000E+00 0.00000000E+00
2.5918E+02 1.78214585E-273 0.00000000E+00
2.8274E+02 2.16388776E-220 0.00000000E+00
3.0631E+02 1.13489924E-177 0.00000000E+00
3.2987E+02 2.78867864E-142 0.00000000E+00
3.5343E+02 1.24070837E-112 0.00000000E+00
3.7699E+02 8.73655664E-88 0.00000000E+00
4.0055E+02 3.71218287E-67 0.00000000E+00
4.2412E+02 2.03624441E-50 0.00000000E+00
4.4768E+02 1.65370137E-37 0.00000000E+00
4.7124E+02 2.71637331E-30 0.00000000E+00
4.9480E+02 1.44536621E-21 0.00000000E+00
5.1836E+02 2.97514356E-19 0.00000000E+00
5.4192E+02 6.36223427E-19 0.00000000E+00
5.6549E+02 9.02552966E-19 0.00000000E+00
5.8905E+02 1.38672625E-18 0.00000000E+00
6.1261E+02 2.53644536E-18 0.00000000E+00
6.3617E+02 3.67669442E-18 0.00000000E+00
6.5973E+02 5.41074671E-18 0.00000000E+00
6.8330E+02 1.02655469E-17 0.00000000E+00
7.0686E+02 1.71005011E-17 0.00000000E+00
7.3042E+02 2.29670827E-17 0.00000000E+00
7.5398E+02 3.45459874E-17 0.00000000E+00
7.7754E+02 5.89126461E-17 0.00000000E+00
8.0111E+02 8.39692970E-17 0.00000000E+00
8.2467E+02 1.07316799E-16 0.00000000E+00
8.4823E+02 1.64630296E-16 0.00000000E+00
8.7179E+02 2.56632131E-16 0.00000000E+00
8.9535E+02 3.33520293E-16 0.00000000E+00
9.1892E+02 4.36493743E-16 0.00000000E+00
9.4248E+02 6.88601024E-16 0.00000000E+00
9.6604E+02 1.00064280E-15 0.00000000E+00
9.8960E+02 1.23590122E-15 0.00000000E+00
1.0132E+03 1.70981577E-15 0.00000000E+00
1.0367E+03 2.65390674E-15 0.00000000E+00
1.0603E+03 3.52914217E-15 0.00000000E+00
1.0838E+03 4.34364138E-15 0.00000000E+00
1.1074E+03 6.37869998E-15 0.00000000E+00
1.1310E+03 9.44303854E-15 0.00000000E+00
1.1545E+03 1.17420048E-14 0.00000000E+00
1.1781E+03 1.50629381E-14 0.00000000E+00
1.2017E+03 2.27911978E-14 0.00000000E+00
1.2252E+03 3.13645743E-14 0.00000000E+00
1.2488E+03 3.77103830E-14 0.00000000E+00
1.2723E+03 5.15650764E-14 0.00000000E+00
1.2959E+03 7.68510682E-14 0.00000000E+00
1.3195E+03 9.79758191E-14 0.00000000E+00
1.3430E+03 1.19048600E-13 0.00000000E+00
1.3666E+03 1.71511253E-13 0.00000000E+00
1.3902E+03 2.42317575E-13 0.00000000E+00
1.4137E+03 2.91739902E-13 0.00000000E+00
1.4373E+03 3.71428599E-13 0.00000000E+00
1.4608E+03 5.43971682E-13 0.00000000E+00
1.4844E+03 7.14757442E-13 0.00000000E+00
1.5080E+03 8.42157891E-13 0.00000000E+00
1.5315E+03 1.13640080E-12 0.00000000E+00
1.5551E+03 1.62170062E-12 0.00000000E+00
1.5787E+03 1.98735062E-12 0.00000000E+00
1.6022E+03 2.38623916E-12 0.00000000E+00
1.6258E+03 3.35302486E-12 0.00000000E+00
1.6493E+03 4.51881515E-12 0.00000000E+00
1.6729E+03 5.28417918E-12 0.00000000E+00
1.6965E+03 6.65417895E-12 0.00000000E+00
1.7200E+03 9.39031527E-12 0.00000000E+00
1.7436E+03 1.18030667E-11 0.00000000E+00
1.7671E+03 1.36501031E-11 0.00000000E+00
1.7907E+03 1.80951008E-11 0.00000000E+00
1.8143E+03 2.47002961E-11 0.00000000E+00
1.8378E+03 2.91863429E-11 0.00000000E+00
1.8614E+03 3.46165390E-11 0.00000000E+00
1.8850E+03 4.72696514E-11 0.00000000E+00
1.9085E+03 6.08572637E-11 0.00000000E+00
1.9321E+03 6.93279986E-11 0.00000000E+00
1.9556E+03 8.61642143E-11 0.00000000E+00
1.9792E+03 1.17000790E-10 0.00000000E+00
2.0028E+03 1.41095281E-10 0.00000000E+00
2.0263E+03 1.60440794E-10 0.00000000E+00
2.0499E+03 2.08359123E-10 0.00000000E+00
2.0735E+03 2.72206450E-10 0.00000000E+00
2.0970E+03 3.11153472E-10 0.00000000E+00
2.1206E+03 3.64454825E-10 0.00000000E+00
2.1441E+03 4.82594692E-10 0.00000000E+00
2.1677E+03 5.94752115E-10 0.00000000E+00
2.1913E+03 6.61842916E-10 0.00000000E+00
2.2148E+03 8.10339928E-10 0.00000000E+00
2.2384E+03 1.05807657E-09 0.00000000E+00
2.2619E+03 1.22766748E-09 0.00000000E+00
2.2855E+03 1.37431982E-09 0.00000000E+00
2.3091E+03 1.74437733E-09 0.00000000E+00
2.3326E+03 2.18298907E-09 0.00000000E+00
2.3562E+03 2.42099103E-09 0.00000000E+00
2.3798E+03 2.79900673E-09 0.00000000E+00
2.4033E+03 3.58843799E-09 0.00000000E+00
2.4269E+03 4.24199651E-09 0.00000000E+00
2.4504E+03 4.62139244E-09 0.00000000E+00
2.4740E+03 5.56467511E-09 0.00000000E+00
2.4976E+03 6.98568672E-09 0.00000000E+00
2.5211E+03 7.81913687E-09 0.00000000E+00
2.5447E+03 8.62496887E-09 0.00000000E+00
2.5683E+03 1.06809023E-08 0.00000000E+00
2.5918E+03 1.28190428E-08 0.00000000E+00
2.6154E+03 1.38290995E-08 0.00000000E+00
2.6389E+03 1.57740556E-08 0.00000000E+00
2.6625E+03 1.95636047E-08 0.00000000E+00
2.6861E+03 2.22298916E-08 0.00000000E+00
2.7096E+03 2.37557816E-08 0.00000000E+00
2.7332E+03 2.80985637E-08 0.00000000E+00
2.7567E+03 3.39277635E-08 0.00000000E+00
2.7803E+03 3.67276633E-08 0.00000000E+00
2.8039E+03 3.99553605E-08 0.00000000E+00
2.8274E+03 4.82303986E-08 0.00000000E+00
2.8510E+03 5.55970935E-08 0.00000000E+00
2.8746E+03 5.84883790E-08 0.00000000E+00
2.8981E+03 6.58177295E-08 0.00000000E+00
2.9217E+03 7.89648902E-08 0.00000000E+00
2.9452E+03 8.64386756E-08 0.00000000E+00
2.9688E+03 9.07911967E-08 0.00000000E+00
2.9924E+03 1.05449116E-07 0.00000000E+00
3.0159E+03 1.22586338E-07 0.00000000E+00
3.0395E+03 1.28677554E-07 0.00000000E+00
3.0631E+03 1.38239915E-07 0.00000000E+00
3.0866E+03 1.62653775E-07 0.00000000E+00
3.1102E+03 1.80417887E-07 0.00000000E+00
3.1337E+03 1.85588910E-07 0.00000000E+00
3.1573E+03 2.06188381E-07 0.00000000E+00
3.1809E+03 2.39476346E-07 0.00000000E+00
3.2044E+03 2.53171169E-07 0.00000000E+00
3.2280E+03 2.62026696E-07 0.00000000E+00
3.2515E+03 2.99007985E-07 0.00000000E+00
3.2751E+03 3.35196331E-07 0.00000000E+00
3.2987E+03 3.42222896E-07 0.00000000E+00
3.3222E+03 3.63840776E-07 0.00000000E+00
3.3458E+03 4.17662051E-07 0.00000000E+00
3.3694E+03 4.46854621E-07 0.00000000E+00
3.3929E+03 4.51011304E-07 0.00000000E+00
3.4165E+03 4.95560590E-07 0.00000000E+00
3.4400E+03 5.58056402E-07 0.00000000E+00
3.4636E+03 5.71624636E-07 0.00000000E+00
3.4872E+03 5.85027804E-07 0.00000000E+00
3.5107E+03 6.56973033E-07 0.00000000E+00
3.5343E+03 7.11884395E-07 0.00000000E+00
3.5579E+03 7.09822242E-07 0.00000000E+00
3.5814E+03 7.49286801E-07 0.00000000E+00
3.6050E+03 8.40684020E-07 0.00000000E+00
3.6285E+03 8.70485416E-07 0.00000000E+00
3.6521E+03 8.66188928E-07 0.00000000E+00
3.6757E+03 9.43901892E-07 0.00000000E+00
3.6992E+03 1.03309352E-06 0.00000000E+00
3.7228E+03 1.03000807E-06 0.00000000E+00
3.7463E+03 1.04755631E-06 0.00000000E+00
3.7699E+03 1.16042890E-06 0.00000000E+00
3.7935E+03 1.21958447E-06 0.00000000E+00
3.8170E+03 1.19450572E-06 0.00000000E+00
3.8406E+03 1.25731472E-06 0.00000000E+00
3.8642E+03 1.38219708E-06 0.00000000E+00
3.8877E+03 1.39180504E-06 0.00000000E+00
3.9113E+03 1.37412432E-06 0.00000000E+00
3.9348E+03 1.48983841E-06 0.00000000E+00
3.9584E+03 1.58994422E-06 0.00000000E+00
3.9820E+03 1.55276170E-06 0.00000000E+00
4.0055E+03 1.57843113E-06 0.00000000E+00
4.0291E+03 1.72898968E-06 0.00000000E+00
4.0527E+03 1.77059368E-06 0.00000000E+00
4.0762E+03 1.71594774E-06 0.00000000E+00
4.0998E+03 1.80839661E-06 0.00000000E+00
4.1233E+03 1.95288079E-06 0.00000000E+00
4.1469E+03 1.92434658E-06 0.00000000E+00
4.1705E+03 1.89801356E-06 0.00000000E+00
4.1940E+03 2.05205886E-06 0.00000000E+00
4.2176E+03 2.14322045E-06 0.00000000E+00
4.2412E+03 2.06550855E-06 0.00000000E+00
4.2647E+03 2.10853203E-06 0.00000000E+00
4.2883E+03 2.28716657E-06 0.00000000E+00
4.3118E+03 2.29436228E-06 0.00000000E+00
4.3354E+03 2.21575603E-06 0.00000000E+00
4.3590E+03 2.34251579E-06 0.00000000E+00
4.3825E+03 2.49008996E-06 0.00000000E+00
4.4061E+03 2.41683220E-06 0.00000000E+00
4.4296E+03 2.39286664E-06 0.00000000E+00
4.4532E+03 2.58007715E-06 0.00000000E+00
4.4768E+03 2.64655373E-06 0.00000000E+00
4.5003E+03 2.53292810E-06 0.00000000E+00
4.5239E+03 2.60060722E-06 0.00000000E+00
4.5475E+03 2.79378550E-06 0.00000000E+00
4.5710E+03 2.75857004E-06 0.00000000E+00
4.5946E+03 2.66621646E-06 0.00000000E+00
4.6181E+03 2.82496122E-06 0.00000000E+00
4.6417E+03 2.96020741E-06 0.00000000E+00
4.6653E+03 2.84390068E-06 0.00000000E+00
4.6888E+03 2.82992369E-06 0.00000000E+00
4.7124E+03 3.03864932E-06 0.00000000E+00
4.7360E+03 3.07005732E-06 0.00000000E+00
4.7595E+03 2.92816854E-06 0.00000000E+00
4.7831E+03 3.01971425E-06 0.00000000E+00
4.8066E+03 3.21186354E-06 0.00000000E+00
4.8302E+03 3.13222109E-06 0.00000000E+00
4.8538E+03 3.03325788E-06 0.00000000E+00
4.8773E+03 3.21416348E-06 0.00000000E+00
4.9009E+03 3.32435737E-06 0.00000000E+00
4.9244E+03 3.16991919E-06 0.00000000E+00
4.9480E+03 3.16722363E-06 0.00000000E+00
4.9716E+03 3.38268564E-06 0.00000000E+00
4.9951E+03 3.37365160E-06 0.00000000E+00
5.0187E+03 3.21082390E-06 0.00000000E+00
5.0423E+03 3.32007776E-06 0.00000000E+00
5.0658E+03 3.49749279E-06 0.00000000E+00
5.0894E+03 3.37600822E-06 0.00000000E+00
5.1129E+03 3.27543568E-06 0.00000000E+00
5.1365E+03 3.46717743E-06 0.00000000E+00
5.1601E+03 3.54462784E-06 0.00000000E+00
5.1836E+03 3.35994919E-06 0.00000000E+00
5.2072E+03 3.36856019E-06 0.00000000E+00
5.2308E+03 3.57876632E-06 0.00000000E+00
5.2543E+03 3.52966859E-06 0.00000000E+00
5.2779E+03 3.35509055E-06 0.00000000E+00
5.3014E+03 3.47729462E-06 0.00000000E+00
5.3250E+03 3.63180159E-06 0.00000000E+00
5.3486E+03 3.47593587E-06 0.00000000E+00
5.3721E+03 3.38079847E-06 0.00000000E+00
5.3957E+03 3.57624461E-06 0.00000000E+00
5.4192E+03 3.61938634E-06 0.00000000E+00
5.4428E+03 3.41599444E-06 0.00000000E+00
5.4664E+03 3.43909739E-06 0.00000000E+00
5.4899E+03 3.63783726E-06 0.00000000E+00
5.5135E+03 3.55413112E-06 0.00000000E+00
5.5371E+03 3.37978079E-06 0.00000000E+00
5.5606E+03 3.51449975E-06 0.00000000E+00
5.5842E+03 3.64364242E-06 0.00000000E+00
5.6077E+03 3.46413928E-06 0.00000000E+00
5.6313E+03 3.38390622E-06 0.00000000E+00
5.6549E+03 3.58070303E-06 0.00000000E+00
5.6784E+03 3.59226192E-06 0.00000000E+00
5.7020E+03 3.38313484E-06 0.00000000E+00
5.7256E+03 3.42615724E-06 0.00000000E+00
5.7491E+03 3.61145361E-06 0.00000000E+00
5.7727E+03 3.50069585E-06 0.00000000E+00
5.7962E+03 3.33846636E-06 0.00000000E+00
5.8198E+03 3.48717931E-06 0.00000000E+00
5.8434E+03 3.59130409E-06 0.00000000E+00
5.8669E+03 3.39861598E-06 0.00000000E+00
5.8905E+03 3.34150150E-06 0.00000000E+00
5.9140E+03 3.53857180E-06 0.00000000E+00
5.9376E+03 3.52207551E-06 0.00000000E+00
5.9612E+03 3.31770357E-06 0.00000000E+00
5.9847E+03 3.38399110E-06 0.00000000E+00
6.0083E+03 3.55419500E-06 0.00000000E+00
6.0319E+03 3.42253023E-06 0.00000000E+00
6.0554E+03 3.28009927E-06 0.00000000E+00
6.0790E+03 3.44169582E-06 0.00000000E+00
6.1025E+03 3.52031627E-06 0.00000000E+00
6.1261E+03 3.32140407E-06 0.00000000E+00
6.1497E+03 3.29034648E-06 0.00000000E+00
6.1732E+03 3.48381405E-06 0.00000000E+00
6.1968E+03 3.44073645E-06 0.00000000E+00
6.2204E+03 3.24651240E-06 0.00000000E+00
6.2439E+03 3.33386622E-06 0.00000000E+00
6.2675E+03 3.48458203E-06 0.00000000E+00
6.2910E+03 3.33502530E-06 0.00000000E+00
6.3146E+03 3.21414658E-06 0.00000000E+00
6.3382E+03 3.38250697E-06 0.00000000E+00
6.3617E+03 3.43265830E-06 0.00000000E+00
6.3853E+03 3.23067283E-06 0.00000000E+00
6.4088E+03 3.22284263E-06 0.00000000E+00
6.4324E+03 3.40503264E-06 0.00000000E+00
6.4560E+03 3.33482671E-06 0.00000000E+00
6.4795E+03 3.15229344E-06 0.00000000E+00
6.5031E+03 3.25390116E-06 0.00000000E+00
6.5267E+03 3.37857325E-06 0.00000000E+00
6.5502E+03 3.21277877E-06 0.00000000E+00
6.5738E+03 3.11210744E-06 0.00000000E+00
6.5973E+03 3.27843653E-06 0.00000000E+00
6.6209E+03 3.29675997E-06 0.00000000E+00
6.6445E+03 3.09439329E-06 0.00000000E+00
6.6680E+03 3.10537019E-06 0.00000000E+00
6.6916E+03 3.26824447E-06 0.00000000E+00
6.7152E+03 3.17159209E-06 0.00000000E+00
6.7387E+03 3.00299358E-06 0.00000000E+00
6.7623E+03 3.11245827E-06 0.00000000E+00
6.7858E+03 3.20635545E-06 0.00000000E+00
6.8094E+03 3.02850563E-06 0.00000000E+00
6.8330E+03 2.94874941E-06 0.00000000E+00
6.8565E+03 3.10673216E-06 0.00000000E+00
6.8801E+03 3.09331017E-06 0.00000000E+00
6.9036E+03 2.89668705E-06 0.00000000E+00
6.9272E+03 2.92546707E-06 0.00000000E+00
6.9508E+03 3.06508605E-06 0.00000000E+00
6.9743E+03 2.94688678E-06 0.00000000E+00
6.9979E+03 2.79841732E-06 0.00000000E+00
7.0215E+03 2.91385602E-06 0.00000000E+00
7.0450E+03 2.97709804E-06 0.00000000E+00
7.0686E+03 2.79549570E-06 0.00000000E+00
7.0921E+03 2.74148547E-06 0.00000000E+00
7.1157E+03 2.88984749E-06 0.00000000E+00
7.1393E+03 2.84930030E-06 0.00000000E+00
7.1628E+03 2.66787172E-06 0.00000000E+00
7.1864E+03 2.71742302E-06 0.00000000E+00
7.2100E+03 2.83460397E-06 0.00000000E+00
7.2335E+03 2.70298861E-06 0.00000000E+00
7.2571E+03 2.58298886E-06 0.00000000E+00
7.2806E+03 2.70600451E-06 0.00000000E+00
7.3042E+03 2.74229602E-06 0.00000000E+00
7.3278E+03 2.56650060E-06 0.00000000E+00
7.3513E+03 2.54396171E-06 0.00000000E+00
7.3749E+03 2.68405239E-06 0.00000000E+00
7.3985E+03 2.62264904E-06 0.00000000E+00
7.4220E+03 2.46495207E-06 0.00000000E+00
7.4456E+03 2.53804254E-06 0.00000000E+00
7.4691E+03 2.63497517E-06 0.00000000E+00
7.4927E+03 2.49735080E-06 0.00000000E+00
7.5163E+03 2.41134927E-06 0.00000000E+00
7.5398E+03 2.54248992E-06 0.00000000E+00
7.5634E+03 2.55532063E-06 0.00000000E+00
7.5869E+03 2.39179822E-06 0.00000000E+00
7.6105E+03 2.40235808E-06 0.00000000E+00
7.6341E+03 2.53382634E-06 0.00000000E+00
7.6576E+03 2.45586301E-06 0.00000000E+00
7.6812E+03 2.32542689E-06 0.00000000E+00
7.7048E+03 2.42018729E-06 0.00000000E+00
7.7283E+03 2.49683293E-06 0.00000000E+00
7.7519E+03 2.35696222E-06 0.00000000E+00
7.7754E+03 2.30435964E-06 0.00000000E+00
7.7990E+03 2.43967905E-06 0.00000000E+00
7.8226E+03 2.42984507E-06 0.00000000E+00
7.8461E+03 2.28014830E-06 0.00000000E+00
7.8697E+03 2.31914091E-06 0.00000000E+00
7.8933E+03 2.43776737E-06 0.00000000E+00
7.9168E+03 2.34447387E-06 0.00000000E+00
7.9404E+03 2.23932550E-06 0.00000000E+00
7.9639E+03 2.34832858E-06 0.00000000E+00
7.9875E+03 2.40166430E-06 0.00000000E+00
8.0111E+03 2.26009394E-06 0.00000000E+00
8.0346E+03 2.23505117E-06 0.00000000E+00
8.0582E+03 2.36646118E-06 0.00000000E+00
8.0817E+03 2.33275053E-06 0.00000000E+00
8.1053E+03 2.19546270E-06 0.00000000E+00
8.1289E+03 2.25408393E-06 0.00000000E+00
8.1524E+03 2.35329267E-06 0.00000000E+00
8.1760E+03 2.24489669E-06 0.00000000E+00
8.1996E+03 2.16087211E-06 0.00000000E+00
8.2231E+03 2.27429981E-06 0.00000000E+00
8.2467E+03 2.30079109E-06 0.00000000E+00
8.2702E+03 2.15812514E-06 0.00000000E+00
8.2938E+03 2.15392631E-06 0.00000000E+00
8.3174E+03 2.27300011E-06 0.00000000E+00
8.3409E+03 2.21535416E-06 0.00000000E+00
8.3645E+03 2.09027242E-06 0.00000000E+00
8.3881E+03 2.16052527E-06 0.00000000E+00
8.4116E+03 2.23536151E-06 0.00000000E+00
8.4352E+03 2.11459405E-06 0.00000000E+00
8.4587E+03 2.04998429E-06 0.00000000E+00
8.4823E+03 2.16055587E-06 0.00000000E+00
8.5059E+03 2.15980159E-06 0.00000000E+00
8.5294E+03 2.02013442E-06 0.00000000E+00
8.5530E+03 2.03372600E-06 0.00000000E+00
8.5765E+03 2.13595460E-06 0.00000000E+00
8.6001E+03 2.05828722E-06 0.00000000E+00
8.6237E+03 1.94932622E-06 0.00000000E+00
8.6472E+03 2.02782532E-06 0.00000000E+00
8.6708E+03 2.07793115E-06 0.00000000E+00
8.6944E+03 1.95160365E-06 0.00000000E+00
8.7179E+03 1.90908946E-06 0.00000000E+00
8.7415E+03 2.01455743E-06 0.00000000E+00
8.7650E+03 1.99053614E-06 0.00000000E+00
8.7886E+03 1.86152254E-06 0.00000000E+00
8.8122E+03 1.89413820E-06 0.00000000E+00
8.8357E+03 1.97972050E-06 0.00000000E+00
8.8593E+03 1.88923923E-06 0.00000000E+00
8.8829E+03 1.80293147E-06 0.00000000E+00
8.9064E+03 1.89006123E-06 0.00000000E+00
8.9300E+03 1.91863828E-06 0.00000000E+00
8.9535E+03 1.79514690E-06 0.00000000E+00
8.9771E+03 1.77889636E-06 0.00000000E+00
9.0007E+03 1.87982303E-06 0.00000000E+00
9.0242E+03 1.83822560E-06 0.00000000E+00
9.0478E+03 1.72716160E-06 0.00000000E+00
9.0713E+03 1.78039913E-06 0.00000000E+00
9.0949E+03 1.85097123E-06 0.00000000E+00
9.1185E+03 1.75436306E-06 0.00000000E+00
9.1420E+03 1.69512101E-06 0.00000000E+00
9.1656E+03 1.79063256E-06 0.00000000E+00
9.1892E+03 1.80065900E-06 0.00000000E+00
9.2127E+03 1.68569049E-06 0.00000000E+00
9.2363E+03 1.69649997E-06 0.00000000E+00
9.2598E+03 1.79198745E-06 0.00000000E+00
9.2834E+03 1.73655472E-06 0.00000000E+00
9.3070E+03 1.64631321E-06 0.00000000E+00
9.3305E+03 1.71781702E-06 0.00000000E+00
9.3541E+03 1.77290263E-06 0.00000000E+00
9.3777E+03 1.67339985E-06 0.00000000E+00
9.4012E+03 1.64029008E-06 0.00000000E+00
9.4248E+03 1.74004909E-06 0.00000000E+00
9.4483E+03 1.73192055E-06 0.00000000E+00
9.4719E+03 1.62671041E-06 0.00000000E+00
9.4955E+03 1.66002033E-06 0.00000000E+00
9.5190E+03 1.74584606E-06 0.00000000E+00
9.5426E+03 1.67749059E-06 0.00000000E+00
9.5661E+03 1.60621280E-06 0.00000000E+00
9.5897E+03 1.68908547E-06 0.00000000E+00
9.6133E+03 1.72572788E-06 0.00000000E+00
9.6368E+03 1.62379079E-06 0.00000000E+00
9.6604E+03 1.61165131E-06 0.00000000E+00
9.6840E+03 1.70836696E-06 0.00000000E+00
9.7075E+03 1.68094750E-06 0.00000000E+00
9.7311E+03 1.58439992E-06 0.00000000E+00
9.7546E+03 1.63260946E-06 0.00000000E+00
9.7782E+03 1.70302564E-06 0.00000000E+00
9.8018E+03 1.62208396E-06 0.00000000E+00
9.8253E+03 1.56644120E-06 0.00000000E+00
9.8489E+03 1.65237073E-06 0.00000000E+00
9.8725E+03 1.66766470E-06 0.00000000E+00
9.8960E+03 1.56412410E-06 0.00000000E+00
9.9196E+03 1.56754804E-06 0.00000000E+00
9.9431E+03 1.65425368E-06 0.00000000E+00
9.9667E+03 1.60777772E-06 0.00000000E+00
9.9903E+03 1.52012803E-06 0.00000000E+00
1.0014E+04 1.57681035E-06 0.00000000E+00
1.0037E+04 1.62791660E-06 0.00000000E+00
1.0061E+04 1.53707427E-06 0.00000000E+00
1.0085E+04 1.49604261E-06 0.00000000E+00
1.0108E+04 1.57924212E-06 0.00000000E+00
1.0132E+04 1.57318875E-06 0.00000000E+00
1.0155E+04 1.47187594E-06 0.00000000E+00
1.0179E+04 1.48867287E-06 0.00000000E+00
1.0202E+04 1.56191693E-06 0.00000000E+00
1.0226E+04 1.49999880E-06 0.00000000E+00
1.0249E+04 1.42485973E-06 0.00000000E+00
1.0273E+04 1.48749465E-06 0.00000000E+00
1.0297E+04 1.51929109E-06 0.00000000E+00
1.0320E+04 1.42451689E-06 0.00000000E+00
1.0344E+04 1.40058707E-06 0.00000000E+00
1.0367E+04 1.47943937E-06 0.00000000E+00
1.0391E+04 1.45560208E-06 0.00000000E+00
1.0414E+04 1.36308581E-06 0.00000000E+00
1.0438E+04 1.39446251E-06 0.00000000E+00
1.0462E+04 1.45462148E-06 0.00000000E+00
1.0485E+04 1.38342331E-06 0.00000000E+00
1.0509E+04 1.32632286E-06 0.00000000E+00
1.0532E+04 1.39535831E-06 0.00000000E+00
1.0556E+04 1.41065795E-06 0.00000000E+00
1.0579E+04 1.31898399E-06 0.00000000E+00
1.0603E+04 1.31563146E-06 0.00000000E+00
1.0626E+04 1.39069029E-06 0.00000000E+00
1.0650E+04 1.35385084E-06 0.00000000E+00
1.0674E+04 1.27611870E-06 0.00000000E+00
1.0697E+04 1.32335302E-06 0.00000000E+00
1.0721E+04 1.37180942E-06 0.00000000E+00
1.0744E+04 1.29679614E-06 0.00000000E+00
1.0768E+04 1.26120650E-06 0.00000000E+00
1.0791E+04 1.33633605E-06 0.00000000E+00
1.0815E+04 1.33752645E-06 0.00000000E+00
1.0838E+04 1.25341790E-06 0.00000000E+00
1.0862E+04 1.27102132E-06 0.00000000E+00
1.0886E+04 1.34138207E-06 0.00000000E+00
1.0909E+04 1.29440676E-06 0.00000000E+00
1.0933E+04 1.23343435E-06 0.00000000E+00
1.0956E+04 1.29423842E-06 0.00000000E+00
1.0980E+04 1.33035847E-06 0.00000000E+00
1.1003E+04 1.25380833E-06 0.00000000E+00
1.1027E+04 1.23845496E-06 0.00000000E+00
1.1051E+04 1.31590740E-06 0.00000000E+00
1.1074E+04 1.30298871E-06 0.00000000E+00
1.1098E+04 1.22694559E-06 0.00000000E+00
1.1121E+04 1.26122780E-06 0.00000000E+00
1.1145E+04 1.32307725E-06 0.00000000E+00
1.1168E+04 1.26632526E-06 0.00000000E+00
1.1192E+04 1.22002537E-06 0.00000000E+00
1.1215E+04 1.28829372E-06 0.00000000E+00
1.1239E+04 1.30937644E-06 0.00000000E+00
1.1263E+04 1.23126415E-06 0.00000000E+00
1.1286E+04 1.23143211E-06 0.00000000E+00
1.1310E+04 1.30496782E-06 0.00000000E+00
1.1333E+04 1.27683620E-06 0.00000000E+00
1.1357E+04 1.20762671E-06 0.00000000E+00
1.1380E+04 1.25208403E-06 0.00000000E+00
1.1404E+04 1.30068698E-06 0.00000000E+00
1.1428E+04 1.23438373E-06 0.00000000E+00
1.1451E+04 1.19985765E-06 0.00000000E+00
1.1475E+04 1.26879855E-06 0.00000000E+00
1.1498E+04 1.27266772E-06 0.00000000E+00
1.1522E+04 1.19375508E-06 0.00000000E+00
1.1545E+04 1.20508025E-06 0.00000000E+00
1.1569E+04 1.26931176E-06 0.00000000E+00
1.1592E+04 1.22652959E-06 0.00000000E+00
1.1616E+04 1.16456061E-06 0.00000000E+00
1.1640E+04 1.21425519E-06 0.00000000E+00
1.1663E+04 1.24696243E-06 0.00000000E+00
1.1687E+04 1.17375363E-06 0.00000000E+00
1.1710E+04 1.15050168E-06 0.00000000E+00
1.1734E+04 1.21592110E-06 0.00000000E+00
1.1757E+04 1.20321454E-06 0.00000000E+00
1.1781E+04 1.12707471E-06 0.00000000E+00
1.1805E+04 1.14820404E-06 0.00000000E+00
1.1828E+04 1.20096482E-06 0.00000000E+00
1.1852E+04 1.14707012E-06 0.00000000E+00
1.1875E+04 1.09566781E-06 0.00000000E+00
1.1899E+04 1.14903525E-06 0.00000000E+00
1.1922E+04 1.16648033E-06 0.00000000E+00
1.1946E+04 1.09165482E-06 0.00000000E+00
1.1969E+04 1.08199740E-06 0.00000000E+00
1.1993E+04 1.14306379E-06 0.00000000E+00
1.2017E+04 1.11716765E-06 0.00000000E+00
1.2040E+04 1.04935037E-06 0.00000000E+00
1.2064E+04 1.08147547E-06 0.00000000E+00
1.2087E+04 1.12347905E-06 0.00000000E+00
1.2111E+04 1.06372400E-06 0.00000000E+00
1.2134E+04 1.02737485E-06 0.00000000E+00
1.2158E+04 1.08492444E-06 0.00000000E+00
1.2182E+04 1.08964708E-06 0.00000000E+00
1.2205E+04 1.01887910E-06 0.00000000E+00
1.2229E+04 1.02548264E-06 0.00000000E+00
1.2252E+04 1.08273275E-06 0.00000000E+00
1.2276E+04 1.04756803E-06 0.00000000E+00
1.2299E+04 9.92645676E-07 0.00000000E+00
1.2323E+04 1.03658074E-06 0.00000000E+00
1.2346E+04 1.06896011E-06 0.00000000E+00
1.2370E+04 1.00757205E-06 0.00000000E+00
1.2394E+04 9.88638706E-07 0.00000000E+00
1.2417E+04 1.04989848E-06 0.00000000E+00
1.2441E+04 1.04373107E-06 0.00000000E+00
1.2464E+04 9.80205393E-07 0.00000000E+00
1.2488E+04 1.00286495E-06 0.00000000E+00
1.2511E+04 1.05536696E-06 0.00000000E+00
1.2535E+04 1.01299775E-06 0.00000000E+00
1.2559E+04 9.71971767E-07 0.00000000E+00
1.2582E+04 1.02539283E-06 0.00000000E+00
1.2606E+04 1.04744373E-06 0.00000000E+00
1.2629E+04 9.85840209E-07 0.00000000E+00
1.2653E+04 9.82631553E-07 0.00000000E+00
1.2676E+04 1.04418484E-06 0.00000000E+00
1.2700E+04 1.02690539E-06 0.00000000E+00
1.2723E+04 9.70465470E-07 0.00000000E+00
1.2747E+04 1.00512160E-06 0.00000000E+00
1.2771E+04 1.04955675E-06 0.00000000E+00
1.2794E+04 9.99991817E-07 0.00000000E+00
1.2818E+04 9.70568871E-07 0.00000000E+00
1.2841E+04 1.02810984E-06 0.00000000E+00
1.2865E+04 1.03753322E-06 0.00000000E+00
1.2888E+04 9.75363018E-07 0.00000000E+00
1.2912E+04 9.83546903E-07 0.00000000E+00
1.2936E+04 1.04016384E-06 0.00000000E+00
1.2959E+04 1.01085725E-06 0.00000000E+00
1.2983E+04 9.60189246E-07 0.00000000E+00
1.3006E+04 1.00128258E-06 0.00000000E+00
1.3030E+04 1.03390017E-06 0.00000000E+00
1.3053E+04 9.77370657E-07 0.00000000E+00
1.3077E+04 9.57002053E-07 0.00000000E+00
1.3100E+04 1.01318211E-06 0.00000000E+00
1.3124E+04 1.00852265E-06 0.00000000E+00
1.3148E+04 9.46522227E-07 0.00000000E+00
1.3171E+04 9.62580972E-07 0.00000000E+00
1.3195E+04 1.01024530E-06 0.00000000E+00
1.3218E+04 9.69821838E-07 0.00000000E+00
1.3242E+04 9.25467777E-07 0.00000000E+00
1.3265E+04 9.69295214E-07 0.00000000E+00
1.3289E+04 9.88554534E-07 0.00000000E+00
1.3312E+04 9.27717719E-07 0.00000000E+00
1.3336E+04 9.16331408E-07 0.00000000E+00
1.3360E+04 9.68315840E-07 0.00000000E+00
1.3383E+04 9.50816669E-07 0.00000000E+00
1.3407E+04 8.92377941E-07 0.00000000E+00
1.3430E+04 9.15676789E-07 0.00000000E+00
1.3454E+04 9.53365260E-07 0.00000000E+00
1.3477E+04 9.05375902E-07 0.00000000E+00
1.3501E+04 8.70461804E-07 0.00000000E+00
1.3525E+04 9.16314958E-07 0.00000000E+00
1.3548E+04 9.23471285E-07 0.00000000E+00
1.3572E+04 8.63114150E-07 0.00000000E+00
1.3595E+04 8.62934981E-07 0.00000000E+00
1.3619E+04 9.10629607E-07 0.00000000E+00
1.3642E+04 8.83610339E-07 0.00000000E+00
1.3666E+04 8.33469356E-07 0.00000000E+00
1.3689E+04 8.65230166E-07 0.00000000E+00
1.3713E+04 8.94009456E-07 0.00000000E+00
1.3737E+04 8.42980689E-07 0.00000000E+00
1.3760E+04 8.21115908E-07 0.00000000E+00
1.3784E+04 8.69575713E-07 0.00000000E+00
1.3807E+04 8.66967099E-07 0.00000000E+00
1.3831E+04 8.11592664E-07 0.00000000E+00
1.3854E+04 8.24553153E-07 0.00000000E+00
1.3878E+04 8.68462825E-07 0.00000000E+00
1.3902E+04 8.35085062E-07 0.00000000E+00
1.3925E+04 7.96521423E-07 0.00000000E+00
1.3949E+04 8.37070660E-07 0.00000000E+00
1.3972E+04 8.57806495E-07 0.00000000E+00
1.3996E+04 8.06825386E-07 0.00000000E+00
1.4019E+04 7.99283693E-07 0.00000000E+00
1.4043E+04 8.49620597E-07 0.00000000E+00
1.4066E+04 8.38528751E-07 0.00000000E+00
1.4090E+04 7.90103765E-07 0.00000000E+00
1.4114E+04 8.15337844E-07 0.00000000E+00
1.4137E+04 8.54401917E-07 0.00000000E+00
1.4161E+04 8.15969375E-07 0.00000000E+00
1.4184E+04 7.89018500E-07 0.00000000E+00
1.4208E+04 8.35860980E-07 0.00000000E+00
1.4231E+04 8.47727914E-07 0.00000000E+00
1.4255E+04 7.97426087E-07 0.00000000E+00
1.4279E+04 8.02050035E-07 0.00000000E+00
1.4302E+04 8.51069123E-07 0.00000000E+00
1.4326E+04 8.31085906E-07 0.00000000E+00
1.4349E+04 7.88879201E-07 0.00000000E+00
1.4373E+04 8.22448873E-07 0.00000000E+00
1.4396E+04 8.53767168E-07 0.00000000E+00
1.4420E+04 8.10055467E-07 0.00000000E+00
1.4443E+04 7.92267377E-07 0.00000000E+00
1.4467E+04 8.40655475E-07 0.00000000E+00
1.4491E+04 8.41764793E-07 0.00000000E+00
1.4514E+04 7.91617414E-07 0.00000000E+00
1.4538E+04 8.04436231E-07 0.00000000E+00
1.4561E+04 8.47797136E-07 0.00000000E+00
1.4585E+04 8.18279164E-07 0.00000000E+00
1.4608E+04 7.81012563E-07 0.00000000E+00
1.4632E+04 8.18189943E-07 0.00000000E+00
1.4656E+04 8.38898564E-07 0.00000000E+00
1.4679E+04 7.90260059E-07 0.00000000E+00
1.4703E+04 7.79454159E-07 0.00000000E+00
1.4726E+04 8.25022545E-07 0.00000000E+00
1.4750E+04 8.14578356E-07 0.00000000E+00
1.4773E+04 7.65387775E-07 0.00000000E+00
1.4797E+04 7.83615517E-07 0.00000000E+00
1.4820E+04 8.18434380E-07 0.00000000E+00
1.4844E+04 7.80617839E-07 0.00000000E+00
1.4868E+04 7.48987196E-07 0.00000000E+00
1.4891E+04 7.87070792E-07 0.00000000E+00
1.4915E+04 7.96514172E-07 0.00000000E+00
1.4938E+04 7.45629144E-07 0.00000000E+00
1.4962E+04 7.42086724E-07 0.00000000E+00
1.4985E+04 7.83067821E-07 0.00000000E+00
1.5009E+04 7.62770000E-07 0.00000000E+00
1.5033E+04 7.17779609E-07 0.00000000E+00
1.5056E+04 7.41348678E-07 0.00000000E+00
1.5080E+04 7.67478720E-07 0.00000000E+00
1.5103E+04 7.24893308E-07 0.00000000E+00
1.5127E+04 7.01864931E-07 0.00000000E+00
1.5150E+04 7.40821298E-07 0.00000000E+00
1.5174E+04 7.40714551E-07 0.00000000E+00
1.5197E+04 6.91954049E-07 0.00000000E+00
1.5221E+04 6.97842221E-07 0.00000000E+00
1.5245E+04 7.34728509E-07 0.00000000E+00
1.5268E+04 7.07819643E-07 0.00000000E+00
1.5292E+04 6.71128216E-07 0.00000000E+00
1.5315E+04 7.01321756E-07 0.00000000E+00
1.5339E+04 7.20114140E-07 0.00000000E+00
1.5362E+04 6.76698801E-07 0.00000000E+00
1.5386E+04 6.65217880E-07 0.00000000E+00
1.5410E+04 7.05726739E-07 0.00000000E+00
1.5433E+04 6.98244024E-07 0.00000000E+00
1.5457E+04 6.55177163E-07 0.00000000E+00
1.5480E+04 6.71885542E-07 0.00000000E+00
1.5504E+04 7.05181305E-07 0.00000000E+00
1.5527E+04 6.74196647E-07 0.00000000E+00
1.5551E+04 6.48050609E-07 0.00000000E+00
1.5574E+04 6.84834131E-07 0.00000000E+00
1.5598E+04 6.96931985E-07 0.00000000E+00
1.5622E+04 6.54820058E-07 0.00000000E+00
1.5645E+04 6.55277558E-07 0.00000000E+00
1.5669E+04 6.96401830E-07 0.00000000E+00
1.5692E+04 6.82337479E-07 0.00000000E+00
1.5716E+04 6.45895942E-07 0.00000000E+00
1.5739E+04 6.72001692E-07 0.00000000E+00
1.5763E+04 7.00509257E-07 0.00000000E+00
1.5787E+04 6.66071299E-07 0.00000000E+00
1.5810E+04 6.49666944E-07 0.00000000E+00
1.5834E+04 6.90370684E-07 0.00000000E+00
1.5857E+04 6.94798728E-07 0.00000000E+00
1.5881E+04 6.53918246E-07 0.00000000E+00
1.5904E+04 6.63730397E-07 0.00000000E+00
1.5928E+04 7.02419262E-07 0.00000000E+00
1.5951E+04 6.81168045E-07 0.00000000E+00
1.5975E+04 6.50110735E-07 0.00000000E+00
1.5999E+04 6.81749282E-07 0.00000000E+00
1.6022E+04 7.02890055E-07 0.00000000E+00
1.6046E+04 6.64567824E-07 0.00000000E+00
1.6069E+04 6.55321964E-07 0.00000000E+00
1.6093E+04 6.95706129E-07 0.00000000E+00
1.6116E+04 6.90921052E-07 0.00000000E+00
1.6140E+04 6.50628768E-07 0.00000000E+00
1.6163E+04 6.66149343E-07 0.00000000E+00
1.6187E+04 6.98818578E-07 0.00000000E+00
1.6211E+04 6.70001631E-07 0.00000000E+00
1.6234E+04 6.43135138E-07 0.00000000E+00
1.6258E+04 6.76305926E-07 0.00000000E+00
1.6281E+04 6.87985239E-07 0.00000000E+00
1.6305E+04 6.46292789E-07 0.00000000E+00
1.6328E+04 6.42390034E-07 0.00000000E+00
1.6352E+04 6.79042674E-07 0.00000000E+00
1.6376E+04 6.64829808E-07 0.00000000E+00
1.6399E+04 6.26042255E-07 0.00000000E+00
1.6423E+04 6.45125998E-07 0.00000000E+00
1.6446E+04 6.69829721E-07 0.00000000E+00
1.6470E+04 6.34972895E-07 0.00000000E+00
1.6493E+04 6.13152159E-07 0.00000000E+00
1.6517E+04 6.45968027E-07 0.00000000E+00
1.6540E+04 6.48225049E-07 0.00000000E+00
1.6564E+04 6.05855875E-07 0.00000000E+00
1.6588E+04 6.07855092E-07 0.00000000E+00
1.6611E+04 6.39820364E-07 0.00000000E+00
1.6635E+04 6.18187666E-07 0.00000000E+00
1.6658E+04 5.83992665E-07 0.00000000E+00
1.6682E+04 6.06975981E-07 0.00000000E+00
1.6705E+04 6.24178445E-07 0.00000000E+00
1.6729E+04 5.86711984E-07 0.00000000E+00
1.6753E+04 5.72719719E-07 0.00000000E+00
1.6776E+04 6.05602830E-07 0.00000000E+00
1.6800E+04 6.00406791E-07 0.00000000E+00
1.6823E+04 5.61320069E-07 0.00000000E+00
1.6847E+04 5.71284078E-07 0.00000000E+00
1.6870E+04 5.99424917E-07 0.00000000E+00
1.6894E+04 5.73449410E-07 0.00000000E+00
1.6917E+04 5.47386740E-07 0.00000000E+00
1.6941E+04 5.75555845E-07 0.00000000E+00
1.6965E+04 5.86745878E-07 0.00000000E+00
1.6988E+04 5.50074753E-07 0.00000000E+00
1.7012E+04 5.46320091E-07 0.00000000E+00
1.7035E+04 5.80002463E-07 0.00000000E+00
1.7059E+04 5.69334816E-07 0.00000000E+00
1.7082E+04 5.36344964E-07 0.00000000E+00
1.7106E+04 5.55266035E-07 0.00000000E+00
1.7130E+04 5.80077212E-07 0.00000000E+00
1.7153E+04 5.51769648E-07 0.00000000E+00
1.7177E+04 5.35305466E-07 0.00000000E+00
1.7200E+04 5.68397933E-07 0.00000000E+00
1.7224E+04 5.74041581E-07 0.00000000E+00
1.7247E+04 5.39549506E-07 0.00000000E+00
1.7271E+04 5.45798167E-07 0.00000000E+00
1.7294E+04 5.79236611E-07 0.00000000E+00
1.7318E+04 5.63504080E-07 0.00000000E+00
1.7342E+04 5.36754563E-07 0.00000000E+00
1.7365E+04 5.62852830E-07 0.00000000E+00
1.7389E+04 5.83064966E-07 0.00000000E+00
1.7412E+04 5.52501401E-07 0.00000000E+00
1.7436E+04 5.44212753E-07 0.00000000E+00
1.7459E+04 5.79490125E-07 0.00000000E+00
1.7483E+04 5.78499192E-07 0.00000000E+00
1.7507E+04 5.45547201E-07 0.00000000E+00
1.7530E+04 5.58925808E-07 0.00000000E+00
1.7554E+04 5.89224840E-07 0.00000000E+00
1.7577E+04 5.67646341E-07 0.00000000E+00
1.7601E+04 5.45487436E-07 0.00000000E+00
1.7624E+04 5.75000174E-07 0.00000000E+00
1.7648E+04 5.88302203E-07 0.00000000E+00
1.7671E+04 5.54859659E-07 0.00000000E+00
1.7695E+04 5.52066698E-07 0.00000000E+00
1.7719E+04 5.85728292E-07 0.00000000E+00
1.7742E+04 5.76828769E-07 0.00000000E+00
1.7766E+04 5.44662131E-07 0.00000000E+00
1.7789E+04 5.61807779E-07 0.00000000E+00
1.7813E+04 5.86012499E-07 0.00000000E+00
1.7836E+04 5.58412513E-07 0.00000000E+00
1.7860E+04 5.39722723E-07 0.00000000E+00
1.7884E+04 5.69264515E-07 0.00000000E+00
1.7907E+04 5.74195223E-07 0.00000000E+00
1.7931E+04 5.38518224E-07 0.00000000E+00
1.7954E+04 5.39719829E-07 0.00000000E+00
1.7978E+04 5.69147639E-07 0.00000000E+00
1.8001E+04 5.52600913E-07 0.00000000E+00
1.8025E+04 5.22237288E-07 0.00000000E+00
1.8048E+04 5.41541160E-07 0.00000000E+00
1.8072E+04 5.58469864E-07 0.00000000E+00
1.8096E+04 5.26605576E-07 0.00000000E+00
1.8119E+04 5.12373219E-07 0.00000000E+00
1.8143E+04 5.40711127E-07 0.00000000E+00
1.8166E+04 5.37848663E-07 0.00000000E+00
1.8190E+04 5.02622557E-07 0.00000000E+00
1.8213E+04 5.08583667E-07 0.00000000E+00
1.8237E+04 5.33433590E-07 0.00000000E+00
1.8261E+04 5.11441656E-07 0.00000000E+00
1.8284E+04 4.85801511E-07 0.00000000E+00
1.8308E+04 5.07869573E-07 0.00000000E+00
1.8331E+04 5.18391259E-07 0.00000000E+00
1.8355E+04 4.85531647E-07 0.00000000E+00
1.8378E+04 4.78324331E-07 0.00000000E+00
1.8402E+04 5.06149593E-07 0.00000000E+00
1.8425E+04 4.97547858E-07 0.00000000E+00
1.8449E+04 4.66308049E-07 0.00000000E+00
1.8473E+04 4.78920403E-07 0.00000000E+00
1.8496E+04 5.00226276E-07 0.00000000E+00
1.8520E+04 4.75607945E-07 0.00000000E+00
1.8543E+04 4.57699051E-07 0.00000000E+00
1.8567E+04 4.83725776E-07 0.00000000E+00
1.8590E+04 4.89309602E-07 0.00000000E+00
1.8614E+04 4.58333671E-07 0.00000000E+00
1.8637E+04 4.60076521E-07 0.00000000E+00
1.8661E+04 4.88079277E-07 0.00000000E+00
1.8685E+04 4.75463543E-07 0.00000000E+00
1.8708E+04 4.50377860E-07 0.00000000E+00
1.8732E+04 4.70302158E-07 0.00000000E+00
1.8755E+04 4.88494636E-07 0.00000000E+00
1.8779E+04 4.62794830E-07 0.00000000E+00
1.8802E+04 4.53485876E-07 0.00000000E+00
1.8826E+04 4.83054283E-07 0.00000000E+00
1.8850E+04 4.84007151E-07 0.00000000E+00
1.8873E+04 4.55722876E-07 0.00000000E+00
1.8897E+04 4.65771299E-07 0.00000000E+00
1.8920E+04 4.92881987E-07 0.00000000E+00
1.8944E+04 4.76374219E-07 0.00000000E+00
1.8967E+04 4.57045649E-07 0.00000000E+00
1.8991E+04 4.82345534E-07 0.00000000E+00
1.9014E+04 4.96170329E-07 0.00000000E+00
1.9038E+04 4.69091133E-07 0.00000000E+00
1.9062E+04 4.66598987E-07 0.00000000E+00
1.9085E+04 4.97051491E-07 0.00000000E+00
1.9109E+04 4.92264951E-07 0.00000000E+00
1.9132E+04 4.65668907E-07 0.00000000E+00
1.9156E+04 4.81067327E-07 0.00000000E+00
1.9179E+04 5.04627341E-07 0.00000000E+00
1.9203E+04 4.83363041E-07 0.00000000E+00
1.9227E+04 4.67914654E-07 0.00000000E+00
1.9250E+04 4.95041829E-07 0.00000000E+00
1.9274E+04 5.02473435E-07 0.00000000E+00
1.9297E+04 4.73280422E-07 0.00000000E+00
1.9321E+04 4.74942921E-07 0.00000000E+00
1.9344E+04 5.02924696E-07 0.00000000E+00
1.9368E+04 4.91368829E-07 0.00000000E+00
1.9391E+04 4.65648226E-07 0.00000000E+00
1.9415E+04 4.83338500E-07 0.00000000E+00
1.9439E+04 5.00944507E-07 0.00000000E+00
1.9462E+04 4.74908157E-07 0.00000000E+00
1.9486E+04 4.62302000E-07 0.00000000E+00
1.9509E+04 4.88416399E-07 0.00000000E+00
1.9533E+04 4.88507010E-07 0.00000000E+00
1.9556E+04 4.57932312E-07 0.00000000E+00
1.9580E+04 4.62523270E-07 0.00000000E+00
1.9604E+04 4.86075976E-07 0.00000000E+00
1.9627E+04 4.68371021E-07 0.00000000E+00
1.9651E+04 4.44607338E-07 0.00000000E+00
1.9674E+04 4.63427038E-07 0.00000000E+00
1.9698E+04 4.74503668E-07 0.00000000E+00
1.9721E+04 4.45600402E-07 0.00000000E+00
1.9745E+04 4.36917898E-07 0.00000000E+00
1.9768E+04 4.61311245E-07 0.00000000E+00
1.9792E+04 4.55037020E-07 0.00000000E+00
1.9816E+04 4.25715524E-07 0.00000000E+00
1.9839E+04 4.34147390E-07 0.00000000E+00
1.9863E+04 4.53390241E-07 0.00000000E+00
1.9886E+04 4.31835223E-07 0.00000000E+00
1.9910E+04 4.12765180E-07 0.00000000E+00
1.9933E+04 4.33501238E-07 0.00000000E+00
1.9957E+04 4.39180814E-07 0.00000000E+00
1.9981E+04 4.10472599E-07 0.00000000E+00
2.0004E+04 4.08049155E-07 0.00000000E+00
2.0028E+04 4.31564354E-07 0.00000000E+00
2.0051E+04 4.20954645E-07 0.00000000E+00
2.0075E+04 3.95992832E-07 0.00000000E+00
2.0098E+04 4.09945706E-07 0.00000000E+00
2.0122E+04 4.25955323E-07 0.00000000E+00
2.0145E+04 4.03052561E-07 0.00000000E+00
2.0169E+04 3.91167132E-07 0.00000000E+00
2.0193E+04 4.14852377E-07 0.00000000E+00
2.0216E+04 4.16476919E-07 0.00000000E+00
2.0240E+04 3.90317607E-07 0.00000000E+00
2.0263E+04 3.95611137E-07 0.00000000E+00
2.0287E+04 4.18813104E-07 0.00000000E+00
2.0310E+04 4.05284674E-07 0.00000000E+00
2.0334E+04 3.86259885E-07 0.00000000E+00
2.0358E+04 4.06072764E-07 0.00000000E+00
2.0381E+04 4.19151330E-07 0.00000000E+00
2.0405E+04 3.96007462E-07 0.00000000E+00
2.0428E+04 3.91675226E-07 0.00000000E+00
2.0452E+04 4.17745827E-07 0.00000000E+00
2.0475E+04 4.15453443E-07 0.00000000E+00
2.0499E+04 3.92187187E-07 0.00000000E+00
2.0522E+04 4.04261250E-07 0.00000000E+00
2.0546E+04 4.26074038E-07 0.00000000E+00
2.0570E+04 4.09532400E-07 0.00000000E+00
2.0593E+04 3.95683909E-07 0.00000000E+00
2.0617E+04 4.19382498E-07 0.00000000E+00
2.0640E+04 4.28338830E-07 0.00000000E+00
2.0664E+04 4.04427453E-07 0.00000000E+00
2.0687E+04 4.05707857E-07 0.00000000E+00
2.0711E+04 4.31688665E-07 0.00000000E+00
2.0735E+04 4.24434448E-07 0.00000000E+00
2.0758E+04 4.02888626E-07 0.00000000E+00
2.0782E+04 4.18887790E-07 0.00000000E+00
2.0805E+04 4.36964066E-07 0.00000000E+00
2.0829E+04 4.16574620E-07 0.00000000E+00
2.0852E+04 4.05997099E-07 0.00000000E+00
2.0876E+04 4.30369976E-07 0.00000000E+00
2.0899E+04 4.33508598E-07 0.00000000E+00
2.0923E+04 4.08106160E-07 0.00000000E+00
2.0947E+04 4.12507236E-07 0.00000000E+00
2.0970E+04 4.35531196E-07 0.00000000E+00
2.0994E+04 4.22546759E-07 0.00000000E+00
2.1017E+04 4.01953067E-07 0.00000000E+00
2.1041E+04 4.19193458E-07 0.00000000E+00
2.1064E+04 4.31646109E-07 0.00000000E+00
2.1088E+04 4.07549159E-07 0.00000000E+00
2.1112E+04 3.99343562E-07 0.00000000E+00
2.1135E+04 4.22070962E-07 0.00000000E+00
2.1159E+04 4.18868557E-07 0.00000000E+00
2.1182E+04 3.92773827E-07 0.00000000E+00
2.1206E+04 3.99336181E-07 0.00000000E+00
2.1229E+04 4.18001329E-07 0.00000000E+00
2.1253E+04 4.00157055E-07 0.00000000E+00
2.1276E+04 3.81625394E-07 0.00000000E+00
2.1300E+04 3.99320026E-07 0.00000000E+00
2.1324E+04 4.06035430E-07 0.00000000E+00
2.1347E+04 3.80186488E-07 0.00000000E+00
2.1371E+04 3.75477557E-07 0.00000000E+00
2.1394E+04 3.96259841E-07 0.00000000E+00
2.1418E+04 3.87948110E-07 0.00000000E+00
2.1441E+04 3.63676738E-07 0.00000000E+00
2.1465E+04 3.73395734E-07 0.00000000E+00
2.1488E+04 3.88152425E-07 0.00000000E+00
2.1512E+04 3.67738568E-07 0.00000000E+00
2.1536E+04 3.53782320E-07 0.00000000E+00
2.1559E+04 3.72821608E-07 0.00000000E+00
2.1583E+04 3.75077817E-07 0.00000000E+00
2.1606E+04 3.50277778E-07 0.00000000E+00
2.1630E+04 3.51144987E-07 0.00000000E+00
2.1653E+04 3.70892839E-07 0.00000000E+00
2.1677E+04 3.59396786E-07 0.00000000E+00
2.1701E+04 3.39617385E-07 0.00000000E+00
2.1724E+04 3.53935791E-07 0.00000000E+00
2.1748E+04 3.65824694E-07 0.00000000E+00
2.1771E+04 3.44994725E-07 0.00000000E+00
2.1795E+04 3.37602441E-07 0.00000000E+00
2.1818E+04 3.58818133E-07 0.00000000E+00
2.1842E+04 3.57771229E-07 0.00000000E+00
2.1865E+04 3.35859089E-07 0.00000000E+00
2.1889E+04 3.43305779E-07 0.00000000E+00
2.1913E+04 3.62407271E-07 0.00000000E+00
2.1936E+04 3.48810403E-07 0.00000000E+00
2.1960E+04 3.34547685E-07 0.00000000E+00
2.1983E+04 3.53477471E-07 0.00000000E+00
2.2007E+04 3.62624142E-07 0.00000000E+00
2.2030E+04 3.42064530E-07 0.00000000E+00
2.2054E+04 3.41151724E-07 0.00000000E+00
2.2078E+04 3.63809687E-07 0.00000000E+00
2.2101E+04 3.59407844E-07 0.00000000E+00
2.2125E+04 3.40324662E-07 0.00000000E+00
2.2148E+04 3.53164195E-07 0.00000000E+00
2.2172E+04 3.70510715E-07 0.00000000E+00
2.2195E+04 3.54528938E-07 0.00000000E+00
2.2219E+04 3.44751226E-07 0.00000000E+00
2.2242E+04 3.66309980E-07 0.00000000E+00
2.2266E+04 3.71580235E-07 0.00000000E+00
2.2290E+04 3.50618902E-07 0.00000000E+00
2.2313E+04 3.54193467E-07 0.00000000E+00
2.2337E+04 3.76020959E-07 0.00000000E+00
2.2360E+04 3.67316167E-07 0.00000000E+00
2.2384E+04 3.49848152E-07 0.00000000E+00
2.2407E+04 3.65421646E-07 0.00000000E+00
2.2431E+04 3.78994368E-07 0.00000000E+00
2.2455E+04 3.59901223E-07 0.00000000E+00
2.2478E+04 3.52820051E-07 0.00000000E+00
2.2502E+04 3.74200148E-07 0.00000000E+00
2.2525E+04 3.74250108E-07 0.00000000E+00
2.2549E+04 3.52284710E-07 0.00000000E+00
2.2572E+04 3.58150637E-07 0.00000000E+00
2.2596E+04 3.76793871E-07 0.00000000E+00
2.2619E+04 3.63307587E-07 0.00000000E+00
2.2643E+04 3.46845579E-07 0.00000000E+00
2.2667E+04 3.62916639E-07 0.00000000E+00
2.2690E+04 3.71327847E-07 0.00000000E+00
2.2714E+04 3.49450287E-07 0.00000000E+00
2.2737E+04 3.44391457E-07 0.00000000E+00
2.2761E+04 3.63796170E-07 0.00000000E+00
2.2784E+04 3.58477487E-07 0.00000000E+00
2.2808E+04 3.36397222E-07 0.00000000E+00
2.2832E+04 3.43893069E-07 0.00000000E+00
2.2855E+04 3.58442094E-07 0.00000000E+00
2.2879E+04 3.41228953E-07 0.00000000E+00
2.2902E+04 3.26917193E-07 0.00000000E+00
2.2926E+04 3.43041433E-07 0.00000000E+00
2.2949E+04 3.46530896E-07 0.00000000E+00
2.2973E+04 3.23809897E-07 0.00000000E+00
2.2996E+04 3.21922302E-07 0.00000000E+00
2.3020E+04 3.39374987E-07 0.00000000E+00
2.3044E+04 3.30056815E-07 0.00000000E+00
2.3067E+04 3.10207068E-07 0.00000000E+00
2.3091E+04 3.20366981E-07 0.00000000E+00
2.3114E+04 3.31492422E-07 0.00000000E+00
2.3138E+04 3.12739238E-07 0.00000000E+00
2.3161E+04 3.02835807E-07 0.00000000E+00
2.3185E+04 3.19946435E-07 0.00000000E+00
2.3209E+04 3.19835737E-07 0.00000000E+00
2.3232E+04 2.98760703E-07 0.00000000E+00
2.3256E+04 3.01852397E-07 0.00000000E+00
2.3279E+04 3.18268747E-07 0.00000000E+00
2.3303E+04 3.06706378E-07 0.00000000E+00
2.3326E+04 2.91314338E-07 0.00000000E+00
2.3350E+04 3.05337373E-07 0.00000000E+00
2.3373E+04 3.13995040E-07 0.00000000E+00
2.3397E+04 2.95490927E-07 0.00000000E+00
2.3421E+04 2.91511022E-07 0.00000000E+00
2.3444E+04 3.10233848E-07 0.00000000E+00
2.3468E+04 3.07470324E-07 0.00000000E+00
2.3491E+04 2.89394340E-07 0.00000000E+00
2.3515E+04 2.98052445E-07 0.00000000E+00
2.3538E+04 3.13636708E-07 0.00000000E+00
2.3562E+04 3.00588303E-07 0.00000000E+00
2.3586E+04 2.90179418E-07 0.00000000E+00
2.3609E+04 3.07776354E-07 0.00000000E+00
2.3633E+04 3.13908313E-07 0.00000000E+00
2.3656E+04 2.95953949E-07 0.00000000E+00
2.3680E+04 2.97412142E-07 0.00000000E+00
2.3703E+04 3.16844920E-07 0.00000000E+00
2.3727E+04 3.11187070E-07 0.00000000E+00
2.3750E+04 2.95697544E-07 0.00000000E+00
2.3774E+04 3.08515195E-07 0.00000000E+00
2.3798E+04 3.22108137E-07 0.00000000E+00
2.3821E+04 3.07115431E-07 0.00000000E+00
2.3845E+04 3.00436927E-07 0.00000000E+00
2.3868E+04 3.19616558E-07 0.00000000E+00
2.3892E+04 3.22122981E-07 0.00000000E+00
2.3915E+04 3.03935652E-07 0.00000000E+00
2.3939E+04 3.08825256E-07 0.00000000E+00
2.3962E+04 3.26872307E-07 0.00000000E+00
2.3986E+04 3.17461170E-07 0.00000000E+00
2.4010E+04 3.03355041E-07 0.00000000E+00
2.4033E+04 3.17885824E-07 0.00000000E+00
2.4057E+04 3.27763527E-07 0.00000000E+00
2.4080E+04 3.10229054E-07 0.00000000E+00
2.4104E+04 3.05667452E-07 0.00000000E+00
2.4127E+04 3.24019419E-07 0.00000000E+00
2.4151E+04 3.21884947E-07 0.00000000E+00
2.4175E+04 3.03034242E-07 0.00000000E+00
2.4198E+04 3.09503741E-07 0.00000000E+00
2.4222E+04 3.24300279E-07 0.00000000E+00
2.4245E+04 3.10947245E-07 0.00000000E+00
2.4269E+04 2.97841917E-07 0.00000000E+00
2.4292E+04 3.12320123E-07 0.00000000E+00
2.4316E+04 3.17560614E-07 0.00000000E+00
2.4339E+04 2.98022299E-07 0.00000000E+00
2.4363E+04 2.95189560E-07 0.00000000E+00
2.4387E+04 3.11428286E-07 0.00000000E+00
2.4410E+04 3.04845345E-07 0.00000000E+00
2.4434E+04 2.86348768E-07 0.00000000E+00
2.4457E+04 2.94066510E-07 0.00000000E+00
2.4481E+04 3.05148002E-07 0.00000000E+00
2.4504E+04 2.89063886E-07 0.00000000E+00
2.4528E+04 2.78171951E-07 0.00000000E+00
2.4552E+04 2.92483942E-07 0.00000000E+00
2.4575E+04 2.93610366E-07 0.00000000E+00
2.4599E+04 2.73975876E-07 0.00000000E+00
2.4622E+04 2.74058856E-07 0.00000000E+00
2.4646E+04 2.88476431E-07 0.00000000E+00
2.4669E+04 2.78877158E-07 0.00000000E+00
2.4693E+04 2.62900297E-07 0.00000000E+00
2.4716E+04 2.72924943E-07 0.00000000E+00
2.4740E+04 2.81102649E-07 0.00000000E+00
2.4764E+04 2.64312485E-07 0.00000000E+00
2.4787E+04 2.57634498E-07 0.00000000E+00
2.4811E+04 2.72718210E-07 0.00000000E+00
2.4834E+04 2.71017500E-07 0.00000000E+00
2.4858E+04 2.53438008E-07 0.00000000E+00
2.4881E+04 2.57976350E-07 0.00000000E+00
2.4905E+04 2.71446618E-07 0.00000000E+00
2.4929E+04 2.60366590E-07 0.00000000E+00
2.4952E+04 2.48705472E-07 0.00000000E+00
2.4976E+04 2.61999621E-07 0.00000000E+00
2.4999E+04 2.68108625E-07 0.00000000E+00
2.5023E+04 2.52032068E-07 0.00000000E+00
2.5046E+04 2.50651126E-07 0.00000000E+00
2.5070E+04 2.66938355E-07 0.00000000E+00
2.5093E+04 2.63140734E-07 0.00000000E+00
2.5117E+04 2.48523852E-07 0.00000000E+00
2.5141E+04 2.57745976E-07 0.00000000E+00
2.5164E+04 2.70307061E-07 0.00000000E+00
2.5188E+04 2.58204666E-07 0.00000000E+00
2.5211E+04 2.50956105E-07 0.00000000E+00
2.5235E+04 2.66985324E-07 0.00000000E+00
2.5258E+04 2.70808156E-07 0.00000000E+00
2.5282E+04 2.55413081E-07 0.00000000E+00
2.5306E+04 2.58518438E-07 0.00000000E+00
2.5329E+04 2.74978685E-07 0.00000000E+00
2.5353E+04 2.68681781E-07 0.00000000E+00
2.5376E+04 2.56324386E-07 0.00000000E+00
2.5400E+04 2.68658380E-07 0.00000000E+00
2.5423E+04 2.79117410E-07 0.00000000E+00
2.5447E+04 2.65389960E-07 0.00000000E+00
2.5470E+04 2.61131622E-07 0.00000000E+00
2.5494E+04 2.77914235E-07 0.00000000E+00
2.5518E+04 2.78381800E-07 0.00000000E+00
2.5541E+04 2.62799544E-07 0.00000000E+00
2.5565E+04 2.68391661E-07 0.00000000E+00
2.5588E+04 2.83085777E-07 0.00000000E+00
2.5612E+04 2.73504298E-07 0.00000000E+00
2.5635E+04 2.62226886E-07 0.00000000E+00
2.5659E+04 2.75422452E-07 0.00000000E+00
2.5683E+04 2.82302956E-07 0.00000000E+00
2.5706E+04 2.66465398E-07 0.00000000E+00
2.5730E+04 2.63754052E-07 0.00000000E+00
2.5753E+04 2.79226795E-07 0.00000000E+00
2.5777E+04 2.75597943E-07 0.00000000E+00
2.5800E+04 2.59559361E-07 0.00000000E+00
2.5824E+04 2.66106135E-07 0.00000000E+00
2.5847E+04 2.77589030E-07 0.00000000E+00
2.5871E+04 2.64782768E-07 0.00000000E+00
2.5895E+04 2.54425092E-07 0.00000000E+00
2.5918E+04 2.67143121E-07 0.00000000E+00
2.5942E+04 2.69919852E-07 0.00000000E+00
2.5965E+04 2.52703775E-07 0.00000000E+00
2.5989E+04 2.51433878E-07 0.00000000E+00
2.6012E+04 2.64764867E-07 0.00000000E+00
2.6036E+04 2.57521232E-07 0.00000000E+00
2.6060E+04 2.42178539E-07 0.00000000E+00
2.6083E+04 2.49665997E-07 0.00000000E+00
2.6107E+04 2.57856740E-07 0.00000000E+00
2.6130E+04 2.43168049E-07 0.00000000E+00
2.6154E+04 2.35030182E-07 0.00000000E+00
2.6177E+04 2.47460219E-07 0.00000000E+00
2.6201E+04 2.46884106E-07 0.00000000E+00
2.6224E+04 2.30165911E-07 0.00000000E+00
2.6248E+04 2.31578628E-07 0.00000000E+00
2.6272E+04 2.43285169E-07 0.00000000E+00
2.6295E+04 2.33882457E-07 0.00000000E+00
2.6319E+04 2.21242098E-07 0.00000000E+00
2.6342E+04 2.30754622E-07 0.00000000E+00
2.6366E+04 2.36553562E-07 0.00000000E+00
2.6389E+04 2.21829708E-07 0.00000000E+00
2.6413E+04 2.17682716E-07 0.00000000E+00
2.6437E+04 2.30750328E-07 0.00000000E+00
2.6460E+04 2.28028687E-07 0.00000000E+00
2.6484E+04 2.13631847E-07 0.00000000E+00
2.6507E+04 2.19024702E-07 0.00000000E+00
2.6531E+04 2.29911243E-07 0.00000000E+00
2.6554E+04 2.19643349E-07 0.00000000E+00
2.6578E+04 2.11105655E-07 0.00000000E+00
2.6601E+04 2.23390519E-07 0.00000000E+00
2.6625E+04 2.27489694E-07 0.00000000E+00
2.6649E+04 2.13793904E-07 0.00000000E+00
2.6672E+04 2.14343438E-07 0.00000000E+00
2.6696E+04 2.28305170E-07 0.00000000E+00
2.6719E+04 2.23950667E-07 0.00000000E+00
2.6743E+04 2.12387865E-07 0.00000000E+00
2.6766E+04 2.21695809E-07 0.00000000E+00
2.6790E+04 2.31657148E-07 0.00000000E+00
2.6813E+04 2.20714099E-07 0.00000000E+00
2.6837E+04 2.16026481E-07 0.00000000E+00
2.6861E+04 2.30370126E-07 0.00000000E+00
2.6884E+04 2.32424965E-07 0.00000000E+00
2.6908E+04 2.19453733E-07 0.00000000E+00
2.6931E+04 2.23653628E-07 0.00000000E+00
2.6955E+04 2.37408627E-07 0.00000000E+00
2.6978E+04 2.30900740E-07 0.00000000E+00
2.7002E+04 2.21255536E-07 0.00000000E+00
2.7026E+04 2.32820530E-07 0.00000000E+00
2.7049E+04 2.40672850E-07 0.00000000E+00
2.7073E+04 2.28354269E-07 0.00000000E+00
2.7096E+04 2.25995707E-07 0.00000000E+00
2.7120E+04 2.40475510E-07 0.00000000E+00
2.7143E+04 2.39470875E-07 0.00000000E+00
2.7167E+04 2.26308274E-07 0.00000000E+00
2.7190E+04 2.32208394E-07 0.00000000E+00
2.7214E+04 2.43984591E-07 0.00000000E+00
2.7238E+04 2.34613973E-07 0.00000000E+00
2.7261E+04 2.25747143E-07 0.00000000E+00
2.7285E+04 2.37514209E-07 0.00000000E+00
2.7308E+04 2.42001766E-07 0.00000000E+00
2.7332E+04 2.27917128E-07 0.00000000E+00
2.7355E+04 2.26598807E-07 0.00000000E+00
2.7379E+04 2.39453362E-07 0.00000000E+00
2.7403E+04 2.34869656E-07 0.00000000E+00
2.7426E+04 2.21372124E-07 0.00000000E+00
2.7450E+04 2.27708500E-07 0.00000000E+00
2.7473E+04 2.36402892E-07 0.00000000E+00
2.7497E+04 2.24415313E-07 0.00000000E+00
2.7520E+04 2.16338820E-07 0.00000000E+00
2.7544E+04 2.27315391E-07 0.00000000E+00
2.7567E+04 2.28220762E-07 0.00000000E+00
2.7591E+04 2.13238136E-07 0.00000000E+00
2.7615E+04 2.13076470E-07 0.00000000E+00
2.7638E+04 2.23833577E-07 0.00000000E+00
2.7662E+04 2.16364130E-07 0.00000000E+00
2.7685E+04 2.03775683E-07 0.00000000E+00
2.7709E+04 2.10785959E-07 0.00000000E+00
2.7732E+04 2.16612076E-07 0.00000000E+00
2.7756E+04 2.03432075E-07 0.00000000E+00
2.7780E+04 1.97506079E-07 0.00000000E+00
2.7803E+04 2.08119236E-07 0.00000000E+00
2.7827E+04 2.06354297E-07 0.00000000E+00
2.7850E+04 1.92303730E-07 0.00000000E+00
2.7874E+04 1.94577423E-07 0.00000000E+00
2.7897E+04 2.03921417E-07 0.00000000E+00
2.7921E+04 1.95012362E-07 0.00000000E+00
2.7944E+04 1.85194529E-07 0.00000000E+00
2.7968E+04 1.93975757E-07 0.00000000E+00
2.7992E+04 1.97880040E-07 0.00000000E+00
2.8015E+04 1.85180584E-07 0.00000000E+00
2.8039E+04 1.82977981E-07 0.00000000E+00
2.8062E+04 1.94127336E-07 0.00000000E+00
2.8086E+04 1.90799300E-07 0.00000000E+00
2.8109E+04 1.79211538E-07 0.00000000E+00
2.8133E+04 1.85010995E-07 0.00000000E+00
2.8157E+04 1.93664216E-07 0.00000000E+00
2.8180E+04 1.84375114E-07 0.00000000E+00
2.8204E+04 1.78388721E-07 0.00000000E+00
2.8227E+04 1.89502670E-07 0.00000000E+00
2.8251E+04 1.92029308E-07 0.00000000E+00
2.8274E+04 1.80554049E-07 0.00000000E+00
2.8298E+04 1.82468856E-07 0.00000000E+00
2.8321E+04 1.94259024E-07 0.00000000E+00
2.8345E+04 1.89675693E-07 0.00000000E+00
2.8369E+04 1.80731693E-07 0.00000000E+00
2.8392E+04 1.89764313E-07 0.00000000E+00
2.8416E+04 1.97500416E-07 0.00000000E+00
2.8439E+04 1.87790376E-07 0.00000000E+00
2.8463E+04 1.85114828E-07 0.00000000E+00
2.8486E+04 1.97729091E-07 0.00000000E+00
2.8510E+04 1.98435414E-07 0.00000000E+00
2.8534E+04 1.87672068E-07 0.00000000E+00
2.8557E+04 1.92510276E-07 0.00000000E+00
2.8581E+04 2.03822337E-07 0.00000000E+00
2.8604E+04 1.97385994E-07 0.00000000E+00
2.8628E+04 1.90035214E-07 0.00000000E+00
2.8651E+04 2.00636920E-07 0.00000000E+00
2.8675E+04 2.06324664E-07 0.00000000E+00
2.8698E+04 1.95446664E-07 0.00000000E+00
2.8722E+04 1.94541974E-07 0.00000000E+00
2.8746E+04 2.06853105E-07 0.00000000E+00
2.8769E+04 2.04811245E-07 0.00000000E+00
2.8793E+04 1.93847860E-07 0.00000000E+00
2.8816E+04 1.99769872E-07 0.00000000E+00
2.8840E+04 2.09030321E-07 0.00000000E+00
2.8863E+04 2.00127235E-07 0.00000000E+00
2.8887E+04 1.93306984E-07 0.00000000E+00
2.8911E+04 2.03644748E-07 0.00000000E+00
2.8934E+04 2.06248739E-07 0.00000000E+00
2.8958E+04 1.93907627E-07 0.00000000E+00
2.8981E+04 1.93645687E-07 0.00000000E+00
2.9005E+04 2.04178881E-07 0.00000000E+00
2.9028E+04 1.99061047E-07 0.00000000E+00
2.9052E+04 1.87856558E-07 0.00000000E+00
2.9075E+04 1.93834140E-07 0.00000000E+00
2.9099E+04 2.00228675E-07 0.00000000E+00
2.9123E+04 1.89238488E-07 0.00000000E+00
2.9146E+04 1.83083531E-07 0.00000000E+00
2.9170E+04 1.92441933E-07 0.00000000E+00
2.9193E+04 1.91974727E-07 0.00000000E+00
2.9217E+04 1.79109988E-07 0.00000000E+00
2.9240E+04 1.79756051E-07 0.00000000E+00
2.9264E+04 1.88305027E-07 0.00000000E+00
2.9287E+04 1.80933015E-07 0.00000000E+00
2.9311E+04 1.70754675E-07 0.00000000E+00
2.9335E+04 1.77188714E-07 0.00000000E+00
2.9358E+04 1.81127359E-07 0.00000000E+00
2.9382E+04 1.69486527E-07 0.00000000E+00
2.9405E+04 1.65352784E-07 0.00000000E+00
2.9429E+04 1.74306007E-07 0.00000000E+00
2.9452E+04 1.71759870E-07 0.00000000E+00
2.9476E+04 1.60110110E-07 0.00000000E+00
2.9500E+04 1.62925599E-07 0.00000000E+00
2.9523E+04 1.70264345E-07 0.00000000E+00
2.9547E+04 1.62028074E-07 0.00000000E+00
2.9570E+04 1.54575893E-07 0.00000000E+00
2.9594E+04 1.62533956E-07 0.00000000E+00
2.9617E+04 1.64958276E-07 0.00000000E+00
2.9641E+04 1.54159569E-07 0.00000000E+00
2.9664E+04 1.53428720E-07 0.00000000E+00
2.9688E+04 1.62822917E-07 0.00000000E+00
2.9712E+04 1.59188718E-07 0.00000000E+00
2.9735E+04 1.50022849E-07 0.00000000E+00
2.9759E+04 1.55911992E-07 0.00000000E+00
2.9782E+04 1.62669653E-07 0.00000000E+00
2.9806E+04 1.54414255E-07 0.00000000E+00
2.9829E+04 1.50465107E-07 0.00000000E+00
2.9853E+04 1.60348939E-07 0.00000000E+00
2.9877E+04 1.61662509E-07 0.00000000E+00
2.9900E+04 1.52180667E-07 0.00000000E+00
2.9924E+04 1.55000005E-07 0.00000000E+00
2.9947E+04 1.64812498E-07 0.00000000E+00
2.9971E+04 1.60220177E-07 0.00000000E+00
2.9994E+04 1.53458519E-07 0.00000000E+00
3.0018E+04 1.61962310E-07 0.00000000E+00
3.0041E+04 1.67815350E-07 0.00000000E+00
3.0065E+04 1.59315535E-07 0.00000000E+00
3.0089E+04 1.58159947E-07 0.00000000E+00
3.0112E+04 1.69068372E-07 0.00000000E+00
3.0136E+04 1.68757894E-07 0.00000000E+00
3.0159E+04 1.59934569E-07 0.00000000E+00
3.0183E+04 1.65037875E-07 0.00000000E+00
3.0206E+04 1.74169875E-07 0.00000000E+00
3.0230E+04 1.67980211E-07 0.00000000E+00
3.0254E+04 1.62509943E-07 0.00000000E+00
3.0277E+04 1.72021740E-07 0.00000000E+00
3.0301E+04 1.75921289E-07 0.00000000E+00
3.0324E+04 1.66428500E-07 0.00000000E+00
3.0348E+04 1.66578109E-07 0.00000000E+00
3.0371E+04 1.76873084E-07 0.00000000E+00
3.0395E+04 1.74123337E-07 0.00000000E+00
3.0418E+04 1.65100353E-07 0.00000000E+00
3.0442E+04 1.70816160E-07 0.00000000E+00
3.0466E+04 1.77919730E-07 0.00000000E+00
3.0489E+04 1.69636497E-07 0.00000000E+00
3.0513E+04 1.64515585E-07 0.00000000E+00
3.0536E+04 1.73458464E-07 0.00000000E+00
3.0560E+04 1.74597231E-07 0.00000000E+00
3.0583E+04 1.63926390E-07 0.00000000E+00
3.0607E+04 1.64439352E-07 0.00000000E+00
3.0631E+04 1.72937067E-07 0.00000000E+00
3.0654E+04 1.67601393E-07 0.00000000E+00
3.0678E+04 1.58440430E-07 0.00000000E+00
3.0701E+04 1.63972585E-07 0.00000000E+00
3.0725E+04 1.68496393E-07 0.00000000E+00
3.0748E+04 1.58605145E-07 0.00000000E+00
3.0772E+04 1.54069436E-07 0.00000000E+00
3.0795E+04 1.61968365E-07 0.00000000E+00
3.0819E+04 1.60538875E-07 0.00000000E+00
3.0843E+04 1.49657304E-07 0.00000000E+00
3.0866E+04 1.50900343E-07 0.00000000E+00
3.0890E+04 1.57595789E-07 0.00000000E+00
3.0913E+04 1.50560653E-07 0.00000000E+00
3.0937E+04 1.42495904E-07 0.00000000E+00
3.0960E+04 1.48338746E-07 0.00000000E+00
3.0984E+04 1.50810265E-07 0.00000000E+00
3.1008E+04 1.40694122E-07 0.00000000E+00
3.1031E+04 1.38031145E-07 0.00000000E+00
3.1055E+04 1.45525866E-07 0.00000000E+00
3.1078E+04 1.42525252E-07 0.00000000E+00
3.1102E+04 1.33024377E-07 0.00000000E+00
3.1125E+04 1.36176633E-07 0.00000000E+00
3.1149E+04 1.41855973E-07 0.00000000E+00
3.1172E+04 1.34399944E-07 0.00000000E+00
3.1196E+04 1.28930843E-07 0.00000000E+00
3.1220E+04 1.36065045E-07 0.00000000E+00
3.1243E+04 1.37364037E-07 0.00000000E+00
3.1267E+04 1.28311544E-07 0.00000000E+00
3.1290E+04 1.28691726E-07 0.00000000E+00
3.1314E+04 1.36533574E-07 0.00000000E+00
3.1337E+04 1.32812131E-07 0.00000000E+00
3.1361E+04 1.25707826E-07 0.00000000E+00
3.1385E+04 1.31484482E-07 0.00000000E+00
3.1408E+04 1.36664956E-07 0.00000000E+00
3.1432E+04 1.29431338E-07 0.00000000E+00
3.1455E+04 1.27085458E-07 0.00000000E+00
3.1479E+04 1.35762871E-07 0.00000000E+00
3.1502E+04 1.36159311E-07 0.00000000E+00
3.1526E+04 1.28420791E-07 0.00000000E+00
3.1549E+04 1.31792813E-07 0.00000000E+00
3.1573E+04 1.39850620E-07 0.00000000E+00
3.1597E+04 1.35391822E-07 0.00000000E+00
3.1620E+04 1.30408094E-07 0.00000000E+00
3.1644E+04 1.38232256E-07 0.00000000E+00
3.1667E+04 1.42517712E-07 0.00000000E+00
3.1691E+04 1.35147005E-07 0.00000000E+00
3.1714E+04 1.35095019E-07 0.00000000E+00
3.1738E+04 1.44385278E-07 0.00000000E+00
3.1762E+04 1.43324512E-07 0.00000000E+00
3.1785E+04 1.36155907E-07 0.00000000E+00
3.1809E+04 1.41241516E-07 0.00000000E+00
3.1832E+04 1.48464000E-07 0.00000000E+00
3.1856E+04 1.42620964E-07 0.00000000E+00
3.1879E+04 1.38643419E-07 0.00000000E+00
3.1903E+04 1.47008810E-07 0.00000000E+00
3.1926E+04 1.49450313E-07 0.00000000E+00
3.1950E+04 1.41230100E-07 0.00000000E+00
3.1974E+04 1.42087327E-07 0.00000000E+00
3.1997E+04 1.50541501E-07 0.00000000E+00
3.2021E+04 1.47334011E-07 0.00000000E+00
3.2044E+04 1.39969648E-07 0.00000000E+00
3.2068E+04 1.45302327E-07 0.00000000E+00
3.2091E+04 1.50574871E-07 0.00000000E+00
3.2115E+04 1.42981948E-07 0.00000000E+00
3.2138E+04 1.39223715E-07 0.00000000E+00
3.2162E+04 1.46827741E-07 0.00000000E+00
3.2186E+04 1.46843536E-07 0.00000000E+00
3.2209E+04 1.37712678E-07 0.00000000E+00
3.2233E+04 1.38746971E-07 0.00000000E+00
3.2256E+04 1.45471762E-07 0.00000000E+00
3.2280E+04 1.40143946E-07 0.00000000E+00
3.2303E+04 1.32759097E-07 0.00000000E+00
3.2327E+04 1.37780758E-07 0.00000000E+00
3.2351E+04 1.40798276E-07 0.00000000E+00
3.2374E+04 1.32035219E-07 0.00000000E+00
3.2398E+04 1.28834258E-07 0.00000000E+00
3.2421E+04 1.35427324E-07 0.00000000E+00
3.2445E+04 1.33361024E-07 0.00000000E+00
3.2468E+04 1.24298046E-07 0.00000000E+00
3.2492E+04 1.25962373E-07 0.00000000E+00
3.2515E+04 1.31119395E-07 0.00000000E+00
3.2539E+04 1.24586092E-07 0.00000000E+00
3.2563E+04 1.18357510E-07 0.00000000E+00
3.2586E+04 1.23621968E-07 0.00000000E+00
3.2610E+04 1.24981369E-07 0.00000000E+00
3.2633E+04 1.16338926E-07 0.00000000E+00
3.2657E+04 1.14880467E-07 0.00000000E+00
3.2680E+04 1.21118885E-07 0.00000000E+00
3.2704E+04 1.17921154E-07 0.00000000E+00
3.2728E+04 1.10332749E-07 0.00000000E+00
3.2751E+04 1.13682076E-07 0.00000000E+00
3.2775E+04 1.18015405E-07 0.00000000E+00
3.2798E+04 1.11400195E-07 0.00000000E+00
3.2822E+04 1.07594282E-07 0.00000000E+00
3.2845E+04 1.13951178E-07 0.00000000E+00
3.2869E+04 1.14423921E-07 0.00000000E+00
3.2892E+04 1.06959283E-07 0.00000000E+00
3.2916E+04 1.08178098E-07 0.00000000E+00
3.2940E+04 1.14680821E-07 0.00000000E+00
3.2963E+04 1.11034713E-07 0.00000000E+00
3.2987E+04 1.05677228E-07 0.00000000E+00
3.3010E+04 1.11223571E-07 0.00000000E+00
3.3034E+04 1.15116777E-07 0.00000000E+00
3.3057E+04 1.08861230E-07 0.00000000E+00
3.3081E+04 1.07768936E-07 0.00000000E+00
3.3105E+04 1.15317684E-07 0.00000000E+00
3.3128E+04 1.15040553E-07 0.00000000E+00
3.3152E+04 1.08805827E-07 0.00000000E+00
3.3175E+04 1.12477719E-07 0.00000000E+00
3.3199E+04 1.19014248E-07 0.00000000E+00
3.3222E+04 1.14780370E-07 0.00000000E+00
3.3246E+04 1.11225741E-07 0.00000000E+00
3.3269E+04 1.18304757E-07 0.00000000E+00
3.3293E+04 1.21308690E-07 0.00000000E+00
3.3317E+04 1.14960759E-07 0.00000000E+00
3.3340E+04 1.15682532E-07 0.00000000E+00
3.3364E+04 1.23491062E-07 0.00000000E+00
3.3387E+04 1.21895465E-07 0.00000000E+00
3.3411E+04 1.16110678E-07 0.00000000E+00
3.3434E+04 1.20987428E-07 0.00000000E+00
3.3458E+04 1.26573880E-07 0.00000000E+00
3.3482E+04 1.21129042E-07 0.00000000E+00
3.3505E+04 1.18307483E-07 0.00000000E+00
3.3529E+04 1.25538720E-07 0.00000000E+00
3.3552E+04 1.26815943E-07 0.00000000E+00
3.3576E+04 1.19730080E-07 0.00000000E+00
3.3599E+04 1.21017461E-07 0.00000000E+00
3.3623E+04 1.27832150E-07 0.00000000E+00
3.3646E+04 1.24359944E-07 0.00000000E+00
3.3670E+04 1.18377465E-07 0.00000000E+00
3.3694E+04 1.23210912E-07 0.00000000E+00
3.3717E+04 1.26956661E-07 0.00000000E+00
3.3741E+04 1.20069243E-07 0.00000000E+00
3.3764E+04 1.17365614E-07 0.00000000E+00
3.3788E+04 1.23715254E-07 0.00000000E+00
3.3811E+04 1.22892507E-07 0.00000000E+00
3.3835E+04 1.15135454E-07 0.00000000E+00
3.3859E+04 1.16471251E-07 0.00000000E+00
3.3882E+04 1.21669855E-07 0.00000000E+00
3.3906E+04 1.16504033E-07 0.00000000E+00
3.3929E+04 1.10617404E-07 0.00000000E+00
3.3953E+04 1.15081037E-07 0.00000000E+00
3.3976E+04 1.16901482E-07 0.00000000E+00
3.4000E+04 1.09235004E-07 0.00000000E+00
3.4023E+04 1.07092447E-07 0.00000000E+00
3.4047E+04 1.12519666E-07 0.00000000E+00
3.4071E+04 1.10066899E-07 0.00000000E+00
3.4094E+04 1.02624838E-07 0.00000000E+00
3.4118E+04 1.04546073E-07 0.00000000E+00
3.4141E+04 1.08433257E-07 0.00000000E+00
3.4165E+04 1.02498037E-07 0.00000000E+00
3.4188E+04 9.78266206E-08 0.00000000E+00
3.4212E+04 1.02523390E-07 0.00000000E+00
3.4236E+04 1.03058765E-07 0.00000000E+00
3.4259E+04 9.57996486E-08 0.00000000E+00
3.4283E+04 9.52995704E-08 0.00000000E+00
3.4306E+04 1.00458554E-07 0.00000000E+00
3.4330E+04 9.72559340E-08 0.00000000E+00
3.4353E+04 9.13443218E-08 0.00000000E+00
3.4377E+04 9.47746725E-08 0.00000000E+00
3.4400E+04 9.80287088E-08 0.00000000E+00
3.4424E+04 9.22747330E-08 0.00000000E+00
3.4448E+04 8.98480784E-08 0.00000000E+00
3.4471E+04 9.54833896E-08 0.00000000E+00
3.4495E+04 9.53743178E-08 0.00000000E+00
3.4518E+04 8.93391335E-08 0.00000000E+00
3.4542E+04 9.11774696E-08 0.00000000E+00
3.4565E+04 9.65391872E-08 0.00000000E+00
3.4589E+04 9.30881949E-08 0.00000000E+00
3.4612E+04 8.92040493E-08 0.00000000E+00
3.4636E+04 9.44497193E-08 0.00000000E+00
3.4660E+04 9.73090343E-08 0.00000000E+00
3.4683E+04 9.19752130E-08 0.00000000E+00
3.4707E+04 9.18562230E-08 0.00000000E+00
3.4730E+04 9.83768566E-08 0.00000000E+00
3.4754E+04 9.76261193E-08 0.00000000E+00
3.4777E+04 9.26824559E-08 0.00000000E+00
3.4801E+04 9.64765027E-08 0.00000000E+00
3.4825E+04 1.01716194E-07 0.00000000E+00
3.4848E+04 9.77678917E-08 0.00000000E+00
3.4872E+04 9.53558489E-08 0.00000000E+00
3.4895E+04 1.01681836E-07 0.00000000E+00
3.4919E+04 1.03656609E-07 0.00000000E+00
3.4942E+04 9.82242160E-08 0.00000000E+00
3.4966E+04 9.94716022E-08 0.00000000E+00
3.4989E+04 1.05959624E-07 0.00000000E+00
3.5013E+04 1.04003912E-07 0.00000000E+00
3.5037E+04 9.93676327E-08 0.00000000E+00
3.5060E+04 1.03922679E-07 0.00000000E+00
3.5084E+04 1.08136088E-07 0.00000000E+00
3.5107E+04 1.03113781E-07 0.00000000E+00
3.5131E+04 1.01176599E-07 0.00000000E+00
3.5154E+04 1.07339585E-07 0.00000000E+00
3.5178E+04 1.07710993E-07 0.00000000E+00
3.5202E+04 1.01622116E-07 0.00000000E+00
3.5225E+04 1.03138386E-07 0.00000000E+00
3.5249E+04 1.08531493E-07 0.00000000E+00
3.5272E+04 1.04945766E-07 0.00000000E+00
3.5296E+04 1.00099810E-07 0.00000000E+00
3.5319E+04 1.04381946E-07 0.00000000E+00
3.5343E+04 1.06884995E-07 0.00000000E+00
3.5366E+04 1.00688112E-07 0.00000000E+00
3.5390E+04 9.87820273E-08 0.00000000E+00
3.5414E+04 1.03994191E-07 0.00000000E+00
3.5437E+04 1.02572549E-07 0.00000000E+00
3.5461E+04 9.60153106E-08 0.00000000E+00
3.5484E+04 9.74836689E-08 0.00000000E+00
3.5508E+04 1.01395218E-07 0.00000000E+00
3.5531E+04 9.64945096E-08 0.00000000E+00
3.5555E+04 9.18419438E-08 0.00000000E+00
3.5579E+04 9.57301143E-08 0.00000000E+00
3.5602E+04 9.66203669E-08 0.00000000E+00
3.5626E+04 8.99789301E-08 0.00000000E+00
3.5649E+04 8.86423700E-08 0.00000000E+00
3.5673E+04 9.30399313E-08 0.00000000E+00
3.5696E+04 9.03905802E-08 0.00000000E+00
3.5720E+04 8.43526146E-08 0.00000000E+00
3.5743E+04 8.63839959E-08 0.00000000E+00
3.5767E+04 8.92318741E-08 0.00000000E+00
3.5791E+04 8.39336027E-08 0.00000000E+00
3.5814E+04 8.05409947E-08 0.00000000E+00
3.5838E+04 8.46778365E-08 0.00000000E+00
3.5861E+04 8.46177186E-08 0.00000000E+00
3.5885E+04 7.86148351E-08 0.00000000E+00
3.5908E+04 7.88372566E-08 0.00000000E+00
3.5932E+04 8.30646825E-08 0.00000000E+00
3.5956E+04 7.99890754E-08 0.00000000E+00
3.5979E+04 7.55101102E-08 0.00000000E+00
3.6003E+04 7.89111809E-08 0.00000000E+00
3.6026E+04 8.13035914E-08 0.00000000E+00
3.6050E+04 7.63908383E-08 0.00000000E+00
3.6073E+04 7.50747138E-08 0.00000000E+00
3.6097E+04 8.00340885E-08 0.00000000E+00
3.6120E+04 7.95340048E-08 0.00000000E+00
3.6144E+04 7.47619842E-08 0.00000000E+00
3.6168E+04 7.70256894E-08 0.00000000E+00
3.6191E+04 8.14155323E-08 0.00000000E+00
3.6215E+04 7.82402341E-08 0.00000000E+00
3.6238E+04 7.55805983E-08 0.00000000E+00
3.6262E+04 8.04732054E-08 0.00000000E+00
3.6285E+04 8.25110348E-08 0.00000000E+00
3.6309E+04 7.80328720E-08 0.00000000E+00
3.6333E+04 7.86519058E-08 0.00000000E+00
3.6356E+04 8.42438084E-08 0.00000000E+00
3.6380E+04 8.31809337E-08 0.00000000E+00
3.6403E+04 7.93404566E-08 0.00000000E+00
3.6427E+04 8.31251766E-08 0.00000000E+00
3.6450E+04 8.72698843E-08 0.00000000E+00
3.6474E+04 8.36480011E-08 0.00000000E+00
3.6497E+04 8.21444788E-08 0.00000000E+00
3.6521E+04 8.77387835E-08 0.00000000E+00
3.6545E+04 8.89013633E-08 0.00000000E+00
3.6568E+04 8.42873791E-08 0.00000000E+00
3.6592E+04 8.58757506E-08 0.00000000E+00
3.6615E+04 9.12065853E-08 0.00000000E+00
3.6639E+04 8.90331429E-08 0.00000000E+00
3.6662E+04 8.53514468E-08 0.00000000E+00
3.6686E+04 8.95266692E-08 0.00000000E+00
3.6710E+04 9.26067219E-08 0.00000000E+00
3.6733E+04 8.80184206E-08 0.00000000E+00
3.6757E+04 8.67570387E-08 0.00000000E+00
3.6780E+04 9.19477469E-08 0.00000000E+00
3.6804E+04 9.16355089E-08 0.00000000E+00
3.6827E+04 8.64227704E-08 0.00000000E+00
3.6851E+04 8.80338900E-08 0.00000000E+00
3.6874E+04 9.22224859E-08 0.00000000E+00
3.6898E+04 8.86427727E-08 0.00000000E+00
3.6922E+04 8.47327985E-08 0.00000000E+00
3.6945E+04 8.84638803E-08 0.00000000E+00
3.6969E+04 8.99817391E-08 0.00000000E+00
3.6992E+04 8.44487643E-08 0.00000000E+00
3.7016E+04 8.31441619E-08 0.00000000E+00
3.7039E+04 8.73593252E-08 0.00000000E+00
3.7063E+04 8.55399244E-08 0.00000000E+00
3.7087E+04 8.00235636E-08 0.00000000E+00
3.7110E+04 8.15139060E-08 0.00000000E+00
3.7134E+04 8.43684272E-08 0.00000000E+00
3.7157E+04 7.98021352E-08 0.00000000E+00
3.7181E+04 7.61565103E-08 0.00000000E+00
3.7204E+04 7.94890931E-08 0.00000000E+00
3.7228E+04 7.96812719E-08 0.00000000E+00
3.7251E+04 7.39768732E-08 0.00000000E+00
3.7275E+04 7.32387305E-08 0.00000000E+00
3.7299E+04 7.67479561E-08 0.00000000E+00
3.7322E+04 7.40462419E-08 0.00000000E+00
3.7346E+04 6.92003225E-08 0.00000000E+00
3.7369E+04 7.12298544E-08 0.00000000E+00
3.7393E+04 7.32421713E-08 0.00000000E+00
3.7416E+04 6.85796820E-08 0.00000000E+00
3.7440E+04 6.62075681E-08 0.00000000E+00
3.7463E+04 6.98026991E-08 0.00000000E+00
3.7487E+04 6.93281737E-08 0.00000000E+00
3.7511E+04 6.44319850E-08 0.00000000E+00
3.7534E+04 6.51635329E-08 0.00000000E+00
3.7558E+04 6.85885456E-08 0.00000000E+00
3.7581E+04 6.57214181E-08 0.00000000E+00
3.7605E+04 6.24292524E-08 0.00000000E+00
3.7628E+04 6.57018256E-08 0.00000000E+00
3.7652E+04 6.74088180E-08 0.00000000E+00
3.7676E+04 6.32809820E-08 0.00000000E+00
3.7699E+04 6.28195563E-08 0.00000000E+00
3.7723E+04 6.71394295E-08 0.00000000E+00
3.7746E+04 6.63901682E-08 0.00000000E+00
3.7770E+04 6.27029634E-08 0.00000000E+00
3.7793E+04 6.52132167E-08 0.00000000E+00
3.7817E+04 6.87708828E-08 0.00000000E+00
3.7840E+04 6.59133007E-08 0.00000000E+00
3.7864E+04 6.42410895E-08 0.00000000E+00
3.7888E+04 6.87334703E-08 0.00000000E+00
3.7911E+04 7.01218074E-08 0.00000000E+00
3.7935E+04 6.64186704E-08 0.00000000E+00
3.7958E+04 6.75658521E-08 0.00000000E+00
3.7982E+04 7.23162585E-08 0.00000000E+00
3.8005E+04 7.10661405E-08 0.00000000E+00
3.8029E+04 6.81544072E-08 0.00000000E+00
3.8053E+04 7.18222299E-08 0.00000000E+00
3.8076E+04 7.50456206E-08 0.00000000E+00
3.8100E+04 7.17727463E-08 0.00000000E+00
3.8123E+04 7.09781998E-08 0.00000000E+00
3.8147E+04 7.58710196E-08 0.00000000E+00
3.8170E+04 7.64037686E-08 0.00000000E+00
3.8194E+04 7.25194459E-08 0.00000000E+00
3.8217E+04 7.43049537E-08 0.00000000E+00
3.8241E+04 7.86295145E-08 0.00000000E+00
3.8265E+04 7.63537781E-08 0.00000000E+00
3.8288E+04 7.34664840E-08 0.00000000E+00
3.8312E+04 7.72341289E-08 0.00000000E+00
3.8335E+04 7.93906435E-08 0.00000000E+00
3.8359E+04 7.52413010E-08 0.00000000E+00
3.8382E+04 7.44957153E-08 0.00000000E+00
3.8406E+04 7.88182449E-08 0.00000000E+00
3.8430E+04 7.80094539E-08 0.00000000E+00
3.8453E+04 7.35720145E-08 0.00000000E+00
3.8477E+04 7.51915057E-08 0.00000000E+00
3.8500E+04 7.83761760E-08 0.00000000E+00
3.8524E+04 7.48973765E-08 0.00000000E+00
3.8547E+04 7.17660280E-08 0.00000000E+00
3.8571E+04 7.49776878E-08 0.00000000E+00
3.8594E+04 7.57345835E-08 0.00000000E+00
3.8618E+04 7.08372600E-08 0.00000000E+00
3.8642E+04 6.99925598E-08 0.00000000E+00
3.8665E+04 7.33575056E-08 0.00000000E+00
3.8689E+04 7.13060662E-08 0.00000000E+00
3.8712E+04 6.66972237E-08 0.00000000E+00
3.8736E+04 6.81485970E-08 0.00000000E+00
3.8759E+04 7.01578940E-08 0.00000000E+00
3.8783E+04 6.59732303E-08 0.00000000E+00
3.8807E+04 6.31541194E-08 0.00000000E+00
3.8830E+04 6.59812600E-08 0.00000000E+00
3.8854E+04 6.56741027E-08 0.00000000E+00
3.8877E+04 6.08199909E-08 0.00000000E+00
3.8901E+04 6.05262674E-08 0.00000000E+00
3.8924E+04 6.32918380E-08 0.00000000E+00
3.8948E+04 6.06476830E-08 0.00000000E+00
3.8971E+04 5.68069491E-08 0.00000000E+00
3.8995E+04 5.87661210E-08 0.00000000E+00
3.9019E+04 6.01250095E-08 0.00000000E+00
3.9042E+04 5.60753154E-08 0.00000000E+00
3.9066E+04 5.45055323E-08 0.00000000E+00
3.9089E+04 5.75972647E-08 0.00000000E+00
3.9113E+04 5.68531738E-08 0.00000000E+00
3.9136E+04 5.29121716E-08 0.00000000E+00
3.9160E+04 5.39797160E-08 0.00000000E+00
3.9184E+04 5.67235043E-08 0.00000000E+00
3.9207E+04 5.41099093E-08 0.00000000E+00
3.9231E+04 5.17752977E-08 0.00000000E+00
3.9254E+04 5.48456890E-08 0.00000000E+00
3.9278E+04 5.60129453E-08 0.00000000E+00
3.9301E+04 5.25900185E-08 0.00000000E+00
3.9325E+04 5.27536035E-08 0.00000000E+00
3.9348E+04 5.64723326E-08 0.00000000E+00
3.9372E+04 5.55757983E-08 0.00000000E+00
3.9396E+04 5.27904973E-08 0.00000000E+00
3.9419E+04 5.53913582E-08 0.00000000E+00
3.9443E+04 5.82352458E-08 0.00000000E+00
3.9466E+04 5.57035340E-08 0.00000000E+00
3.9490E+04 5.47940678E-08 0.00000000E+00
3.9513E+04 5.88474988E-08 0.00000000E+00
3.9537E+04 5.97231260E-08 0.00000000E+00
3.9561E+04 5.66982249E-08 0.00000000E+00
3.9584E+04 5.81836650E-08 0.00000000E+00
3.9608E+04 6.21688836E-08 0.00000000E+00
3.9631E+04 6.08216280E-08 0.00000000E+00
3.9655E+04 5.86691738E-08 0.00000000E+00
3.9678E+04 6.21277421E-08 0.00000000E+00
3.9702E+04 6.45765389E-08 0.00000000E+00
3.9725E+04 6.16544398E-08 0.00000000E+00
3.9749E+04 6.13896647E-08 0.00000000E+00
3.9773E+04 6.56116909E-08 0.00000000E+00
3.9796E+04 6.56642724E-08 0.00000000E+00
3.9820E+04 6.24213913E-08 0.00000000E+00
3.9843E+04 6.42836920E-08 0.00000000E+00
3.9867E+04 6.77354267E-08 0.00000000E+00
3.9890E+04 6.54474123E-08 0.00000000E+00
3.9914E+04 6.32146526E-08 0.00000000E+00
3.9937E+04 6.65603521E-08 0.00000000E+00
3.9961E+04 6.79726925E-08 0.00000000E+00
3.9985E+04 6.42596850E-08 0.00000000E+00
