# Freq_range	Reflection	Transmission
0.060000	0.178153	1.033874
0.060080	0.186691	1.049653
0.060160	0.187162	0.975190
0.060240	0.206447	0.900638
0.060320	0.241423	0.909798
0.060400	0.262684	0.945738
0.060480	0.263181	0.911056
0.060561	0.270858	0.827264
0.060641	0.302405	0.792966
0.060721	0.334597	0.820509
0.060801	0.342297	0.821769
0.060881	0.340619	0.756596
0.060961	0.360099	0.694466
0.061041	0.395495	0.695568
0.061121	0.414075	0.714634
0.061201	0.410201	0.681043
0.061281	0.414848	0.614438
0.061361	0.443762	0.587032
0.061441	0.471049	0.603646
0.061522	0.472539	0.598633
0.061602	0.466173	0.546786
0.061682	0.481722	0.501315
0.061762	0.510924	0.502447
0.061842	0.521678	0.513296
0.061922	0.511968	0.484944
0.062002	0.512838	0.436530
0.062082	0.536059	0.419512
0.062162	0.554818	0.431954
0.062242	0.549225	0.425348
0.062322	0.539436	0.386629
0.062402	0.551210	0.356978
0.062482	0.572799	0.361075
0.062563	0.575457	0.367989
0.062643	0.561916	0.345330
0.062723	0.561099	0.312181
0.062803	0.579164	0.304481
0.062883	0.589838	0.315127
0.062963	0.579252	0.308369
0.063043	0.568840	0.280184
0.063123	0.578547	0.262815
0.063203	0.593535	0.269540
0.063283	0.590056	0.274011
0.063363	0.575500	0.255981
0.063443	0.575133	0.234218
0.063524	0.589279	0.233229
0.063604	0.593564	0.242490
0.063684	0.580542	0.235819
0.063764	0.571677	0.215484
0.063844	0.580484	0.206829
0.063924	0.590145	0.215046
0.064004	0.582694	0.217646
0.064084	0.569209	0.203183
0.064164	0.570311	0.189639
0.064244	0.581278	0.193053
0.064324	0.580801	0.200949
0.064404	0.567305	0.194462
0.064484	0.560960	0.180021
0.064565	0.569118	0.177445
0.064645	0.574399	0.186287
0.064725	0.564698	0.187470
0.064805	0.553350	0.175924
0.064885	0.555895	0.168457
0.064965	0.563910	0.174752
0.065045	0.559956	0.181450
0.065125	0.547176	0.175391
0.065205	0.543329	0.165645
0.065285	0.550473	0.167503
0.065365	0.552034	0.176613
0.065445	0.541266	0.176944
0.065526	0.532251	0.168083
0.065606	0.535545	0.165442
0.065686	0.540567	0.173879
0.065766	0.534075	0.179833
0.065846	0.522482	0.174656
0.065926	0.520412	0.169051
0.066006	0.525878	0.174569
0.066086	0.524172	0.184133
0.066166	0.512964	0.184396
0.066246	0.505768	0.178398
0.066326	0.508730	0.180128
0.066406	0.510575	0.190724
0.066486	0.502088	0.196790
0.066567	0.491455	0.193274
0.066647	0.489924	0.191907
0.066727	0.492870	0.201178
0.066807	0.488083	0.212048
0.066887	0.476419	0.213448
0.066967	0.469862	0.211054
0.067047	0.471099	0.217587
0.067127	0.469369	0.231281
0.067207	0.458873	0.238991
0.067287	0.448199	0.238524
0.067367	0.445444	0.242371
0.067447	0.444766	0.256598
0.067528	0.436612	0.270638
0.067608	0.423661	0.275209
0.067688	0.415827	0.278080
0.067768	0.413533	0.291057
0.067848	0.407410	0.310108
0.067928	0.394138	0.322156
0.068008	0.381564	0.327178
0.068088	0.375251	0.338428
0.068168	0.369458	0.360257
0.068248	0.357086	0.380757
0.068328	0.341278	0.391723
0.068408	0.329699	0.402584
0.068488	0.321844	0.424812
0.068569	0.310360	0.452711
0.068649	0.293329	0.472776
0.068729	0.276978	0.486255
0.068809	0.265176	0.507265
0.068889	0.253523	0.539334
0.068969	0.237053	0.569282
0.069049	0.218189	0.588859
0.069129	0.202388	0.608416
0.069209	0.189500	0.639776
0.069289	0.174745	0.676401
0.069369	0.156750	0.703703
0.069449	0.139443	0.722733
0.069530	0.125682	0.748241
0.069610	0.113357	0.784118
0.069690	0.099459	0.816476
0.069770	0.084850	0.835836
0.069850	0.072595	0.852200
0.069930	0.063403	0.878333
0.070010	0.055217	0.908558
0.070090	0.046684	0.927640
0.070170	0.038891	0.935243
0.070250	0.033433	0.946174
0.070330	0.030222	0.966189
0.070410	0.027860	0.982740
0.070490	0.025465	0.985475
0.070571	0.023511	0.983031
0.070651	0.022915	0.989076
0.070731	0.023641	1.000549
0.070811	0.024510	1.003240
0.070891	0.024537	0.995224
0.070971	0.024108	0.990134
0.071051	0.024244	0.995401
0.071131	0.024838	1.000922
0.071211	0.024581	0.996089
0.071291	0.022841	0.987214
0.071371	0.020565	0.987391
0.071451	0.018700	0.995683
0.071532	0.016712	0.999214
0.071612	0.013670	0.994249
0.071692	0.010021	0.992066
0.071772	0.007022	1.000601
0.071852	0.004978	1.011737
0.071932	0.003467	1.014367
0.072012	0.003054	1.011743
0.072092	0.005209	1.015395
0.072172	0.010546	1.025881
0.072252	0.018875	1.031199
0.072332	0.031219	1.024871
0.072412	0.049829	1.014629
0.072492	0.075485	1.008439
0.072573	0.106795	1.000623
0.072653	0.143356	0.979857
0.072733	0.187372	0.945822
0.072813	0.240012	0.908477
0.072893	0.298035	0.872080
0.072973	0.357036	0.829453
0.073053	0.416764	0.774633
0.073133	0.479488	0.713320
0.073213	0.543429	0.655259
0.073293	0.602335	0.601349
0.073373	0.652951	0.545241
0.073453	0.698583	0.485540
0.073534	0.742402	0.429082
0.073614	0.781076	0.381166
0.073694	0.809460	0.338804
0.073774	0.829039	0.296819
0.073854	0.846065	0.256176
0.073934	0.861989	0.221800
0.074014	0.871827	0.194507
0.074094	0.873263	0.170035
0.074174	0.871483	0.145769
0.074254	0.871569	0.124016
0.074334	0.871007	0.107352
0.074414	0.864751	0.094205
0.074494	0.854386	0.081388
0.074575	0.846090	0.068779
0.074655	0.840874	0.058674
0.074735	0.833479	0.051561
0.074815	0.821685	0.045308
0.074895	0.810323	0.038557
0.074975	0.803342	0.032469
0.075055	0.797430	0.028341
0.075135	0.787905	0.025375
0.075215	0.776768	0.022057
0.075295	0.769309	0.018493
0.075375	0.765193	0.015893
0.075455	0.759185	0.014402
0.075536	0.750145	0.012927
0.075616	0.742903	0.010958
0.075696	0.739959	0.009242
0.075776	0.737273	0.008361
0.075856	0.731233	0.007776
0.075936	0.724784	0.006790
0.076016	0.722277	0.005659
0.076096	0.721995	0.005028
0.076176	0.719145	0.004812
0.076256	0.714066	0.004398
0.076336	0.711543	0.003687
0.076416	0.712522	0.003180
0.076496	0.712509	0.003076
0.076577	0.709305	0.002965
0.076657	0.706722	0.002559
0.076737	0.707939	0.002144
0.076817	0.710021	0.002042
0.076897	0.708999	0.002068
0.076977	0.706673	0.001877
0.077057	0.707437	0.001552
0.077137	0.710670	0.001420
0.077217	0.711826	0.001482
0.077297	0.710276	0.001435
0.077377	0.710334	0.001203
0.077457	0.713770	0.001043
0.077538	0.716758	0.001086
0.077618	0.716497	0.001124
0.077698	0.716019	0.000985
0.077778	0.718902	0.000816
0.077858	0.723083	0.000815
0.077938	0.724438	0.000890
0.078018	0.723901	0.000833
0.078098	0.725812	0.000679
0.078178	0.730393	0.000630
0.078258	0.733376	0.000704
0.078338	0.733390	0.000713
0.078418	0.734308	0.000594
0.078498	0.738520	0.000509
0.078579	0.742804	0.000556
0.078659	0.743910	0.000607
0.078739	0.744176	0.000537
0.078819	0.747455	0.000434
0.078899	0.752441	0.000441
0.078979	0.754942	0.000508
0.079059	0.755135	0.000488
0.079139	0.757244	0.000390
0.079219	0.762213	0.000357
0.079299	0.766078	0.000416
0.079379	0.766838	0.000439
0.079459	0.767911	0.000365
0.079540	0.772201	0.000302
0.079620	0.777066	0.000336
0.079700	0.778903	0.000385
0.079780	0.779389	0.000346
0.079860	0.782563	0.000271
0.079940	0.787825	0.000272
0.080020	0.790977	0.000327
0.080100	0.791504	0.000325
0.080180	0.793457	0.000256
0.080260	0.798429	0.000225
0.080340	0.802791	0.000270
0.080420	0.803987	0.000298
0.080501	0.804964	0.000249
0.080581	0.809059	0.000197
0.080661	0.814210	0.000219
0.080741	0.816531	0.000263
0.080821	0.817053	0.000242
0.080901	0.819934	0.000184
0.080981	0.825248	0.000178
0.081061	0.828849	0.000224
0.081141	0.829566	0.000232
0.081221	0.831236	0.000181
0.081301	0.836047	0.000151
0.081381	0.840740	0.000184
0.081461	0.842256	0.000213
0.081542	0.843048	0.000181
0.081622	0.846832	0.000136
0.081702	0.852133	0.000149
0.081782	0.854836	0.000188
0.081862	0.855329	0.000180
0.081942	0.857838	0.000133
0.082022	0.863094	0.000122
0.082102	0.867053	0.000159
0.082182	0.867909	0.000173
0.082262	0.869241	0.000135
0.082342	0.873807	0.000106
0.082422	0.878747	0.000130
0.082503	0.880534	0.000160
0.082583	0.881107	0.000139
0.082663	0.884516	0.000100
0.082743	0.889889	0.000105
0.082823	0.892927	0.000140
0.082903	0.893366	0.000140
0.082983	0.895456	0.000102
0.083063	0.900586	0.000087
0.083143	0.904852	0.000117
0.083223	0.905826	0.000135
0.083303	0.906789	0.000107
0.083383	0.911048	0.000078
0.083463	0.916182	0.000095
0.083544	0.918221	0.000124
0.083624	0.918551	0.000113
0.083704	0.921532	0.000077
0.083784	0.926923	0.000076
0.083864	0.930271	0.000108
0.083944	0.930642	0.000114
0.084024	0.932268	0.000082
0.084104	0.937214	0.000065
0.084184	0.941760	0.000089
0.084264	0.942843	0.000110
0.084344	0.943399	0.000090
0.084424	0.947293	0.000061
0.084505	0.952586	0.000071
0.084585	0.954870	0.000100
0.084665	0.954932	0.000096
0.084745	0.957426	0.000064
0.084825	0.962790	0.000058
0.084905	0.966442	0.000086
0.084985	0.966731	0.000097
0.085065	0.967839	0.000071
0.085145	0.972544	0.000051
0.085225	0.977356	0.000070
0.085305	0.978544	0.000093
0.085385	0.978649	0.000079
0.085465	0.982111	0.000051
0.085546	0.987540	0.000056
0.085626	0.990076	0.000084
0.085706	0.989840	0.000085
0.085786	0.991776	0.000056
0.085866	0.997072	0.000046
0.085946	1.001038	0.000071
0.086026	1.001232	0.000087
0.086106	1.001753	0.000064
0.086186	1.006159	0.000042
0.086266	1.011242	0.000057
0.086346	1.012546	0.000083
0.086426	1.012142	0.000073
0.086507	1.015094	0.000045
0.086587	1.020644	0.000046
0.086667	1.023456	0.000074
0.086747	1.022885	0.000079
0.086827	1.024173	0.000052
0.086907	1.029363	0.000038
0.086987	1.033676	0.000061
0.087067	1.033770	0.000081
0.087147	1.033612	0.000062
0.087227	1.037650	0.000037
0.087307	1.043032	0.000049
0.087387	1.044477	0.000076
0.087467	1.043489	0.000072
0.087548	1.045833	0.000042
0.087628	1.051511	0.000039
0.087708	1.054655	0.000067
0.087788	1.053706	0.000078
0.087868	1.054225	0.000052
0.087948	1.059277	0.000034
0.088028	1.064008	0.000055
0.088108	1.064004	0.000079
0.088188	1.063044	0.000064
0.088268	1.066633	0.000035
0.088348	1.072377	0.000043
0.088428	1.074020	0.000074
0.088509	1.072345	0.000075
0.088589	1.073948	0.000043
0.088669	1.079786	0.000035
0.088749	1.083366	0.000064
0.088829	1.081986	0.000081
0.088909	1.081567	0.000056
0.088989	1.086453	0.000032
0.089069	1.091732	0.000052
0.089149	1.091652	0.000082
0.089229	1.089712	0.000070
0.089309	1.092742	0.000037
0.089389	1.098972	0.000040
0.089469	1.100921	0.000076
0.089550	1.098412	0.000083
0.089630	1.099084	0.000048
0.089710	1.105152	0.000033
0.089790	1.109356	0.000065
0.089870	1.107480	0.000091
0.089950	1.105873	0.000065
0.090030	1.110567	0.000033
0.090110	1.116633	0.000052
0.090190	1.116528	0.000092
0.090270	1.113327	0.000084
0.090350	1.115634	0.000042
0.090430	1.122577	0.000040
0.090511	1.125030	0.000085
0.090591	1.121453	0.000101
0.090671	1.120881	0.000060
0.090751	1.127327	0.000034
0.090831	1.132507	0.000072
0.090911	1.130035	0.000111
0.090991	1.126794	0.000084
0.091071	1.131260	0.000038
0.091151	1.138555	0.000056
0.091231	1.138552	0.000113
0.091311	1.133609	0.000112
0.091391	1.134912	0.000055
0.091471	1.143012	0.000044
0.091552	1.146379	0.000104
0.091632	1.141331	0.000137
0.091712	1.138938	0.000085
0.091792	1.146039	0.000040
0.091872	1.152877	0.000088
0.091952	1.149637	0.000154
0.092032	1.143919	0.000126
0.092112	1.148103	0.000053
0.092192	1.157539	0.000069
0.092272	1.157904	0.000160
0.092352	1.150224	0.000175
0.092432	1.149930	0.000087
0.092513	1.160131	0.000055
0.092593	1.165296	0.000152
0.092673	1.157885	0.000224
0.092753	1.152379	0.000148
0.092833	1.160786	0.000059
0.092913	1.170909	0.000132
0.092993	1.166530	0.000267
0.093073	1.156292	0.000240
0.093153	1.160039	0.000096
0.093233	1.173914	0.000107
0.093313	1.175367	0.000297
0.093393	1.162326	0.000364
0.093473	1.158781	0.000191
0.093554	1.173690	0.000094
0.093634	1.183230	0.000308
0.093714	1.170827	0.000528
0.093794	1.158171	0.000386
0.093874	1.169847	0.000133
0.093954	1.188596	0.000301
0.094034	1.181787	0.000749
0.094114	1.159532	0.000771
0.094194	1.162015	0.000320
0.094274	1.189392	0.000298
0.094354	1.194944	0.001088
0.094434	1.164347	0.001617
0.094515	1.148824	0.000985
0.094595	1.181656	0.000414
0.094675	1.210171	0.001806
0.094755	1.174515	0.004181
0.094835	1.121783	0.004071
0.094915	1.149194	0.001689
0.094995	1.226495	0.005207
0.095075	1.181162	0.024619
0.095155	0.930222	0.058938
0.095235	0.654110	0.091474
0.095315	0.629530	0.101580
0.095395	0.900817	0.082688
0.095475	1.220625	0.048033
0.095556	1.342604	0.018247
0.095636	1.280365	0.004334
0.095716	1.218111	0.002690
0.095796	1.244873	0.003880
0.095876	1.283301	0.002909
0.095956	1.255830	0.000881
0.096036	1.202805	0.000065
0.096116	1.197170	0.000404
0.096196	1.226276	0.000584
0.096276	1.226800	0.000249
0.096356	1.192922	0.000006
0.096436	1.177151	0.000122
0.096517	1.197814	0.000232
0.096597	1.213211	0.000113
0.096677	1.196021	0.000003
0.096757	1.176241	0.000085
0.096837	1.186025	0.000183
0.096917	1.206263	0.000116
0.096997	1.202520	0.000007
0.097077	1.183370	0.000040
0.097157	1.182733	0.000142
0.097237	1.201317	0.000131
0.097317	1.207596	0.000031
0.097397	1.192709	0.000009
0.097477	1.183971	0.000087
0.097558	1.196806	0.000122
0.097638	1.209333	0.000055
0.097718	1.201198	0.000001
0.097798	1.187939	0.000040
0.097878	1.193055	0.000094
0.097958	1.207790	0.000068
0.098038	1.207271	0.000009
0.098118	1.193421	0.000012
0.098198	1.190773	0.000061
0.098278	1.203920	0.000067
0.098358	1.210258	0.000022
0.098438	1.199344	0.000001
0.098519	1.190478	0.000033
0.098599	1.199013	0.000057
0.098679	1.210108	0.000032
0.098759	1.204678	0.000001
0.098839	1.192232	0.000014
0.098919	1.194265	0.000042
0.098999	1.207201	0.000036
0.099079	1.208569	0.000007
0.099159	1.195638	0.000004
0.099239	1.190325	0.000029
0.099319	1.201892	0.000037
0.099399	1.210592	0.000014
0.099479	1.199859	0.000005
0.099560	1.183147	0.000041
0.099640	1.181542	0.000094
0.099720	1.190533	0.000112
0.099800	1.190161	0.000087
0.099880	1.178975	0.000051
0.099960	1.174939	0.000029
0.100040	1.184804	0.000021
0.100120	1.194706	0.000018
0.100200	1.194851	0.000017
0.100280	1.193627	0.000016
0.100360	1.198984	0.000015
0.100440	1.203124	0.000015
0.100521	1.197853	0.000016
0.100601	1.191389	0.000015
0.100681	1.194920	0.000012
0.100761	1.202358	0.000012
0.100841	1.200223	0.000016
0.100921	1.191392	0.000017
0.101001	1.190703	0.000012
0.101081	1.199115	0.000009
0.101161	1.201541	0.000016
0.101241	1.192972	0.000022
0.101321	1.187598	0.000015
0.101401	1.194363	0.000006
0.101481	1.201078	0.000013
0.101562	1.195302	0.000026
0.101642	1.186223	0.000022
0.101722	1.189073	0.000007
0.101802	1.198497	0.000008
0.101882	1.197399	0.000028
0.101962	1.186710	0.000034
0.102042	1.184273	0.000013
0.102122	1.193921	0.000003
0.102202	1.198280	0.000026
0.102282	1.188720	0.000047
0.102362	1.180882	0.000028
0.102442	1.187917	0.000002
0.102523	1.197150	0.000020
0.102603	1.191503	0.000059
0.102683	1.179543	0.000053
0.102763	1.181393	0.000010
0.102843	1.193558	0.000009
0.102923	1.194032	0.000066
0.103003	1.180492	0.000088
0.103083	1.175444	0.000035
0.103163	1.187479	0.000001
0.103243	1.195164	0.000064
0.103323	1.183505	0.000134
0.103403	1.171174	0.000090
0.103483	1.179319	0.000006
0.103564	1.193796	0.000052
0.103644	1.187929	0.000188
0.103724	1.169553	0.000194
0.103804	1.169812	0.000051
0.103884	1.188926	0.000032
0.103964	1.192771	0.000250
0.104044	1.171367	0.000388
0.104124	1.159807	0.000200
0.104204	1.179454	0.000028
0.104284	1.196810	0.000327
0.104364	1.177447	0.000791
0.104444	1.149782	0.000672
0.104525	1.162997	0.000153
0.104605	1.198442	0.000473
0.104685	1.189723	0.001926
0.104765	1.137520	0.002662
0.104845	1.127872	0.001342
0.104925	1.191708	0.001275
0.105005	1.212566	0.009600
0.105085	1.061532	0.029721
0.105165	0.803536	0.054526
0.105245	0.671059	0.069518
0.105325	0.801144	0.064788
0.105405	1.071162	0.043982
0.105485	1.249285	0.020747
0.105566	1.255573	0.006610
0.105646	1.201713	0.002910
0.105726	1.201562	0.003566
0.105806	1.237565	0.003258
0.105886	1.236582	0.001523
0.105966	1.196836	0.000343
0.106046	1.176101	0.000407
0.106126	1.191974	0.000711
0.106206	1.202649	0.000494
0.106286	1.182584	0.000100
0.106366	1.159884	0.000042
0.106446	1.163468	0.000191
0.106527	1.176938	0.000183
0.106607	1.171209	0.000041
0.106687	1.153017	0.000017
0.106767	1.149419	0.000114
0.106847	1.161193	0.000132
0.106927	1.164356	0.000044
0.107007	1.152000	0.000014
0.107087	1.143832	0.000090
0.107167	1.151037	0.000131
0.107247	1.158541	0.000069
0.107327	1.152291	0.000019
0.107407	1.142457	0.000068
0.107487	1.144499	0.000128
0.107568	1.152979	0.000097
0.107648	1.152224	0.000035
0.107728	1.143250	0.000049
0.107808	1.140838	0.000113
0.107888	1.147805	0.000117
0.107968	1.151082	0.000058
0.108048	1.144680	0.000039
0.108128	1.139288	0.000090
0.108208	1.143256	0.000121
0.108288	1.148670	0.000081
0.108368	1.145644	0.000040
0.108448	1.139092	0.000067
0.108529	1.139610	0.000112
0.108609	1.145270	0.000098
0.108689	1.145543	0.000051
0.108769	1.139551	0.000051
0.108849	1.137060	0.000094
0.108929	1.141418	0.000105
0.109009	1.144195	0.000066
0.109089	1.140029	0.000044
0.109169	1.135579	0.000075
0.109249	1.137679	0.000103
0.109329	1.141730	0.000080
0.109409	1.140006	0.000047
0.109489	1.134918	0.000059
0.109570	1.134492	0.000093
0.109650	1.138489	0.000090
0.109730	1.139142	0.000056
0.109810	1.134670	0.000049
0.109890	1.132082	0.000079
0.109970	1.134906	0.000094
0.110050	1.137308	0.000067
0.110130	1.134380	0.000046
0.110210	1.130481	0.000065
0.110290	1.131473	0.000091
0.110370	1.134666	0.000078
0.110450	1.133697	0.000050
0.110531	1.129518	0.000055
0.110611	1.128531	0.000082
0.110691	1.131473	0.000085
0.110771	1.132333	0.000059
0.110851	1.128838	0.000049
0.110931	1.126232	0.000072
0.111011	1.128083	0.000088
0.111091	1.130228	0.000070
0.111171	1.128116	0.000049
0.111251	1.124613	0.000062
0.111331	1.124890	0.000085
0.111411	1.127502	0.000079
0.111491	1.127040	0.000055
0.111572	1.123505	0.000055
0.111652	1.122166	0.000078
0.111732	1.124397	0.000085
0.111812	1.125413	0.000064
0.111892	1.122631	0.000052
0.111972	1.120047	0.000070
0.112052	1.121227	0.000088
0.112132	1.123194	0.000075
0.112212	1.121689	0.000055
0.112292	1.118510	0.000063
0.112372	1.118295	0.000086
0.112452	1.120492	0.000084
0.112533	1.120419	0.000063
0.112613	1.117393	0.000060
0.112693	1.115823	0.000081
0.112773	1.117532	0.000091
0.112853	1.118670	0.000074
0.112933	1.116447	0.000060
0.113013	1.113908	0.000075
0.113093	1.114591	0.000094
0.113173	1.116428	0.000085
0.113253	1.115406	0.000066
0.113333	1.112505	0.000071
0.113413	1.111928	0.000093
0.113493	1.113809	0.000096
0.113574	1.114051	0.000076
0.113654	1.111450	0.000070
0.113734	1.109722	0.000090
0.113814	1.111025	0.000103
0.113894	1.112268	0.000089
0.113974	1.110512	0.000074
0.114054	1.108034	0.000087
0.114134	1.108328	0.000108
0.114214	1.110066	0.000103
0.114294	1.109451	0.000083
0.114374	1.106801	0.000085
0.114454	1.105943	0.000109
0.114535	1.107569	0.000116
0.114615	1.108083	0.000097
0.114695	1.105856	0.000088
0.114775	1.104013	0.000108
0.114855	1.104986	0.000126
0.114935	1.106323	0.000114
0.115015	1.104977	0.000096
0.115095	1.102570	0.000108
0.115175	1.102542	0.000132
0.115255	1.104197	0.000132
0.115335	1.103944	0.000111
0.115415	1.101531	0.000111
0.115495	1.100444	0.000136
0.115576	1.101854	0.000148
0.115656	1.102612	0.000131
0.115736	1.100730	0.000119
0.115816	1.098804	0.000139
0.115896	1.099489	0.000163
0.115976	1.100913	0.000154
0.116056	1.099947	0.000134
0.116136	1.097623	0.000144
0.116216	1.097320	0.000174
0.116296	1.098903	0.000179
0.116376	1.098986	0.000157
0.116456	1.096804	0.000154
0.116537	1.095521	0.000184
0.116617	1.096733	0.000203
0.116697	1.097716	0.000187
0.116777	1.096168	0.000172
0.116857	1.094182	0.000194
0.116937	1.094605	0.000225
0.117017	1.096108	0.000222
0.117097	1.095507	0.000199
0.117177	1.093281	0.000209
0.117257	1.092725	0.000246
0.117337	1.094237	0.000259
0.117417	1.094642	0.000237
0.117497	1.092699	0.000231
0.117578	1.091245	0.000267
0.117658	1.092266	0.000298
0.117738	1.093465	0.000285
0.117818	1.092251	0.000267
0.117898	1.090227	0.000292
0.117978	1.090399	0.000336
0.118058	1.091972	0.000342
0.118138	1.091734	0.000317
0.118218	1.089624	0.000326
0.118298	1.088829	0.000376
0.118378	1.090262	0.000404
0.118458	1.090983	0.000384
0.118539	1.089297	0.000375
0.118619	1.087689	0.000421
0.118699	1.088511	0.000471
0.118779	1.089915	0.000467
0.118859	1.089051	0.000445
0.118939	1.087010	0.000477
0.119019	1.086926	0.000544
0.119099	1.088552	0.000567
0.119179	1.088686	0.000542
0.119259	1.086718	0.000553
0.119339	1.085687	0.000626
0.119419	1.087018	0.000681
0.119499	1.088053	0.000669
0.119580	1.086652	0.000660
0.119660	1.084900	0.000726
0.119740	1.085500	0.000812
0.119820	1.087092	0.000829
0.119900	1.086602	0.000809
0.119980	1.084566	0.000855
0.120060	1.084205	0.000964
0.120140	1.085852	0.001024
0.120220	1.086370	0.001011
0.120300	1.084575	0.001033
0.120380	1.083295	0.001149
0.120460	1.084477	0.001259
0.120541	1.085817	0.001276
0.120621	1.084734	0.001279
0.120701	1.082841	0.001386
0.120781	1.083163	0.001545
0.120861	1.084904	0.001618
0.120941	1.084811	0.001620
0.121021	1.082797	0.001705
0.121101	1.082103	0.001901
0.121181	1.083699	0.002052
0.121261	1.084594	0.002086
0.121341	1.082998	0.002150
0.121421	1.081421	0.002362
0.121502	1.082350	0.002604
0.121582	1.083942	0.002714
0.121662	1.083191	0.002775
0.121742	1.081123	0.002987
0.121822	1.081035	0.003319
0.121902	1.082807	0.003552
0.121982	1.083085	0.003655
0.122062	1.081063	0.003862
0.122142	1.079886	0.004274
0.122222	1.081232	0.004674
0.122302	1.082402	0.004892
0.122382	1.080950	0.005117
0.122462	1.078908	0.005594
0.122543	1.079296	0.006197
0.122623	1.080907	0.006626
0.122703	1.080359	0.006940
0.122783	1.077909	0.007487
0.122863	1.077021	0.008317
0.122943	1.078406	0.009075
0.123023	1.078764	0.009610
0.123103	1.076433	0.010278
0.123183	1.074249	0.011366
0.123263	1.074671	0.012586
0.123343	1.075530	0.013554
0.123423	1.073708	0.014489
0.123504	1.070466	0.015905
0.123584	1.069278	0.017745
0.123664	1.069844	0.019454
0.123744	1.068547	0.020958
0.123824	1.064592	0.022886
0.123904	1.061334	0.025566
0.123984	1.060501	0.028451
0.124064	1.059164	0.031068
0.124144	1.054646	0.033937
0.124224	1.049005	0.037838
0.124304	1.045448	0.042532
0.124384	1.042756	0.047173
0.124464	1.037217	0.051873
0.124545	1.028769	0.057758
0.124625	1.020939	0.065240
0.124705	1.014674	0.073378
0.124785	1.006516	0.081599
0.124865	0.994178	0.091015
0.124945	0.980089	0.102943
0.125025	0.966956	0.116903
0.125105	0.952859	0.131595
0.125185	0.934077	0.147497
0.125265	0.910834	0.166711
0.125345	0.886370	0.189956
0.125425	0.861016	0.215633
0.125506	0.831187	0.242858
0.125586	0.794830	0.273649
0.125666	0.754244	0.310307
0.125746	0.711821	0.351877
0.125826	0.665986	0.395662
0.125906	0.613952	0.441738
0.125986	0.556534	0.492993
0.126066	0.497284	0.550007
0.126146	0.437819	0.608829
0.126226	0.377048	0.665718
0.126306	0.315094	0.721598
0.126386	0.255181	0.778779
0.126466	0.200657	0.834788
0.126547	0.152255	0.883503
0.126627	0.109527	0.922533
0.126707	0.073336	0.955375
0.126787	0.045228	0.984594
0.126867	0.025249	1.006729
0.126947	0.011974	1.017359
0.127027	0.004245	1.018600
0.127107	0.001540	1.016848
0.127187	0.002852	1.013910
0.127267	0.006589	1.005497
0.127347	0.011700	0.989618
0.127427	0.017845	0.971439
0.127508	0.024312	0.956563
0.127588	0.029860	0.943326
0.127668	0.033925	0.926537
0.127748	0.037005	0.906774
0.127828	0.039403	0.890216
0.127908	0.040432	0.879163
0.127988	0.039492	0.868595
0.128068	0.037161	0.854467
0.128148	0.034454	0.840355
0.128228	0.031505	0.831592
0.128308	0.027799	0.826355
0.128388	0.023421	0.818305
0.128468	0.019250	0.806577
0.128549	0.016004	0.796857
0.128629	0.013741	0.791682
0.128709	0.012344	0.785792
0.128789	0.011996	0.774231
0.128869	0.013131	0.760041
0.128949	0.016259	0.748946
0.129029	0.021727	0.739654
0.129109	0.029340	0.725661
0.129189	0.038521	0.705690
0.129269	0.049273	0.685686
0.129349	0.062470	0.669106
0.129429	0.078486	0.651371
0.129510	0.096094	0.627569
0.129590	0.113891	0.600742
0.129670	0.132402	0.577190
0.129750	0.153153	0.556546
0.129830	0.175659	0.532884
0.129910	0.197392	0.504928
0.129990	0.217397	0.478498
0.130070	0.237752	0.457278
0.130150	0.259924	0.437210
0.130230	0.281741	0.413656
0.130310	0.300423	0.389337
0.130390	0.317102	0.369936
0.130470	0.335059	0.354844
0.130551	0.354103	0.338432
0.130631	0.370531	0.319573
0.130711	0.383242	0.303469
0.130791	0.395860	0.292862
0.130871	0.410856	0.283454
0.130951	0.425288	0.271141
0.131031	0.435665	0.258819
0.131111	0.444075	0.251326
0.131191	0.455017	0.247142
0.131271	0.467870	0.240862
0.131351	0.477845	0.232245
0.131431	0.484196	0.226488
0.131512	0.491823	0.225263
0.131592	0.503143	0.223722
0.131672	0.513880	0.218607
0.131752	0.520281	0.213721
0.131832	0.525721	0.213395
0.131912	0.535202	0.214976
0.131992	0.546775	0.213176
0.132072	0.554685	0.209018
0.132152	0.559247	0.208124
0.132232	0.566559	0.211088
0.132312	0.578131	0.212283
0.132392	0.588079	0.209340
0.132472	0.593077	0.207253
0.132553	0.598232	0.209938
0.132633	0.608502	0.213433
0.132713	0.620042	0.212474
0.132793	0.626545	0.209492
0.132873	0.630108	0.210627
0.132953	0.637866	0.215256
0.133033	0.649734	0.216848
0.133113	0.658261	0.214022
0.133193	0.661309	0.213071
0.133273	0.665934	0.217365
0.133353	0.676414	0.221454
0.133433	0.686680	0.220169
0.133514	0.690487	0.217532
0.133594	0.692247	0.220137
0.133674	0.699698	0.225878
0.133754	0.710547	0.227289
0.133834	0.716097	0.224232
0.133914	0.716125	0.224396
0.133994	0.719534	0.230320
0.134074	0.729171	0.234847
0.134154	0.736672	0.233122
0.134234	0.736609	0.231061
0.134314	0.735990	0.235552
0.134394	0.742475	0.242612
0.134474	0.751100	0.243865
0.134555	0.752488	0.240845
0.134635	0.748959	0.242742
0.134715	0.750850	0.250845
0.134795	0.758832	0.256007
0.134875	0.762460	0.254049
0.134955	0.757928	0.253197
0.135035	0.754835	0.260394
0.135115	0.759944	0.269246
0.135195	0.765399	0.270532
0.135275	0.761901	0.268051
0.135355	0.754733	0.272637
0.135435	0.755005	0.283733
0.135516	0.760611	0.289856
0.135596	0.759518	0.288001
0.135676	0.750270	0.289260
0.135756	0.744746	0.300289
0.135836	0.747992	0.311577
0.135916	0.749353	0.313166
0.135996	0.740449	0.311914
0.136076	0.729635	0.320461
0.136156	0.727982	0.335627
0.136236	0.730284	0.343133
0.136316	0.723651	0.341816
0.136396	0.709473	0.346352
0.136476	0.701297	0.362665
0.136557	0.701804	0.377200
0.136637	0.698001	0.379397
0.136717	0.683184	0.380195
0.136797	0.668499	0.394268
0.136877	0.664147	0.414805
0.136957	0.661922	0.424122
0.137037	0.648950	0.423716
0.137117	0.629576	0.432792
0.137197	0.618151	0.456008
0.137277	0.614703	0.474566
0.137357	0.604735	0.477398
0.137437	0.583737	0.480796
0.137518	0.564912	0.501825
0.137598	0.556901	0.528825
0.137678	0.549136	0.539848
0.137758	0.529675	0.539971
0.137838	0.505399	0.554120
0.137918	0.490426	0.585168
0.137998	0.482340	0.607598
0.138078	0.466364	0.609780
0.138158	0.440319	0.614800
0.138238	0.418251	0.642682
0.138318	0.406797	0.675628
0.138398	0.394246	0.686321
0.138478	0.370468	0.684254
0.138559	0.343892	0.701469
0.138639	0.327207	0.738715
0.138719	0.316270	0.762230
0.138799	0.297533	0.759560
0.138879	0.270904	0.761980
0.138959	0.249612	0.793239
0.139039	0.238013	0.828366
0.139119	0.224860	0.833601
0.139199	0.202614	0.823503
0.139279	0.179817	0.838518
0.139359	0.166398	0.877176
0.139439	0.157412	0.896369
0.139520	0.142073	0.882675
0.139600	0.121853	0.876628
0.139680	0.107368	0.906241
0.139760	0.100474	0.938699
0.139840	0.091906	0.933356
0.139920	0.077266	0.910524
0.140000	0.063810	0.919690
