0.0000E+00 0.00000000E+00 0.00000000E+00
2.3562E+01 0.00000000E+00 0.00000000E+00
4.7124E+01 0.00000000E+00 0.00000000E+00
7.0686E+01 0.00000000E+00 0.00000000E+00
9.4248E+01 0.00000000E+00 0.00000000E+00
1.1781E+02 0.00000000E+00 0.00000000E+00
1.4137E+02 0.00000000E+00 0.00000000E+00
1.6493E+02 0.00000000E+00 0.00000000E+00
1.8850E+02 0.00000000E+00 0.00000000E+00
2.1206E+02 0.00000000E+00 0.00000000E+00
2.3562E+02 0.00000000E+00 0.00000000E+00
2.5918E+02 1.78228255E-273 0.00000000E+00
2.8274E+02 2.16420347E-220 0.00000000E+00
3.0631E+02 1.13516714E-177 0.00000000E+00
3.2987E+02 2.78967266E-142 0.00000000E+00
3.5343E+02 1.24135700E-112 0.00000000E+00
3.7699E+02 8.74322800E-88 0.00000000E+00
4.0055E+02 3.71640176E-67 0.00000000E+00
4.2412E+02 2.03986492E-50 0.00000000E+00
4.4768E+02 1.65888967E-37 0.00000000E+00
4.7124E+02 2.71749260E-30 0.00000000E+00
4.9480E+02 1.45984692E-21 0.00000000E+00
5.1836E+02 3.12242821E-19 0.00000000E+00
5.4192E+02 6.48274979E-19 0.00000000E+00
5.6549E+02 9.86911641E-19 0.00000000E+00
5.8905E+02 1.55154535E-18 0.00000000E+00
6.1261E+02 2.70868839E-18 0.00000000E+00
6.3617E+02 3.78364438E-18 0.00000000E+00
6.5973E+02 5.84940086E-18 0.00000000E+00
6.8330E+02 1.12493112E-17 0.00000000E+00
7.0686E+02 1.76503068E-17 0.00000000E+00
7.3042E+02 2.36939037E-17 0.00000000E+00
7.5398E+02 3.85674657E-17 0.00000000E+00
7.7754E+02 6.46456270E-17 0.00000000E+00
8.0111E+02 8.76753529E-17 0.00000000E+00
8.2467E+02 1.17999871E-16 0.00000000E+00
8.4823E+02 1.92008736E-16 0.00000000E+00
8.7179E+02 2.85706909E-16 0.00000000E+00
8.9535E+02 3.62778526E-16 0.00000000E+00
9.1892E+02 5.13704715E-16 0.00000000E+00
9.4248E+02 8.19738352E-16 0.00000000E+00
9.6604E+02 1.11827933E-15 0.00000000E+00
9.8960E+02 1.41272290E-15 0.00000000E+00
1.0132E+03 2.12366738E-15 0.00000000E+00
1.0367E+03 3.19047194E-15 0.00000000E+00
1.0603E+03 4.04540072E-15 0.00000000E+00
1.0838E+03 5.33044287E-15 0.00000000E+00
1.1074E+03 8.18009877E-15 0.00000000E+00
1.1310E+03 1.13655866E-14 0.00000000E+00
1.1545E+03 1.39774710E-14 0.00000000E+00
1.1781E+03 1.95732052E-14 0.00000000E+00
1.2017E+03 2.93751290E-14 0.00000000E+00
1.2252E+03 3.78512078E-14 0.00000000E+00
1.2488E+03 4.72932981E-14 0.00000000E+00
1.2723E+03 6.93633604E-14 0.00000000E+00
1.2959E+03 9.82256199E-14 0.00000000E+00
1.3195E+03 1.20208137E-13 0.00000000E+00
1.3430E+03 1.57697406E-13 0.00000000E+00
1.3666E+03 2.32811061E-13 0.00000000E+00
1.3902E+03 3.06597993E-13 0.00000000E+00
1.4137E+03 3.70541613E-13 0.00000000E+00
1.4373E+03 5.13185465E-13 0.00000000E+00
1.4608E+03 7.32544079E-13 0.00000000E+00
1.4844E+03 9.05055690E-13 0.00000000E+00
1.5080E+03 1.12360582E-12 0.00000000E+00
1.5315E+03 1.60429263E-12 0.00000000E+00
1.5551E+03 2.15493746E-12 0.00000000E+00
1.5787E+03 2.56813546E-12 0.00000000E+00
1.6022E+03 3.34868906E-12 0.00000000E+00
1.6258E+03 4.74467438E-12 0.00000000E+00
1.6493E+03 5.96208258E-12 0.00000000E+00
1.6729E+03 7.11675748E-12 0.00000000E+00
1.6965E+03 9.69620372E-12 0.00000000E+00
1.7200E+03 1.31723419E-11 0.00000000E+00
1.7436E+03 1.57165693E-11 0.00000000E+00
1.7671E+03 1.94040406E-11 0.00000000E+00
1.7907E+03 2.68553183E-11 0.00000000E+00
1.8143E+03 3.43398174E-11 0.00000000E+00
1.8378E+03 4.01013164E-11 0.00000000E+00
1.8614E+03 5.18116192E-11 0.00000000E+00
1.8850E+03 7.02975521E-11 0.00000000E+00
1.9085E+03 8.47526025E-11 0.00000000E+00
1.9321E+03 1.00264514E-10 0.00000000E+00
1.9556E+03 1.33741364E-10 0.00000000E+00
1.9792E+03 1.73093060E-10 0.00000000E+00
2.0028E+03 2.00717789E-10 0.00000000E+00
2.0263E+03 2.46316429E-10 0.00000000E+00
2.0499E+03 3.29156150E-10 0.00000000E+00
2.0735E+03 4.02194338E-10 0.00000000E+00
2.0970E+03 4.62613587E-10 0.00000000E+00
2.1206E+03 5.89986556E-10 0.00000000E+00
2.1441E+03 7.65578112E-10 0.00000000E+00
2.1677E+03 8.90654913E-10 0.00000000E+00
2.1913E+03 1.04640383E-09 0.00000000E+00
2.2148E+03 1.36015391E-09 0.00000000E+00
2.2384E+03 1.68030189E-09 0.00000000E+00
2.2619E+03 1.90516131E-09 0.00000000E+00
2.2855E+03 2.31973079E-09 0.00000000E+00
2.3091E+03 2.98402494E-09 0.00000000E+00
2.3326E+03 3.50035869E-09 0.00000000E+00
2.3562E+03 3.98254396E-09 0.00000000E+00
2.3798E+03 4.99244363E-09 0.00000000E+00
2.4033E+03 6.19582388E-09 0.00000000E+00
2.4269E+03 6.99846253E-09 0.00000000E+00
2.4504E+03 8.17185348E-09 0.00000000E+00
2.4740E+03 1.03092080E-08 0.00000000E+00
2.4976E+03 1.21955001E-08 0.00000000E+00
2.5211E+03 1.35985926E-08 0.00000000E+00
2.5447E+03 1.63850924E-08 0.00000000E+00
2.5683E+03 2.02549565E-08 0.00000000E+00
2.5918E+03 2.29388461E-08 0.00000000E+00
2.6154E+03 2.59000678E-08 0.00000000E+00
2.6389E+03 3.17836166E-08 0.00000000E+00
2.6625E+03 3.77844395E-08 0.00000000E+00
2.6861E+03 4.17107999E-08 0.00000000E+00
2.7096E+03 4.83864450E-08 0.00000000E+00
2.7332E+03 5.90683052E-08 0.00000000E+00
2.7567E+03 6.72250390E-08 0.00000000E+00
2.7803E+03 7.41089591E-08 0.00000000E+00
2.8039E+03 8.80832983E-08 0.00000000E+00
2.8274E+03 1.04632402E-07 0.00000000E+00
2.8510E+03 1.15165189E-07 0.00000000E+00
2.8746E+03 1.29310563E-07 0.00000000E+00
2.8981E+03 1.54788378E-07 0.00000000E+00
2.9217E+03 1.76860359E-07 0.00000000E+00
2.9452E+03 1.92081569E-07 0.00000000E+00
2.9688E+03 2.21041182E-07 0.00000000E+00
2.9924E+03 2.60719049E-07 0.00000000E+00
3.0159E+03 2.87227406E-07 0.00000000E+00
3.0395E+03 3.14410221E-07 0.00000000E+00
3.0631E+03 3.67390923E-07 0.00000000E+00
3.0866E+03 4.20146917E-07 0.00000000E+00
3.1102E+03 4.52740581E-07 0.00000000E+00
3.1337E+03 5.05851972E-07 0.00000000E+00
3.1573E+03 5.89139455E-07 0.00000000E+00
3.1809E+03 6.50370168E-07 0.00000000E+00
3.2044E+03 6.99179420E-07 0.00000000E+00
3.2280E+03 7.96235035E-07 0.00000000E+00
3.2515E+03 9.07732142E-07 0.00000000E+00
3.2751E+03 9.75155981E-07 0.00000000E+00
3.2987E+03 1.06289485E-06 0.00000000E+00
3.3222E+03 1.21733068E-06 0.00000000E+00
3.3458E+03 1.34552442E-06 0.00000000E+00
3.3694E+03 1.42978415E-06 0.00000000E+00
3.3929E+03 1.58817291E-06 0.00000000E+00
3.4165E+03 1.79775731E-06 0.00000000E+00
3.4400E+03 1.93047935E-06 0.00000000E+00
3.4636E+03 2.06386825E-06 0.00000000E+00
3.4872E+03 2.31915908E-06 0.00000000E+00
3.5107E+03 2.56162694E-06 0.00000000E+00
3.5343E+03 2.70404057E-06 0.00000000E+00
3.5579E+03 2.93697225E-06 0.00000000E+00
3.5814E+03 3.28996228E-06 0.00000000E+00
3.6050E+03 3.53477427E-06 0.00000000E+00
3.6285E+03 3.72610236E-06 0.00000000E+00
3.6521E+03 4.10537339E-06 0.00000000E+00
3.6757E+03 4.52052488E-06 0.00000000E+00
3.6992E+03 4.75685127E-06 0.00000000E+00
3.7228E+03 5.06928567E-06 0.00000000E+00
3.7463E+03 5.60552365E-06 0.00000000E+00
3.7699E+03 6.02449126E-06 0.00000000E+00
3.7935E+03 6.29029244E-06 0.00000000E+00
3.8170E+03 6.79982560E-06 0.00000000E+00
3.8406E+03 7.44563014E-06 0.00000000E+00
3.8642E+03 7.82707141E-06 0.00000000E+00
3.8877E+03 8.21469093E-06 0.00000000E+00
3.9113E+03 8.95280205E-06 0.00000000E+00
3.9348E+03 9.61483675E-06 0.00000000E+00
3.9584E+03 9.98055011E-06 0.00000000E+00
3.9820E+03 1.06022295E-05 0.00000000E+00
4.0055E+03 1.15176751E-05 0.00000000E+00
4.0291E+03 1.21081874E-05 0.00000000E+00
4.0527E+03 1.25615313E-05 0.00000000E+00
4.0762E+03 1.34838693E-05 0.00000000E+00
4.0998E+03 1.44477343E-05 0.00000000E+00
4.1233E+03 1.49516450E-05 0.00000000E+00
4.1469E+03 1.56429629E-05 0.00000000E+00
4.1705E+03 1.68270148E-05 0.00000000E+00
4.1940E+03 1.76926714E-05 0.00000000E+00
4.2176E+03 1.82061953E-05 0.00000000E+00
4.2412E+03 1.92516871E-05 0.00000000E+00
4.2647E+03 2.05431123E-05 0.00000000E+00
4.2883E+03 2.12357149E-05 0.00000000E+00
4.3118E+03 2.19401961E-05 0.00000000E+00
4.3354E+03 2.33364528E-05 0.00000000E+00
4.3590E+03 2.45266509E-05 0.00000000E+00
4.3825E+03 2.51090464E-05 0.00000000E+00
4.4061E+03 2.61800276E-05 0.00000000E+00
4.4296E+03 2.77701391E-05 0.00000000E+00
4.4532E+03 2.87054536E-05 0.00000000E+00
4.4768E+03 2.93713552E-05 0.00000000E+00
4.5003E+03 3.08668830E-05 0.00000000E+00
4.5239E+03 3.23915477E-05 0.00000000E+00
4.5475E+03 3.30711204E-05 0.00000000E+00
4.5710E+03 3.40546366E-05 0.00000000E+00
4.5946E+03 3.58488377E-05 0.00000000E+00
4.6181E+03 3.70672878E-05 0.00000000E+00
4.6417E+03 3.76670849E-05 0.00000000E+00
4.6653E+03 3.91089915E-05 0.00000000E+00
4.6888E+03 4.09193715E-05 0.00000000E+00
4.7124E+03 4.17391995E-05 0.00000000E+00
4.7360E+03 4.25360356E-05 0.00000000E+00
4.7595E+03 4.43795931E-05 0.00000000E+00
4.7831E+03 4.58864454E-05 0.00000000E+00
4.8066E+03 4.64280212E-05 0.00000000E+00
4.8302E+03 4.76538628E-05 0.00000000E+00
4.8538E+03 4.96345534E-05 0.00000000E+00
4.8773E+03 5.06365834E-05 0.00000000E+00
4.9009E+03 5.11874884E-05 0.00000000E+00
4.9244E+03 5.28881193E-05 0.00000000E+00
4.9480E+03 5.46345390E-05 0.00000000E+00
4.9716E+03 5.51584405E-05 0.00000000E+00
4.9951E+03 5.60314105E-05 0.00000000E+00
5.0187E+03 5.80081805E-05 0.00000000E+00
5.0423E+03 5.92106535E-05 0.00000000E+00
5.0658E+03 5.95107425E-05 0.00000000E+00
5.0894E+03 6.08732123E-05 0.00000000E+00
5.1129E+03 6.27473907E-05 0.00000000E+00
5.1365E+03 6.33103286E-05 0.00000000E+00
5.1601E+03 6.37492769E-05 0.00000000E+00
5.1836E+03 6.55131109E-05 0.00000000E+00
5.2072E+03 6.68891149E-05 0.00000000E+00
5.2308E+03 6.69859781E-05 0.00000000E+00
5.2543E+03 6.78506003E-05 0.00000000E+00
5.2779E+03 6.96843702E-05 0.00000000E+00
5.3014E+03 7.03342419E-05 0.00000000E+00
5.3250E+03 7.03303609E-05 0.00000000E+00
5.3486E+03 7.16737247E-05 0.00000000E+00
5.3721E+03 7.31392668E-05 0.00000000E+00
5.3957E+03 7.31153564E-05 0.00000000E+00
5.4192E+03 7.33907224E-05 0.00000000E+00
5.4428E+03 7.49828836E-05 0.00000000E+00
5.4664E+03 7.57336750E-05 0.00000000E+00
5.4899E+03 7.53490136E-05 0.00000000E+00
5.5135E+03 7.61060122E-05 0.00000000E+00
5.5371E+03 7.75235900E-05 0.00000000E+00
5.5606E+03 7.74681909E-05 0.00000000E+00
5.5842E+03 7.71490309E-05 0.00000000E+00
5.6077E+03 7.83010071E-05 0.00000000E+00
5.6313E+03 7.91163981E-05 0.00000000E+00
5.6549E+03 7.84644655E-05 0.00000000E+00
5.6784E+03 7.85442059E-05 0.00000000E+00
5.7020E+03 7.97429408E-05 0.00000000E+00
5.7256E+03 7.97225767E-05 0.00000000E+00
5.7491E+03 7.88876410E-05 0.00000000E+00
5.7727E+03 7.94425228E-05 0.00000000E+00
5.7962E+03 8.02344640E-05 0.00000000E+00
5.8198E+03 7.94489244E-05 0.00000000E+00
5.8434E+03 7.88530660E-05 0.00000000E+00
5.8669E+03 7.96610097E-05 0.00000000E+00
5.8905E+03 7.96977758E-05 0.00000000E+00
5.9140E+03 7.84888870E-05 0.00000000E+00
5.9376E+03 7.83636854E-05 0.00000000E+00
5.9612E+03 7.90074334E-05 0.00000000E+00
5.9847E+03 7.82084916E-05 0.00000000E+00
6.0083E+03 7.70288188E-05 0.00000000E+00
6.0319E+03 7.73092374E-05 0.00000000E+00
6.0554E+03 7.73737744E-05 0.00000000E+00
6.0790E+03 7.59625508E-05 0.00000000E+00
6.1025E+03 7.51654598E-05 0.00000000E+00
6.1261E+03 7.55273428E-05 0.00000000E+00
6.1497E+03 7.47953923E-05 0.00000000E+00
6.1732E+03 7.31926361E-05 0.00000000E+00
6.1968E+03 7.28746679E-05 0.00000000E+00
6.2204E+03 7.28955815E-05 0.00000000E+00
6.2439E+03 7.14470117E-05 0.00000000E+00
6.2675E+03 7.00752669E-05 0.00000000E+00
6.2910E+03 7.00453343E-05 0.00000000E+00
6.3146E+03 6.94085247E-05 0.00000000E+00
6.3382E+03 6.75782317E-05 0.00000000E+00
6.3617E+03 6.66734479E-05 0.00000000E+00
6.3853E+03 6.65597109E-05 0.00000000E+00
6.4088E+03 6.52019359E-05 0.00000000E+00
6.4324E+03 6.34209467E-05 0.00000000E+00
6.4560E+03 6.29409334E-05 0.00000000E+00
6.4795E+03 6.23787982E-05 0.00000000E+00
6.5031E+03 6.05133829E-05 0.00000000E+00
6.5267E+03 5.91138534E-05 0.00000000E+00
6.5502E+03 5.87828057E-05 0.00000000E+00
6.5738E+03 5.75902284E-05 0.00000000E+00
6.5973E+03 5.56001819E-05 0.00000000E+00
6.6209E+03 5.46790255E-05 0.00000000E+00
6.6445E+03 5.41394062E-05 0.00000000E+00
6.6680E+03 5.23962542E-05 0.00000000E+00
6.6916E+03 5.06557072E-05 0.00000000E+00
6.7152E+03 5.00582392E-05 0.00000000E+00
6.7387E+03 4.90506000E-05 0.00000000E+00
6.7623E+03 4.70500730E-05 0.00000000E+00
6.7858E+03 4.57638525E-05 0.00000000E+00
6.8094E+03 4.51867987E-05 0.00000000E+00
6.8330E+03 4.36693729E-05 0.00000000E+00
6.8565E+03 4.17738228E-05 0.00000000E+00
6.8801E+03 4.09103035E-05 0.00000000E+00
6.9036E+03 4.00653510E-05 0.00000000E+00
6.9272E+03 3.82207344E-05 0.00000000E+00
6.9508E+03 3.66986196E-05 0.00000000E+00
6.9743E+03 3.60399174E-05 0.00000000E+00
6.9979E+03 3.47938827E-05 0.00000000E+00
7.0215E+03 3.29294835E-05 0.00000000E+00
7.0450E+03 3.18533288E-05 0.00000000E+00
7.0686E+03 3.11274269E-05 0.00000000E+00
7.0921E+03 2.95535289E-05 0.00000000E+00
7.1157E+03 2.79541225E-05 0.00000000E+00
7.1393E+03 2.72023835E-05 0.00000000E+00
7.1628E+03 2.62245901E-05 0.00000000E+00
7.1864E+03 2.45493667E-05 0.00000000E+00
7.2100E+03 2.33583170E-05 0.00000000E+00
7.2335E+03 2.27084448E-05 0.00000000E+00
7.2571E+03 2.14621256E-05 0.00000000E+00
7.2806E+03 1.99458791E-05 0.00000000E+00
7.3042E+03 1.91294656E-05 0.00000000E+00
7.3278E+03 1.83853222E-05 0.00000000E+00
7.3513E+03 1.70097269E-05 0.00000000E+00
7.3749E+03 1.58276903E-05 0.00000000E+00
7.3985E+03 1.52292141E-05 0.00000000E+00
7.4220E+03 1.43151239E-05 0.00000000E+00
7.4456E+03 1.30188342E-05 0.00000000E+00
7.4691E+03 1.22020017E-05 0.00000000E+00
7.4927E+03 1.16458538E-05 0.00000000E+00
7.5163E+03 1.06248145E-05 0.00000000E+00
7.5398E+03 9.57919043E-06 0.00000000E+00
7.5634E+03 9.03575402E-06 0.00000000E+00
7.5869E+03 8.42094103E-06 0.00000000E+00
7.6105E+03 7.43934437E-06 0.00000000E+00
7.6341E+03 6.70969860E-06 0.00000000E+00
7.6576E+03 6.30309781E-06 0.00000000E+00
7.6812E+03 5.63934385E-06 0.00000000E+00
7.7048E+03 4.83910095E-06 0.00000000E+00
7.7283E+03 4.38342067E-06 0.00000000E+00
7.7519E+03 4.01608176E-06 0.00000000E+00
7.7754E+03 3.39306048E-06 0.00000000E+00
7.7990E+03 2.84396547E-06 0.00000000E+00
7.8226E+03 2.56802037E-06 0.00000000E+00
7.8461E+03 2.22396405E-06 0.00000000E+00
7.8697E+03 1.74251314E-06 0.00000000E+00
7.8933E+03 1.42892433E-06 0.00000000E+00
7.9168E+03 1.25657041E-06 0.00000000E+00
7.9404E+03 9.85997499E-07 0.00000000E+00
7.9639E+03 6.97817131E-07 0.00000000E+00
7.9875E+03 5.57708514E-07 0.00000000E+00
8.0111E+03 4.72105793E-07 0.00000000E+00
8.0346E+03 3.37426590E-07 0.00000000E+00
8.0582E+03 2.28476926E-07 0.00000000E+00
8.0817E+03 2.11877440E-07 0.00000000E+00
8.1053E+03 2.46655927E-07 0.00000000E+00
8.1289E+03 2.70534123E-07 0.00000000E+00
8.1524E+03 2.92147629E-07 0.00000000E+00
8.1760E+03 3.97779740E-07 0.00000000E+00
8.1996E+03 5.91054175E-07 0.00000000E+00
8.2231E+03 7.41484808E-07 0.00000000E+00
8.2467E+03 8.62164103E-07 0.00000000E+00
8.2702E+03 1.12905665E-06 0.00000000E+00
8.2938E+03 1.47647341E-06 0.00000000E+00
8.3174E+03 1.69676089E-06 0.00000000E+00
8.3409E+03 1.93567072E-06 0.00000000E+00
8.3645E+03 2.39820898E-06 0.00000000E+00
8.3881E+03 2.84011683E-06 0.00000000E+00
8.4116E+03 3.10065261E-06 0.00000000E+00
8.4352E+03 3.51753930E-06 0.00000000E+00
8.4587E+03 4.15755561E-06 0.00000000E+00
8.4823E+03 4.61142965E-06 0.00000000E+00
8.5059E+03 4.94493095E-06 0.00000000E+00
8.5294E+03 5.59136076E-06 0.00000000E+00
8.5530E+03 6.32372985E-06 0.00000000E+00
8.5765E+03 6.74163162E-06 0.00000000E+00
8.6001E+03 7.23349874E-06 0.00000000E+00
8.6237E+03 8.09766889E-06 0.00000000E+00
8.6472E+03 8.80463252E-06 0.00000000E+00
8.6708E+03 9.21667258E-06 0.00000000E+00
8.6944E+03 9.95121407E-06 0.00000000E+00
8.7179E+03 1.09356899E-05 0.00000000E+00
8.7415E+03 1.15328934E-05 0.00000000E+00
8.7650E+03 1.20436346E-05 0.00000000E+00
8.7886E+03 1.30370945E-05 0.00000000E+00
8.8122E+03 1.39905425E-05 0.00000000E+00
8.8357E+03 1.44846109E-05 0.00000000E+00
8.8593E+03 1.52172444E-05 0.00000000E+00
8.8829E+03 1.63807911E-05 0.00000000E+00
8.9064E+03 1.71715442E-05 0.00000000E+00
8.9300E+03 1.76699554E-05 0.00000000E+00
8.9535E+03 1.86864577E-05 0.00000000E+00
8.9771E+03 1.98479928E-05 0.00000000E+00
9.0007E+03 2.04390517E-05 0.00000000E+00
9.0242E+03 2.10988329E-05 0.00000000E+00
9.0478E+03 2.23427798E-05 0.00000000E+00
9.0713E+03 2.33228781E-05 0.00000000E+00
9.0949E+03 2.38024061E-05 0.00000000E+00
9.1185E+03 2.47404855E-05 0.00000000E+00
9.1420E+03 2.60405461E-05 0.00000000E+00
9.1656E+03 2.67442774E-05 0.00000000E+00
9.1892E+03 2.72875884E-05 0.00000000E+00
9.2127E+03 2.85012094E-05 0.00000000E+00
9.2363E+03 2.96410446E-05 0.00000000E+00
9.2598E+03 3.01139793E-05 0.00000000E+00
9.2834E+03 3.08911010E-05 0.00000000E+00
9.3070E+03 3.22356378E-05 0.00000000E+00
9.3305E+03 3.30576275E-05 0.00000000E+00
9.3541E+03 3.34702058E-05 0.00000000E+00
9.3777E+03 3.45459356E-05 0.00000000E+00
9.4012E+03 3.57887108E-05 0.00000000E+00
9.4248E+03 3.62766171E-05 0.00000000E+00
9.4483E+03 3.68388185E-05 0.00000000E+00
9.4719E+03 3.81204335E-05 0.00000000E+00
9.4955E+03 3.90476808E-05 0.00000000E+00
9.5190E+03 3.93408036E-05 0.00000000E+00
9.5426E+03 4.01882936E-05 0.00000000E+00
9.5661E+03 4.14536263E-05 0.00000000E+00
9.5897E+03 4.19764772E-05 0.00000000E+00
9.6133E+03 4.23024484E-05 0.00000000E+00
9.6368E+03 4.34139742E-05 0.00000000E+00
9.6604E+03 4.44105065E-05 0.00000000E+00
9.6840E+03 4.46129007E-05 0.00000000E+00
9.7075E+03 4.51699488E-05 0.00000000E+00
9.7311E+03 4.63623225E-05 0.00000000E+00
9.7546E+03 4.69287923E-05 0.00000000E+00
9.7782E+03 4.70284702E-05 0.00000000E+00
9.8018E+03 4.78769496E-05 0.00000000E+00
9.8253E+03 4.88845483E-05 0.00000000E+00
9.8489E+03 4.90320284E-05 0.00000000E+00
9.8725E+03 4.92709631E-05 0.00000000E+00
9.8960E+03 5.02917317E-05 0.00000000E+00
9.9196E+03 5.08926474E-05 0.00000000E+00
9.9431E+03 5.08009599E-05 0.00000000E+00
9.9667E+03 5.13197070E-05 0.00000000E+00
9.9903E+03 5.22637065E-05 0.00000000E+00
1.0014E+04 5.23886200E-05 0.00000000E+00
1.0037E+04 5.23170951E-05 0.00000000E+00
1.0061E+04 5.30777827E-05 0.00000000E+00
1.0085E+04 5.36839708E-05 0.00000000E+00
1.0108E+04 5.34510144E-05 0.00000000E+00
1.0132E+04 5.36074318E-05 0.00000000E+00
1.0155E+04 5.44063256E-05 0.00000000E+00
1.0179E+04 5.45288647E-05 0.00000000E+00
1.0202E+04 5.41850464E-05 0.00000000E+00
1.0226E+04 5.46192521E-05 0.00000000E+00
1.0249E+04 5.51840371E-05 0.00000000E+00
1.0273E+04 5.48638135E-05 0.00000000E+00
1.0297E+04 5.46616834E-05 0.00000000E+00
1.0320E+04 5.52385165E-05 0.00000000E+00
1.0344E+04 5.53615744E-05 0.00000000E+00
1.0367E+04 5.48051493E-05 0.00000000E+00
1.0391E+04 5.48770351E-05 0.00000000E+00
1.0414E+04 5.53427532E-05 0.00000000E+00
1.0438E+04 5.49828822E-05 0.00000000E+00
1.0462E+04 5.44593743E-05 0.00000000E+00
1.0485E+04 5.47529382E-05 0.00000000E+00
1.0509E+04 5.48613730E-05 0.00000000E+00
1.0532E+04 5.41625530E-05 0.00000000E+00
1.0556E+04 5.38709514E-05 0.00000000E+00
1.0579E+04 5.41782464E-05 0.00000000E+00
1.0603E+04 5.38125170E-05 0.00000000E+00
1.0626E+04 5.30309881E-05 0.00000000E+00
1.0650E+04 5.30050967E-05 0.00000000E+00
1.0674E+04 5.30693122E-05 0.00000000E+00
1.0697E+04 5.22978223E-05 0.00000000E+00
1.0721E+04 5.16755480E-05 0.00000000E+00
1.0744E+04 5.17737245E-05 0.00000000E+00
1.0768E+04 5.14184820E-05 0.00000000E+00
1.0791E+04 5.04583051E-05 0.00000000E+00
1.0815E+04 5.01074987E-05 0.00000000E+00
1.0838E+04 5.00903743E-05 0.00000000E+00
1.0862E+04 4.93060552E-05 0.00000000E+00
1.0886E+04 4.84144114E-05 0.00000000E+00
1.0909E+04 4.82707243E-05 0.00000000E+00
1.0933E+04 4.79253421E-05 0.00000000E+00
1.0956E+04 4.68703768E-05 0.00000000E+00
1.0980E+04 4.62208339E-05 0.00000000E+00
1.1003E+04 4.60863612E-05 0.00000000E+00
1.1027E+04 4.53328332E-05 0.00000000E+00
1.1051E+04 4.42522863E-05 0.00000000E+00
1.1074E+04 4.38582576E-05 0.00000000E+00
1.1098E+04 4.35092561E-05 0.00000000E+00
1.1121E+04 4.24370956E-05 0.00000000E+00
1.1145E+04 4.15427399E-05 0.00000000E+00
1.1168E+04 4.12645350E-05 0.00000000E+00
1.1192E+04 4.05668780E-05 0.00000000E+00
1.1215E+04 3.93859394E-05 0.00000000E+00
1.1239E+04 3.87597390E-05 0.00000000E+00
1.1263E+04 3.83874698E-05 0.00000000E+00
1.1286E+04 3.73614141E-05 0.00000000E+00
1.1310E+04 3.62964166E-05 0.00000000E+00
1.1333E+04 3.58645769E-05 0.00000000E+00
1.1357E+04 3.52310282E-05 0.00000000E+00
1.1380E+04 3.40354920E-05 0.00000000E+00
1.1404E+04 3.32203500E-05 0.00000000E+00
1.1428E+04 3.28067430E-05 0.00000000E+00
1.1451E+04 3.18714660E-05 0.00000000E+00
1.1475E+04 3.07206473E-05 0.00000000E+00
1.1498E+04 3.01458184E-05 0.00000000E+00
1.1522E+04 2.95725807E-05 0.00000000E+00
1.1545E+04 2.84365680E-05 0.00000000E+00
1.1569E+04 2.74955547E-05 0.00000000E+00
1.1592E+04 2.70312721E-05 0.00000000E+00
1.1616E+04 2.62122041E-05 0.00000000E+00
1.1640E+04 2.50606437E-05 0.00000000E+00
1.1663E+04 2.43744492E-05 0.00000000E+00
1.1687E+04 2.38522306E-05 0.00000000E+00
1.1710E+04 2.28319591E-05 0.00000000E+00
1.1734E+04 2.18397670E-05 0.00000000E+00
1.1757E+04 2.13292207E-05 0.00000000E+00
1.1781E+04 2.06352042E-05 0.00000000E+00
1.1805E+04 1.95584856E-05 0.00000000E+00
1.1828E+04 1.88100522E-05 0.00000000E+00
1.1852E+04 1.83308328E-05 0.00000000E+00
1.1875E+04 1.74618566E-05 0.00000000E+00
1.1899E+04 1.64949345E-05 0.00000000E+00
1.1922E+04 1.59581162E-05 0.00000000E+00
1.1946E+04 1.53865499E-05 0.00000000E+00
1.1969E+04 1.44433094E-05 0.00000000E+00
1.1993E+04 1.36925924E-05 0.00000000E+00
1.2017E+04 1.32552027E-05 0.00000000E+00
1.2040E+04 1.25533966E-05 0.00000000E+00
1.2064E+04 1.16803737E-05 0.00000000E+00
1.2087E+04 1.11512566E-05 0.00000000E+00
1.2111E+04 1.06944778E-05 0.00000000E+00
1.2134E+04 9.92248350E-06 0.00000000E+00
1.2158E+04 9.23185170E-06 0.00000000E+00
1.2182E+04 8.84525292E-06 0.00000000E+00
1.2205E+04 8.31091144E-06 0.00000000E+00
1.2229E+04 7.58500853E-06 0.00000000E+00
1.2252E+04 7.10697061E-06 0.00000000E+00
1.2276E+04 6.75834189E-06 0.00000000E+00
1.2299E+04 6.17430545E-06 0.00000000E+00
1.2323E+04 5.59991976E-06 0.00000000E+00
1.2346E+04 5.28353787E-06 0.00000000E+00
1.2370E+04 4.90725371E-06 0.00000000E+00
1.2394E+04 4.36162399E-06 0.00000000E+00
1.2417E+04 3.98073520E-06 0.00000000E+00
1.2441E+04 3.73905460E-06 0.00000000E+00
1.2464E+04 3.34159046E-06 0.00000000E+00
1.2488E+04 2.92588878E-06 0.00000000E+00
1.2511E+04 2.70692515E-06 0.00000000E+00
1.2535E+04 2.47578660E-06 0.00000000E+00
1.2559E+04 2.12218597E-06 0.00000000E+00
1.2582E+04 1.87954348E-06 0.00000000E+00
1.2606E+04 1.75091345E-06 0.00000000E+00
1.2629E+04 1.52574683E-06 0.00000000E+00
1.2653E+04 1.29225365E-06 0.00000000E+00
1.2676E+04 1.20057175E-06 0.00000000E+00
1.2700E+04 1.10343044E-06 0.00000000E+00
1.2723E+04 9.34257392E-07 0.00000000E+00
1.2747E+04 8.58888867E-07 0.00000000E+00
1.2771E+04 8.55819611E-07 0.00000000E+00
1.2794E+04 7.82125430E-07 0.00000000E+00
1.2818E+04 7.33523687E-07 0.00000000E+00
1.2841E+04 7.95297029E-07 0.00000000E+00
1.2865E+04 8.26132307E-07 0.00000000E+00
1.2888E+04 8.19269681E-07 0.00000000E+00
1.2912E+04 9.23038071E-07 0.00000000E+00
1.2936E+04 1.06114518E-06 0.00000000E+00
1.2959E+04 1.11765371E-06 0.00000000E+00
1.2983E+04 1.23729248E-06 0.00000000E+00
1.3006E+04 1.46876295E-06 0.00000000E+00
1.3030E+04 1.62753920E-06 0.00000000E+00
1.3053E+04 1.75276023E-06 0.00000000E+00
1.3077E+04 2.02809006E-06 0.00000000E+00
1.3100E+04 2.32114252E-06 0.00000000E+00
1.3124E+04 2.49071420E-06 0.00000000E+00
1.3148E+04 2.74691185E-06 0.00000000E+00
1.3171E+04 3.14939753E-06 0.00000000E+00
1.3195E+04 3.44033723E-06 0.00000000E+00
1.3218E+04 3.66583664E-06 0.00000000E+00
1.3242E+04 4.08645403E-06 0.00000000E+00
1.3265E+04 4.54079557E-06 0.00000000E+00
1.3289E+04 4.81265471E-06 0.00000000E+00
1.3312E+04 5.16481176E-06 0.00000000E+00
1.3336E+04 5.72188616E-06 0.00000000E+00
1.3360E+04 6.14967847E-06 0.00000000E+00
1.3383E+04 6.44755977E-06 0.00000000E+00
1.3407E+04 6.97209918E-06 0.00000000E+00
1.3430E+04 7.58168739E-06 0.00000000E+00
1.3454E+04 7.95113004E-06 0.00000000E+00
1.3477E+04 8.35660587E-06 0.00000000E+00
1.3501E+04 9.03416147E-06 0.00000000E+00
1.3525E+04 9.59912531E-06 0.00000000E+00
1.3548E+04 9.94901109E-06 0.00000000E+00
1.3572E+04 1.05269646E-05 0.00000000E+00
1.3595E+04 1.12702641E-05 0.00000000E+00
1.3619E+04 1.17361717E-05 0.00000000E+00
1.3642E+04 1.21567408E-05 0.00000000E+00
1.3666E+04 1.29061096E-05 0.00000000E+00
1.3689E+04 1.35995331E-05 0.00000000E+00
1.3713E+04 1.39897647E-05 0.00000000E+00
1.3737E+04 1.45686721E-05 0.00000000E+00
1.3760E+04 1.54081764E-05 0.00000000E+00
1.3784E+04 1.59690376E-05 0.00000000E+00
1.3807E+04 1.63757112E-05 0.00000000E+00
1.3831E+04 1.71392319E-05 0.00000000E+00
1.3854E+04 1.79399542E-05 0.00000000E+00
1.3878E+04 1.83662964E-05 0.00000000E+00
1.3902E+04 1.88987536E-05 0.00000000E+00
1.3925E+04 1.97832413E-05 0.00000000E+00
1.3949E+04 2.04326350E-05 0.00000000E+00
1.3972E+04 2.08080436E-05 0.00000000E+00
1.3996E+04 2.15260022E-05 0.00000000E+00
1.4019E+04 2.23990003E-05 0.00000000E+00
1.4043E+04 2.28613420E-05 0.00000000E+00
1.4066E+04 2.33106510E-05 0.00000000E+00
1.4090E+04 2.41798564E-05 0.00000000E+00
1.4114E+04 2.49024873E-05 0.00000000E+00
1.4137E+04 2.52406741E-05 0.00000000E+00
1.4161E+04 2.58585454E-05 0.00000000E+00
1.4184E+04 2.67560393E-05 0.00000000E+00
1.4208E+04 2.72540268E-05 0.00000000E+00
1.4231E+04 2.75977548E-05 0.00000000E+00
1.4255E+04 2.83888881E-05 0.00000000E+00
1.4279E+04 2.91582398E-05 0.00000000E+00
1.4302E+04 2.94622117E-05 0.00000000E+00
1.4326E+04 2.99371484E-05 0.00000000E+00
1.4349E+04 3.08023458E-05 0.00000000E+00
1.4373E+04 3.13310628E-05 0.00000000E+00
1.4396E+04 3.15620524E-05 0.00000000E+00
1.4420E+04 3.22171765E-05 0.00000000E+00
1.4443E+04 3.29955033E-05 0.00000000E+00
1.4467E+04 3.32731843E-05 0.00000000E+00
1.4491E+04 3.35786097E-05 0.00000000E+00
1.4514E+04 3.43515273E-05 0.00000000E+00
1.4538E+04 3.48982282E-05 0.00000000E+00
1.4561E+04 3.50229355E-05 0.00000000E+00
1.4585E+04 3.54957789E-05 0.00000000E+00
1.4608E+04 3.62365109E-05 0.00000000E+00
1.4632E+04 3.64960050E-05 0.00000000E+00
1.4656E+04 3.66234488E-05 0.00000000E+00
1.4679E+04 3.72476393E-05 0.00000000E+00
1.4703E+04 3.77902374E-05 0.00000000E+00
1.4726E+04 3.78248826E-05 0.00000000E+00
1.4750E+04 3.80858252E-05 0.00000000E+00
1.4773E+04 3.87379060E-05 0.00000000E+00
1.4797E+04 3.89831368E-05 0.00000000E+00
1.4820E+04 3.89412354E-05 0.00000000E+00
1.4844E+04 3.93702474E-05 0.00000000E+00
1.4868E+04 3.98779046E-05 0.00000000E+00
1.4891E+04 3.98434666E-05 0.00000000E+00
1.4915E+04 3.98821339E-05 0.00000000E+00
1.4938E+04 4.03956289E-05 0.00000000E+00
1.4962E+04 4.06233287E-05 0.00000000E+00
1.4985E+04 4.04345913E-05 0.00000000E+00
1.5009E+04 4.06373601E-05 0.00000000E+00
1.5033E+04 4.10732223E-05 0.00000000E+00
1.5056E+04 4.09904077E-05 0.00000000E+00
1.5080E+04 4.08158180E-05 0.00000000E+00
1.5103E+04 4.11480823E-05 0.00000000E+00
1.5127E+04 4.13467706E-05 0.00000000E+00
1.5150E+04 4.10428695E-05 0.00000000E+00
1.5174E+04 4.10073693E-05 0.00000000E+00
1.5197E+04 4.13331113E-05 0.00000000E+00
1.5221E+04 4.12181893E-05 0.00000000E+00
1.5245E+04 4.08564856E-05 0.00000000E+00
1.5268E+04 4.09779129E-05 0.00000000E+00
1.5292E+04 4.11290429E-05 0.00000000E+00
1.5315E+04 4.07453549E-05 0.00000000E+00
1.5339E+04 4.04797858E-05 0.00000000E+00
1.5362E+04 4.06611223E-05 0.00000000E+00
1.5386E+04 4.05232709E-05 0.00000000E+00
1.5410E+04 4.00132737E-05 0.00000000E+00
1.5433E+04 3.99114398E-05 0.00000000E+00
1.5457E+04 3.99924093E-05 0.00000000E+00
1.5480E+04 3.95626930E-05 0.00000000E+00
1.5504E+04 3.90938437E-05 0.00000000E+00
1.5527E+04 3.91058528E-05 0.00000000E+00
1.5551E+04 3.89464312E-05 0.00000000E+00
1.5574E+04 3.83338225E-05 0.00000000E+00
1.5598E+04 3.80152037E-05 0.00000000E+00
1.5622E+04 3.80035702E-05 0.00000000E+00
1.5645E+04 3.75557909E-05 0.00000000E+00
1.5669E+04 3.69250146E-05 0.00000000E+00
1.5692E+04 3.67562980E-05 0.00000000E+00
1.5716E+04 3.65701205E-05 0.00000000E+00
1.5739E+04 3.59014809E-05 0.00000000E+00
1.5763E+04 3.53906546E-05 0.00000000E+00
1.5787E+04 3.52687709E-05 0.00000000E+00
1.5810E+04 3.48228020E-05 0.00000000E+00
1.5834E+04 3.40805646E-05 0.00000000E+00
1.5857E+04 3.37356659E-05 0.00000000E+00
1.5881E+04 3.35139345E-05 0.00000000E+00
1.5904E+04 3.28316737E-05 0.00000000E+00
1.5928E+04 3.21683326E-05 0.00000000E+00
1.5951E+04 3.19275787E-05 0.00000000E+00
1.5975E+04 3.14949579E-05 0.00000000E+00
1.5999E+04 3.06948548E-05 0.00000000E+00
1.6022E+04 3.01945524E-05 0.00000000E+00
1.6046E+04 2.99287349E-05 0.00000000E+00
1.6069E+04 2.92674998E-05 0.00000000E+00
1.6093E+04 2.85016712E-05 0.00000000E+00
1.6116E+04 2.81454084E-05 0.00000000E+00
1.6140E+04 2.77308707E-05 0.00000000E+00
1.6163E+04 2.69238548E-05 0.00000000E+00
1.6187E+04 2.63030894E-05 0.00000000E+00
1.6211E+04 2.59888143E-05 0.00000000E+00
1.6234E+04 2.53736932E-05 0.00000000E+00
1.6258E+04 2.45597769E-05 0.00000000E+00
1.6281E+04 2.41042963E-05 0.00000000E+00
1.6305E+04 2.37085549E-05 0.00000000E+00
1.6328E+04 2.29382141E-05 0.00000000E+00
1.6352E+04 2.22419041E-05 0.00000000E+00
1.6376E+04 2.18819854E-05 0.00000000E+00
1.6399E+04 2.13286550E-05 0.00000000E+00
1.6423E+04 2.05193409E-05 0.00000000E+00
1.6446E+04 1.99926059E-05 0.00000000E+00
1.6470E+04 1.96157033E-05 0.00000000E+00
1.6493E+04 1.89153887E-05 0.00000000E+00
1.6517E+04 1.81930251E-05 0.00000000E+00
1.6540E+04 1.77990350E-05 0.00000000E+00
1.6564E+04 1.73156381E-05 0.00000000E+00
1.6588E+04 1.65568608E-05 0.00000000E+00
1.6611E+04 1.59954329E-05 0.00000000E+00
1.6635E+04 1.56399075E-05 0.00000000E+00
1.6658E+04 1.50320160E-05 0.00000000E+00
1.6682E+04 1.43321115E-05 0.00000000E+00
1.6705E+04 1.39242640E-05 0.00000000E+00
1.6729E+04 1.35143563E-05 0.00000000E+00
1.6753E+04 1.28419593E-05 0.00000000E+00
1.6776E+04 1.22867195E-05 0.00000000E+00
1.6800E+04 1.19598584E-05 0.00000000E+00
1.6823E+04 1.14569420E-05 0.00000000E+00
1.6847E+04 1.08221040E-05 0.00000000E+00
1.6870E+04 1.04274273E-05 0.00000000E+00
1.6894E+04 1.00931197E-05 0.00000000E+00
1.6917E+04 9.53134766E-06 0.00000000E+00
1.6941E+04 9.02259390E-06 0.00000000E+00
1.6965E+04 8.73722246E-06 0.00000000E+00
1.6988E+04 8.34430108E-06 0.00000000E+00
1.7012E+04 7.80743337E-06 0.00000000E+00
1.7035E+04 7.45643658E-06 0.00000000E+00
1.7059E+04 7.20096236E-06 0.00000000E+00
1.7082E+04 6.76268993E-06 0.00000000E+00
1.7106E+04 6.33529404E-06 0.00000000E+00
1.7130E+04 6.10888984E-06 0.00000000E+00
1.7153E+04 5.82635301E-06 0.00000000E+00
1.7177E+04 5.40847469E-06 0.00000000E+00
1.7200E+04 5.13087963E-06 0.00000000E+00
1.7224E+04 4.96007214E-06 0.00000000E+00
1.7247E+04 4.64858939E-06 0.00000000E+00
1.7271E+04 4.32806994E-06 0.00000000E+00
1.7294E+04 4.18041125E-06 0.00000000E+00
1.7318E+04 4.00690244E-06 0.00000000E+00
1.7342E+04 3.71691200E-06 0.00000000E+00
1.7365E+04 3.53731127E-06 0.00000000E+00
1.7389E+04 3.45973153E-06 0.00000000E+00
1.7412E+04 3.27162169E-06 0.00000000E+00
1.7436E+04 3.07183353E-06 0.00000000E+00
1.7459E+04 3.02169046E-06 0.00000000E+00
1.7483E+04 2.95633175E-06 0.00000000E+00
1.7507E+04 2.79257129E-06 0.00000000E+00
1.7530E+04 2.72681162E-06 0.00000000E+00
1.7554E+04 2.75248837E-06 0.00000000E+00
1.7577E+04 2.68082859E-06 0.00000000E+00
1.7601E+04 2.60350421E-06 0.00000000E+00
1.7624E+04 2.66497891E-06 0.00000000E+00
1.7648E+04 2.70839923E-06 0.00000000E+00
1.7671E+04 2.66144210E-06 0.00000000E+00
1.7695E+04 2.71427345E-06 0.00000000E+00
1.7719E+04 2.85227396E-06 0.00000000E+00
1.7742E+04 2.88937928E-06 0.00000000E+00
1.7766E+04 2.92538522E-06 0.00000000E+00
1.7789E+04 3.10455845E-06 0.00000000E+00
1.7813E+04 3.25851883E-06 0.00000000E+00
1.7836E+04 3.31450285E-06 0.00000000E+00
1.7860E+04 3.47886066E-06 0.00000000E+00
1.7884E+04 3.73422667E-06 0.00000000E+00
1.7907E+04 3.87342238E-06 0.00000000E+00
1.7931E+04 4.00543679E-06 0.00000000E+00
1.7954E+04 4.29804078E-06 0.00000000E+00
1.7978E+04 4.56386011E-06 0.00000000E+00
1.8001E+04 4.70775508E-06 0.00000000E+00
1.8025E+04 4.96586989E-06 0.00000000E+00
1.8048E+04 5.33668362E-06 0.00000000E+00
1.8072E+04 5.57288369E-06 0.00000000E+00
1.8096E+04 5.77901136E-06 0.00000000E+00
1.8119E+04 6.16970545E-06 0.00000000E+00
1.8143E+04 6.54596649E-06 0.00000000E+00
1.8166E+04 6.76418992E-06 0.00000000E+00
1.8190E+04 7.09032887E-06 0.00000000E+00
1.8213E+04 7.56561231E-06 0.00000000E+00
1.8237E+04 7.89468826E-06 0.00000000E+00
1.8261E+04 8.15226967E-06 0.00000000E+00
1.8284E+04 8.61566087E-06 0.00000000E+00
1.8308E+04 9.09573714E-06 0.00000000E+00
1.8331E+04 9.37760967E-06 0.00000000E+00
1.8355E+04 9.74182482E-06 0.00000000E+00
1.8378E+04 1.03006819E-05 0.00000000E+00
1.8402E+04 1.07177975E-05 0.00000000E+00
1.8425E+04 1.10066224E-05 0.00000000E+00
1.8449E+04 1.15097620E-05 0.00000000E+00
1.8473E+04 1.20796800E-05 0.00000000E+00
1.8496E+04 1.24174871E-05 0.00000000E+00
1.8520E+04 1.27896285E-05 0.00000000E+00
1.8543E+04 1.34018131E-05 0.00000000E+00
1.8567E+04 1.38991437E-05 0.00000000E+00
1.8590E+04 1.42035453E-05 0.00000000E+00
1.8614E+04 1.47095048E-05 0.00000000E+00
1.8637E+04 1.53466824E-05 0.00000000E+00
1.8661E+04 1.57344939E-05 0.00000000E+00
1.8685E+04 1.60878912E-05 0.00000000E+00
1.8708E+04 1.67158920E-05 0.00000000E+00
1.8732E+04 1.72803745E-05 0.00000000E+00
1.8755E+04 1.75900074E-05 0.00000000E+00
1.8779E+04 1.80620930E-05 0.00000000E+00
1.8802E+04 1.87354625E-05 0.00000000E+00
1.8826E+04 1.91671545E-05 0.00000000E+00
1.8850E+04 1.94814652E-05 0.00000000E+00
1.8873E+04 2.00839746E-05 0.00000000E+00
1.8897E+04 2.06957710E-05 0.00000000E+00
1.8920E+04 2.10050860E-05 0.00000000E+00
1.8944E+04 2.14110496E-05 0.00000000E+00
1.8967E+04 2.20827715E-05 0.00000000E+00
1.8991E+04 2.25498019E-05 0.00000000E+00
1.9014E+04 2.28125643E-05 0.00000000E+00
1.9038E+04 2.33487778E-05 0.00000000E+00
1.9062E+04 2.39809070E-05 0.00000000E+00
1.9085E+04 2.42875109E-05 0.00000000E+00
1.9109E+04 2.46029794E-05 0.00000000E+00
1.9132E+04 2.52314916E-05 0.00000000E+00
1.9156E+04 2.57209623E-05 0.00000000E+00
1.9179E+04 2.59276073E-05 0.00000000E+00
1.9203E+04 2.63615622E-05 0.00000000E+00
1.9227E+04 2.69808414E-05 0.00000000E+00
1.9250E+04 2.72831616E-05 0.00000000E+00
1.9274E+04 2.74937214E-05 0.00000000E+00
1.9297E+04 2.80376266E-05 0.00000000E+00
1.9321E+04 2.85311101E-05 0.00000000E+00
1.9344E+04 2.86835922E-05 0.00000000E+00
1.9368E+04 2.89879001E-05 0.00000000E+00
1.9391E+04 2.95571736E-05 0.00000000E+00
1.9415E+04 2.98520310E-05 0.00000000E+00
1.9439E+04 2.99538127E-05 0.00000000E+00
1.9462E+04 3.03761308E-05 0.00000000E+00
1.9486E+04 3.08496793E-05 0.00000000E+00
1.9509E+04 3.09541778E-05 0.00000000E+00
1.9533E+04 3.11127369E-05 0.00000000E+00
1.9556E+04 3.15942556E-05 0.00000000E+00
1.9580E+04 3.18749764E-05 0.00000000E+00
1.9604E+04 3.18738071E-05 0.00000000E+00
1.9627E+04 3.21460695E-05 0.00000000E+00
1.9651E+04 3.25716302E-05 0.00000000E+00
1.9674E+04 3.26358444E-05 0.00000000E+00
1.9698E+04 3.26451373E-05 0.00000000E+00
1.9721E+04 3.30046563E-05 0.00000000E+00
1.9745E+04 3.32601931E-05 0.00000000E+00
1.9768E+04 3.31694638E-05 0.00000000E+00
1.9792E+04 3.32749155E-05 0.00000000E+00
1.9816E+04 3.36229882E-05 0.00000000E+00
1.9839E+04 3.36535426E-05 0.00000000E+00
1.9863E+04 3.35221925E-05 0.00000000E+00
1.9886E+04 3.37329900E-05 0.00000000E+00
1.9910E+04 3.39482428E-05 0.00000000E+00
1.9933E+04 3.37858557E-05 0.00000000E+00
1.9957E+04 3.37210708E-05 0.00000000E+00
1.9981E+04 3.39640652E-05 0.00000000E+00
2.0004E+04 3.39645330E-05 0.00000000E+00
2.0028E+04 3.37112045E-05 0.00000000E+00
2.0051E+04 3.37572199E-05 0.00000000E+00
2.0075E+04 3.39144889E-05 0.00000000E+00
2.0098E+04 3.36995465E-05 0.00000000E+00
2.0122E+04 3.34742469E-05 0.00000000E+00
2.0145E+04 3.35899248E-05 0.00000000E+00
2.0169E+04 3.35598956E-05 0.00000000E+00
2.0193E+04 3.32101223E-05 0.00000000E+00
2.0216E+04 3.30877987E-05 0.00000000E+00
2.0240E+04 3.31691444E-05 0.00000000E+00
2.0263E+04 3.29191078E-05 0.00000000E+00
2.0287E+04 3.25544809E-05 0.00000000E+00
2.0310E+04 3.25290215E-05 0.00000000E+00
2.0334E+04 3.24644082E-05 0.00000000E+00
2.0358E+04 3.20470629E-05 0.00000000E+00
2.0381E+04 3.17658043E-05 0.00000000E+00
2.0405E+04 3.17559718E-05 0.00000000E+00
2.0428E+04 3.14847666E-05 0.00000000E+00
2.0452E+04 3.10106816E-05 0.00000000E+00
2.0475E+04 3.08409579E-05 0.00000000E+00
2.0499E+04 3.07354425E-05 0.00000000E+00
2.0522E+04 3.02793675E-05 0.00000000E+00
2.0546E+04 2.98605405E-05 0.00000000E+00
2.0570E+04 2.97499226E-05 0.00000000E+00
2.0593E+04 2.94671666E-05 0.00000000E+00
2.0617E+04 2.89186124E-05 0.00000000E+00
2.0640E+04 2.86131978E-05 0.00000000E+00
2.0664E+04 2.84604406E-05 0.00000000E+00
2.0687E+04 2.79916260E-05 0.00000000E+00
2.0711E+04 2.74660999E-05 0.00000000E+00
2.0735E+04 2.72530834E-05 0.00000000E+00
2.0758E+04 2.69644195E-05 0.00000000E+00
2.0782E+04 2.63776255E-05 0.00000000E+00
2.0805E+04 2.59562034E-05 0.00000000E+00
2.0829E+04 2.57522915E-05 0.00000000E+00
2.0852E+04 2.52919989E-05 0.00000000E+00
2.0876E+04 2.46965871E-05 0.00000000E+00
2.0899E+04 2.43887678E-05 0.00000000E+00
2.0923E+04 2.40971471E-05 0.00000000E+00
2.0947E+04 2.35060702E-05 0.00000000E+00
2.0970E+04 2.29973675E-05 0.00000000E+00
2.0994E+04 2.27429961E-05 0.00000000E+00
2.1017E+04 2.23071089E-05 0.00000000E+00
2.1041E+04 2.16806213E-05 0.00000000E+00
2.1064E+04 2.12947124E-05 0.00000000E+00
2.1088E+04 2.10023031E-05 0.00000000E+00
2.1112E+04 2.04360747E-05 0.00000000E+00
2.1135E+04 1.98747847E-05 0.00000000E+00
2.1159E+04 1.95767567E-05 0.00000000E+00
2.1182E+04 1.91763087E-05 0.00000000E+00
2.1206E+04 1.85558757E-05 0.00000000E+00
2.1229E+04 1.81163607E-05 0.00000000E+00
2.1253E+04 1.78265906E-05 0.00000000E+00
2.1276E+04 1.73081433E-05 0.00000000E+00
2.1300E+04 1.67313025E-05 0.00000000E+00
2.1324E+04 1.64030019E-05 0.00000000E+00
2.1347E+04 1.60455204E-05 0.00000000E+00
2.1371E+04 1.54635746E-05 0.00000000E+00
2.1394E+04 1.50002190E-05 0.00000000E+00
2.1418E+04 1.47194036E-05 0.00000000E+00
2.1441E+04 1.42652067E-05 0.00000000E+00
2.1465E+04 1.37084333E-05 0.00000000E+00
2.1488E+04 1.33690367E-05 0.00000000E+00
2.1512E+04 1.30602285E-05 0.00000000E+00
2.1536E+04 1.25424209E-05 0.00000000E+00
2.1559E+04 1.20869242E-05 0.00000000E+00
2.1583E+04 1.18250397E-05 0.00000000E+00
2.1606E+04 1.14457949E-05 0.00000000E+00
2.1630E+04 1.09399238E-05 0.00000000E+00
2.1653E+04 1.06124070E-05 0.00000000E+00
2.1677E+04 1.03577597E-05 0.00000000E+00
2.1701E+04 9.92208519E-06 0.00000000E+00
2.1724E+04 9.50446453E-06 0.00000000E+00
2.1748E+04 9.27488036E-06 0.00000000E+00
2.1771E+04 8.97695270E-06 0.00000000E+00
2.1795E+04 8.54567851E-06 0.00000000E+00
2.1818E+04 8.25403292E-06 0.00000000E+00
2.1842E+04 8.05996547E-06 0.00000000E+00
2.1865E+04 7.71716993E-06 0.00000000E+00
2.1889E+04 7.36259417E-06 0.00000000E+00
2.1913E+04 7.18083317E-06 0.00000000E+00
2.1936E+04 6.96800183E-06 0.00000000E+00
2.1960E+04 6.62687158E-06 0.00000000E+00
2.1983E+04 6.39308863E-06 0.00000000E+00
2.2007E+04 6.26734958E-06 0.00000000E+00
2.2030E+04 6.02230377E-06 0.00000000E+00
2.2054E+04 5.74886614E-06 0.00000000E+00
2.2078E+04 5.63060236E-06 0.00000000E+00
2.2101E+04 5.50558828E-06 0.00000000E+00
2.2125E+04 5.26225358E-06 0.00000000E+00
2.2148E+04 5.10354636E-06 0.00000000E+00
2.2172E+04 5.05468323E-06 0.00000000E+00
2.2195E+04 4.90817505E-06 0.00000000E+00
2.2219E+04 4.72578036E-06 0.00000000E+00
2.2242E+04 4.68438061E-06 0.00000000E+00
2.2266E+04 4.64971044E-06 0.00000000E+00
2.2290E+04 4.50511740E-06 0.00000000E+00
2.2313E+04 4.43176513E-06 0.00000000E+00
2.2337E+04 4.46773067E-06 0.00000000E+00
2.2360E+04 4.41818318E-06 0.00000000E+00
2.2384E+04 4.32858907E-06 0.00000000E+00
2.2407E+04 4.37264773E-06 0.00000000E+00
2.2431E+04 4.43068317E-06 0.00000000E+00
2.2455E+04 4.38086811E-06 0.00000000E+00
2.2478E+04 4.39505650E-06 0.00000000E+00
2.2502E+04 4.52128409E-06 0.00000000E+00
2.2525E+04 4.56607113E-06 0.00000000E+00
2.2549E+04 4.56403546E-06 0.00000000E+00
2.2572E+04 4.69543844E-06 0.00000000E+00
2.2596E+04 4.84764212E-06 0.00000000E+00
2.2619E+04 4.88577016E-06 0.00000000E+00
2.2643E+04 4.98166269E-06 0.00000000E+00
2.2667E+04 5.19907222E-06 0.00000000E+00
2.2690E+04 5.33519815E-06 0.00000000E+00
2.2714E+04 5.41046535E-06 0.00000000E+00
2.2737E+04 5.62338852E-06 0.00000000E+00
2.2761E+04 5.86901579E-06 0.00000000E+00
2.2784E+04 5.98720932E-06 0.00000000E+00
2.2808E+04 6.15217519E-06 0.00000000E+00
2.2832E+04 6.45551900E-06 0.00000000E+00
2.2855E+04 6.67950757E-06 0.00000000E+00
2.2879E+04 6.81914477E-06 0.00000000E+00
2.2902E+04 7.10013897E-06 0.00000000E+00
2.2926E+04 7.43461809E-06 0.00000000E+00
2.2949E+04 7.62515369E-06 0.00000000E+00
2.2973E+04 7.84183476E-06 0.00000000E+00
2.2996E+04 8.21871511E-06 0.00000000E+00
2.3020E+04 8.52573853E-06 0.00000000E+00
2.3044E+04 8.71632137E-06 0.00000000E+00
2.3067E+04 9.04547829E-06 0.00000000E+00
2.3091E+04 9.45887138E-06 0.00000000E+00
2.3114E+04 9.71454738E-06 0.00000000E+00
2.3138E+04 9.96339584E-06 0.00000000E+00
2.3161E+04 1.03942685E-05 0.00000000E+00
2.3185E+04 1.07768151E-05 0.00000000E+00
2.3209E+04 1.10061137E-05 0.00000000E+00
2.3232E+04 1.13592195E-05 0.00000000E+00
2.3256E+04 1.18352658E-05 0.00000000E+00
2.3279E+04 1.21490097E-05 0.00000000E+00
2.3303E+04 1.24109141E-05 0.00000000E+00
2.3326E+04 1.28702797E-05 0.00000000E+00
2.3350E+04 1.33168294E-05 0.00000000E+00
2.3373E+04 1.35747753E-05 0.00000000E+00
2.3397E+04 1.39261563E-05 0.00000000E+00
2.3421E+04 1.44422930E-05 0.00000000E+00
2.3444E+04 1.48062349E-05 0.00000000E+00
2.3468E+04 1.50647761E-05 0.00000000E+00
2.3491E+04 1.55234370E-05 0.00000000E+00
2.3515E+04 1.60175622E-05 0.00000000E+00
2.3538E+04 1.62963698E-05 0.00000000E+00
2.3562E+04 1.66218817E-05 0.00000000E+00
2.3586E+04 1.71503217E-05 0.00000000E+00
2.3609E+04 1.75546067E-05 0.00000000E+00
2.3633E+04 1.77975068E-05 0.00000000E+00
2.3656E+04 1.82254449E-05 0.00000000E+00
2.3680E+04 1.87455784E-05 0.00000000E+00
2.3703E+04 1.90390549E-05 0.00000000E+00
2.3727E+04 1.93186401E-05 0.00000000E+00
2.3750E+04 1.98283251E-05 0.00000000E+00
2.3774E+04 2.02599767E-05 0.00000000E+00
2.3798E+04 2.04795359E-05 0.00000000E+00
2.3821E+04 2.08489224E-05 0.00000000E+00
2.3845E+04 2.13689300E-05 0.00000000E+00
2.3868E+04 2.16712274E-05 0.00000000E+00
2.3892E+04 2.18906870E-05 0.00000000E+00
2.3915E+04 2.23498961E-05 0.00000000E+00
2.3939E+04 2.27920986E-05 0.00000000E+00
2.3962E+04 2.29847063E-05 0.00000000E+00
2.3986E+04 2.32726786E-05 0.00000000E+00
2.4010E+04 2.37633410E-05 0.00000000E+00
2.4033E+04 2.40675650E-05 0.00000000E+00
2.4057E+04 2.42194045E-05 0.00000000E+00
2.4080E+04 2.45987663E-05 0.00000000E+00
2.4104E+04 2.50309206E-05 0.00000000E+00
2.4127E+04 2.51958836E-05 0.00000000E+00
2.4151E+04 2.53867471E-05 0.00000000E+00
2.4175E+04 2.58180958E-05 0.00000000E+00
2.4198E+04 2.61151912E-05 0.00000000E+00
2.4222E+04 2.61984722E-05 0.00000000E+00
2.4245E+04 2.64739546E-05 0.00000000E+00
2.4269E+04 2.68726528E-05 0.00000000E+00
2.4292E+04 2.70106366E-05 0.00000000E+00
2.4316E+04 2.70971083E-05 0.00000000E+00
2.4339E+04 2.74412611E-05 0.00000000E+00
2.4363E+04 2.77194698E-05 0.00000000E+00
2.4387E+04 2.77387089E-05 0.00000000E+00
2.4410E+04 2.78940214E-05 0.00000000E+00
2.4434E+04 2.82348075E-05 0.00000000E+00
2.4457E+04 2.83462312E-05 0.00000000E+00
2.4481E+04 2.83295018E-05 0.00000000E+00
2.4504E+04 2.85634748E-05 0.00000000E+00
2.4528E+04 2.88085131E-05 0.00000000E+00
2.4552E+04 2.87719038E-05 0.00000000E+00
2.4575E+04 2.87999237E-05 0.00000000E+00
2.4599E+04 2.90595564E-05 0.00000000E+00
2.4622E+04 2.91433187E-05 0.00000000E+00
2.4646E+04 2.90320513E-05 0.00000000E+00
2.4669E+04 2.91401477E-05 0.00000000E+00
2.4693E+04 2.93361537E-05 0.00000000E+00
2.4716E+04 2.92535613E-05 0.00000000E+00
2.4740E+04 2.91567087E-05 0.00000000E+00
2.4764E+04 2.93156626E-05 0.00000000E+00
2.4787E+04 2.93685249E-05 0.00000000E+00
2.4811E+04 2.91771184E-05 0.00000000E+00
2.4834E+04 2.91526567E-05 0.00000000E+00
2.4858E+04 2.92838600E-05 0.00000000E+00
2.4881E+04 2.91650118E-05 0.00000000E+00
2.4905E+04 2.89546255E-05 0.00000000E+00
2.4929E+04 2.89995273E-05 0.00000000E+00
2.4952E+04 2.90163106E-05 0.00000000E+00
2.4976E+04 2.87627292E-05 0.00000000E+00
2.4999E+04 2.86088542E-05 0.00000000E+00
2.5023E+04 2.86617244E-05 0.00000000E+00
2.5046E+04 2.85148717E-05 0.00000000E+00
2.5070E+04 2.82096129E-05 0.00000000E+00
2.5093E+04 2.81351525E-05 0.00000000E+00
2.5117E+04 2.81096819E-05 0.00000000E+00
2.5141E+04 2.78131251E-05 0.00000000E+00
2.5164E+04 2.75424266E-05 0.00000000E+00
2.5188E+04 2.75078403E-05 0.00000000E+00
2.5211E+04 2.73390592E-05 0.00000000E+00
2.5235E+04 2.69625058E-05 0.00000000E+00
2.5258E+04 2.67723468E-05 0.00000000E+00
2.5282E+04 2.66988965E-05 0.00000000E+00
2.5306E+04 2.63776789E-05 0.00000000E+00
2.5329E+04 2.60106053E-05 0.00000000E+00
2.5353E+04 2.58855458E-05 0.00000000E+00
2.5376E+04 2.56987668E-05 0.00000000E+00
2.5400E+04 2.52766522E-05 0.00000000E+00
2.5423E+04 2.49831632E-05 0.00000000E+00
2.5447E+04 2.48580850E-05 0.00000000E+00
2.5470E+04 2.45281330E-05 0.00000000E+00
2.5494E+04 2.40905830E-05 0.00000000E+00
2.5518E+04 2.38790841E-05 0.00000000E+00
2.5541E+04 2.36768088E-05 0.00000000E+00
2.5565E+04 2.32344759E-05 0.00000000E+00
2.5588E+04 2.28574524E-05 0.00000000E+00
2.5612E+04 2.26806884E-05 0.00000000E+00
2.5635E+04 2.23548751E-05 0.00000000E+00
2.5659E+04 2.18754803E-05 0.00000000E+00
2.5683E+04 2.15887210E-05 0.00000000E+00
2.5706E+04 2.13732102E-05 0.00000000E+00
2.5730E+04 2.09336535E-05 0.00000000E+00
2.5753E+04 2.04983016E-05 0.00000000E+00
2.5777E+04 2.02744809E-05 0.00000000E+00
2.5800E+04 1.99627401E-05 0.00000000E+00
2.5824E+04 1.94702041E-05 0.00000000E+00
2.5847E+04 1.91257092E-05 0.00000000E+00
2.5871E+04 1.89002906E-05 0.00000000E+00
2.5895E+04 1.84829025E-05 0.00000000E+00
2.5918E+04 1.80173087E-05 0.00000000E+00
2.5942E+04 1.77561369E-05 0.00000000E+00
2.5965E+04 1.74661287E-05 0.00000000E+00
2.5989E+04 1.69868805E-05 0.00000000E+00
2.6012E+04 1.66068468E-05 0.00000000E+00
2.6036E+04 1.63769722E-05 0.00000000E+00
2.6060E+04 1.59970206E-05 0.00000000E+00
2.6083E+04 1.55294142E-05 0.00000000E+00
2.6107E+04 1.52451905E-05 0.00000000E+00
2.6130E+04 1.49832642E-05 0.00000000E+00
2.6154E+04 1.45397180E-05 0.00000000E+00
2.6177E+04 1.41487096E-05 0.00000000E+00
2.6201E+04 1.39224970E-05 0.00000000E+00
2.6224E+04 1.35913204E-05 0.00000000E+00
2.6248E+04 1.31475865E-05 0.00000000E+00
2.6272E+04 1.28579312E-05 0.00000000E+00
2.6295E+04 1.26301289E-05 0.00000000E+00
2.6319E+04 1.22397956E-05 0.00000000E+00
2.6342E+04 1.18622495E-05 0.00000000E+00
2.6366E+04 1.16503930E-05 0.00000000E+00
2.6389E+04 1.13761584E-05 0.00000000E+00
2.6413E+04 1.09780024E-05 0.00000000E+00
2.6437E+04 1.07020501E-05 0.00000000E+00
2.6460E+04 1.05148707E-05 0.00000000E+00
2.6484E+04 1.01903118E-05 0.00000000E+00
2.6507E+04 9.84826022E-06 0.00000000E+00
2.6531E+04 9.66328550E-06 0.00000000E+00
2.6554E+04 9.45197304E-06 0.00000000E+00
2.6578E+04 9.11587490E-06 0.00000000E+00
2.6601E+04 8.87219773E-06 0.00000000E+00
2.6625E+04 8.73285842E-06 0.00000000E+00
2.6649E+04 8.48223065E-06 0.00000000E+00
2.6672E+04 8.19347261E-06 0.00000000E+00
2.6696E+04 8.04839373E-06 0.00000000E+00
2.6719E+04 7.90464135E-06 0.00000000E+00
2.6743E+04 7.64154011E-06 0.00000000E+00
2.6766E+04 7.44605817E-06 0.00000000E+00
2.6790E+04 7.36211806E-06 0.00000000E+00
2.6813E+04 7.19001854E-06 0.00000000E+00
2.6837E+04 6.96691034E-06 0.00000000E+00
2.6861E+04 6.87348512E-06 0.00000000E+00
2.6884E+04 6.80106248E-06 0.00000000E+00
2.6908E+04 6.61669560E-06 0.00000000E+00
2.6931E+04 6.48090772E-06 0.00000000E+00
2.6955E+04 6.45933150E-06 0.00000000E+00
2.6978E+04 6.36773079E-06 0.00000000E+00
2.7002E+04 6.21677245E-06 0.00000000E+00
2.7026E+04 6.18371946E-06 0.00000000E+00
2.7049E+04 6.18556143E-06 0.00000000E+00
2.7073E+04 6.08135882E-06 0.00000000E+00
2.7096E+04 6.01125005E-06 0.00000000E+00
2.7120E+04 6.05714901E-06 0.00000000E+00
2.7143E+04 6.04622118E-06 0.00000000E+00
2.7167E+04 5.96848887E-06 0.00000000E+00
2.7190E+04 6.00005345E-06 0.00000000E+00
2.7214E+04 6.07786316E-06 0.00000000E+00
2.7238E+04 6.05215309E-06 0.00000000E+00
2.7261E+04 6.04795913E-06 0.00000000E+00
2.7285E+04 6.16327627E-06 0.00000000E+00
2.7308E+04 6.23190217E-06 0.00000000E+00
2.7332E+04 6.22412878E-06 0.00000000E+00
2.7355E+04 6.31924586E-06 0.00000000E+00
2.7379E+04 6.47272001E-06 0.00000000E+00
2.7403E+04 6.52188472E-06 0.00000000E+00
2.7426E+04 6.57864708E-06 0.00000000E+00
2.7450E+04 6.76102314E-06 0.00000000E+00
2.7473E+04 6.90680417E-06 0.00000000E+00
2.7497E+04 6.96276119E-06 0.00000000E+00
2.7520E+04 7.11492071E-06 0.00000000E+00
2.7544E+04 7.34075202E-06 0.00000000E+00
2.7567E+04 7.46003684E-06 0.00000000E+00
2.7591E+04 7.56876120E-06 0.00000000E+00
2.7615E+04 7.81082836E-06 0.00000000E+00
2.7638E+04 8.02963938E-06 0.00000000E+00
2.7662E+04 8.14151258E-06 0.00000000E+00
2.7685E+04 8.33936912E-06 0.00000000E+00
2.7709E+04 8.63031870E-06 0.00000000E+00
2.7732E+04 8.81418688E-06 0.00000000E+00
2.7756E+04 8.96339499E-06 0.00000000E+00
2.7780E+04 9.25273742E-06 0.00000000E+00
2.7803E+04 9.53803183E-06 0.00000000E+00
2.7827E+04 9.69757382E-06 0.00000000E+00
2.7850E+04 9.92624606E-06 0.00000000E+00
2.7874E+04 1.02706049E-05 0.00000000E+00
2.7897E+04 1.05126703E-05 0.00000000E+00
2.7921E+04 1.06900803E-05 0.00000000E+00
2.7944E+04 1.10099536E-05 0.00000000E+00
2.7968E+04 1.13520738E-05 0.00000000E+00
2.7992E+04 1.15513554E-05 0.00000000E+00
2.8015E+04 1.17941813E-05 0.00000000E+00
2.8039E+04 1.21758008E-05 0.00000000E+00
2.8062E+04 1.24684154E-05 0.00000000E+00
2.8086E+04 1.26624231E-05 0.00000000E+00
2.8109E+04 1.29931057E-05 0.00000000E+00
2.8133E+04 1.33787852E-05 0.00000000E+00
2.8157E+04 1.36104199E-05 0.00000000E+00
2.8180E+04 1.38508205E-05 0.00000000E+00
2.8204E+04 1.42497339E-05 0.00000000E+00
2.8227E+04 1.45833526E-05 0.00000000E+00
2.8251E+04 1.47840469E-05 0.00000000E+00
2.8274E+04 1.51045984E-05 0.00000000E+00
2.8298E+04 1.55168172E-05 0.00000000E+00
2.8321E+04 1.57736727E-05 0.00000000E+00
2.8345E+04 1.59968354E-05 0.00000000E+00
2.8369E+04 1.63904606E-05 0.00000000E+00
2.8392E+04 1.67530099E-05 0.00000000E+00
2.8416E+04 1.69526244E-05 0.00000000E+00
2.8439E+04 1.72428590E-05 0.00000000E+00
2.8463E+04 1.76612494E-05 0.00000000E+00
2.8486E+04 1.79358332E-05 0.00000000E+00
2.8510E+04 1.81300313E-05 0.00000000E+00
2.8534E+04 1.84949280E-05 0.00000000E+00
2.8557E+04 1.88714894E-05 0.00000000E+00
2.8581E+04 1.90643303E-05 0.00000000E+00
2.8604E+04 1.93067912E-05 0.00000000E+00
2.8628E+04 1.97087337E-05 0.00000000E+00
2.8651E+04 1.99925215E-05 0.00000000E+00
2.8675E+04 2.01499146E-05 0.00000000E+00
2.8698E+04 2.04639158E-05 0.00000000E+00
2.8722E+04 2.08369562E-05 0.00000000E+00
2.8746E+04 2.10189028E-05 0.00000000E+00
2.8769E+04 2.12005129E-05 0.00000000E+00
2.8793E+04 2.15628306E-05 0.00000000E+00
2.8816E+04 2.18457690E-05 0.00000000E+00
2.8840E+04 2.19625458E-05 0.00000000E+00
2.8863E+04 2.22068761E-05 0.00000000E+00
2.8887E+04 2.25570588E-05 0.00000000E+00
2.8911E+04 2.27247760E-05 0.00000000E+00
2.8934E+04 2.28378387E-05 0.00000000E+00
2.8958E+04 2.31387804E-05 0.00000000E+00
2.8981E+04 2.34091118E-05 0.00000000E+00
2.9005E+04 2.34849814E-05 0.00000000E+00
2.9028E+04 2.36459680E-05 0.00000000E+00
2.9052E+04 2.39534238E-05 0.00000000E+00
2.9075E+04 2.41035010E-05 0.00000000E+00
2.9099E+04 2.41459270E-05 0.00000000E+00
2.9123E+04 2.43671233E-05 0.00000000E+00
2.9146E+04 2.46116377E-05 0.00000000E+00
2.9170E+04 2.46488644E-05 0.00000000E+00
2.9193E+04 2.47190401E-05 0.00000000E+00
2.9217E+04 2.49649661E-05 0.00000000E+00
2.9240E+04 2.50932438E-05 0.00000000E+00
2.9264E+04 2.50680991E-05 0.00000000E+00
2.9287E+04 2.51962847E-05 0.00000000E+00
2.9311E+04 2.54010680E-05 0.00000000E+00
2.9335E+04 2.54033345E-05 0.00000000E+00
2.9358E+04 2.53818747E-05 0.00000000E+00
2.9382E+04 2.55503152E-05 0.00000000E+00
2.9405E+04 2.56516113E-05 0.00000000E+00
2.9429E+04 2.55661454E-05 0.00000000E+00
2.9452E+04 2.55944485E-05 0.00000000E+00
2.9476E+04 2.57460912E-05 0.00000000E+00
2.9500E+04 2.57174261E-05 0.00000000E+00
2.9523E+04 2.56098688E-05 0.00000000E+00
2.9547E+04 2.56894148E-05 0.00000000E+00
2.9570E+04 2.57577308E-05 0.00000000E+00
2.9594E+04 2.56220370E-05 0.00000000E+00
2.9617E+04 2.55505844E-05 0.00000000E+00
2.9641E+04 2.56376351E-05 0.00000000E+00
2.9664E+04 2.55815826E-05 0.00000000E+00
2.9688E+04 2.53988313E-05 0.00000000E+00
2.9712E+04 2.53838914E-05 0.00000000E+00
2.9735E+04 2.54130393E-05 0.00000000E+00
2.9759E+04 2.52385658E-05 0.00000000E+00
2.9782E+04 2.50742597E-05 0.00000000E+00
2.9806E+04 2.50886279E-05 0.00000000E+00
2.9829E+04 2.50077970E-05 0.00000000E+00
2.9853E+04 2.47646052E-05 0.00000000E+00
2.9877E+04 2.46560223E-05 0.00000000E+00
2.9900E+04 2.46405466E-05 0.00000000E+00
2.9924E+04 2.44387584E-05 0.00000000E+00
2.9947E+04 2.41943398E-05 0.00000000E+00
2.9971E+04 2.41324277E-05 0.00000000E+00
2.9994E+04 2.40285113E-05 0.00000000E+00
3.0018E+04 2.37417947E-05 0.00000000E+00
3.0041E+04 2.35468042E-05 0.00000000E+00
3.0065E+04 2.34830615E-05 0.00000000E+00
3.0089E+04 2.32644983E-05 0.00000000E+00
3.0112E+04 2.29571552E-05 0.00000000E+00
3.0136E+04 2.28206053E-05 0.00000000E+00
3.0159E+04 2.26948419E-05 0.00000000E+00
3.0183E+04 2.23821007E-05 0.00000000E+00
3.0206E+04 2.21137045E-05 0.00000000E+00
3.0230E+04 2.20009241E-05 0.00000000E+00
3.0254E+04 2.17747304E-05 0.00000000E+00
3.0277E+04 2.14244409E-05 0.00000000E+00
3.0301E+04 2.12203699E-05 0.00000000E+00
3.0324E+04 2.10742945E-05 0.00000000E+00
3.0348E+04 2.07522761E-05 0.00000000E+00
3.0371E+04 2.04280481E-05 0.00000000E+00
3.0395E+04 2.02691252E-05 0.00000000E+00
3.0418E+04 2.00429958E-05 0.00000000E+00
3.0442E+04 1.96707301E-05 0.00000000E+00
3.0466E+04 1.94113004E-05 0.00000000E+00
3.0489E+04 1.92475476E-05 0.00000000E+00
3.0513E+04 1.89312336E-05 0.00000000E+00
3.0536E+04 1.85716293E-05 0.00000000E+00
3.0560E+04 1.83734102E-05 0.00000000E+00
3.0583E+04 1.81538584E-05 0.00000000E+00
3.0607E+04 1.77798509E-05 0.00000000E+00
3.0631E+04 1.74811689E-05 0.00000000E+00
3.0654E+04 1.73041098E-05 0.00000000E+00
3.0678E+04 1.70061428E-05 0.00000000E+00
3.0701E+04 1.66325739E-05 0.00000000E+00
3.0725E+04 1.64055430E-05 0.00000000E+00
3.0748E+04 1.61983885E-05 0.00000000E+00
3.0772E+04 1.58407722E-05 0.00000000E+00
3.0795E+04 1.55213263E-05 0.00000000E+00
3.0819E+04 1.53373952E-05 0.00000000E+00
3.0843E+04 1.50679978E-05 0.00000000E+00
3.0866E+04 1.47010371E-05 0.00000000E+00
3.0890E+04 1.44584843E-05 0.00000000E+00
3.0913E+04 1.42694078E-05 0.00000000E+00
3.0937E+04 1.39433946E-05 0.00000000E+00
3.0960E+04 1.36223350E-05 0.00000000E+00
3.0984E+04 1.34399618E-05 0.00000000E+00
3.1008E+04 1.32072354E-05 0.00000000E+00
3.1031E+04 1.28651945E-05 0.00000000E+00
3.1055E+04 1.26220020E-05 0.00000000E+00
3.1078E+04 1.24569626E-05 0.00000000E+00
3.1102E+04 1.21745417E-05 0.00000000E+00
3.1125E+04 1.18700223E-05 0.00000000E+00
3.1149E+04 1.16991229E-05 0.00000000E+00
3.1172E+04 1.15095039E-05 0.00000000E+00
3.1196E+04 1.12074582E-05 0.00000000E+00
3.1220E+04 1.09786450E-05 0.00000000E+00
3.1243E+04 1.08439865E-05 0.00000000E+00
3.1267E+04 1.06140071E-05 0.00000000E+00
3.1290E+04 1.03417513E-05 0.00000000E+00
3.1314E+04 1.01928103E-05 0.00000000E+00
3.1337E+04 1.00514875E-05 0.00000000E+00
3.1361E+04 9.80077718E-06 0.00000000E+00
3.1385E+04 9.59999828E-06 0.00000000E+00
3.1408E+04 9.50218694E-06 0.00000000E+00
3.1432E+04 9.33071345E-06 0.00000000E+00
3.1455E+04 9.10298986E-06 0.00000000E+00
3.1479E+04 8.98589743E-06 0.00000000E+00
3.1502E+04 8.89708327E-06 0.00000000E+00
3.1526E+04 8.70531417E-06 0.00000000E+00
3.1549E+04 8.54358399E-06 0.00000000E+00
3.1573E+04 8.48864002E-06 0.00000000E+00
3.1597E+04 8.37946675E-06 0.00000000E+00
3.1620E+04 8.20462606E-06 0.00000000E+00
3.1644E+04 8.12750584E-06 0.00000000E+00
3.1667E+04 8.09449218E-06 0.00000000E+00
3.1691E+04 7.96596088E-06 0.00000000E+00
3.1714E+04 7.85081236E-06 0.00000000E+00
3.1738E+04 7.84354241E-06 0.00000000E+00
3.1762E+04 7.79868879E-06 0.00000000E+00
3.1785E+04 7.68124604E-06 0.00000000E+00
3.1809E+04 7.64946618E-06 0.00000000E+00
3.1832E+04 7.67440114E-06 0.00000000E+00
3.1856E+04 7.61072306E-06 0.00000000E+00
3.1879E+04 7.54585819E-06 0.00000000E+00
3.1903E+04 7.58899406E-06 0.00000000E+00
3.1926E+04 7.60898146E-06 0.00000000E+00
3.1950E+04 7.55007487E-06 0.00000000E+00
3.1974E+04 7.56555610E-06 0.00000000E+00
3.1997E+04 7.64894003E-06 0.00000000E+00
3.2021E+04 7.64963960E-06 0.00000000E+00
3.2044E+04 7.63502656E-06 0.00000000E+00
3.2068E+04 7.72841482E-06 0.00000000E+00
3.2091E+04 7.81223668E-06 0.00000000E+00
3.2115E+04 7.81028315E-06 0.00000000E+00
3.2138E+04 7.87120677E-06 0.00000000E+00
3.2162E+04 8.01123778E-06 0.00000000E+00
3.2186E+04 8.07417239E-06 0.00000000E+00
3.2209E+04 8.10654249E-06 0.00000000E+00
3.2233E+04 8.24659264E-06 0.00000000E+00
3.2256E+04 8.39144787E-06 0.00000000E+00
3.2280E+04 8.44287795E-06 0.00000000E+00
3.2303E+04 8.54388763E-06 0.00000000E+00
3.2327E+04 8.73587968E-06 0.00000000E+00
3.2351E+04 8.85747621E-06 0.00000000E+00
3.2374E+04 8.93115006E-06 0.00000000E+00
3.2398E+04 9.11072360E-06 0.00000000E+00
3.2421E+04 9.31165367E-06 0.00000000E+00
3.2445E+04 9.41161409E-06 0.00000000E+00
3.2468E+04 9.54450243E-06 0.00000000E+00
3.2492E+04 9.78056165E-06 0.00000000E+00
3.2515E+04 9.95586158E-06 0.00000000E+00
3.2539E+04 1.00637403E-05 0.00000000E+00
3.2563E+04 1.02725277E-05 0.00000000E+00
3.2586E+04 1.05220684E-05 0.00000000E+00
3.2610E+04 1.06649462E-05 0.00000000E+00
3.2633E+04 1.08196743E-05 0.00000000E+00
3.2657E+04 1.10887175E-05 0.00000000E+00
3.2680E+04 1.13112271E-05 0.00000000E+00
3.2704E+04 1.14457257E-05 0.00000000E+00
3.2728E+04 1.16710375E-05 0.00000000E+00
3.2751E+04 1.19589783E-05 0.00000000E+00
3.2775E+04 1.21386380E-05 0.00000000E+00
3.2798E+04 1.23044846E-05 0.00000000E+00
3.2822E+04 1.25926398E-05 0.00000000E+00
3.2845E+04 1.28540545E-05 0.00000000E+00
3.2869E+04 1.30078099E-05 0.00000000E+00
3.2892E+04 1.32356829E-05 0.00000000E+00
3.2916E+04 1.35490717E-05 0.00000000E+00
3.2940E+04 1.37588185E-05 0.00000000E+00
3.2963E+04 1.39254938E-05 0.00000000E+00
3.2987E+04 1.42169205E-05 0.00000000E+00
3.3010E+04 1.45068950E-05 0.00000000E+00
3.3034E+04 1.46731850E-05 0.00000000E+00
3.3057E+04 1.48896875E-05 0.00000000E+00
3.3081E+04 1.52132262E-05 0.00000000E+00
3.3105E+04 1.54456133E-05 0.00000000E+00
3.3128E+04 1.56041942E-05 0.00000000E+00
3.3152E+04 1.58822814E-05 0.00000000E+00
3.3175E+04 1.61884225E-05 0.00000000E+00
3.3199E+04 1.63612898E-05 0.00000000E+00
3.3222E+04 1.65538332E-05 0.00000000E+00
3.3246E+04 1.68706908E-05 0.00000000E+00
3.3269E+04 1.71172966E-05 0.00000000E+00
3.3293E+04 1.72608367E-05 0.00000000E+00
3.3317E+04 1.75095865E-05 0.00000000E+00
3.3340E+04 1.78177423E-05 0.00000000E+00
3.3364E+04 1.79918422E-05 0.00000000E+00
3.3387E+04 1.81502572E-05 0.00000000E+00
3.3411E+04 1.84431714E-05 0.00000000E+00
3.3434E+04 1.86944333E-05 0.00000000E+00
3.3458E+04 1.88181570E-05 0.00000000E+00
3.3482E+04 1.90235088E-05 0.00000000E+00
3.3505E+04 1.93183298E-05 0.00000000E+00
3.3529E+04 1.94885746E-05 0.00000000E+00
3.3552E+04 1.96057945E-05 0.00000000E+00
3.3576E+04 1.98583059E-05 0.00000000E+00
3.3599E+04 2.01034964E-05 0.00000000E+00
3.3623E+04 2.02046118E-05 0.00000000E+00
3.3646E+04 2.03555536E-05 0.00000000E+00
3.3670E+04 2.06213138E-05 0.00000000E+00
3.3694E+04 2.07824617E-05 0.00000000E+00
3.3717E+04 2.08548008E-05 0.00000000E+00
3.3741E+04 2.10525318E-05 0.00000000E+00
3.3764E+04 2.12799955E-05 0.00000000E+00
3.3788E+04 2.13572596E-05 0.00000000E+00
3.3811E+04 2.14466659E-05 0.00000000E+00
3.3835E+04 2.16683495E-05 0.00000000E+00
3.3859E+04 2.18147158E-05 0.00000000E+00
3.3882E+04 2.18417843E-05 0.00000000E+00
3.3906E+04 2.19736732E-05 0.00000000E+00
3.3929E+04 2.21714090E-05 0.00000000E+00
3.3953E+04 2.22245852E-05 0.00000000E+00
3.3976E+04 2.22496956E-05 0.00000000E+00
3.4000E+04 2.24142612E-05 0.00000000E+00
3.4023E+04 2.25396746E-05 0.00000000E+00
3.4047E+04 2.25239521E-05 0.00000000E+00
3.4071E+04 2.25832479E-05 0.00000000E+00
3.4094E+04 2.27397935E-05 0.00000000E+00
3.4118E+04 2.27691078E-05 0.00000000E+00
3.4141E+04 2.27315274E-05 0.00000000E+00
3.4165E+04 2.28291250E-05 0.00000000E+00
3.4188E+04 2.29271549E-05 0.00000000E+00
3.4212E+04 2.28732773E-05 0.00000000E+00
3.4236E+04 2.28580776E-05 0.00000000E+00
3.4259E+04 2.29635288E-05 0.00000000E+00
3.4283E+04 2.29692285E-05 0.00000000E+00
3.4306E+04 2.28744350E-05 0.00000000E+00
3.4330E+04 2.28993379E-05 0.00000000E+00
3.4353E+04 2.29637593E-05 0.00000000E+00
3.4377E+04 2.28776673E-05 0.00000000E+00
3.4400E+04 2.27909235E-05 0.00000000E+00
3.4424E+04 2.28379222E-05 0.00000000E+00
3.4448E+04 2.28200438E-05 0.00000000E+00
3.4471E+04 2.26765440E-05 0.00000000E+00
3.4495E+04 2.26276881E-05 0.00000000E+00
3.4518E+04 2.26531339E-05 0.00000000E+00
3.4542E+04 2.25412810E-05 0.00000000E+00
3.4565E+04 2.23903478E-05 0.00000000E+00
3.4589E+04 2.23749284E-05 0.00000000E+00
3.4612E+04 2.23333423E-05 0.00000000E+00
3.4636E+04 2.21516687E-05 0.00000000E+00
3.4660E+04 2.20327752E-05 0.00000000E+00
3.4683E+04 2.20154999E-05 0.00000000E+00
3.4707E+04 2.18842517E-05 0.00000000E+00
3.4730E+04 2.16800775E-05 0.00000000E+00
3.4754E+04 2.16022590E-05 0.00000000E+00
3.4777E+04 2.15369684E-05 0.00000000E+00
3.4801E+04 2.13286453E-05 0.00000000E+00
3.4825E+04 2.11478881E-05 0.00000000E+00
3.4848E+04 2.10864919E-05 0.00000000E+00
3.4872E+04 2.09417587E-05 0.00000000E+00
3.4895E+04 2.06977854E-05 0.00000000E+00
3.4919E+04 2.05617572E-05 0.00000000E+00
3.4942E+04 2.04733438E-05 0.00000000E+00
3.4966E+04 2.02499205E-05 0.00000000E+00
3.4989E+04 2.00191208E-05 0.00000000E+00
3.5013E+04 1.99150494E-05 0.00000000E+00
3.5037E+04 1.97621539E-05 0.00000000E+00
3.5060E+04 1.94930553E-05 0.00000000E+00
3.5084E+04 1.93068710E-05 0.00000000E+00
3.5107E+04 1.91969574E-05 0.00000000E+00
3.5131E+04 1.89692442E-05 0.00000000E+00
3.5154E+04 1.87027174E-05 0.00000000E+00
3.5178E+04 1.85604205E-05 0.00000000E+00
3.5202E+04 1.84041920E-05 0.00000000E+00
3.5225E+04 1.81246817E-05 0.00000000E+00
3.5249E+04 1.78995382E-05 0.00000000E+00
3.5272E+04 1.77711700E-05 0.00000000E+00
3.5296E+04 1.75487923E-05 0.00000000E+00
3.5319E+04 1.72620916E-05 0.00000000E+00
3.5343E+04 1.70888461E-05 0.00000000E+00
3.5366E+04 1.69338885E-05 0.00000000E+00
3.5390E+04 1.66577915E-05 0.00000000E+00
3.5414E+04 1.64070672E-05 0.00000000E+00
3.5437E+04 1.62649404E-05 0.00000000E+00
3.5461E+04 1.60562153E-05 0.00000000E+00
3.5484E+04 1.57649675E-05 0.00000000E+00
3.5508E+04 1.55704079E-05 0.00000000E+00
3.5531E+04 1.54214223E-05 0.00000000E+00
3.5555E+04 1.51610570E-05 0.00000000E+00
3.5579E+04 1.48992299E-05 0.00000000E+00
3.5602E+04 1.47496833E-05 0.00000000E+00
3.5626E+04 1.45617034E-05 0.00000000E+00
3.5649E+04 1.42806021E-05 0.00000000E+00
3.5673E+04 1.40759769E-05 0.00000000E+00
3.5696E+04 1.39379905E-05 0.00000000E+00
3.5720E+04 1.37038036E-05 0.00000000E+00
3.5743E+04 1.34453154E-05 0.00000000E+00
3.5767E+04 1.32960190E-05 0.00000000E+00
3.5791E+04 1.31348137E-05 0.00000000E+00
3.5814E+04 1.28768027E-05 0.00000000E+00
3.5838E+04 1.26740026E-05 0.00000000E+00
3.5861E+04 1.25523995E-05 0.00000000E+00
3.5885E+04 1.23528170E-05 0.00000000E+00
3.5908E+04 1.21109930E-05 0.00000000E+00
3.5932E+04 1.19703458E-05 0.00000000E+00
3.5956E+04 1.18410424E-05 0.00000000E+00
3.5979E+04 1.16167691E-05 0.00000000E+00
3.6003E+04 1.14272692E-05 0.00000000E+00
3.6026E+04 1.13276031E-05 0.00000000E+00
3.6050E+04 1.11690837E-05 0.00000000E+00
3.6073E+04 1.09552788E-05 0.00000000E+00
3.6097E+04 1.08316279E-05 0.00000000E+00
3.6120E+04 1.07385597E-05 0.00000000E+00
3.6144E+04 1.05561594E-05 0.00000000E+00
3.6168E+04 1.03900650E-05 0.00000000E+00
3.6191E+04 1.03176806E-05 0.00000000E+00
3.6215E+04 1.02049065E-05 0.00000000E+00
3.6238E+04 1.00279871E-05 0.00000000E+00
3.6262E+04 9.92880456E-06 0.00000000E+00
3.6285E+04 9.87549931E-06 0.00000000E+00
3.6309E+04 9.74065568E-06 0.00000000E+00
3.6333E+04 9.60597694E-06 0.00000000E+00
3.6356E+04 9.56547983E-06 0.00000000E+00
3.6380E+04 9.50155241E-06 0.00000000E+00
3.6403E+04 9.36770015E-06 0.00000000E+00
3.6427E+04 9.29882246E-06 0.00000000E+00
3.6450E+04 9.28781354E-06 0.00000000E+00
3.6474E+04 9.20396207E-06 0.00000000E+00
3.6497E+04 9.10616116E-06 0.00000000E+00
3.6521E+04 9.10080362E-06 0.00000000E+00
3.6545E+04 9.08733517E-06 0.00000000E+00
3.6568E+04 9.00010306E-06 0.00000000E+00
3.6592E+04 8.96513346E-06 0.00000000E+00
3.6615E+04 8.99761990E-06 0.00000000E+00
3.6639E+04 8.96619305E-06 0.00000000E+00
3.6662E+04 8.90803168E-06 0.00000000E+00
3.6686E+04 8.93914055E-06 0.00000000E+00
3.6710E+04 8.97623098E-06 0.00000000E+00
3.6733E+04 8.93680281E-06 0.00000000E+00
3.6757E+04 8.93679007E-06 0.00000000E+00
3.6780E+04 9.01225281E-06 0.00000000E+00
3.6804E+04 9.03292814E-06 0.00000000E+00
3.6827E+04 9.01463542E-06 0.00000000E+00
3.6851E+04 9.08122966E-06 0.00000000E+00
3.6874E+04 9.16737201E-06 0.00000000E+00
3.6898E+04 9.17497250E-06 0.00000000E+00
3.6922E+04 9.20843537E-06 0.00000000E+00
3.6945E+04 9.32432204E-06 0.00000000E+00
3.6969E+04 9.39523128E-06 0.00000000E+00
3.6992E+04 9.41493796E-06 0.00000000E+00
3.7016E+04 9.51361655E-06 0.00000000E+00
3.7039E+04 9.64555700E-06 0.00000000E+00
3.7063E+04 9.69789650E-06 0.00000000E+00
3.7087E+04 9.76115653E-06 0.00000000E+00
3.7110E+04 9.91269046E-06 0.00000000E+00
3.7134E+04 1.00305166E-05 0.00000000E+00
3.7157E+04 1.00848130E-05 0.00000000E+00
3.7181E+04 1.02099084E-05 0.00000000E+00
3.7204E+04 1.03824707E-05 0.00000000E+00
3.7228E+04 1.04760855E-05 0.00000000E+00
3.7251E+04 1.05637997E-05 0.00000000E+00
3.7275E+04 1.07439479E-05 0.00000000E+00
3.7299E+04 1.09038749E-05 0.00000000E+00
3.7322E+04 1.09883464E-05 0.00000000E+00
3.7346E+04 1.11323170E-05 0.00000000E+00
3.7369E+04 1.13382567E-05 0.00000000E+00
3.7393E+04 1.14686800E-05 0.00000000E+00
3.7416E+04 1.15744776E-05 0.00000000E+00
3.7440E+04 1.17741450E-05 0.00000000E+00
3.7463E+04 1.19697297E-05 0.00000000E+00
3.7487E+04 1.20793938E-05 0.00000000E+00
3.7511E+04 1.22334416E-05 0.00000000E+00
3.7534E+04 1.24634595E-05 0.00000000E+00
3.7558E+04 1.26252592E-05 0.00000000E+00
3.7581E+04 1.27424127E-05 0.00000000E+00
3.7605E+04 1.29509236E-05 0.00000000E+00
3.7628E+04 1.31740200E-05 0.00000000E+00
3.7652E+04 1.33036422E-05 0.00000000E+00
3.7676E+04 1.34585014E-05 0.00000000E+00
3.7699E+04 1.37015159E-05 0.00000000E+00
3.7723E+04 1.38882711E-05 0.00000000E+00
3.7746E+04 1.40103127E-05 0.00000000E+00
3.7770E+04 1.42161490E-05 0.00000000E+00
3.7793E+04 1.44569770E-05 0.00000000E+00
3.7817E+04 1.46012421E-05 0.00000000E+00
3.7840E+04 1.47480111E-05 0.00000000E+00
3.7864E+04 1.49916854E-05 0.00000000E+00
3.7888E+04 1.51959477E-05 0.00000000E+00
3.7911E+04 1.53171249E-05 0.00000000E+00
3.7935E+04 1.55088004E-05 0.00000000E+00
3.7958E+04 1.57561814E-05 0.00000000E+00
3.7982E+04 1.59097080E-05 0.00000000E+00
3.8005E+04 1.60405818E-05 0.00000000E+00
3.8029E+04 1.62720429E-05 0.00000000E+00
3.8053E+04 1.64853232E-05 0.00000000E+00
3.8076E+04 1.66008344E-05 0.00000000E+00
3.8100E+04 1.67677876E-05 0.00000000E+00
3.8123E+04 1.70095645E-05 0.00000000E+00
3.8147E+04 1.71668065E-05 0.00000000E+00
3.8170E+04 1.72756276E-05 0.00000000E+00
3.8194E+04 1.74823301E-05 0.00000000E+00
3.8217E+04 1.76951967E-05 0.00000000E+00
3.8241E+04 1.78012222E-05 0.00000000E+00
3.8265E+04 1.79346529E-05 0.00000000E+00
3.8288E+04 1.81583309E-05 0.00000000E+00
3.8312E+04 1.83134649E-05 0.00000000E+00
3.8335E+04 1.83960598E-05 0.00000000E+00
3.8359E+04 1.85667441E-05 0.00000000E+00
3.8382E+04 1.87691217E-05 0.00000000E+00
3.8406E+04 1.88627067E-05 0.00000000E+00
3.8430E+04 1.89562622E-05 0.00000000E+00
3.8453E+04 1.91498512E-05 0.00000000E+00
3.8477E+04 1.92967465E-05 0.00000000E+00
3.8500E+04 1.93510132E-05 0.00000000E+00
3.8524E+04 1.94766248E-05 0.00000000E+00
3.8547E+04 1.96583071E-05 0.00000000E+00
3.8571E+04 1.97371474E-05 0.00000000E+00
3.8594E+04 1.97873326E-05 0.00000000E+00
3.8618E+04 1.99402588E-05 0.00000000E+00
3.8642E+04 2.00725668E-05 0.00000000E+00
3.8665E+04 2.00982958E-05 0.00000000E+00
3.8689E+04 2.01726839E-05 0.00000000E+00
3.8712E+04 2.03239756E-05 0.00000000E+00
3.8736E+04 2.03861599E-05 0.00000000E+00
3.8759E+04 2.03923919E-05 0.00000000E+00
3.8783E+04 2.04963082E-05 0.00000000E+00
3.8807E+04 2.06076691E-05 0.00000000E+00
3.8830E+04 2.06061568E-05 0.00000000E+00
3.8854E+04 2.06264489E-05 0.00000000E+00
3.8877E+04 2.07388404E-05 0.00000000E+00
3.8901E+04 2.07826292E-05 0.00000000E+00
3.8924E+04 2.07469865E-05 0.00000000E+00
3.8948E+04 2.07963940E-05 0.00000000E+00
3.8971E+04 2.08807654E-05 0.00000000E+00
3.8995E+04 2.08543458E-05 0.00000000E+00
3.9019E+04 2.08210214E-05 0.00000000E+00
3.9042E+04 2.08878528E-05 0.00000000E+00
3.9066E+04 2.09115825E-05 0.00000000E+00
3.9089E+04 2.08383626E-05 0.00000000E+00
3.9113E+04 2.08310334E-05 0.00000000E+00
3.9136E+04 2.08831493E-05 0.00000000E+00
3.9160E+04 2.08347626E-05 0.00000000E+00
3.9184E+04 2.07514771E-05 0.00000000E+00
3.9207E+04 2.07685549E-05 0.00000000E+00
3.9231E+04 2.07707118E-05 0.00000000E+00
3.9254E+04 2.06658810E-05 0.00000000E+00
3.9278E+04 2.06030477E-05 0.00000000E+00
3.9301E+04 2.06189636E-05 0.00000000E+00
3.9325E+04 2.05518161E-05 0.00000000E+00
3.9348E+04 2.04249821E-05 0.00000000E+00
3.9372E+04 2.03910471E-05 0.00000000E+00
3.9396E+04 2.03704878E-05 0.00000000E+00
3.9419E+04 2.02410658E-05 0.00000000E+00
3.9443E+04 2.01273030E-05 0.00000000E+00
3.9466E+04 2.01049124E-05 0.00000000E+00
3.9490E+04 2.00222501E-05 0.00000000E+00
3.9513E+04 1.98603887E-05 0.00000000E+00
3.9537E+04 1.97773145E-05 0.00000000E+00
3.9561E+04 1.97335666E-05 0.00000000E+00
3.9584E+04 1.95870164E-05 0.00000000E+00
3.9608E+04 1.94297978E-05 0.00000000E+00
3.9631E+04 1.93692064E-05 0.00000000E+00
3.9655E+04 1.92742216E-05 0.00000000E+00
3.9678E+04 1.90871866E-05 0.00000000E+00
3.9702E+04 1.89598679E-05 0.00000000E+00
3.9725E+04 1.88934493E-05 0.00000000E+00
3.9749E+04 1.87371746E-05 0.00000000E+00
3.9773E+04 1.85462006E-05 0.00000000E+00
3.9796E+04 1.84499059E-05 0.00000000E+00
3.9820E+04 1.83457836E-05 0.00000000E+00
3.9843E+04 1.81439997E-05 0.00000000E+00
3.9867E+04 1.79799814E-05 0.00000000E+00
3.9890E+04 1.78926840E-05 0.00000000E+00
3.9914E+04 1.77336966E-05 0.00000000E+00
3.9937E+04 1.75201138E-05 0.00000000E+00
3.9961E+04 1.73929732E-05 0.00000000E+00
3.9985E+04 1.72830376E-05 0.00000000E+00
