0.0000E+00 0.00000000E+00 0.00000000E+00
2.3562E+01 0.00000000E+00 0.00000000E+00
4.7124E+01 0.00000000E+00 0.00000000E+00
7.0686E+01 0.00000000E+00 0.00000000E+00
9.4248E+01 0.00000000E+00 0.00000000E+00
1.1781E+02 0.00000000E+00 0.00000000E+00
1.4137E+02 0.00000000E+00 0.00000000E+00
1.6493E+02 0.00000000E+00 0.00000000E+00
1.8850E+02 0.00000000E+00 0.00000000E+00
2.1206E+02 0.00000000E+00 0.00000000E+00
2.3562E+02 0.00000000E+00 0.00000000E+00
2.5918E+02 1.38763735E-274 0.00000000E+00
2.8274E+02 1.41099002E-221 0.00000000E+00
3.0631E+02 5.81037541E-179 0.00000000E+00
3.2987E+02 9.98306957E-144 0.00000000E+00
3.5343E+02 2.41717727E-114 0.00000000E+00
3.7699E+02 4.08104834E-90 0.00000000E+00
4.0055E+02 7.59751314E-70 0.00000000E+00
4.2412E+02 1.39832554E-51 0.00000000E+00
4.4768E+02 1.26664004E-37 0.00000000E+00
4.7124E+02 2.01183331E-27 0.00000000E+00
4.9480E+02 3.83905959E-21 0.00000000E+00
5.1836E+02 3.13153246E-19 0.00000000E+00
5.4192E+02 7.04857951E-19 0.00000000E+00
5.6549E+02 9.96809928E-19 0.00000000E+00
5.8905E+02 1.50391715E-18 0.00000000E+00
6.1261E+02 2.81640826E-18 0.00000000E+00
6.3617E+02 4.19935824E-18 0.00000000E+00
6.5973E+02 6.02849320E-18 0.00000000E+00
6.8330E+02 1.13342146E-17 0.00000000E+00
7.0686E+02 1.96598452E-17 0.00000000E+00
7.3042E+02 2.70079594E-17 0.00000000E+00
7.5398E+02 3.95756306E-17 0.00000000E+00
7.7754E+02 6.84556235E-17 0.00000000E+00
8.0111E+02 1.02853078E-16 0.00000000E+00
8.2467E+02 1.32651514E-16 0.00000000E+00
8.4823E+02 1.97353694E-16 0.00000000E+00
8.7179E+02 3.19257047E-16 0.00000000E+00
8.9535E+02 4.38578325E-16 0.00000000E+00
9.1892E+02 5.61154051E-16 0.00000000E+00
9.4248E+02 8.60224155E-16 0.00000000E+00
9.6604E+02 1.32754925E-15 0.00000000E+00
9.8960E+02 1.71607405E-15 0.00000000E+00
1.0132E+03 2.24637220E-15 0.00000000E+00
1.0367E+03 3.47555004E-15 0.00000000E+00
1.0603E+03 5.01697432E-15 0.00000000E+00
1.0838E+03 6.23907454E-15 0.00000000E+00
1.1074E+03 8.47962002E-15 0.00000000E+00
1.1310E+03 1.30212132E-14 0.00000000E+00
1.1545E+03 1.76567442E-14 0.00000000E+00
1.1781E+03 2.16937721E-14 0.00000000E+00
1.2017E+03 3.06988346E-14 0.00000000E+00
1.2252E+03 4.57966779E-14 0.00000000E+00
1.2488E+03 5.87046728E-14 0.00000000E+00
1.2723E+03 7.30299441E-14 0.00000000E+00
1.2959E+03 1.06354608E-13 0.00000000E+00
1.3195E+03 1.51584646E-13 0.00000000E+00
1.3430E+03 1.86276824E-13 0.00000000E+00
1.3666E+03 2.38789878E-13 0.00000000E+00
1.3902E+03 3.50798943E-13 0.00000000E+00
1.4137E+03 4.73754836E-13 0.00000000E+00
1.4373E+03 5.69199552E-13 0.00000000E+00
1.4608E+03 7.57638012E-13 0.00000000E+00
1.4844E+03 1.09815816E-12 0.00000000E+00
1.5080E+03 1.40503180E-12 0.00000000E+00
1.5315E+03 1.68647955E-12 0.00000000E+00
1.5551E+03 2.31948112E-12 0.00000000E+00
1.5787E+03 3.25394265E-12 0.00000000E+00
1.6022E+03 3.97603212E-12 0.00000000E+00
1.6258E+03 4.86003724E-12 0.00000000E+00
1.6493E+03 6.80774643E-12 0.00000000E+00
1.6729E+03 9.12750881E-12 0.00000000E+00
1.6965E+03 1.08088827E-11 0.00000000E+00
1.7200E+03 1.36159012E-11 0.00000000E+00
1.7436E+03 1.90493043E-11 0.00000000E+00
1.7671E+03 2.42912806E-11 0.00000000E+00
1.7907E+03 2.84026376E-11 0.00000000E+00
1.8143E+03 3.69362259E-11 0.00000000E+00
1.8378E+03 5.06252116E-11 0.00000000E+00
1.8614E+03 6.15906627E-11 0.00000000E+00
1.8850E+03 7.24576677E-11 0.00000000E+00
1.9085E+03 9.64733954E-11 0.00000000E+00
1.9321E+03 1.27603036E-10 0.00000000E+00
1.9556E+03 1.49612140E-10 0.00000000E+00
1.9792E+03 1.79696591E-10 0.00000000E+00
2.0028E+03 2.41228589E-10 0.00000000E+00
2.0263E+03 3.05302515E-10 0.00000000E+00
2.0499E+03 3.50254153E-10 0.00000000E+00
2.0735E+03 4.32402886E-10 0.00000000E+00
2.0970E+03 5.74911898E-10 0.00000000E+00
2.1206E+03 6.95432337E-10 0.00000000E+00
2.1441E+03 7.94239097E-10 0.00000000E+00
2.1677E+03 1.00524390E-09 0.00000000E+00
2.1913E+03 1.30277053E-09 0.00000000E+00
2.2148E+03 1.51501085E-09 0.00000000E+00
2.2384E+03 1.74943498E-09 0.00000000E+00
2.2619E+03 2.24617929E-09 0.00000000E+00
2.2855E+03 2.80620597E-09 0.00000000E+00
2.3091E+03 3.17377219E-09 0.00000000E+00
2.3326E+03 3.74280344E-09 0.00000000E+00
2.3562E+03 4.80182110E-09 0.00000000E+00
2.3798E+03 5.75650161E-09 0.00000000E+00
2.4033E+03 6.42704828E-09 0.00000000E+00
2.4269E+03 7.75689512E-09 0.00000000E+00
2.4504E+03 9.79067594E-09 0.00000000E+00
2.4740E+03 1.12865859E-08 0.00000000E+00
2.4976E+03 1.26294748E-08 0.00000000E+00
2.5211E+03 1.55077333E-08 0.00000000E+00
2.5447E+03 1.90186632E-08 0.00000000E+00
2.5683E+03 2.12539111E-08 0.00000000E+00
2.5918E+03 2.41180043E-08 0.00000000E+00
2.6154E+03 2.97776370E-08 0.00000000E+00
2.6389E+03 3.52306990E-08 0.00000000E+00
2.6625E+03 3.86409807E-08 0.00000000E+00
2.6861E+03 4.47115963E-08 0.00000000E+00
2.7096E+03 5.47337763E-08 0.00000000E+00
2.7332E+03 6.24127588E-08 0.00000000E+00
2.7567E+03 6.81287423E-08 0.00000000E+00
2.7803E+03 8.02301309E-08 0.00000000E+00
2.8039E+03 9.61436493E-08 0.00000000E+00
2.8274E+03 1.06197922E-07 0.00000000E+00
2.8510E+03 1.16805278E-07 0.00000000E+00
2.8746E+03 1.38832639E-07 0.00000000E+00
2.8981E+03 1.61445252E-07 0.00000000E+00
2.9217E+03 1.74448334E-07 0.00000000E+00
2.9452E+03 1.94818811E-07 0.00000000E+00
2.9688E+03 2.30932002E-07 0.00000000E+00
2.9924E+03 2.59755206E-07 0.00000000E+00
3.0159E+03 2.78010421E-07 0.00000000E+00
3.0395E+03 3.15599088E-07 0.00000000E+00
3.0631E+03 3.68560576E-07 0.00000000E+00
3.0866E+03 4.02034473E-07 0.00000000E+00
3.1102E+03 4.31420792E-07 0.00000000E+00
3.1337E+03 4.95198886E-07 0.00000000E+00
3.1573E+03 5.64373553E-07 0.00000000E+00
3.1809E+03 6.01625367E-07 0.00000000E+00
3.2044E+03 6.53034651E-07 0.00000000E+00
3.2280E+03 7.50530778E-07 0.00000000E+00
3.2515E+03 8.30853771E-07 0.00000000E+00
3.2751E+03 8.75084252E-07 0.00000000E+00
3.2987E+03 9.63882673E-07 0.00000000E+00
3.3222E+03 1.09685561E-06 0.00000000E+00
3.3458E+03 1.18041777E-06 0.00000000E+00
3.3694E+03 1.24270013E-06 0.00000000E+00
3.3929E+03 1.38483503E-06 0.00000000E+00
3.4165E+03 1.54558878E-06 0.00000000E+00
3.4400E+03 1.62671423E-06 0.00000000E+00
3.4636E+03 1.72763962E-06 0.00000000E+00
3.4872E+03 1.93248514E-06 0.00000000E+00
3.5107E+03 2.10381076E-06 0.00000000E+00
3.5343E+03 2.18645125E-06 0.00000000E+00
3.5579E+03 2.35278717E-06 0.00000000E+00
3.5814E+03 2.61524672E-06 0.00000000E+00
3.6050E+03 2.77628691E-06 0.00000000E+00
3.6285E+03 2.88008178E-06 0.00000000E+00
3.6521E+03 3.13533717E-06 0.00000000E+00
3.6757E+03 3.43174761E-06 0.00000000E+00
3.6992E+03 3.56928620E-06 0.00000000E+00
3.7228E+03 3.72943146E-06 0.00000000E+00
3.7463E+03 4.08072403E-06 0.00000000E+00
3.7699E+03 4.37296999E-06 0.00000000E+00
3.7935E+03 4.49376488E-06 0.00000000E+00
3.8170E+03 4.75144142E-06 0.00000000E+00
3.8406E+03 5.17861006E-06 0.00000000E+00
3.8642E+03 5.42764112E-06 0.00000000E+00
3.8877E+03 5.56476225E-06 0.00000000E+00
3.9113E+03 5.94936670E-06 0.00000000E+00
3.9348E+03 6.40337561E-06 0.00000000E+00
3.9584E+03 6.58803335E-06 0.00000000E+00
3.9820E+03 6.79504974E-06 0.00000000E+00
4.0055E+03 7.30485581E-06 0.00000000E+00
4.0291E+03 7.71958478E-06 0.00000000E+00
4.0527E+03 7.85212114E-06 0.00000000E+00
4.0762E+03 8.18398295E-06 0.00000000E+00
4.0998E+03 8.77490556E-06 0.00000000E+00
4.1233E+03 9.09011830E-06 0.00000000E+00
4.1469E+03 9.21913727E-06 0.00000000E+00
4.1705E+03 9.70569016E-06 0.00000000E+00
4.1940E+03 1.02960367E-05 0.00000000E+00
4.2176E+03 1.04827459E-05 0.00000000E+00
4.2412E+03 1.06788337E-05 0.00000000E+00
4.2647E+03 1.13022734E-05 0.00000000E+00
4.2883E+03 1.17948172E-05 0.00000000E+00
4.3118E+03 1.18712497E-05 0.00000000E+00
4.3354E+03 1.21985895E-05 0.00000000E+00
4.3590E+03 1.28864260E-05 0.00000000E+00
4.3825E+03 1.32007867E-05 0.00000000E+00
4.4061E+03 1.32299233E-05 0.00000000E+00
4.4296E+03 1.37147332E-05 0.00000000E+00
4.4532E+03 1.43541669E-05 0.00000000E+00
4.4768E+03 1.44566367E-05 0.00000000E+00
4.5003E+03 1.45239915E-05 0.00000000E+00
4.5239E+03 1.51336047E-05 0.00000000E+00
4.5475E+03 1.56040279E-05 0.00000000E+00
4.5710E+03 1.55218685E-05 0.00000000E+00
4.5946E+03 1.57011816E-05 0.00000000E+00
4.6181E+03 1.63441606E-05 0.00000000E+00
4.6417E+03 1.65561674E-05 0.00000000E+00
4.6653E+03 1.63693363E-05 0.00000000E+00
4.6888E+03 1.66897944E-05 0.00000000E+00
4.7124E+03 1.72390439E-05 0.00000000E+00
4.7360E+03 1.71648558E-05 0.00000000E+00
4.7595E+03 1.69774294E-05 0.00000000E+00
4.7831E+03 1.74060555E-05 0.00000000E+00
4.8066E+03 1.77373076E-05 0.00000000E+00
4.8302E+03 1.74205264E-05 0.00000000E+00
4.8538E+03 1.73225404E-05 0.00000000E+00
4.8773E+03 1.77695074E-05 0.00000000E+00
4.9009E+03 1.78010763E-05 0.00000000E+00
4.9244E+03 1.73417728E-05 0.00000000E+00
4.9480E+03 1.73761397E-05 0.00000000E+00
4.9716E+03 1.77216353E-05 0.00000000E+00
4.9951E+03 1.74406967E-05 0.00000000E+00
5.0187E+03 1.69614760E-05 0.00000000E+00
5.0423E+03 1.71085492E-05 0.00000000E+00
5.0658E+03 1.72413645E-05 0.00000000E+00
5.0894E+03 1.67072925E-05 0.00000000E+00
5.1129E+03 1.63131569E-05 0.00000000E+00
5.1365E+03 1.64984612E-05 0.00000000E+00
5.1601E+03 1.63521147E-05 0.00000000E+00
5.1836E+03 1.56762684E-05 0.00000000E+00
5.2072E+03 1.54230370E-05 0.00000000E+00
5.2308E+03 1.55447012E-05 0.00000000E+00
5.2543E+03 1.51182034E-05 0.00000000E+00
5.2779E+03 1.44283316E-05 0.00000000E+00
5.3014E+03 1.43105352E-05 0.00000000E+00
5.3250E+03 1.42756532E-05 0.00000000E+00
5.3486E+03 1.36322220E-05 0.00000000E+00
5.3721E+03 1.30349275E-05 0.00000000E+00
5.3957E+03 1.29962215E-05 0.00000000E+00
5.4192E+03 1.27525147E-05 0.00000000E+00
5.4428E+03 1.19980331E-05 0.00000000E+00
5.4664E+03 1.15525986E-05 0.00000000E+00
5.4899E+03 1.15130863E-05 0.00000000E+00
5.5135E+03 1.10647684E-05 0.00000000E+00
5.5371E+03 1.03151286E-05 0.00000000E+00
5.5606E+03 1.00267581E-05 0.00000000E+00
5.5842E+03 9.91561488E-06 0.00000000E+00
5.6077E+03 9.31904268E-06 0.00000000E+00
5.6313E+03 8.66890623E-06 0.00000000E+00
5.6549E+03 8.50140377E-06 0.00000000E+00
5.6784E+03 8.28210842E-06 0.00000000E+00
5.7020E+03 7.62479416E-06 0.00000000E+00
5.7256E+03 7.12858322E-06 0.00000000E+00
5.7491E+03 7.02901346E-06 0.00000000E+00
5.7727E+03 6.70851596E-06 0.00000000E+00
5.7962E+03 6.08111832E-06 0.00000000E+00
5.8198E+03 5.75117871E-06 0.00000000E+00
5.8434E+03 5.67514813E-06 0.00000000E+00
5.8669E+03 5.29553969E-06 0.00000000E+00
5.8905E+03 4.76816593E-06 0.00000000E+00
5.9140E+03 4.58766265E-06 0.00000000E+00
5.9376E+03 4.51493538E-06 0.00000000E+00
5.9612E+03 4.13345281E-06 0.00000000E+00
5.9847E+03 3.74452713E-06 0.00000000E+00
6.0083E+03 3.68690377E-06 0.00000000E+00
6.0319E+03 3.62238812E-06 0.00000000E+00
6.0554E+03 3.28980999E-06 0.00000000E+00
6.0790E+03 3.04946369E-06 0.00000000E+00
6.1025E+03 3.09457176E-06 0.00000000E+00
6.1261E+03 3.05675050E-06 0.00000000E+00
6.1497E+03 2.80376622E-06 0.00000000E+00
6.1732E+03 2.70709210E-06 0.00000000E+00
6.1968E+03 2.84689862E-06 0.00000000E+00
6.2204E+03 2.85134235E-06 0.00000000E+00
6.2439E+03 2.68775480E-06 0.00000000E+00
6.2675E+03 2.72928654E-06 0.00000000E+00
6.2910E+03 2.96191059E-06 0.00000000E+00
6.3146E+03 3.00918055E-06 0.00000000E+00
6.3382E+03 2.93416539E-06 0.00000000E+00
6.3617E+03 3.11526870E-06 0.00000000E+00
6.3853E+03 3.43218133E-06 0.00000000E+00
6.4088E+03 3.50659121E-06 0.00000000E+00
6.4324E+03 3.52280377E-06 0.00000000E+00
6.4560E+03 3.84798759E-06 0.00000000E+00
6.4795E+03 4.22269665E-06 0.00000000E+00
6.5031E+03 4.30251866E-06 0.00000000E+00
6.5267E+03 4.42511580E-06 0.00000000E+00
6.5502E+03 4.88945427E-06 0.00000000E+00
6.5738E+03 5.27529364E-06 0.00000000E+00
6.5973E+03 5.34889029E-06 0.00000000E+00
6.6209E+03 5.60327644E-06 0.00000000E+00
6.6445E+03 6.17821311E-06 0.00000000E+00
6.6680E+03 6.51831994E-06 0.00000000E+00
6.6916E+03 6.59726329E-06 0.00000000E+00
6.7152E+03 7.00526130E-06 0.00000000E+00
6.7387E+03 7.63160773E-06 0.00000000E+00
6.7623E+03 7.87793387E-06 0.00000000E+00
6.7858E+03 7.99909010E-06 0.00000000E+00
6.8094E+03 8.55950071E-06 0.00000000E+00
6.8330E+03 9.15363773E-06 0.00000000E+00
6.8565E+03 9.28683366E-06 0.00000000E+00
6.8801E+03 9.50030856E-06 0.00000000E+00
6.9036E+03 1.01734877E-05 0.00000000E+00
6.9272E+03 1.06468289E-05 0.00000000E+00
6.9508E+03 1.06874551E-05 0.00000000E+00
6.9743E+03 1.10339936E-05 0.00000000E+00
6.9979E+03 1.17393159E-05 0.00000000E+00
7.0215E+03 1.20246684E-05 0.00000000E+00
7.0450E+03 1.20292222E-05 0.00000000E+00
7.0686E+03 1.25161503E-05 0.00000000E+00
7.0921E+03 1.31462369E-05 0.00000000E+00
7.1157E+03 1.32207248E-05 0.00000000E+00
7.1393E+03 1.32621952E-05 0.00000000E+00
7.1628E+03 1.38486435E-05 0.00000000E+00
7.1864E+03 1.42970675E-05 0.00000000E+00
7.2100E+03 1.41916983E-05 0.00000000E+00
7.2335E+03 1.43311402E-05 0.00000000E+00
7.2571E+03 1.49302681E-05 0.00000000E+00
7.2806E+03 1.51232584E-05 0.00000000E+00
7.3042E+03 1.49139843E-05 0.00000000E+00
7.3278E+03 1.51739479E-05 0.00000000E+00
7.3513E+03 1.56732960E-05 0.00000000E+00
7.3749E+03 1.55934698E-05 0.00000000E+00
7.3985E+03 1.53758556E-05 0.00000000E+00
7.4220E+03 1.57264680E-05 0.00000000E+00
7.4456E+03 1.60201657E-05 0.00000000E+00
7.4691E+03 1.57127474E-05 0.00000000E+00
7.4927E+03 1.55690418E-05 0.00000000E+00
7.5163E+03 1.59329710E-05 0.00000000E+00
7.5398E+03 1.59543903E-05 0.00000000E+00
7.5634E+03 1.55128341E-05 0.00000000E+00
7.5869E+03 1.54835752E-05 0.00000000E+00
7.6105E+03 1.57588750E-05 0.00000000E+00
7.6341E+03 1.55017116E-05 0.00000000E+00
7.6576E+03 1.50375235E-05 0.00000000E+00
7.6812E+03 1.51082942E-05 0.00000000E+00
7.7048E+03 1.52011045E-05 0.00000000E+00
7.7283E+03 1.47210343E-05 0.00000000E+00
7.7519E+03 1.43286662E-05 0.00000000E+00
7.7754E+03 1.44368645E-05 0.00000000E+00
7.7990E+03 1.42920840E-05 0.00000000E+00
7.8226E+03 1.36884785E-05 0.00000000E+00
7.8461E+03 1.34179695E-05 0.00000000E+00
7.8697E+03 1.34767804E-05 0.00000000E+00
7.8933E+03 1.30956316E-05 0.00000000E+00
7.9168E+03 1.24802841E-05 0.00000000E+00
7.9404E+03 1.23271167E-05 0.00000000E+00
7.9639E+03 1.22573855E-05 0.00000000E+00
7.9875E+03 1.16959428E-05 0.00000000E+00
8.0111E+03 1.11604020E-05 0.00000000E+00
8.0346E+03 1.10752239E-05 0.00000000E+00
8.0582E+03 1.08332358E-05 0.00000000E+00
8.0817E+03 1.01833204E-05 0.00000000E+00
8.1053E+03 9.77640095E-06 0.00000000E+00
8.1289E+03 9.68961383E-06 0.00000000E+00
8.1524E+03 9.28087433E-06 0.00000000E+00
8.1760E+03 8.64124222E-06 0.00000000E+00
8.1996E+03 8.36375898E-06 0.00000000E+00
8.2231E+03 8.21463418E-06 0.00000000E+00
8.2467E+03 7.68964034E-06 0.00000000E+00
8.2702E+03 7.13851539E-06 0.00000000E+00
8.2938E+03 6.95522675E-06 0.00000000E+00
8.3174E+03 6.71422677E-06 0.00000000E+00
8.3409E+03 6.14938702E-06 0.00000000E+00
8.3645E+03 5.72798530E-06 0.00000000E+00
8.3881E+03 5.59012467E-06 0.00000000E+00
8.4116E+03 5.26670814E-06 0.00000000E+00
8.4352E+03 4.73904157E-06 0.00000000E+00
8.4587E+03 4.45058111E-06 0.00000000E+00
8.4823E+03 4.31886732E-06 0.00000000E+00
8.5059E+03 3.95352259E-06 0.00000000E+00
8.5294E+03 3.51937547E-06 0.00000000E+00
8.5530E+03 3.34149447E-06 0.00000000E+00
8.5765E+03 3.20041925E-06 0.00000000E+00
8.6001E+03 2.84617268E-06 0.00000000E+00
8.6237E+03 2.53147844E-06 0.00000000E+00
8.6472E+03 2.43480107E-06 0.00000000E+00
8.6708E+03 2.29365605E-06 0.00000000E+00
8.6944E+03 1.99608471E-06 0.00000000E+00
8.7179E+03 1.80005754E-06 0.00000000E+00
8.7415E+03 1.76397157E-06 0.00000000E+00
8.7650E+03 1.64628495E-06 0.00000000E+00
8.7886E+03 1.43068374E-06 0.00000000E+00
8.8122E+03 1.33886690E-06 0.00000000E+00
8.8357E+03 1.35791243E-06 0.00000000E+00
8.8593E+03 1.28592910E-06 0.00000000E+00
8.8829E+03 1.15614008E-06 0.00000000E+00
8.9064E+03 1.15505426E-06 0.00000000E+00
8.9300E+03 1.23440655E-06 0.00000000E+00
8.9535E+03 1.21684844E-06 0.00000000E+00
8.9771E+03 1.16441109E-06 0.00000000E+00
9.0007E+03 1.25017371E-06 0.00000000E+00
9.0242E+03 1.39410781E-06 0.00000000E+00
9.0478E+03 1.42314644E-06 0.00000000E+00
9.0713E+03 1.44059518E-06 0.00000000E+00
9.0949E+03 1.61755657E-06 0.00000000E+00
9.1185E+03 1.81802759E-06 0.00000000E+00
9.1420E+03 1.87642324E-06 0.00000000E+00
9.1656E+03 1.96691833E-06 0.00000000E+00
9.1892E+03 2.23774509E-06 0.00000000E+00
9.2127E+03 2.46988528E-06 0.00000000E+00
9.2363E+03 2.54400333E-06 0.00000000E+00
9.2598E+03 2.72168788E-06 0.00000000E+00
9.2834E+03 3.07484176E-06 0.00000000E+00
9.3070E+03 3.30251786E-06 0.00000000E+00
9.3305E+03 3.39389240E-06 0.00000000E+00
9.3541E+03 3.67429440E-06 0.00000000E+00
9.3777E+03 4.07639078E-06 0.00000000E+00
9.4012E+03 4.26576306E-06 0.00000000E+00
9.4248E+03 4.39445085E-06 0.00000000E+00
9.4483E+03 4.77953262E-06 0.00000000E+00
9.4719E+03 5.17790406E-06 0.00000000E+00
9.4955E+03 5.31265409E-06 0.00000000E+00
9.5190E+03 5.50952965E-06 0.00000000E+00
9.5426E+03 5.97511881E-06 0.00000000E+00
9.5661E+03 6.31106193E-06 0.00000000E+00
9.5897E+03 6.40163932E-06 0.00000000E+00
9.6133E+03 6.69220852E-06 0.00000000E+00
9.6368E+03 7.18501970E-06 0.00000000E+00
9.6604E+03 7.41291364E-06 0.00000000E+00
9.6840E+03 7.49445917E-06 0.00000000E+00
9.7075E+03 7.88119247E-06 0.00000000E+00
9.7311E+03 8.32863830E-06 0.00000000E+00
9.7546E+03 8.43284988E-06 0.00000000E+00
9.7782E+03 8.55139453E-06 0.00000000E+00
9.8018E+03 9.00292619E-06 0.00000000E+00
9.8253E+03 9.33318833E-06 0.00000000E+00
9.8489E+03 9.33498613E-06 0.00000000E+00
9.8725E+03 9.52690276E-06 0.00000000E+00
9.8960E+03 9.98000915E-06 0.00000000E+00
9.9196E+03 1.01449573E-05 0.00000000E+00
9.9431E+03 1.00955065E-05 0.00000000E+00
9.9667E+03 1.03685881E-05 0.00000000E+00
9.9903E+03 1.07436368E-05 0.00000000E+00
1.0014E+04 1.07353637E-05 0.00000000E+00
1.0037E+04 1.06966455E-05 0.00000000E+00
1.0061E+04 1.10210339E-05 0.00000000E+00
1.0085E+04 1.12458261E-05 0.00000000E+00
1.0108E+04 1.10996911E-05 0.00000000E+00
1.0132E+04 1.11204014E-05 0.00000000E+00
1.0155E+04 1.14338726E-05 0.00000000E+00
1.0179E+04 1.14669871E-05 0.00000000E+00
1.0202E+04 1.12493021E-05 0.00000000E+00
1.0226E+04 1.13451577E-05 0.00000000E+00
1.0249E+04 1.15715161E-05 0.00000000E+00
1.0273E+04 1.14160830E-05 0.00000000E+00
1.0297E+04 1.12007395E-05 0.00000000E+00
1.0320E+04 1.13471070E-05 0.00000000E+00
1.0344E+04 1.14210636E-05 0.00000000E+00
1.0367E+04 1.11234750E-05 0.00000000E+00
1.0391E+04 1.09663051E-05 0.00000000E+00
1.0414E+04 1.11062520E-05 0.00000000E+00
1.0438E+04 1.09954296E-05 0.00000000E+00
1.0462E+04 1.06293634E-05 0.00000000E+00
1.0485E+04 1.05499649E-05 0.00000000E+00
1.0509E+04 1.06147157E-05 0.00000000E+00
1.0532E+04 1.03304837E-05 0.00000000E+00
1.0556E+04 9.97233854E-06 0.00000000E+00
1.0579E+04 9.95008273E-06 0.00000000E+00
1.0603E+04 9.88398131E-06 0.00000000E+00
1.0626E+04 9.47722034E-06 0.00000000E+00
1.0650E+04 9.18228449E-06 0.00000000E+00
1.0674E+04 9.16753992E-06 0.00000000E+00
1.0697E+04 8.94797280E-06 0.00000000E+00
1.0721E+04 8.49177478E-06 0.00000000E+00
1.0744E+04 8.27987851E-06 0.00000000E+00
1.0768E+04 8.21550309E-06 0.00000000E+00
1.0791E+04 7.86045856E-06 0.00000000E+00
1.0815E+04 7.42673052E-06 0.00000000E+00
1.0838E+04 7.28207921E-06 0.00000000E+00
1.0862E+04 7.12640746E-06 0.00000000E+00
1.0886E+04 6.68744241E-06 0.00000000E+00
1.0909E+04 6.32639909E-06 0.00000000E+00
1.0933E+04 6.21049998E-06 0.00000000E+00
1.0956E+04 5.95290743E-06 0.00000000E+00
1.0980E+04 5.49709511E-06 0.00000000E+00
1.1003E+04 5.22695406E-06 0.00000000E+00
1.1027E+04 5.09846640E-06 0.00000000E+00
1.1051E+04 4.76206359E-06 0.00000000E+00
1.1074E+04 4.35058953E-06 0.00000000E+00
1.1098E+04 4.16024374E-06 0.00000000E+00
1.1121E+04 3.99327642E-06 0.00000000E+00
1.1145E+04 3.62479867E-06 0.00000000E+00
1.1168E+04 3.29662587E-06 0.00000000E+00
1.1192E+04 3.15866280E-06 0.00000000E+00
1.1215E+04 2.95235783E-06 0.00000000E+00
1.1239E+04 2.60448560E-06 0.00000000E+00
1.1263E+04 2.37075259E-06 0.00000000E+00
1.1286E+04 2.25821838E-06 0.00000000E+00
1.1310E+04 2.03467335E-06 0.00000000E+00
1.1333E+04 1.74867611E-06 0.00000000E+00
1.1357E+04 1.59855216E-06 0.00000000E+00
1.1380E+04 1.49793813E-06 0.00000000E+00
1.1404E+04 1.29070313E-06 0.00000000E+00
1.1428E+04 1.08643515E-06 0.00000000E+00
1.1451E+04 1.00025570E-06 0.00000000E+00
1.1475E+04 9.15553543E-07 0.00000000E+00
1.1498E+04 7.54803175E-07 0.00000000E+00
1.1522E+04 6.31242054E-07 0.00000000E+00
1.1545E+04 5.94008205E-07 0.00000000E+00
1.1569E+04 5.41142513E-07 0.00000000E+00
1.1592E+04 4.42547423E-07 0.00000000E+00
1.1616E+04 3.87086048E-07 0.00000000E+00
1.1640E+04 3.95933427E-07 0.00000000E+00
1.1663E+04 3.91357235E-07 0.00000000E+00
1.1687E+04 3.53392948E-07 0.00000000E+00
1.1710E+04 3.54245282E-07 0.00000000E+00
1.1734E+04 4.16882833E-07 0.00000000E+00
1.1757E+04 4.66603161E-07 0.00000000E+00
1.1781E+04 4.76707925E-07 0.00000000E+00
1.1805E+04 5.31759855E-07 0.00000000E+00
1.1828E+04 6.57484892E-07 0.00000000E+00
1.1852E+04 7.52218105E-07 0.00000000E+00
1.1875E+04 7.97902848E-07 0.00000000E+00
1.1899E+04 9.15496432E-07 0.00000000E+00
1.1922E+04 1.10404461E-06 0.00000000E+00
1.1946E+04 1.22294955E-06 0.00000000E+00
1.1969E+04 1.30166279E-06 0.00000000E+00
1.1993E+04 1.49304906E-06 0.00000000E+00
1.2017E+04 1.72756236E-06 0.00000000E+00
1.2040E+04 1.84864454E-06 0.00000000E+00
1.2064E+04 1.97093102E-06 0.00000000E+00
1.2087E+04 2.23842983E-06 0.00000000E+00
1.2111E+04 2.48678853E-06 0.00000000E+00
1.2134E+04 2.59867253E-06 0.00000000E+00
1.2158E+04 2.78254724E-06 0.00000000E+00
1.2182E+04 3.10978524E-06 0.00000000E+00
1.2205E+04 3.33443670E-06 0.00000000E+00
1.2229E+04 3.44335860E-06 0.00000000E+00
1.2252E+04 3.70224039E-06 0.00000000E+00
1.2276E+04 4.05210457E-06 0.00000000E+00
1.2299E+04 4.22426811E-06 0.00000000E+00
1.2323E+04 4.35224676E-06 0.00000000E+00
1.2346E+04 4.68218149E-06 0.00000000E+00
1.2370E+04 5.00465028E-06 0.00000000E+00
1.2394E+04 5.11637782E-06 0.00000000E+00
1.2417E+04 5.29062301E-06 0.00000000E+00
1.2441E+04 5.66327870E-06 0.00000000E+00
1.2464E+04 5.91066341E-06 0.00000000E+00
1.2488E+04 5.97883128E-06 0.00000000E+00
1.2511E+04 6.21666306E-06 0.00000000E+00
1.2535E+04 6.58230753E-06 0.00000000E+00
1.2559E+04 6.72577205E-06 0.00000000E+00
1.2582E+04 6.78545050E-06 0.00000000E+00
1.2606E+04 7.08140174E-06 0.00000000E+00
1.2629E+04 7.38175702E-06 0.00000000E+00
1.2653E+04 7.42197705E-06 0.00000000E+00
1.2676E+04 7.51129263E-06 0.00000000E+00
1.2700E+04 7.83251893E-06 0.00000000E+00
1.2723E+04 8.01893689E-06 0.00000000E+00
1.2747E+04 7.98592104E-06 0.00000000E+00
1.2771E+04 8.12842140E-06 0.00000000E+00
1.2794E+04 8.42123406E-06 0.00000000E+00
1.2818E+04 8.47103546E-06 0.00000000E+00
1.2841E+04 8.41256164E-06 0.00000000E+00
1.2865E+04 8.60447291E-06 0.00000000E+00
1.2888E+04 8.81014808E-06 0.00000000E+00
1.2912E+04 8.73439299E-06 0.00000000E+00
1.2936E+04 8.69731249E-06 0.00000000E+00
1.2959E+04 8.90529809E-06 0.00000000E+00
1.2983E+04 8.97930837E-06 0.00000000E+00
1.3006E+04 8.81858086E-06 0.00000000E+00
1.3030E+04 8.83033652E-06 0.00000000E+00
1.3053E+04 9.00114958E-06 0.00000000E+00
1.3077E+04 8.92834602E-06 0.00000000E+00
1.3100E+04 8.73795290E-06 0.00000000E+00
1.3124E+04 8.79570644E-06 0.00000000E+00
1.3148E+04 8.87425342E-06 0.00000000E+00
1.3171E+04 8.67400613E-06 0.00000000E+00
1.3195E+04 8.50427446E-06 0.00000000E+00
1.3218E+04 8.57600459E-06 0.00000000E+00
1.3242E+04 8.52486522E-06 0.00000000E+00
1.3265E+04 8.24413824E-06 0.00000000E+00
1.3289E+04 8.12344783E-06 0.00000000E+00
1.3312E+04 8.16054079E-06 0.00000000E+00
1.3336E+04 7.97337743E-06 0.00000000E+00
1.3360E+04 7.67050492E-06 0.00000000E+00
1.3383E+04 7.59750555E-06 0.00000000E+00
1.3407E+04 7.55374542E-06 0.00000000E+00
1.3430E+04 7.25752506E-06 0.00000000E+00
1.3454E+04 6.98307360E-06 0.00000000E+00
1.3477E+04 6.93073508E-06 0.00000000E+00
1.3501E+04 6.78013209E-06 0.00000000E+00
1.3525E+04 6.42560999E-06 0.00000000E+00
1.3548E+04 6.20767051E-06 0.00000000E+00
1.3572E+04 6.13701453E-06 0.00000000E+00
1.3595E+04 5.88357932E-06 0.00000000E+00
1.3619E+04 5.52814499E-06 0.00000000E+00
1.3642E+04 5.36734794E-06 0.00000000E+00
1.3666E+04 5.24492539E-06 0.00000000E+00
1.3689E+04 4.92096530E-06 0.00000000E+00
1.3713E+04 4.61079452E-06 0.00000000E+00
1.3737E+04 4.48620486E-06 0.00000000E+00
1.3760E+04 4.29816010E-06 0.00000000E+00
1.3784E+04 3.95242567E-06 0.00000000E+00
1.3807E+04 3.71078057E-06 0.00000000E+00
1.3831E+04 3.59338624E-06 0.00000000E+00
1.3854E+04 3.35072772E-06 0.00000000E+00
1.3878E+04 3.03174835E-06 0.00000000E+00
1.3902E+04 2.85735254E-06 0.00000000E+00
1.3925E+04 2.72498348E-06 0.00000000E+00
1.3949E+04 2.45861238E-06 0.00000000E+00
1.3972E+04 2.20016630E-06 0.00000000E+00
1.3996E+04 2.07517968E-06 0.00000000E+00
1.4019E+04 1.92254478E-06 0.00000000E+00
1.4043E+04 1.67093669E-06 0.00000000E+00
1.4066E+04 1.48520783E-06 0.00000000E+00
1.4090E+04 1.38836511E-06 0.00000000E+00
1.4114E+04 1.22843049E-06 0.00000000E+00
1.4137E+04 1.02374654E-06 0.00000000E+00
1.4161E+04 9.04044771E-07 0.00000000E+00
1.4184E+04 8.22687216E-07 0.00000000E+00
1.4208E+04 6.79640818E-07 0.00000000E+00
1.4231E+04 5.38276105E-07 0.00000000E+00
1.4255E+04 4.68923960E-07 0.00000000E+00
1.4279E+04 4.04657943E-07 0.00000000E+00
1.4302E+04 3.02396406E-07 0.00000000E+00
1.4326E+04 2.23562140E-07 0.00000000E+00
1.4349E+04 1.91580829E-07 0.00000000E+00
1.4373E+04 1.57581513E-07 0.00000000E+00
1.4396E+04 1.09396946E-07 0.00000000E+00
1.4420E+04 8.14503974E-08 0.00000000E+00
1.4443E+04 8.42803332E-08 0.00000000E+00
1.4467E+04 9.62691203E-08 0.00000000E+00
1.4491E+04 1.00499163E-07 0.00000000E+00
1.4514E+04 1.11180607E-07 0.00000000E+00
1.4538E+04 1.56930790E-07 0.00000000E+00
1.4561E+04 2.22752467E-07 0.00000000E+00
1.4585E+04 2.66091211E-07 0.00000000E+00
1.4608E+04 3.11202624E-07 0.00000000E+00
1.4632E+04 4.11722927E-07 0.00000000E+00
1.4656E+04 5.24940930E-07 0.00000000E+00
1.4679E+04 5.91358178E-07 0.00000000E+00
1.4703E+04 6.77415689E-07 0.00000000E+00
1.4726E+04 8.38034134E-07 0.00000000E+00
1.4750E+04 9.78881548E-07 0.00000000E+00
1.4773E+04 1.05941247E-06 0.00000000E+00
1.4797E+04 1.19890298E-06 0.00000000E+00
1.4820E+04 1.41032291E-06 0.00000000E+00
1.4844E+04 1.55370566E-06 0.00000000E+00
1.4868E+04 1.65198339E-06 0.00000000E+00
1.4891E+04 1.85357841E-06 0.00000000E+00
1.4915E+04 2.09043979E-06 0.00000000E+00
1.4938E+04 2.21720277E-06 0.00000000E+00
1.4962E+04 2.34767165E-06 0.00000000E+00
1.4985E+04 2.60635213E-06 0.00000000E+00
1.5009E+04 2.83380373E-06 0.00000000E+00
1.5033E+04 2.93976767E-06 0.00000000E+00
1.5056E+04 3.11906195E-06 0.00000000E+00
1.5080E+04 3.41137068E-06 0.00000000E+00
1.5103E+04 3.59714640E-06 0.00000000E+00
1.5127E+04 3.69529949E-06 0.00000000E+00
1.5150E+04 3.93065260E-06 0.00000000E+00
1.5174E+04 4.21808058E-06 0.00000000E+00
1.5197E+04 4.34480872E-06 0.00000000E+00
1.5221E+04 4.45910469E-06 0.00000000E+00
1.5245E+04 4.73929967E-06 0.00000000E+00
1.5268E+04 4.97912577E-06 0.00000000E+00
1.5292E+04 5.05121016E-06 0.00000000E+00
1.5315E+04 5.20429567E-06 0.00000000E+00
1.5339E+04 5.49780029E-06 0.00000000E+00
1.5362E+04 5.65720903E-06 0.00000000E+00
1.5386E+04 5.69881598E-06 0.00000000E+00
1.5410E+04 5.89893180E-06 0.00000000E+00
1.5433E+04 6.16083963E-06 0.00000000E+00
1.5457E+04 6.22842600E-06 0.00000000E+00
1.5480E+04 6.27293648E-06 0.00000000E+00
1.5504E+04 6.50587763E-06 0.00000000E+00
1.5527E+04 6.69142393E-06 0.00000000E+00
1.5551E+04 6.68105161E-06 0.00000000E+00
1.5574E+04 6.75611036E-06 0.00000000E+00
1.5598E+04 6.98617155E-06 0.00000000E+00
1.5622E+04 7.06560772E-06 0.00000000E+00
1.5645E+04 7.01067496E-06 0.00000000E+00
1.5669E+04 7.12502231E-06 0.00000000E+00
1.5692E+04 7.30512403E-06 0.00000000E+00
1.5716E+04 7.27393722E-06 0.00000000E+00
1.5739E+04 7.21410038E-06 0.00000000E+00
1.5763E+04 7.35179391E-06 0.00000000E+00
1.5787E+04 7.43908483E-06 0.00000000E+00
1.5810E+04 7.31930919E-06 0.00000000E+00
1.5834E+04 7.28489955E-06 0.00000000E+00
1.5857E+04 7.40954993E-06 0.00000000E+00
1.5881E+04 7.38039170E-06 0.00000000E+00
1.5904E+04 7.21233877E-06 0.00000000E+00
1.5928E+04 7.21271713E-06 0.00000000E+00
1.5951E+04 7.28024020E-06 0.00000000E+00
1.5975E+04 7.13862788E-06 0.00000000E+00
1.5999E+04 6.96625113E-06 0.00000000E+00
1.6022E+04 6.98674720E-06 0.00000000E+00
1.6046E+04 6.96161958E-06 0.00000000E+00
1.6069E+04 6.73771609E-06 0.00000000E+00
1.6093E+04 6.59337939E-06 0.00000000E+00
1.6116E+04 6.60193905E-06 0.00000000E+00
1.6140E+04 6.47051918E-06 0.00000000E+00
1.6163E+04 6.20997298E-06 0.00000000E+00
1.6187E+04 6.10455058E-06 0.00000000E+00
1.6211E+04 6.06525656E-06 0.00000000E+00
1.6234E+04 5.84097945E-06 0.00000000E+00
1.6258E+04 5.58937077E-06 0.00000000E+00
1.6281E+04 5.51132373E-06 0.00000000E+00
1.6305E+04 5.39922459E-06 0.00000000E+00
1.6328E+04 5.11784704E-06 0.00000000E+00
1.6352E+04 4.90643546E-06 0.00000000E+00
1.6376E+04 4.82977446E-06 0.00000000E+00
1.6399E+04 4.64107689E-06 0.00000000E+00
1.6423E+04 4.34819852E-06 0.00000000E+00
1.6446E+04 4.18639016E-06 0.00000000E+00
1.6470E+04 4.08383411E-06 0.00000000E+00
1.6493E+04 3.83760011E-06 0.00000000E+00
1.6517E+04 3.57370524E-06 0.00000000E+00
1.6540E+04 3.45069032E-06 0.00000000E+00
1.6564E+04 3.30637240E-06 0.00000000E+00
1.6588E+04 3.03748448E-06 0.00000000E+00
1.6611E+04 2.82649572E-06 0.00000000E+00
1.6635E+04 2.72062844E-06 0.00000000E+00
1.6658E+04 2.53717047E-06 0.00000000E+00
1.6682E+04 2.28391765E-06 0.00000000E+00
1.6705E+04 2.12946882E-06 0.00000000E+00
1.6729E+04 2.02084009E-06 0.00000000E+00
1.6753E+04 1.81824683E-06 0.00000000E+00
1.6776E+04 1.60991761E-06 0.00000000E+00
1.6800E+04 1.50007560E-06 0.00000000E+00
1.6823E+04 1.38067526E-06 0.00000000E+00
1.6847E+04 1.18810185E-06 0.00000000E+00
1.6870E+04 1.03762472E-06 0.00000000E+00
1.6894E+04 9.55165775E-07 0.00000000E+00
1.6917E+04 8.32432566E-07 0.00000000E+00
1.6941E+04 6.76865432E-07 0.00000000E+00
1.6965E+04 5.81040742E-07 0.00000000E+00
1.6988E+04 5.14193061E-07 0.00000000E+00
1.7012E+04 4.06917279E-07 0.00000000E+00
1.7035E+04 3.03898567E-07 0.00000000E+00
1.7059E+04 2.50280292E-07 0.00000000E+00
1.7082E+04 1.98996469E-07 0.00000000E+00
1.7106E+04 1.28020005E-07 0.00000000E+00
1.7130E+04 7.83190838E-08 0.00000000E+00
1.7153E+04 5.49053441E-08 0.00000000E+00
1.7177E+04 3.00804589E-08 0.00000000E+00
1.7200E+04 8.47201541E-09 0.00000000E+00
1.7224E+04 1.68559546E-09 0.00000000E+00
1.7247E+04 4.54030175E-09 0.00000000E+00
1.7271E+04 2.10195995E-08 0.00000000E+00
1.7294E+04 4.84224615E-08 0.00000000E+00
1.7318E+04 7.12337409E-08 0.00000000E+00
1.7342E+04 1.06402005E-07 0.00000000E+00
1.7365E+04 1.73541180E-07 0.00000000E+00
1.7389E+04 2.37246267E-07 0.00000000E+00
1.7412E+04 2.81981918E-07 0.00000000E+00
1.7436E+04 3.60954226E-07 0.00000000E+00
1.7459E+04 4.75580320E-07 0.00000000E+00
1.7483E+04 5.57600215E-07 0.00000000E+00
1.7507E+04 6.26725835E-07 0.00000000E+00
1.7530E+04 7.57883713E-07 0.00000000E+00
1.7554E+04 9.03289225E-07 0.00000000E+00
1.7577E+04 9.89831105E-07 0.00000000E+00
1.7601E+04 1.09408371E-06 0.00000000E+00
1.7624E+04 1.27454568E-06 0.00000000E+00
1.7648E+04 1.42622624E-06 0.00000000E+00
1.7671E+04 1.51481106E-06 0.00000000E+00
1.7695E+04 1.66580127E-06 0.00000000E+00
1.7719E+04 1.87796994E-06 0.00000000E+00
1.7742E+04 2.01355705E-06 0.00000000E+00
1.7766E+04 2.11412976E-06 0.00000000E+00
1.7789E+04 2.31499267E-06 0.00000000E+00
1.7813E+04 2.52994438E-06 0.00000000E+00
1.7836E+04 2.63870229E-06 0.00000000E+00
1.7860E+04 2.76790837E-06 0.00000000E+00
1.7884E+04 3.00666538E-06 0.00000000E+00
1.7907E+04 3.19332145E-06 0.00000000E+00
1.7931E+04 3.28063665E-06 0.00000000E+00
1.7954E+04 3.45169825E-06 0.00000000E+00
1.7978E+04 3.70090550E-06 0.00000000E+00
1.8001E+04 3.83715037E-06 0.00000000E+00
1.8025E+04 3.92162622E-06 0.00000000E+00
1.8048E+04 4.13444134E-06 0.00000000E+00
1.8072E+04 4.35792605E-06 0.00000000E+00
1.8096E+04 4.43876475E-06 0.00000000E+00
1.8119E+04 4.54286245E-06 0.00000000E+00
1.8143E+04 4.77906451E-06 0.00000000E+00
1.8166E+04 4.94333470E-06 0.00000000E+00
1.8190E+04 4.98231284E-06 0.00000000E+00
1.8213E+04 5.12045658E-06 0.00000000E+00
1.8237E+04 5.34613660E-06 0.00000000E+00
1.8261E+04 5.43183536E-06 0.00000000E+00
1.8284E+04 5.45479419E-06 0.00000000E+00
1.8308E+04 5.62414619E-06 0.00000000E+00
1.8331E+04 5.79964249E-06 0.00000000E+00
1.8355E+04 5.80820247E-06 0.00000000E+00
1.8378E+04 5.84176042E-06 0.00000000E+00
1.8402E+04 6.01988389E-06 0.00000000E+00
1.8425E+04 6.11293008E-06 0.00000000E+00
1.8449E+04 6.06548068E-06 0.00000000E+00
1.8473E+04 6.12496872E-06 0.00000000E+00
1.8496E+04 6.27574735E-06 0.00000000E+00
1.8520E+04 6.27270253E-06 0.00000000E+00
1.8543E+04 6.20148306E-06 0.00000000E+00
1.8567E+04 6.28339189E-06 0.00000000E+00
1.8590E+04 6.36908960E-06 0.00000000E+00
1.8614E+04 6.27964412E-06 0.00000000E+00
1.8637E+04 6.21530691E-06 0.00000000E+00
1.8661E+04 6.29748026E-06 0.00000000E+00
1.8685E+04 6.29220123E-06 0.00000000E+00
1.8708E+04 6.14557936E-06 0.00000000E+00
1.8732E+04 6.10549001E-06 0.00000000E+00
1.8755E+04 6.15509629E-06 0.00000000E+00
1.8779E+04 6.05426420E-06 0.00000000E+00
1.8802E+04 5.88841590E-06 0.00000000E+00
1.8826E+04 5.87064267E-06 0.00000000E+00
1.8850E+04 5.85673804E-06 0.00000000E+00
1.8873E+04 5.67882352E-06 0.00000000E+00
1.8897E+04 5.52694087E-06 0.00000000E+00
1.8920E+04 5.51225571E-06 0.00000000E+00
1.8944E+04 5.41787451E-06 0.00000000E+00
1.8967E+04 5.19777135E-06 0.00000000E+00
1.8991E+04 5.07748754E-06 0.00000000E+00
1.9014E+04 5.03838713E-06 0.00000000E+00
1.9038E+04 4.86733986E-06 0.00000000E+00
1.9062E+04 4.64417632E-06 0.00000000E+00
1.9085E+04 4.55359334E-06 0.00000000E+00
1.9109E+04 4.46649285E-06 0.00000000E+00
1.9132E+04 4.24229231E-06 0.00000000E+00
1.9156E+04 4.04663988E-06 0.00000000E+00
1.9179E+04 3.96842204E-06 0.00000000E+00
1.9203E+04 3.82397063E-06 0.00000000E+00
1.9227E+04 3.58157405E-06 0.00000000E+00
1.9250E+04 3.42708514E-06 0.00000000E+00
1.9274E+04 3.33850099E-06 0.00000000E+00
1.9297E+04 3.14589791E-06 0.00000000E+00
1.9321E+04 2.91985397E-06 0.00000000E+00
1.9344E+04 2.80233197E-06 0.00000000E+00
1.9368E+04 2.68675299E-06 0.00000000E+00
1.9391E+04 2.47057411E-06 0.00000000E+00
1.9415E+04 2.28447943E-06 0.00000000E+00
1.9439E+04 2.18816326E-06 0.00000000E+00
1.9462E+04 2.04312223E-06 0.00000000E+00
1.9486E+04 1.83434489E-06 0.00000000E+00
1.9509E+04 1.69572116E-06 0.00000000E+00
1.9533E+04 1.60355405E-06 0.00000000E+00
1.9556E+04 1.44215807E-06 0.00000000E+00
1.9580E+04 1.26742451E-06 0.00000000E+00
1.9604E+04 1.16961726E-06 0.00000000E+00
1.9627E+04 1.07275674E-06 0.00000000E+00
1.9651E+04 9.18257503E-07 0.00000000E+00
1.9674E+04 7.91949385E-07 0.00000000E+00
1.9698E+04 7.21553357E-07 0.00000000E+00
1.9721E+04 6.23982391E-07 0.00000000E+00
1.9745E+04 5.00287319E-07 0.00000000E+00
1.9768E+04 4.22512265E-07 0.00000000E+00
1.9792E+04 3.68513485E-07 0.00000000E+00
1.9816E+04 2.85010567E-07 0.00000000E+00
1.9839E+04 2.07563814E-07 0.00000000E+00
1.9863E+04 1.68380131E-07 0.00000000E+00
1.9886E+04 1.28671384E-07 0.00000000E+00
1.9910E+04 7.74795114E-08 0.00000000E+00
1.9933E+04 4.85569677E-08 0.00000000E+00
1.9957E+04 3.59522496E-08 0.00000000E+00
1.9981E+04 1.83161321E-08 0.00000000E+00
2.0004E+04 1.22220156E-08 0.00000000E+00
2.0028E+04 2.24922047E-08 0.00000000E+00
2.0051E+04 3.00470525E-08 0.00000000E+00
2.0075E+04 4.74133040E-08 0.00000000E+00
2.0098E+04 8.75545168E-08 0.00000000E+00
2.0122E+04 1.22790322E-07 0.00000000E+00
2.0145E+04 1.53288957E-07 0.00000000E+00
2.0169E+04 2.15798909E-07 0.00000000E+00
2.0193E+04 2.91118752E-07 0.00000000E+00
2.0216E+04 3.40570448E-07 0.00000000E+00
2.0240E+04 4.03875499E-07 0.00000000E+00
2.0263E+04 5.11777491E-07 0.00000000E+00
2.0287E+04 6.04320123E-07 0.00000000E+00
2.0310E+04 6.66556472E-07 0.00000000E+00
2.0334E+04 7.72872016E-07 0.00000000E+00
2.0358E+04 9.13858369E-07 0.00000000E+00
2.0381E+04 1.00731358E-06 0.00000000E+00
2.0405E+04 1.09060623E-06 0.00000000E+00
2.0428E+04 1.24250566E-06 0.00000000E+00
2.0452E+04 1.39499424E-06 0.00000000E+00
2.0475E+04 1.48234710E-06 0.00000000E+00
2.0499E+04 1.59930949E-06 0.00000000E+00
2.0522E+04 1.78656468E-06 0.00000000E+00
2.0546E+04 1.92761043E-06 0.00000000E+00
2.0570E+04 2.01413637E-06 0.00000000E+00
2.0593E+04 2.17310646E-06 0.00000000E+00
2.0617E+04 2.37312182E-06 0.00000000E+00
2.0640E+04 2.48741739E-06 0.00000000E+00
2.0664E+04 2.58740594E-06 0.00000000E+00
2.0687E+04 2.78470076E-06 0.00000000E+00
2.0711E+04 2.96879681E-06 0.00000000E+00
2.0735E+04 3.05461032E-06 0.00000000E+00
2.0758E+04 3.18311876E-06 0.00000000E+00
2.0782E+04 3.40003324E-06 0.00000000E+00
2.0805E+04 3.54310656E-06 0.00000000E+00
2.0829E+04 3.61229254E-06 0.00000000E+00
2.0852E+04 3.77559457E-06 0.00000000E+00
2.0876E+04 3.98197430E-06 0.00000000E+00
2.0899E+04 4.07141845E-06 0.00000000E+00
2.0923E+04 4.14325072E-06 0.00000000E+00
2.0947E+04 4.33238151E-06 0.00000000E+00
2.0970E+04 4.49568089E-06 0.00000000E+00
2.0994E+04 4.53563181E-06 0.00000000E+00
2.1017E+04 4.62697788E-06 0.00000000E+00
2.1041E+04 4.81754482E-06 0.00000000E+00
2.1064E+04 4.91378827E-06 0.00000000E+00
2.1088E+04 4.92269105E-06 0.00000000E+00
2.1112E+04 5.03874483E-06 0.00000000E+00
2.1135E+04 5.19750764E-06 0.00000000E+00
2.1159E+04 5.21961004E-06 0.00000000E+00
2.1182E+04 5.22194839E-06 0.00000000E+00
2.1206E+04 5.35160787E-06 0.00000000E+00
2.1229E+04 5.44739783E-06 0.00000000E+00
2.1253E+04 5.40730243E-06 0.00000000E+00
2.1276E+04 5.42284955E-06 0.00000000E+00
2.1300E+04 5.54091885E-06 0.00000000E+00
2.1324E+04 5.55554132E-06 0.00000000E+00
2.1347E+04 5.47917192E-06 0.00000000E+00
2.1371E+04 5.51422186E-06 0.00000000E+00
2.1394E+04 5.58975239E-06 0.00000000E+00
2.1418E+04 5.52443369E-06 0.00000000E+00
2.1441E+04 5.44144535E-06 0.00000000E+00
2.1465E+04 5.48569274E-06 0.00000000E+00
2.1488E+04 5.49318415E-06 0.00000000E+00
2.1512E+04 5.36792007E-06 0.00000000E+00
2.1536E+04 5.30039275E-06 0.00000000E+00
2.1559E+04 5.33078544E-06 0.00000000E+00
2.1583E+04 5.25974704E-06 0.00000000E+00
2.1606E+04 5.10581893E-06 0.00000000E+00
2.1630E+04 5.06045684E-06 0.00000000E+00
2.1653E+04 5.05044828E-06 0.00000000E+00
2.1677E+04 4.90948789E-06 0.00000000E+00
2.1701E+04 4.75819843E-06 0.00000000E+00
2.1724E+04 4.72510625E-06 0.00000000E+00
2.1748E+04 4.65550864E-06 0.00000000E+00
2.1771E+04 4.46937533E-06 0.00000000E+00
2.1795E+04 4.34154678E-06 0.00000000E+00
2.1818E+04 4.29989511E-06 0.00000000E+00
2.1842E+04 4.16691390E-06 0.00000000E+00
2.1865E+04 3.96781041E-06 0.00000000E+00
2.1889E+04 3.86816844E-06 0.00000000E+00
2.1913E+04 3.79621063E-06 0.00000000E+00
2.1936E+04 3.61347153E-06 0.00000000E+00
2.1960E+04 3.43024919E-06 0.00000000E+00
2.1983E+04 3.34868608E-06 0.00000000E+00
2.2007E+04 3.23385045E-06 0.00000000E+00
2.2030E+04 3.02777152E-06 0.00000000E+00
2.2054E+04 2.87736548E-06 0.00000000E+00
2.2078E+04 2.79616245E-06 0.00000000E+00
2.2101E+04 2.64103871E-06 0.00000000E+00
2.2125E+04 2.44165931E-06 0.00000000E+00
2.2148E+04 2.32602519E-06 0.00000000E+00
2.2172E+04 2.22966380E-06 0.00000000E+00
2.2195E+04 2.05156093E-06 0.00000000E+00
2.2219E+04 1.88273999E-06 0.00000000E+00
2.2242E+04 1.79211451E-06 0.00000000E+00
2.2266E+04 1.67535964E-06 0.00000000E+00
2.2290E+04 1.49990828E-06 0.00000000E+00
2.2313E+04 1.37289484E-06 0.00000000E+00
2.2337E+04 1.29349388E-06 0.00000000E+00
2.2360E+04 1.16436160E-06 0.00000000E+00
2.2384E+04 1.01614518E-06 0.00000000E+00
2.2407E+04 9.28899528E-07 0.00000000E+00
2.2431E+04 8.51363203E-07 0.00000000E+00
2.2455E+04 7.27954101E-07 0.00000000E+00
2.2478E+04 6.22295307E-07 0.00000000E+00
2.2502E+04 5.64341993E-07 0.00000000E+00
2.2525E+04 4.89103244E-07 0.00000000E+00
2.2549E+04 3.92018418E-07 0.00000000E+00
2.2572E+04 3.31350071E-07 0.00000000E+00
2.2596E+04 2.91535769E-07 0.00000000E+00
2.2619E+04 2.28848298E-07 0.00000000E+00
2.2643E+04 1.72795910E-07 0.00000000E+00
2.2667E+04 1.48856904E-07 0.00000000E+00
2.2690E+04 1.22227856E-07 0.00000000E+00
2.2714E+04 8.71100177E-08 0.00000000E+00
2.2737E+04 7.55319737E-08 0.00000000E+00
2.2761E+04 7.59566956E-08 0.00000000E+00
2.2784E+04 6.65535988E-08 0.00000000E+00
2.2808E+04 7.12372964E-08 0.00000000E+00
2.2832E+04 9.62718154E-08 0.00000000E+00
2.2855E+04 1.12197648E-07 0.00000000E+00
2.2879E+04 1.30591103E-07 0.00000000E+00
2.2902E+04 1.78157394E-07 0.00000000E+00
2.2926E+04 2.25721927E-07 0.00000000E+00
2.2949E+04 2.56690567E-07 0.00000000E+00
2.2973E+04 3.13600834E-07 0.00000000E+00
2.2996E+04 3.95860076E-07 0.00000000E+00
2.3020E+04 4.53259450E-07 0.00000000E+00
2.3044E+04 5.07066443E-07 0.00000000E+00
2.3067E+04 6.06266206E-07 0.00000000E+00
2.3091E+04 7.06909585E-07 0.00000000E+00
2.3114E+04 7.69233245E-07 0.00000000E+00
2.3138E+04 8.56830103E-07 0.00000000E+00
2.3161E+04 9.90873919E-07 0.00000000E+00
2.3185E+04 1.09243312E-06 0.00000000E+00
2.3209E+04 1.16461275E-06 0.00000000E+00
2.3232E+04 1.29254883E-06 0.00000000E+00
2.3256E+04 1.44356225E-06 0.00000000E+00
2.3279E+04 1.53491326E-06 0.00000000E+00
2.3303E+04 1.62837387E-06 0.00000000E+00
2.3326E+04 1.79248437E-06 0.00000000E+00
2.3350E+04 1.93789130E-06 0.00000000E+00
2.3373E+04 2.01875005E-06 0.00000000E+00
2.3397E+04 2.14414883E-06 0.00000000E+00
2.3421E+04 2.32769450E-06 0.00000000E+00
2.3444E+04 2.44844633E-06 0.00000000E+00
2.3468E+04 2.52865492E-06 0.00000000E+00
2.3491E+04 2.68808769E-06 0.00000000E+00
2.3515E+04 2.86556265E-06 0.00000000E+00
2.3538E+04 2.95321322E-06 0.00000000E+00
2.3562E+04 3.04698853E-06 0.00000000E+00
2.3586E+04 3.22939476E-06 0.00000000E+00
2.3609E+04 3.37464366E-06 0.00000000E+00
2.3633E+04 3.43404431E-06 0.00000000E+00
2.3656E+04 3.55168055E-06 0.00000000E+00
2.3680E+04 3.73383277E-06 0.00000000E+00
2.3703E+04 3.82911920E-06 0.00000000E+00
2.3727E+04 3.87539707E-06 0.00000000E+00
2.3750E+04 4.01613830E-06 0.00000000E+00
2.3774E+04 4.16916063E-06 0.00000000E+00
2.3798E+04 4.21130088E-06 0.00000000E+00
2.3821E+04 4.26229108E-06 0.00000000E+00
2.3845E+04 4.41167151E-06 0.00000000E+00
2.3868E+04 4.51057767E-06 0.00000000E+00
2.3892E+04 4.51143499E-06 0.00000000E+00
2.3915E+04 4.57875752E-06 0.00000000E+00
2.3939E+04 4.71182833E-06 0.00000000E+00
2.3962E+04 4.74418197E-06 0.00000000E+00
2.3986E+04 4.72519230E-06 0.00000000E+00
2.4010E+04 4.80781189E-06 0.00000000E+00
2.4033E+04 4.89715347E-06 0.00000000E+00
2.4057E+04 4.86724067E-06 0.00000000E+00
2.4080E+04 4.85017816E-06 0.00000000E+00
2.4104E+04 4.93327895E-06 0.00000000E+00
2.4127E+04 4.95862842E-06 0.00000000E+00
2.4151E+04 4.88536795E-06 0.00000000E+00
2.4175E+04 4.88316452E-06 0.00000000E+00
2.4198E+04 4.94294647E-06 0.00000000E+00
2.4222E+04 4.89853954E-06 0.00000000E+00
2.4245E+04 4.80795230E-06 0.00000000E+00
2.4269E+04 4.81937388E-06 0.00000000E+00
2.4292E+04 4.83188715E-06 0.00000000E+00
2.4316E+04 4.72852896E-06 0.00000000E+00
2.4339E+04 4.64383598E-06 0.00000000E+00
2.4363E+04 4.65420067E-06 0.00000000E+00
2.4387E+04 4.60463686E-06 0.00000000E+00
2.4410E+04 4.46568286E-06 0.00000000E+00
2.4434E+04 4.39905128E-06 0.00000000E+00
2.4457E+04 4.38664502E-06 0.00000000E+00
2.4481E+04 4.27531437E-06 0.00000000E+00
2.4504E+04 4.12823806E-06 0.00000000E+00
2.4528E+04 4.07745584E-06 0.00000000E+00
2.4552E+04 4.02293458E-06 0.00000000E+00
2.4575E+04 3.86554618E-06 0.00000000E+00
2.4599E+04 3.73254267E-06 0.00000000E+00
2.4622E+04 3.68380229E-06 0.00000000E+00
2.4646E+04 3.57866406E-06 0.00000000E+00
2.4669E+04 3.40089494E-06 0.00000000E+00
2.4693E+04 3.29227959E-06 0.00000000E+00
2.4716E+04 3.22769008E-06 0.00000000E+00
2.4740E+04 3.07835376E-06 0.00000000E+00
2.4764E+04 2.90703373E-06 0.00000000E+00
2.4787E+04 2.81993064E-06 0.00000000E+00
2.4811E+04 2.72644364E-06 0.00000000E+00
2.4834E+04 2.55237365E-06 0.00000000E+00
2.4858E+04 2.40693669E-06 0.00000000E+00
2.4881E+04 2.32946854E-06 0.00000000E+00
2.4905E+04 2.20541081E-06 0.00000000E+00
2.4929E+04 2.03225118E-06 0.00000000E+00
2.4952E+04 1.91986249E-06 0.00000000E+00
2.4976E+04 1.83873759E-06 0.00000000E+00
2.4999E+04 1.69527806E-06 0.00000000E+00
2.5023E+04 1.54601819E-06 0.00000000E+00
2.5046E+04 1.46210544E-06 0.00000000E+00
2.5070E+04 1.37014222E-06 0.00000000E+00
2.5093E+04 1.22727296E-06 0.00000000E+00
2.5117E+04 1.11518269E-06 0.00000000E+00
2.5141E+04 1.04872751E-06 0.00000000E+00
2.5164E+04 9.49029307E-07 0.00000000E+00
2.5188E+04 8.28013364E-07 0.00000000E+00
2.5211E+04 7.54169792E-07 0.00000000E+00
2.5235E+04 6.95093747E-07 0.00000000E+00
2.5258E+04 6.00185397E-07 0.00000000E+00
2.5282E+04 5.15883602E-07 0.00000000E+00
2.5306E+04 4.71995163E-07 0.00000000E+00
2.5329E+04 4.17181981E-07 0.00000000E+00
2.5353E+04 3.43716805E-07 0.00000000E+00
2.5376E+04 3.00124053E-07 0.00000000E+00
2.5400E+04 2.74994956E-07 0.00000000E+00
2.5423E+04 2.30255074E-07 0.00000000E+00
2.5447E+04 1.91865546E-07 0.00000000E+00
2.5470E+04 1.82630079E-07 0.00000000E+00
2.5494E+04 1.69054283E-07 0.00000000E+00
2.5518E+04 1.46289833E-07 0.00000000E+00
2.5541E+04 1.47915812E-07 0.00000000E+00
2.5565E+04 1.61304690E-07 0.00000000E+00
2.5588E+04 1.60115839E-07 0.00000000E+00
2.5612E+04 1.71184634E-07 0.00000000E+00
2.5635E+04 2.07446911E-07 0.00000000E+00
2.5659E+04 2.33211448E-07 0.00000000E+00
2.5683E+04 2.52645680E-07 0.00000000E+00
2.5706E+04 3.02932263E-07 0.00000000E+00
2.5730E+04 3.61196952E-07 0.00000000E+00
2.5753E+04 3.95989892E-07 0.00000000E+00
2.5777E+04 4.46768275E-07 0.00000000E+00
2.5800E+04 5.31570914E-07 0.00000000E+00
2.5824E+04 5.98163503E-07 0.00000000E+00
2.5847E+04 6.46913389E-07 0.00000000E+00
2.5871E+04 7.35480337E-07 0.00000000E+00
2.5895E+04 8.40985923E-07 0.00000000E+00
2.5918E+04 9.07565295E-07 0.00000000E+00
2.5942E+04 9.80158695E-07 0.00000000E+00
2.5965E+04 1.10339387E-06 0.00000000E+00
2.5989E+04 1.21186494E-06 0.00000000E+00
2.6012E+04 1.27891296E-06 0.00000000E+00
2.6036E+04 1.38376792E-06 0.00000000E+00
2.6060E+04 1.52782733E-06 0.00000000E+00
2.6083E+04 1.62465718E-06 0.00000000E+00
2.6107E+04 1.70039166E-06 0.00000000E+00
2.6130E+04 1.83800018E-06 0.00000000E+00
2.6154E+04 1.98205014E-06 0.00000000E+00
2.6177E+04 2.06145197E-06 0.00000000E+00
2.6201E+04 2.15660248E-06 0.00000000E+00
2.6224E+04 2.31619650E-06 0.00000000E+00
2.6248E+04 2.43955073E-06 0.00000000E+00
2.6272E+04 2.50623456E-06 0.00000000E+00
2.6295E+04 2.62705698E-06 0.00000000E+00
2.6319E+04 2.78818158E-06 0.00000000E+00
2.6342E+04 2.87776107E-06 0.00000000E+00
2.6366E+04 2.94374618E-06 0.00000000E+00
2.6389E+04 3.08651703E-06 0.00000000E+00
2.6413E+04 3.22509963E-06 0.00000000E+00
2.6437E+04 3.27992195E-06 0.00000000E+00
2.6460E+04 3.35782173E-06 0.00000000E+00
2.6484E+04 3.50746158E-06 0.00000000E+00
2.6507E+04 3.60393280E-06 0.00000000E+00
2.6531E+04 3.63459509E-06 0.00000000E+00
2.6554E+04 3.73031797E-06 0.00000000E+00
2.6578E+04 3.86401074E-06 0.00000000E+00
2.6601E+04 3.91006538E-06 0.00000000E+00
2.6625E+04 3.93335222E-06 0.00000000E+00
2.6649E+04 4.04147681E-06 0.00000000E+00
2.6672E+04 4.13596999E-06 0.00000000E+00
2.6696E+04 4.13707810E-06 0.00000000E+00
2.6719E+04 4.16794746E-06 0.00000000E+00
2.6743E+04 4.27191862E-06 0.00000000E+00
2.6766E+04 4.31156233E-06 0.00000000E+00
2.6790E+04 4.28411942E-06 0.00000000E+00
2.6813E+04 4.32847305E-06 0.00000000E+00
2.6837E+04 4.40571508E-06 0.00000000E+00
2.6861E+04 4.38793032E-06 0.00000000E+00
2.6884E+04 4.35219663E-06 0.00000000E+00
2.6908E+04 4.40353093E-06 0.00000000E+00
2.6931E+04 4.43347287E-06 0.00000000E+00
2.6955E+04 4.36938261E-06 0.00000000E+00
2.6978E+04 4.34113238E-06 0.00000000E+00
2.7002E+04 4.38253298E-06 0.00000000E+00
2.7026E+04 4.35428752E-06 0.00000000E+00
2.7049E+04 4.26424658E-06 0.00000000E+00
2.7073E+04 4.24857709E-06 0.00000000E+00
2.7096E+04 4.25926805E-06 0.00000000E+00
2.7120E+04 4.17582955E-06 0.00000000E+00
2.7143E+04 4.08169529E-06 0.00000000E+00
2.7167E+04 4.07151732E-06 0.00000000E+00
2.7190E+04 4.03526455E-06 0.00000000E+00
2.7214E+04 3.91253207E-06 0.00000000E+00
2.7238E+04 3.82983790E-06 0.00000000E+00
2.7261E+04 3.80958928E-06 0.00000000E+00
2.7285E+04 3.72149371E-06 0.00000000E+00
2.7308E+04 3.58256534E-06 0.00000000E+00
2.7332E+04 3.51574448E-06 0.00000000E+00
2.7355E+04 3.46868196E-06 0.00000000E+00
2.7379E+04 3.33759467E-06 0.00000000E+00
2.7403E+04 3.20471306E-06 0.00000000E+00
2.7426E+04 3.14718997E-06 0.00000000E+00
2.7450E+04 3.06314649E-06 0.00000000E+00
2.7473E+04 2.90878981E-06 0.00000000E+00
2.7497E+04 2.79623126E-06 0.00000000E+00
2.7520E+04 2.73512739E-06 0.00000000E+00
2.7544E+04 2.61548656E-06 0.00000000E+00
2.7567E+04 2.46157621E-06 0.00000000E+00
2.7591E+04 2.37229215E-06 0.00000000E+00
2.7615E+04 2.29556700E-06 0.00000000E+00
2.7638E+04 2.15344590E-06 0.00000000E+00
2.7662E+04 2.01973750E-06 0.00000000E+00
2.7685E+04 1.94689813E-06 0.00000000E+00
2.7709E+04 1.84978290E-06 0.00000000E+00
2.7732E+04 1.70548459E-06 0.00000000E+00
2.7756E+04 1.60202411E-06 0.00000000E+00
2.7780E+04 1.53450302E-06 0.00000000E+00
2.7803E+04 1.42248388E-06 0.00000000E+00
2.7827E+04 1.29628264E-06 0.00000000E+00
2.7850E+04 1.22208833E-06 0.00000000E+00
2.7874E+04 1.15127912E-06 0.00000000E+00
2.7897E+04 1.03845999E-06 0.00000000E+00
2.7921E+04 9.43852322E-07 0.00000000E+00
2.7944E+04 8.90269857E-07 0.00000000E+00
2.7968E+04 8.15150065E-07 0.00000000E+00
2.7992E+04 7.18870599E-07 0.00000000E+00
2.8015E+04 6.59109636E-07 0.00000000E+00
2.8039E+04 6.16044331E-07 0.00000000E+00
2.8062E+04 5.44289966E-07 0.00000000E+00
2.8086E+04 4.78489870E-07 0.00000000E+00
2.8109E+04 4.47680222E-07 0.00000000E+00
2.8133E+04 4.09716981E-07 0.00000000E+00
2.8157E+04 3.54510728E-07 0.00000000E+00
2.8180E+04 3.24808201E-07 0.00000000E+00
2.8204E+04 3.12772059E-07 0.00000000E+00
2.8227E+04 2.82363916E-07 0.00000000E+00
2.8251E+04 2.56497756E-07 0.00000000E+00
2.8274E+04 2.59091527E-07 0.00000000E+00
2.8298E+04 2.57556315E-07 0.00000000E+00
2.8321E+04 2.43897141E-07 0.00000000E+00
2.8345E+04 2.53965460E-07 0.00000000E+00
2.8369E+04 2.78681289E-07 0.00000000E+00
2.8392E+04 2.85824325E-07 0.00000000E+00
2.8416E+04 3.00055374E-07 0.00000000E+00
2.8439E+04 3.43437626E-07 0.00000000E+00
2.8463E+04 3.79342343E-07 0.00000000E+00
2.8486E+04 4.00575393E-07 0.00000000E+00
2.8510E+04 4.49676609E-07 0.00000000E+00
2.8534E+04 5.15679968E-07 0.00000000E+00
2.8557E+04 5.56542793E-07 0.00000000E+00
2.8581E+04 6.01224547E-07 0.00000000E+00
2.8604E+04 6.83538277E-07 0.00000000E+00
2.8628E+04 7.58131057E-07 0.00000000E+00
2.8651E+04 8.05134866E-07 0.00000000E+00
2.8675E+04 8.80825646E-07 0.00000000E+00
2.8698E+04 9.85391828E-07 0.00000000E+00
2.8722E+04 1.05730053E-06 0.00000000E+00
2.8746E+04 1.11772399E-06 0.00000000E+00
2.8769E+04 1.22476097E-06 0.00000000E+00
2.8793E+04 1.33487387E-06 0.00000000E+00
2.8816E+04 1.40019536E-06 0.00000000E+00
2.8840E+04 1.48268492E-06 0.00000000E+00
2.8863E+04 1.61173202E-06 0.00000000E+00
2.8887E+04 1.71117591E-06 0.00000000E+00
2.8911E+04 1.77434504E-06 0.00000000E+00
2.8934E+04 1.88300157E-06 0.00000000E+00
2.8958E+04 2.01688229E-06 0.00000000E+00
2.8981E+04 2.09605791E-06 0.00000000E+00
2.9005E+04 2.16668592E-06 0.00000000E+00
2.9028E+04 2.29677513E-06 0.00000000E+00
2.9052E+04 2.41594935E-06 0.00000000E+00
2.9075E+04 2.47512404E-06 0.00000000E+00
2.9099E+04 2.56211699E-06 0.00000000E+00
2.9123E+04 2.69951899E-06 0.00000000E+00
2.9146E+04 2.78889884E-06 0.00000000E+00
2.9170E+04 2.83708298E-06 0.00000000E+00
2.9193E+04 2.94270990E-06 0.00000000E+00
2.9217E+04 3.06757045E-06 0.00000000E+00
2.9240E+04 3.12173196E-06 0.00000000E+00
2.9264E+04 3.17162581E-06 0.00000000E+00
2.9287E+04 3.28827288E-06 0.00000000E+00
2.9311E+04 3.38145067E-06 0.00000000E+00
2.9335E+04 3.40596301E-06 0.00000000E+00
2.9358E+04 3.46716626E-06 0.00000000E+00
2.9382E+04 3.57836504E-06 0.00000000E+00
2.9405E+04 3.62801258E-06 0.00000000E+00
2.9429E+04 3.63627446E-06 0.00000000E+00
2.9452E+04 3.70973592E-06 0.00000000E+00
2.9476E+04 3.79520319E-06 0.00000000E+00
2.9500E+04 3.80071872E-06 0.00000000E+00
2.9523E+04 3.80762442E-06 0.00000000E+00
2.9547E+04 3.88379786E-06 0.00000000E+00
2.9570E+04 3.92648090E-06 0.00000000E+00
2.9594E+04 3.89816108E-06 0.00000000E+00
2.9617E+04 3.91327824E-06 0.00000000E+00
2.9641E+04 3.97487196E-06 0.00000000E+00
2.9664E+04 3.96710908E-06 0.00000000E+00
2.9688E+04 3.92163681E-06 0.00000000E+00
2.9712E+04 3.94478483E-06 0.00000000E+00
2.9735E+04 3.97303435E-06 0.00000000E+00
2.9759E+04 3.91928806E-06 0.00000000E+00
2.9782E+04 3.87293069E-06 0.00000000E+00
2.9806E+04 3.89402509E-06 0.00000000E+00
2.9829E+04 3.87591962E-06 0.00000000E+00
2.9853E+04 3.79096209E-06 0.00000000E+00
2.9877E+04 3.75329451E-06 0.00000000E+00
2.9900E+04 3.75651533E-06 0.00000000E+00
2.9924E+04 3.69000200E-06 0.00000000E+00
2.9947E+04 3.59331905E-06 0.00000000E+00
2.9971E+04 3.56403481E-06 0.00000000E+00
2.9994E+04 3.53455877E-06 0.00000000E+00
3.0018E+04 3.42959764E-06 0.00000000E+00
3.0041E+04 3.33832928E-06 0.00000000E+00
3.0065E+04 3.30837827E-06 0.00000000E+00
3.0089E+04 3.23885258E-06 0.00000000E+00
3.0112E+04 3.11393192E-06 0.00000000E+00
3.0136E+04 3.03723238E-06 0.00000000E+00
3.0159E+04 2.99369429E-06 0.00000000E+00
3.0183E+04 2.88776714E-06 0.00000000E+00
3.0206E+04 2.76337140E-06 0.00000000E+00
3.0230E+04 2.70042066E-06 0.00000000E+00
3.0254E+04 2.63296643E-06 0.00000000E+00
3.0277E+04 2.50445551E-06 0.00000000E+00
3.0301E+04 2.39621026E-06 0.00000000E+00
3.0324E+04 2.33852764E-06 0.00000000E+00
3.0348E+04 2.24469377E-06 0.00000000E+00
3.0371E+04 2.11282360E-06 0.00000000E+00
3.0395E+04 2.02710512E-06 0.00000000E+00
3.0418E+04 1.96398470E-06 0.00000000E+00
3.0442E+04 1.85104571E-06 0.00000000E+00
3.0466E+04 1.73382294E-06 0.00000000E+00
3.0489E+04 1.66749933E-06 0.00000000E+00
3.0513E+04 1.59209209E-06 0.00000000E+00
3.0536E+04 1.47481511E-06 0.00000000E+00
3.0560E+04 1.38333898E-06 0.00000000E+00
3.0583E+04 1.32749773E-06 0.00000000E+00
3.0607E+04 1.24085944E-06 0.00000000E+00
3.0631E+04 1.13620671E-06 0.00000000E+00
3.0654E+04 1.07222373E-06 0.00000000E+00
3.0678E+04 1.01802999E-06 0.00000000E+00
3.0701E+04 9.29416171E-07 0.00000000E+00
3.0725E+04 8.50549268E-07 0.00000000E+00
3.0748E+04 8.08083056E-07 0.00000000E+00
3.0772E+04 7.52049491E-07 0.00000000E+00
3.0795E+04 6.75436125E-07 0.00000000E+00
3.0819E+04 6.27610909E-07 0.00000000E+00
3.0843E+04 5.97689501E-07 0.00000000E+00
3.0866E+04 5.43992655E-07 0.00000000E+00
3.0890E+04 4.92476622E-07 0.00000000E+00
3.0913E+04 4.72507219E-07 0.00000000E+00
3.0937E+04 4.48675504E-07 0.00000000E+00
3.0960E+04 4.07553977E-07 0.00000000E+00
3.0984E+04 3.88195077E-07 0.00000000E+00
3.1008E+04 3.87527433E-07 0.00000000E+00
3.1031E+04 3.69560991E-07 0.00000000E+00
3.1055E+04 3.52638052E-07 0.00000000E+00
3.1078E+04 3.64046131E-07 0.00000000E+00
3.1102E+04 3.73859245E-07 0.00000000E+00
3.1125E+04 3.67996954E-07 0.00000000E+00
3.1149E+04 3.82764553E-07 0.00000000E+00
3.1172E+04 4.16440599E-07 0.00000000E+00
3.1196E+04 4.32319186E-07 0.00000000E+00
3.1220E+04 4.47982885E-07 0.00000000E+00
3.1243E+04 4.94038129E-07 0.00000000E+00
3.1267E+04 5.38746012E-07 0.00000000E+00
3.1290E+04 5.62729562E-07 0.00000000E+00
3.1314E+04 6.07339840E-07 0.00000000E+00
3.1337E+04 6.76128959E-07 0.00000000E+00
3.1361E+04 7.23198402E-07 0.00000000E+00
3.1385E+04 7.62275567E-07 0.00000000E+00
3.1408E+04 8.36654082E-07 0.00000000E+00
3.1432E+04 9.14847192E-07 0.00000000E+00
3.1455E+04 9.61912226E-07 0.00000000E+00
3.1479E+04 1.02370668E-06 0.00000000E+00
3.1502E+04 1.12028209E-06 0.00000000E+00
3.1526E+04 1.19522830E-06 0.00000000E+00
3.1549E+04 1.24665858E-06 0.00000000E+00
3.1573E+04 1.33437103E-06 0.00000000E+00
3.1597E+04 1.43911406E-06 0.00000000E+00
3.1620E+04 1.50387493E-06 0.00000000E+00
3.1644E+04 1.56770310E-06 0.00000000E+00
3.1667E+04 1.67673562E-06 0.00000000E+00
3.1691E+04 1.77403781E-06 0.00000000E+00
3.1714E+04 1.82969329E-06 0.00000000E+00
3.1738E+04 1.91246780E-06 0.00000000E+00
3.1762E+04 2.03040554E-06 0.00000000E+00
3.1785E+04 2.10876733E-06 0.00000000E+00
3.1809E+04 2.16293128E-06 0.00000000E+00
3.1832E+04 2.26489264E-06 0.00000000E+00
3.1856E+04 2.37500606E-06 0.00000000E+00
3.1879E+04 2.43101803E-06 0.00000000E+00
3.1903E+04 2.49321859E-06 0.00000000E+00
3.1926E+04 2.60607834E-06 0.00000000E+00
3.1950E+04 2.69292285E-06 0.00000000E+00
3.1974E+04 2.73177123E-06 0.00000000E+00
3.1997E+04 2.80776976E-06 0.00000000E+00
3.2021E+04 2.91622966E-06 0.00000000E+00
3.2044E+04 2.97096795E-06 0.00000000E+00
3.2068E+04 3.00322614E-06 0.00000000E+00
3.2091E+04 3.09084023E-06 0.00000000E+00
3.2115E+04 3.17734127E-06 0.00000000E+00
3.2138E+04 3.20051008E-06 0.00000000E+00
3.2162E+04 3.23660793E-06 0.00000000E+00
3.2186E+04 3.32496193E-06 0.00000000E+00
3.2209E+04 3.37572819E-06 0.00000000E+00
3.2233E+04 3.37626191E-06 0.00000000E+00
3.2256E+04 3.42103905E-06 0.00000000E+00
3.2280E+04 3.49368311E-06 0.00000000E+00
3.2303E+04 3.50354292E-06 0.00000000E+00
3.2327E+04 3.49446565E-06 0.00000000E+00
3.2351E+04 3.54418181E-06 0.00000000E+00
3.2374E+04 3.58484965E-06 0.00000000E+00
3.2398E+04 3.55881788E-06 0.00000000E+00
3.2421E+04 3.55142937E-06 0.00000000E+00
3.2445E+04 3.59455095E-06 0.00000000E+00
3.2468E+04 3.59318759E-06 0.00000000E+00
3.2492E+04 3.54415264E-06 0.00000000E+00
3.2515E+04 3.54315960E-06 0.00000000E+00
3.2539E+04 3.56463035E-06 0.00000000E+00
3.2563E+04 3.52119561E-06 0.00000000E+00
3.2586E+04 3.46468430E-06 0.00000000E+00
3.2610E+04 3.46631150E-06 0.00000000E+00
3.2633E+04 3.45353793E-06 0.00000000E+00
3.2657E+04 3.37802172E-06 0.00000000E+00
3.2680E+04 3.32622306E-06 0.00000000E+00
3.2704E+04 3.32006593E-06 0.00000000E+00
3.2728E+04 3.26812883E-06 0.00000000E+00
3.2751E+04 3.17679711E-06 0.00000000E+00
3.2775E+04 3.13430612E-06 0.00000000E+00
3.2798E+04 3.10810456E-06 0.00000000E+00
3.2822E+04 3.02204241E-06 0.00000000E+00
3.2845E+04 2.93149430E-06 0.00000000E+00
3.2869E+04 2.89447982E-06 0.00000000E+00
3.2892E+04 2.83977145E-06 0.00000000E+00
3.2916E+04 2.73301986E-06 0.00000000E+00
3.2940E+04 2.65451785E-06 0.00000000E+00
3.2963E+04 2.61355205E-06 0.00000000E+00
3.2987E+04 2.52981440E-06 0.00000000E+00
3.3010E+04 2.41949672E-06 0.00000000E+00
3.3034E+04 2.35586656E-06 0.00000000E+00
3.3057E+04 2.30110463E-06 0.00000000E+00
3.3081E+04 2.19666177E-06 0.00000000E+00
3.3105E+04 2.09772616E-06 0.00000000E+00
3.3128E+04 2.04398840E-06 0.00000000E+00
3.3152E+04 1.97041373E-06 0.00000000E+00
3.3175E+04 1.85977427E-06 0.00000000E+00
3.3199E+04 1.78040924E-06 0.00000000E+00
3.3222E+04 1.72769265E-06 0.00000000E+00
3.3246E+04 1.63815927E-06 0.00000000E+00
3.3269E+04 1.53697032E-06 0.00000000E+00
3.3293E+04 1.47712480E-06 0.00000000E+00
3.3317E+04 1.41801826E-06 0.00000000E+00
3.3340E+04 1.32281587E-06 0.00000000E+00
3.3364E+04 1.24260681E-06 0.00000000E+00
3.3387E+04 1.19605980E-06 0.00000000E+00
3.3411E+04 1.12898668E-06 0.00000000E+00
3.3434E+04 1.04218746E-06 0.00000000E+00
3.3458E+04 9.87112750E-07 0.00000000E+00
3.3482E+04 9.45988074E-07 0.00000000E+00
3.3505E+04 8.76679655E-07 0.00000000E+00
3.3529E+04 8.10926211E-07 0.00000000E+00
3.3552E+04 7.77786735E-07 0.00000000E+00
3.3576E+04 7.37371973E-07 0.00000000E+00
3.3599E+04 6.76850046E-07 0.00000000E+00
3.3623E+04 6.38892547E-07 0.00000000E+00
3.3646E+04 6.20239177E-07 0.00000000E+00
3.3670E+04 5.81898557E-07 0.00000000E+00
3.3694E+04 5.41953034E-07 0.00000000E+00
3.3717E+04 5.30857955E-07 0.00000000E+00
3.3741E+04 5.19618465E-07 0.00000000E+00
3.3764E+04 4.90510882E-07 0.00000000E+00
3.3788E+04 4.78769107E-07 0.00000000E+00
3.3811E+04 4.87482349E-07 0.00000000E+00
3.3835E+04 4.80915237E-07 0.00000000E+00
3.3859E+04 4.70716916E-07 0.00000000E+00
3.3882E+04 4.87550551E-07 0.00000000E+00
3.3906E+04 5.06970748E-07 0.00000000E+00
3.3929E+04 5.08117127E-07 0.00000000E+00
3.3953E+04 5.24325163E-07 0.00000000E+00
3.3976E+04 5.62968893E-07 0.00000000E+00
3.4000E+04 5.86567141E-07 0.00000000E+00
3.4023E+04 6.02568064E-07 0.00000000E+00
3.4047E+04 6.46600437E-07 0.00000000E+00
3.4071E+04 6.96370526E-07 0.00000000E+00
3.4094E+04 7.23186104E-07 0.00000000E+00
3.4118E+04 7.61302800E-07 0.00000000E+00
3.4141E+04 8.27227632E-07 0.00000000E+00
3.4165E+04 8.78311666E-07 0.00000000E+00
3.4188E+04 9.12943480E-07 0.00000000E+00
3.4212E+04 9.76186569E-07 0.00000000E+00
3.4236E+04 1.05269356E-06 0.00000000E+00
3.4259E+04 1.10028166E-06 0.00000000E+00
3.4283E+04 1.14990924E-06 0.00000000E+00
3.4306E+04 1.23436527E-06 0.00000000E+00
3.4330E+04 1.30910166E-06 0.00000000E+00
3.4353E+04 1.35495567E-06 0.00000000E+00
3.4377E+04 1.42480795E-06 0.00000000E+00
3.4400E+04 1.51997409E-06 0.00000000E+00
3.4424E+04 1.58428903E-06 0.00000000E+00
3.4448E+04 1.63503850E-06 0.00000000E+00
3.4471E+04 1.72445232E-06 0.00000000E+00
3.4495E+04 1.81651803E-06 0.00000000E+00
3.4518E+04 1.86847812E-06 0.00000000E+00
3.4542E+04 1.93143720E-06 0.00000000E+00
3.4565E+04 2.03239099E-06 0.00000000E+00
3.4589E+04 2.10906789E-06 0.00000000E+00
3.4612E+04 2.15339237E-06 0.00000000E+00
3.4636E+04 2.23182684E-06 0.00000000E+00
3.4660E+04 2.33072544E-06 0.00000000E+00
3.4683E+04 2.38552463E-06 0.00000000E+00
3.4707E+04 2.43047571E-06 0.00000000E+00
3.4730E+04 2.52050808E-06 0.00000000E+00
3.4754E+04 2.60254194E-06 0.00000000E+00
3.4777E+04 2.63663632E-06 0.00000000E+00
3.4801E+04 2.68925935E-06 0.00000000E+00
3.4825E+04 2.77988178E-06 0.00000000E+00
3.4848E+04 2.83413606E-06 0.00000000E+00
3.4872E+04 2.85500351E-06 0.00000000E+00
3.4895E+04 2.91684421E-06 0.00000000E+00
3.4919E+04 2.99314255E-06 0.00000000E+00
3.4942E+04 3.01629085E-06 0.00000000E+00
3.4966E+04 3.03373584E-06 0.00000000E+00
3.4989E+04 3.09895467E-06 0.00000000E+00
3.5013E+04 3.14724273E-06 0.00000000E+00
3.5037E+04 3.14426184E-06 0.00000000E+00
3.5060E+04 3.16554262E-06 0.00000000E+00
3.5084E+04 3.22230592E-06 0.00000000E+00
3.5107E+04 3.23503457E-06 0.00000000E+00
3.5131E+04 3.21664764E-06 0.00000000E+00
3.5154E+04 3.24281169E-06 0.00000000E+00
3.5178E+04 3.27742682E-06 0.00000000E+00
3.5202E+04 3.25582030E-06 0.00000000E+00
3.5225E+04 3.23376075E-06 0.00000000E+00
3.5249E+04 3.25876377E-06 0.00000000E+00
3.5272E+04 3.26085105E-06 0.00000000E+00
3.5296E+04 3.21418115E-06 0.00000000E+00
3.5319E+04 3.19627847E-06 0.00000000E+00
3.5343E+04 3.20926990E-06 0.00000000E+00
3.5366E+04 3.17582333E-06 0.00000000E+00
3.5390E+04 3.11764381E-06 0.00000000E+00
3.5414E+04 3.10478595E-06 0.00000000E+00
3.5437E+04 3.09459953E-06 0.00000000E+00
3.5461E+04 3.03125800E-06 0.00000000E+00
3.5484E+04 2.97418419E-06 0.00000000E+00
3.5508E+04 2.96039784E-06 0.00000000E+00
3.5531E+04 2.92035810E-06 0.00000000E+00
3.5555E+04 2.83938091E-06 0.00000000E+00
3.5579E+04 2.79058275E-06 0.00000000E+00
3.5602E+04 2.76614332E-06 0.00000000E+00
3.5626E+04 2.69717426E-06 0.00000000E+00
3.5649E+04 2.61298874E-06 0.00000000E+00
3.5673E+04 2.57223070E-06 0.00000000E+00
3.5696E+04 2.52843360E-06 0.00000000E+00
3.5720E+04 2.43918120E-06 0.00000000E+00
3.5743E+04 2.36336616E-06 0.00000000E+00
3.5767E+04 2.32432228E-06 0.00000000E+00
3.5791E+04 2.25785752E-06 0.00000000E+00
3.5814E+04 2.16180159E-06 0.00000000E+00
3.5838E+04 2.09957024E-06 0.00000000E+00
3.5861E+04 2.05374140E-06 0.00000000E+00
3.5885E+04 1.96880473E-06 0.00000000E+00
3.5908E+04 1.87960039E-06 0.00000000E+00
3.5932E+04 1.82916876E-06 0.00000000E+00
3.5956E+04 1.77063082E-06 0.00000000E+00
3.5979E+04 1.67789299E-06 0.00000000E+00
3.6003E+04 1.60490716E-06 0.00000000E+00
3.6026E+04 1.55987418E-06 0.00000000E+00
3.6050E+04 1.48876064E-06 0.00000000E+00
3.6073E+04 1.40167505E-06 0.00000000E+00
3.6097E+04 1.34755866E-06 0.00000000E+00
3.6120E+04 1.30112519E-06 0.00000000E+00
3.6144E+04 1.22433552E-06 0.00000000E+00
3.6168E+04 1.15440371E-06 0.00000000E+00
3.6191E+04 1.11562113E-06 0.00000000E+00
3.6215E+04 1.06470425E-06 0.00000000E+00
3.6238E+04 9.93569713E-07 0.00000000E+00
3.6262E+04 9.46605834E-07 0.00000000E+00
3.6285E+04 9.16533897E-07 0.00000000E+00
3.6309E+04 8.63924923E-07 0.00000000E+00
3.6333E+04 8.09910660E-07 0.00000000E+00
3.6356E+04 7.84865658E-07 0.00000000E+00
3.6380E+04 7.57954161E-07 0.00000000E+00
3.6403E+04 7.11581951E-07 0.00000000E+00
3.6427E+04 6.81957422E-07 0.00000000E+00
3.6450E+04 6.72697883E-07 0.00000000E+00
3.6474E+04 6.47750670E-07 0.00000000E+00
3.6497E+04 6.17433608E-07 0.00000000E+00
3.6521E+04 6.12824971E-07 0.00000000E+00
3.6545E+04 6.11934917E-07 0.00000000E+00
3.6568E+04 5.93016407E-07 0.00000000E+00
3.6592E+04 5.86221548E-07 0.00000000E+00
3.6615E+04 6.01080023E-07 0.00000000E+00
3.6639E+04 6.03866557E-07 0.00000000E+00
3.6662E+04 5.98456414E-07 0.00000000E+00
3.6686E+04 6.17018580E-07 0.00000000E+00
3.6710E+04 6.42703005E-07 0.00000000E+00
3.6733E+04 6.49537667E-07 0.00000000E+00
3.6757E+04 6.64832986E-07 0.00000000E+00
3.6780E+04 7.04127260E-07 0.00000000E+00
3.6804E+04 7.33117594E-07 0.00000000E+00
3.6827E+04 7.49050054E-07 0.00000000E+00
3.6851E+04 7.88165342E-07 0.00000000E+00
3.6874E+04 8.39089887E-07 0.00000000E+00
3.6898E+04 8.68359444E-07 0.00000000E+00
3.6922E+04 9.00222177E-07 0.00000000E+00
3.6945E+04 9.60076667E-07 0.00000000E+00
3.6969E+04 1.01291499E-06 0.00000000E+00
3.6992E+04 1.04490878E-06 0.00000000E+00
3.7016E+04 1.09729849E-06 0.00000000E+00
3.7039E+04 1.16919805E-06 0.00000000E+00
3.7063E+04 1.21758140E-06 0.00000000E+00
3.7087E+04 1.25837357E-06 0.00000000E+00
3.7110E+04 1.33041420E-06 0.00000000E+00
3.7134E+04 1.40309859E-06 0.00000000E+00
3.7157E+04 1.44626220E-06 0.00000000E+00
3.7181E+04 1.50177349E-06 0.00000000E+00
3.7204E+04 1.58620833E-06 0.00000000E+00
3.7228E+04 1.65001338E-06 0.00000000E+00
3.7251E+04 1.69233505E-06 0.00000000E+00
3.7275E+04 1.76438424E-06 0.00000000E+00
3.7299E+04 1.84948518E-06 0.00000000E+00
3.7322E+04 1.89977027E-06 0.00000000E+00
3.7346E+04 1.94782394E-06 0.00000000E+00
3.7369E+04 2.03186608E-06 0.00000000E+00
3.7393E+04 2.10537635E-06 0.00000000E+00
3.7416E+04 2.14370517E-06 0.00000000E+00
3.7440E+04 2.20218690E-06 0.00000000E+00
3.7463E+04 2.28783505E-06 0.00000000E+00
3.7487E+04 2.34125073E-06 0.00000000E+00
3.7511E+04 2.37382178E-06 0.00000000E+00
3.7534E+04 2.44221055E-06 0.00000000E+00
3.7558E+04 2.51639662E-06 0.00000000E+00
3.7581E+04 2.54774176E-06 0.00000000E+00
3.7605E+04 2.58178346E-06 0.00000000E+00
3.7628E+04 2.65327205E-06 0.00000000E+00
3.7652E+04 2.70473622E-06 0.00000000E+00
3.7676E+04 2.71864668E-06 0.00000000E+00
3.7699E+04 2.75838184E-06 0.00000000E+00
3.7723E+04 2.82161386E-06 0.00000000E+00
3.7746E+04 2.84482839E-06 0.00000000E+00
3.7770E+04 2.84992888E-06 0.00000000E+00
3.7793E+04 2.89389202E-06 0.00000000E+00
3.7817E+04 2.93681823E-06 0.00000000E+00
3.7840E+04 2.93369446E-06 0.00000000E+00
3.7864E+04 2.93841432E-06 0.00000000E+00
3.7888E+04 2.97931181E-06 0.00000000E+00
3.7911E+04 2.99356424E-06 0.00000000E+00
3.7935E+04 2.97223976E-06 0.00000000E+00
3.7958E+04 2.98086895E-06 0.00000000E+00
3.7982E+04 3.00807446E-06 0.00000000E+00
3.8005E+04 2.99203554E-06 0.00000000E+00
3.8029E+04 2.96327542E-06 0.00000000E+00
3.8053E+04 2.97394286E-06 0.00000000E+00
3.8076E+04 2.97759465E-06 0.00000000E+00
3.8100E+04 2.93689257E-06 0.00000000E+00
3.8123E+04 2.90963416E-06 0.00000000E+00
3.8147E+04 2.91505901E-06 0.00000000E+00
3.8170E+04 2.89004787E-06 0.00000000E+00
3.8194E+04 2.83529188E-06 0.00000000E+00
3.8217E+04 2.81320156E-06 0.00000000E+00
3.8241E+04 2.80388521E-06 0.00000000E+00
3.8265E+04 2.75207038E-06 0.00000000E+00
3.8288E+04 2.69478978E-06 0.00000000E+00
3.8312E+04 2.67524793E-06 0.00000000E+00
3.8335E+04 2.64374163E-06 0.00000000E+00
3.8359E+04 2.57348001E-06 0.00000000E+00
3.8382E+04 2.52196356E-06 0.00000000E+00
3.8406E+04 2.49784963E-06 0.00000000E+00
3.8430E+04 2.44228409E-06 0.00000000E+00
3.8453E+04 2.36548502E-06 0.00000000E+00
3.8477E+04 2.32223084E-06 0.00000000E+00
3.8500E+04 2.28568884E-06 0.00000000E+00
3.8524E+04 2.21107352E-06 0.00000000E+00
3.8547E+04 2.13902203E-06 0.00000000E+00
3.8571E+04 2.10079981E-06 0.00000000E+00
3.8594E+04 2.04733036E-06 0.00000000E+00
3.8618E+04 1.96408386E-06 0.00000000E+00
3.8642E+04 1.90377340E-06 0.00000000E+00
3.8665E+04 1.86417431E-06 0.00000000E+00
3.8689E+04 1.79527767E-06 0.00000000E+00
3.8712E+04 1.71562993E-06 0.00000000E+00
3.8736E+04 1.66809998E-06 0.00000000E+00
3.8759E+04 1.62138641E-06 0.00000000E+00
3.8783E+04 1.54462234E-06 0.00000000E+00
3.8807E+04 1.47842865E-06 0.00000000E+00
3.8830E+04 1.43971735E-06 0.00000000E+00
3.8854E+04 1.38424225E-06 0.00000000E+00
3.8877E+04 1.31070269E-06 0.00000000E+00
3.8901E+04 1.26243800E-06 0.00000000E+00
3.8924E+04 1.22661820E-06 0.00000000E+00
3.8948E+04 1.16629920E-06 0.00000000E+00
3.8971E+04 1.10661478E-06 0.00000000E+00
3.8995E+04 1.07477423E-06 0.00000000E+00
3.9019E+04 1.03764187E-06 0.00000000E+00
3.9042E+04 9.80854630E-07 0.00000000E+00
3.9066E+04 9.41483222E-07 0.00000000E+00
3.9089E+04 9.20537593E-07 0.00000000E+00
3.9113E+04 8.82261729E-07 0.00000000E+00
3.9136E+04 8.38673243E-07 0.00000000E+00
3.9160E+04 8.20067309E-07 0.00000000E+00
3.9184E+04 8.03989621E-07 0.00000000E+00
3.9207E+04 7.69530913E-07 0.00000000E+00
3.9231E+04 7.46309645E-07 0.00000000E+00
3.9254E+04 7.43697499E-07 0.00000000E+00
3.9278E+04 7.29396495E-07 0.00000000E+00
3.9301E+04 7.06531552E-07 0.00000000E+00
3.9325E+04 7.05635219E-07 0.00000000E+00
3.9348E+04 7.11967922E-07 0.00000000E+00
3.9372E+04 7.01042819E-07 0.00000000E+00
3.9396E+04 6.96927829E-07 0.00000000E+00
3.9419E+04 7.14662638E-07 0.00000000E+00
3.9443E+04 7.24310688E-07 0.00000000E+00
3.9466E+04 7.22340369E-07 0.00000000E+00
3.9490E+04 7.40209498E-07 0.00000000E+00
3.9513E+04 7.69209931E-07 0.00000000E+00
3.9537E+04 7.80681899E-07 0.00000000E+00
3.9561E+04 7.94412093E-07 0.00000000E+00
3.9584E+04 8.31933127E-07 0.00000000E+00
3.9608E+04 8.64609465E-07 0.00000000E+00
3.9631E+04 8.81046411E-07 0.00000000E+00
3.9655E+04 9.14810263E-07 0.00000000E+00
3.9678E+04 9.64850438E-07 0.00000000E+00
3.9702E+04 9.96697298E-07 0.00000000E+00
3.9725E+04 1.02394405E-06 0.00000000E+00
3.9749E+04 1.07700050E-06 0.00000000E+00
3.9773E+04 1.13044875E-06 0.00000000E+00
3.9796E+04 1.16169701E-06 0.00000000E+00
3.9820E+04 1.20487770E-06 0.00000000E+00
3.9843E+04 1.27092494E-06 0.00000000E+00
3.9867E+04 1.32028375E-06 0.00000000E+00
3.9890E+04 1.35516012E-06 0.00000000E+00
3.9914E+04 1.41537371E-06 0.00000000E+00
3.9937E+04 1.48449726E-06 0.00000000E+00
3.9961E+04 1.52662162E-06 0.00000000E+00
3.9985E+04 1.57058715E-06 0.00000000E+00
