0.0000E+00 0.00000000E+00 0.00000000E+00
2.3562E+01 0.00000000E+00 0.00000000E+00
4.7124E+01 0.00000000E+00 0.00000000E+00
7.0686E+01 0.00000000E+00 0.00000000E+00
9.4248E+01 0.00000000E+00 0.00000000E+00
1.1781E+02 0.00000000E+00 0.00000000E+00
1.4137E+02 0.00000000E+00 0.00000000E+00
1.6493E+02 0.00000000E+00 0.00000000E+00
1.8850E+02 0.00000000E+00 0.00000000E+00
2.1206E+02 0.00000000E+00 0.00000000E+00
2.3562E+02 0.00000000E+00 0.00000000E+00
2.5918E+02 3.52167801E-272 0.00000000E+00
2.8274E+02 4.52418827E-219 0.00000000E+00
3.0631E+02 2.53767750E-176 0.00000000E+00
3.2987E+02 6.77152458E-141 0.00000000E+00
3.5343E+02 3.34738258E-111 0.00000000E+00
3.7699E+02 2.71704825E-86 0.00000000E+00
4.0055E+02 1.42082229E-65 0.00000000E+00
4.2412E+02 1.10027154E-48 0.00000000E+00
4.4768E+02 1.87283578E-35 0.00000000E+00
4.7124E+02 6.21139895E-26 0.00000000E+00
4.9480E+02 1.14056194E-20 0.00000000E+00
5.1836E+02 2.28688087E-19 0.00000000E+00
5.4192E+02 4.81857939E-19 0.00000000E+00
5.6549E+02 1.05712681E-18 0.00000000E+00
5.8905E+02 1.59414808E-18 0.00000000E+00
6.1261E+02 2.19098851E-18 0.00000000E+00
6.3617E+02 3.62600254E-18 0.00000000E+00
6.5973E+02 6.76249419E-18 0.00000000E+00
6.8330E+02 1.00357172E-17 0.00000000E+00
7.0686E+02 1.40091884E-17 0.00000000E+00
7.3042E+02 2.43891854E-17 0.00000000E+00
7.5398E+02 3.93966183E-17 0.00000000E+00
7.7754E+02 5.15519151E-17 0.00000000E+00
8.0111E+02 7.48270843E-17 0.00000000E+00
8.2467E+02 1.23924418E-16 0.00000000E+00
8.4823E+02 1.72178439E-16 0.00000000E+00
8.7179E+02 2.21116641E-16 0.00000000E+00
8.9535E+02 3.42797764E-16 0.00000000E+00
9.1892E+02 5.22437325E-16 0.00000000E+00
9.4248E+02 6.65130994E-16 0.00000000E+00
9.6604E+02 9.05258091E-16 0.00000000E+00
9.8960E+02 1.42803399E-15 0.00000000E+00
1.0132E+03 1.96990826E-15 0.00000000E+00
1.0367E+03 2.46052276E-15 0.00000000E+00
1.0603E+03 3.62888205E-15 0.00000000E+00
1.0838E+03 5.44928062E-15 0.00000000E+00
1.1074E+03 6.89835457E-15 0.00000000E+00
1.1310E+03 9.02858892E-15 0.00000000E+00
1.1545E+03 1.37729721E-14 0.00000000E+00
1.1781E+03 1.89356454E-14 0.00000000E+00
1.2017E+03 2.32134335E-14 0.00000000E+00
1.2252E+03 3.27498031E-14 0.00000000E+00
1.2488E+03 4.84987081E-14 0.00000000E+00
1.2723E+03 6.12900778E-14 0.00000000E+00
1.2959E+03 7.75501833E-14 0.00000000E+00
1.3195E+03 1.14495138E-13 0.00000000E+00
1.3430E+03 1.57087393E-13 0.00000000E+00
1.3666E+03 1.90029944E-13 0.00000000E+00
1.3902E+03 2.57173796E-13 0.00000000E+00
1.4137E+03 3.74436733E-13 0.00000000E+00
1.4373E+03 4.72852328E-13 0.00000000E+00
1.4608E+03 5.81093996E-13 0.00000000E+00
1.4844E+03 8.28870846E-13 0.00000000E+00
1.5080E+03 1.13285395E-12 0.00000000E+00
1.5315E+03 1.35779709E-12 0.00000000E+00
1.5551E+03 1.76876810E-12 0.00000000E+00
1.5787E+03 2.52539041E-12 0.00000000E+00
1.6022E+03 3.18819724E-12 0.00000000E+00
1.6258E+03 3.82652669E-12 0.00000000E+00
1.6493E+03 5.27166027E-12 0.00000000E+00
1.6729E+03 7.15779741E-12 0.00000000E+00
1.6965E+03 8.52469509E-12 0.00000000E+00
1.7200E+03 1.07294785E-11 0.00000000E+00
1.7436E+03 1.49801941E-11 0.00000000E+00
1.7671E+03 1.88919505E-11 0.00000000E+00
1.7907E+03 2.22484895E-11 0.00000000E+00
1.8143E+03 2.96135629E-11 0.00000000E+00
1.8378E+03 3.98238941E-11 0.00000000E+00
1.8614E+03 4.72118221E-11 0.00000000E+00
1.8850E+03 5.76367720E-11 0.00000000E+00
1.9085E+03 7.84963301E-11 0.00000000E+00
1.9321E+03 9.87340105E-11 0.00000000E+00
1.9556E+03 1.14530499E-10 0.00000000E+00
1.9792E+03 1.47436986E-10 0.00000000E+00
2.0028E+03 1.95763246E-10 0.00000000E+00
2.0263E+03 2.31211376E-10 0.00000000E+00
2.0499E+03 2.74861272E-10 0.00000000E+00
2.0735E+03 3.64534450E-10 0.00000000E+00
2.0970E+03 4.56399813E-10 0.00000000E+00
2.1206E+03 5.23091073E-10 0.00000000E+00
2.1441E+03 6.52475352E-10 0.00000000E+00
2.1677E+03 8.53004428E-10 0.00000000E+00
2.1913E+03 1.00380655E-09 0.00000000E+00
2.2148E+03 1.16649301E-09 0.00000000E+00
2.2384E+03 1.50538539E-09 0.00000000E+00
2.2619E+03 1.87199761E-09 0.00000000E+00
2.2855E+03 2.12494739E-09 0.00000000E+00
2.3091E+03 2.57466178E-09 0.00000000E+00
2.3326E+03 3.30672857E-09 0.00000000E+00
2.3562E+03 3.87556409E-09 0.00000000E+00
2.3798E+03 4.41820960E-09 0.00000000E+00
2.4033E+03 5.54889258E-09 0.00000000E+00
2.4269E+03 6.83908917E-09 0.00000000E+00
2.4504E+03 7.70177004E-09 0.00000000E+00
2.4740E+03 9.09065268E-09 0.00000000E+00
2.4976E+03 1.14518971E-08 0.00000000E+00
2.5211E+03 1.33571179E-08 0.00000000E+00
2.5447E+03 1.49855319E-08 0.00000000E+00
2.5683E+03 1.83321308E-08 0.00000000E+00
2.5918E+03 2.23522954E-08 0.00000000E+00
2.6154E+03 2.50004504E-08 0.00000000E+00
2.6389E+03 2.88332527E-08 0.00000000E+00
2.6625E+03 3.55954680E-08 0.00000000E+00
2.6861E+03 4.12774723E-08 0.00000000E+00
2.7096E+03 4.56962550E-08 0.00000000E+00
2.7332E+03 5.45315349E-08 0.00000000E+00
2.7567E+03 6.56773120E-08 0.00000000E+00
2.7803E+03 7.30062679E-08 0.00000000E+00
2.8039E+03 8.25155375E-08 0.00000000E+00
2.8274E+03 9.98071527E-08 0.00000000E+00
2.8510E+03 1.14958882E-07 0.00000000E+00
2.8746E+03 1.25855185E-07 0.00000000E+00
2.8981E+03 1.46787144E-07 0.00000000E+00
2.9217E+03 1.74441585E-07 0.00000000E+00
2.9452E+03 1.92780189E-07 0.00000000E+00
2.9688E+03 2.14129333E-07 0.00000000E+00
2.9924E+03 2.53856273E-07 0.00000000E+00
3.0159E+03 2.90177575E-07 0.00000000E+00
3.0395E+03 3.14716399E-07 0.00000000E+00
3.0631E+03 3.59506209E-07 0.00000000E+00
3.0866E+03 4.21311216E-07 0.00000000E+00
3.1102E+03 4.62969122E-07 0.00000000E+00
3.1337E+03 5.06635202E-07 0.00000000E+00
3.1573E+03 5.89187355E-07 0.00000000E+00
3.1809E+03 6.67956281E-07 0.00000000E+00
3.2044E+03 7.18688185E-07 0.00000000E+00
3.2280E+03 8.05831619E-07 0.00000000E+00
3.2515E+03 9.31119731E-07 0.00000000E+00
3.2751E+03 1.01748465E-06 0.00000000E+00
3.2987E+03 1.09941061E-06 0.00000000E+00
3.3222E+03 1.25563143E-06 0.00000000E+00
3.3458E+03 1.41125757E-06 0.00000000E+00
3.3694E+03 1.50808130E-06 0.00000000E+00
3.3929E+03 1.66328179E-06 0.00000000E+00
3.4165E+03 1.89530688E-06 0.00000000E+00
3.4400E+03 2.05973939E-06 0.00000000E+00
3.4636E+03 2.20172031E-06 0.00000000E+00
3.4872E+03 2.47278176E-06 0.00000000E+00
3.5107E+03 2.75495641E-06 0.00000000E+00
3.5343E+03 2.92657590E-06 0.00000000E+00
3.5579E+03 3.18126967E-06 0.00000000E+00
3.5814E+03 3.57662042E-06 0.00000000E+00
3.6050E+03 3.86608086E-06 0.00000000E+00
3.6285E+03 4.09497517E-06 0.00000000E+00
3.6521E+03 4.52904673E-06 0.00000000E+00
3.6757E+03 5.00201226E-06 0.00000000E+00
3.6992E+03 5.28633288E-06 0.00000000E+00
3.7228E+03 5.67395092E-06 0.00000000E+00
3.7463E+03 6.29799892E-06 0.00000000E+00
3.7699E+03 6.77241553E-06 0.00000000E+00
3.7935E+03 7.11818833E-06 0.00000000E+00
3.8170E+03 7.76372487E-06 0.00000000E+00
3.8406E+03 8.50175303E-06 0.00000000E+00
3.8642E+03 8.94492308E-06 0.00000000E+00
3.8877E+03 9.49549191E-06 0.00000000E+00
3.9113E+03 1.04139066E-05 0.00000000E+00
3.9348E+03 1.11427968E-05 0.00000000E+00
3.9584E+03 1.16359556E-05 0.00000000E+00
3.9820E+03 1.25327804E-05 0.00000000E+00
4.0055E+03 1.36120506E-05 0.00000000E+00
4.0291E+03 1.42662521E-05 0.00000000E+00
4.0527E+03 1.50008557E-05 0.00000000E+00
4.0762E+03 1.62686973E-05 0.00000000E+00
4.0998E+03 1.73253040E-05 0.00000000E+00
4.1233E+03 1.79946641E-05 0.00000000E+00
4.1469E+03 1.91651826E-05 0.00000000E+00
4.1705E+03 2.06534625E-05 0.00000000E+00
4.1940E+03 2.15738721E-05 0.00000000E+00
4.2176E+03 2.25008852E-05 0.00000000E+00
4.2412E+03 2.41518827E-05 0.00000000E+00
4.2647E+03 2.56057694E-05 0.00000000E+00
4.2883E+03 2.64773956E-05 0.00000000E+00
4.3118E+03 2.79205714E-05 0.00000000E+00
4.3354E+03 2.98668668E-05 0.00000000E+00
4.3590E+03 3.11082710E-05 0.00000000E+00
4.3825E+03 3.22227802E-05 0.00000000E+00
4.4061E+03 3.42615027E-05 0.00000000E+00
4.4296E+03 3.61708656E-05 0.00000000E+00
4.4532E+03 3.72684463E-05 0.00000000E+00
4.4768E+03 3.89583240E-05 0.00000000E+00
4.5003E+03 4.13845970E-05 0.00000000E+00
4.5239E+03 4.29979385E-05 0.00000000E+00
4.5475E+03 4.42845686E-05 0.00000000E+00
4.5710E+03 4.66832126E-05 0.00000000E+00
4.5946E+03 4.90879881E-05 0.00000000E+00
4.6181E+03 5.04341259E-05 0.00000000E+00
4.6417E+03 5.23231198E-05 0.00000000E+00
4.6653E+03 5.52193550E-05 0.00000000E+00
4.6888E+03 5.72481801E-05 0.00000000E+00
4.7124E+03 5.86862879E-05 0.00000000E+00
4.7360E+03 6.13863127E-05 0.00000000E+00
4.7595E+03 6.43026961E-05 0.00000000E+00
4.7831E+03 6.59200869E-05 0.00000000E+00
4.8066E+03 6.79458377E-05 0.00000000E+00
4.8302E+03 7.12687267E-05 0.00000000E+00
4.8538E+03 7.37453472E-05 0.00000000E+00
4.8773E+03 7.53148758E-05 0.00000000E+00
4.9009E+03 7.82325556E-05 0.00000000E+00
4.9244E+03 8.16491600E-05 0.00000000E+00
4.9480E+03 8.35606495E-05 0.00000000E+00
4.9716E+03 8.56546036E-05 0.00000000E+00
4.9951E+03 8.93294854E-05 0.00000000E+00
5.0187E+03 9.22708105E-05 0.00000000E+00
5.0423E+03 9.39571840E-05 0.00000000E+00
5.0658E+03 9.69917102E-05 0.00000000E+00
5.0894E+03 1.00867534E-04 0.00000000E+00
5.1129E+03 1.03094499E-04 0.00000000E+00
5.1365E+03 1.05190481E-04 0.00000000E+00
5.1601E+03 1.09116033E-04 0.00000000E+00
5.1836E+03 1.12519408E-04 0.00000000E+00
5.2072E+03 1.14316412E-04 0.00000000E+00
5.2308E+03 1.17359281E-04 0.00000000E+00
5.2543E+03 1.21623791E-04 0.00000000E+00
5.2779E+03 1.24182932E-04 0.00000000E+00
5.3014E+03 1.26224449E-04 0.00000000E+00
5.3250E+03 1.30279685E-04 0.00000000E+00
5.3486E+03 1.34119464E-04 0.00000000E+00
5.3721E+03 1.36029730E-04 0.00000000E+00
5.3957E+03 1.38974364E-04 0.00000000E+00
5.4192E+03 1.43530076E-04 0.00000000E+00
5.4428E+03 1.46429266E-04 0.00000000E+00
5.4664E+03 1.48374745E-04 0.00000000E+00
5.4899E+03 1.52427823E-04 0.00000000E+00
5.5135E+03 1.56653560E-04 0.00000000E+00
5.5371E+03 1.58686832E-04 0.00000000E+00
5.5606E+03 1.61437496E-04 0.00000000E+00
5.5842E+03 1.66165216E-04 0.00000000E+00
5.6077E+03 1.69399351E-04 0.00000000E+00
5.6313E+03 1.71224903E-04 0.00000000E+00
5.6549E+03 1.75142973E-04 0.00000000E+00
5.6784E+03 1.79679967E-04 0.00000000E+00
5.7020E+03 1.81849736E-04 0.00000000E+00
5.7256E+03 1.84328838E-04 0.00000000E+00
5.7491E+03 1.89095263E-04 0.00000000E+00
5.7727E+03 1.92643091E-04 0.00000000E+00
5.7962E+03 1.94342698E-04 0.00000000E+00
5.8198E+03 1.98001706E-04 0.00000000E+00
5.8434E+03 2.02754154E-04 0.00000000E+00
5.8669E+03 2.05073442E-04 0.00000000E+00
5.8905E+03 2.07226415E-04 0.00000000E+00
5.9140E+03 2.11893211E-04 0.00000000E+00
5.9376E+03 2.15715845E-04 0.00000000E+00
5.9612E+03 2.17299218E-04 0.00000000E+00
5.9847E+03 2.20592407E-04 0.00000000E+00
6.0083E+03 2.25448814E-04 0.00000000E+00
6.0319E+03 2.27925942E-04 0.00000000E+00
6.0554E+03 2.29723242E-04 0.00000000E+00
6.0790E+03 2.34156332E-04 0.00000000E+00
6.1025E+03 2.38197708E-04 0.00000000E+00
6.1261E+03 2.39686375E-04 0.00000000E+00
6.1497E+03 2.42530423E-04 0.00000000E+00
6.1732E+03 2.47370428E-04 0.00000000E+00
6.1968E+03 2.50005466E-04 0.00000000E+00
6.2204E+03 2.51441710E-04 0.00000000E+00
6.2439E+03 2.55519494E-04 0.00000000E+00
6.2675E+03 2.59708596E-04 0.00000000E+00
6.2910E+03 2.61131018E-04 0.00000000E+00
6.3146E+03 2.63469282E-04 0.00000000E+00
6.3382E+03 2.68170837E-04 0.00000000E+00
6.3617E+03 2.70953213E-04 0.00000000E+00
6.3853E+03 2.72043980E-04 0.00000000E+00
6.4088E+03 2.75663585E-04 0.00000000E+00
6.4324E+03 2.79917952E-04 0.00000000E+00
6.4560E+03 2.81304498E-04 0.00000000E+00
6.4795E+03 2.83107406E-04 0.00000000E+00
6.5031E+03 2.87553406E-04 0.00000000E+00
6.5267E+03 2.90460816E-04 0.00000000E+00
6.5502E+03 2.91237958E-04 0.00000000E+00
6.5738E+03 2.94319121E-04 0.00000000E+00
6.5973E+03 2.98549040E-04 0.00000000E+00
6.6209E+03 2.99927489E-04 0.00000000E+00
6.6445E+03 3.01190613E-04 0.00000000E+00
6.6680E+03 3.05274337E-04 0.00000000E+00
6.6916E+03 3.08272902E-04 0.00000000E+00
6.7152E+03 3.08779219E-04 0.00000000E+00
6.7387E+03 3.11265895E-04 0.00000000E+00
6.7623E+03 3.15378706E-04 0.00000000E+00
6.7858E+03 3.16770706E-04 0.00000000E+00
6.8094E+03 3.17511269E-04 0.00000000E+00
6.8330E+03 3.21140367E-04 0.00000000E+00
6.8565E+03 3.24185773E-04 0.00000000E+00
6.8801E+03 3.24469799E-04 0.00000000E+00
6.9036E+03 3.26329912E-04 0.00000000E+00
6.9272E+03 3.30234056E-04 0.00000000E+00
6.9508E+03 3.31652737E-04 0.00000000E+00
6.9743E+03 3.31905308E-04 0.00000000E+00
6.9979E+03 3.35004415E-04 0.00000000E+00
7.0215E+03 3.38043792E-04 0.00000000E+00
7.0450E+03 3.38155211E-04 0.00000000E+00
7.0686E+03 3.39379121E-04 0.00000000E+00
7.0921E+03 3.42987745E-04 0.00000000E+00
7.1157E+03 3.44436412E-04 0.00000000E+00
7.1393E+03 3.44248448E-04 0.00000000E+00
7.1628E+03 3.46760638E-04 0.00000000E+00
7.1864E+03 3.49734928E-04 0.00000000E+00
7.2100E+03 3.49720841E-04 0.00000000E+00
7.2335E+03 3.50319039E-04 0.00000000E+00
7.2571E+03 3.53553115E-04 0.00000000E+00
7.2806E+03 3.55025008E-04 0.00000000E+00
7.3042E+03 3.54452608E-04 0.00000000E+00
7.3278E+03 3.56339980E-04 0.00000000E+00
7.3513E+03 3.59186617E-04 0.00000000E+00
7.3749E+03 3.59088753E-04 0.00000000E+00
7.3985E+03 3.59089095E-04 0.00000000E+00
7.4220E+03 3.61880030E-04 0.00000000E+00
7.4456E+03 3.63358887E-04 0.00000000E+00
7.4691E+03 3.62462895E-04 0.00000000E+00
7.4927E+03 3.63706390E-04 0.00000000E+00
7.5163E+03 3.66362111E-04 0.00000000E+00
7.5398E+03 3.66214885E-04 0.00000000E+00
7.5634E+03 3.65659556E-04 0.00000000E+00
7.5869E+03 3.67951224E-04 0.00000000E+00
7.6105E+03 3.69412481E-04 0.00000000E+00
7.6341E+03 3.68255031E-04 0.00000000E+00
7.6576E+03 3.68853561E-04 0.00000000E+00
7.6812E+03 3.71257115E-04 0.00000000E+00
7.7048E+03 3.71086457E-04 0.00000000E+00
7.7283E+03 3.70028753E-04 0.00000000E+00
7.7519E+03 3.71778878E-04 0.00000000E+00
7.7754E+03 3.73191311E-04 0.00000000E+00
7.7990E+03 3.71832873E-04 0.00000000E+00
7.8226E+03 3.71801859E-04 0.00000000E+00
7.8461E+03 3.73896496E-04 0.00000000E+00
7.8697E+03 3.73719365E-04 0.00000000E+00
7.8933E+03 3.72220460E-04 0.00000000E+00
7.9168E+03 3.73401343E-04 0.00000000E+00
7.9404E+03 3.74728991E-04 0.00000000E+00
7.9639E+03 3.73225946E-04 0.00000000E+00
7.9875E+03 3.72595377E-04 0.00000000E+00
8.0111E+03 3.74330987E-04 0.00000000E+00
8.0346E+03 3.74155483E-04 0.00000000E+00
8.0582E+03 3.72281312E-04 0.00000000E+00
8.0817E+03 3.72879925E-04 0.00000000E+00
8.1053E+03 3.74084123E-04 0.00000000E+00
8.1289E+03 3.72486904E-04 0.00000000E+00
8.1524E+03 3.71299043E-04 0.00000000E+00
8.1760E+03 3.72633846E-04 0.00000000E+00
8.1996E+03 3.72459809E-04 0.00000000E+00
8.2231E+03 3.70278167E-04 0.00000000E+00
8.2467E+03 3.70295658E-04 0.00000000E+00
8.2702E+03 3.71337062E-04 0.00000000E+00
8.2938E+03 3.69688858E-04 0.00000000E+00
8.3174E+03 3.67995765E-04 0.00000000E+00
8.3409E+03 3.68897538E-04 0.00000000E+00
8.3645E+03 3.68717527E-04 0.00000000E+00
8.3881E+03 3.66295528E-04 0.00000000E+00
8.4116E+03 3.65746295E-04 0.00000000E+00
8.4352E+03 3.66586796E-04 0.00000000E+00
8.4587E+03 3.64922828E-04 0.00000000E+00
8.4823E+03 3.62783882E-04 0.00000000E+00
8.5059E+03 3.63230781E-04 0.00000000E+00
8.5294E+03 3.63031366E-04 0.00000000E+00
8.5530E+03 3.60433364E-04 0.00000000E+00
8.5765E+03 3.59343840E-04 0.00000000E+00
8.6001E+03 3.59948362E-04 0.00000000E+00
8.6237E+03 3.58295680E-04 0.00000000E+00
8.6472E+03 3.55775244E-04 0.00000000E+00
8.6708E+03 3.55756283E-04 0.00000000E+00
8.6944E+03 3.55519556E-04 0.00000000E+00
8.7179E+03 3.52805496E-04 0.00000000E+00
8.7415E+03 3.51212758E-04 0.00000000E+00
8.7650E+03 3.51550887E-04 0.00000000E+00
8.7886E+03 3.49928592E-04 0.00000000E+00
8.8122E+03 3.47093805E-04 0.00000000E+00
8.8357E+03 3.46609006E-04 0.00000000E+00
8.8593E+03 3.46314204E-04 0.00000000E+00
8.8829E+03 3.43538353E-04 0.00000000E+00
8.9064E+03 3.41488517E-04 0.00000000E+00
8.9300E+03 3.41535886E-04 0.00000000E+00
8.9535E+03 3.39955668E-04 0.00000000E+00
8.9771E+03 3.36874362E-04 0.00000000E+00
9.0007E+03 3.35934514E-04 0.00000000E+00
9.0242E+03 3.35559650E-04 0.00000000E+00
9.0478E+03 3.32769661E-04 0.00000000E+00
9.0713E+03 3.30316081E-04 0.00000000E+00
9.0949E+03 3.30055432E-04 0.00000000E+00
9.1185E+03 3.28522369E-04 0.00000000E+00
9.1420E+03 3.25261111E-04 0.00000000E+00
9.1656E+03 3.23887134E-04 0.00000000E+00
9.1892E+03 3.23410559E-04 0.00000000E+00
9.2127E+03 3.20646868E-04 0.00000000E+00
9.2363E+03 3.17848182E-04 0.00000000E+00
9.2598E+03 3.17270063E-04 0.00000000E+00
9.2834E+03 3.15783618E-04 0.00000000E+00
9.3070E+03 3.12405967E-04 0.00000000E+00
9.3305E+03 3.10627910E-04 0.00000000E+00
9.3541E+03 3.10029731E-04 0.00000000E+00
9.3777E+03 3.07325296E-04 0.00000000E+00
9.4012E+03 3.04243412E-04 0.00000000E+00
9.4248E+03 3.03346488E-04 0.00000000E+00
9.4483E+03 3.01901646E-04 0.00000000E+00
9.4719E+03 2.98466671E-04 0.00000000E+00
9.4955E+03 2.96322412E-04 0.00000000E+00
9.5190E+03 2.95585700E-04 0.00000000E+00
9.5426E+03 2.92966061E-04 0.00000000E+00
9.5661E+03 2.89664176E-04 0.00000000E+00
9.5897E+03 2.88455157E-04 0.00000000E+00
9.6133E+03 2.87043640E-04 0.00000000E+00
9.6368E+03 2.83604752E-04 0.00000000E+00
9.6604E+03 2.81138483E-04 0.00000000E+00
9.6840E+03 2.80250236E-04 0.00000000E+00
9.7075E+03 2.77733889E-04 0.00000000E+00
9.7311E+03 2.74274657E-04 0.00000000E+00
9.7546E+03 2.72767908E-04 0.00000000E+00
9.7782E+03 2.71379410E-04 0.00000000E+00
9.8018E+03 2.67983586E-04 0.00000000E+00
9.8253E+03 2.65244228E-04 0.00000000E+00
9.8489E+03 2.64196101E-04 0.00000000E+00
9.8725E+03 2.61795149E-04 0.00000000E+00
9.8960E+03 2.58239130E-04 0.00000000E+00
9.9196E+03 2.56456066E-04 0.00000000E+00
9.9431E+03 2.55079481E-04 0.00000000E+00
9.9667E+03 2.51766883E-04 0.00000000E+00
9.9903E+03 2.48806568E-04 0.00000000E+00
1.0014E+04 2.47595399E-04 0.00000000E+00
1.0037E+04 2.45316432E-04 0.00000000E+00
1.0061E+04 2.41720854E-04 0.00000000E+00
1.0085E+04 2.39689211E-04 0.00000000E+00
1.0108E+04 2.38313800E-04 0.00000000E+00
1.0132E+04 2.35117723E-04 0.00000000E+00
1.0155E+04 2.31990373E-04 0.00000000E+00
1.0179E+04 2.30618513E-04 0.00000000E+00
1.0202E+04 2.28463609E-04 0.00000000E+00
1.0226E+04 2.24881388E-04 0.00000000E+00
1.0249E+04 2.22634375E-04 0.00000000E+00
1.0273E+04 2.21250817E-04 0.00000000E+00
1.0297E+04 2.18197867E-04 0.00000000E+00
1.0320E+04 2.14957840E-04 0.00000000E+00
1.0344E+04 2.13433266E-04 0.00000000E+00
1.0367E+04 2.11401023E-04 0.00000000E+00
1.0391E+04 2.07879987E-04 0.00000000E+00
1.0414E+04 2.05455292E-04 0.00000000E+00
1.0438E+04 2.04056567E-04 0.00000000E+00
1.0462E+04 2.01166994E-04 0.00000000E+00
1.0485E+04 1.97867774E-04 0.00000000E+00
1.0509E+04 1.96203947E-04 0.00000000E+00
1.0532E+04 1.94290514E-04 0.00000000E+00
1.0556E+04 1.90872783E-04 0.00000000E+00
1.0579E+04 1.88311442E-04 0.00000000E+00
1.0603E+04 1.86893513E-04 0.00000000E+00
1.0626E+04 1.84181694E-04 0.00000000E+00
1.0650E+04 1.80874626E-04 0.00000000E+00
1.0674E+04 1.79090109E-04 0.00000000E+00
1.0697E+04 1.77290168E-04 0.00000000E+00
1.0721E+04 1.74011734E-04 0.00000000E+00
1.0744E+04 1.71356883E-04 0.00000000E+00
1.0768E+04 1.69919159E-04 0.00000000E+00
1.0791E+04 1.67394198E-04 0.00000000E+00
1.0815E+04 1.64127334E-04 0.00000000E+00
1.0838E+04 1.62245169E-04 0.00000000E+00
1.0862E+04 1.60552845E-04 0.00000000E+00
1.0886E+04 1.57443347E-04 0.00000000E+00
1.0909E+04 1.54738908E-04 0.00000000E+00
1.0933E+04 1.53284473E-04 0.00000000E+00
1.0956E+04 1.50950913E-04 0.00000000E+00
1.0980E+04 1.47768007E-04 0.00000000E+00
1.1003E+04 1.45814890E-04 0.00000000E+00
1.1027E+04 1.44224563E-04 0.00000000E+00
1.1051E+04 1.41307291E-04 0.00000000E+00
1.1074E+04 1.38596676E-04 0.00000000E+00
1.1098E+04 1.37132296E-04 0.00000000E+00
1.1121E+04 1.34990926E-04 0.00000000E+00
1.1145E+04 1.31930652E-04 0.00000000E+00
1.1168E+04 1.29935986E-04 0.00000000E+00
1.1192E+04 1.28442992E-04 0.00000000E+00
1.1215E+04 1.25735146E-04 0.00000000E+00
1.1239E+04 1.23060068E-04 0.00000000E+00
1.1263E+04 1.21596019E-04 0.00000000E+00
1.1286E+04 1.19644763E-04 0.00000000E+00
1.1310E+04 1.16740224E-04 0.00000000E+00
1.1333E+04 1.14735129E-04 0.00000000E+00
1.1357E+04 1.13336345E-04 0.00000000E+00
1.1380E+04 1.10849531E-04 0.00000000E+00
1.1404E+04 1.08249019E-04 0.00000000E+00
1.1428E+04 1.06798772E-04 0.00000000E+00
1.1451E+04 1.05033596E-04 0.00000000E+00
1.1475E+04 1.02312123E-04 0.00000000E+00
1.1498E+04 1.00328480E-04 0.00000000E+00
1.1522E+04 9.90227654E-05 0.00000000E+00
1.1545E+04 9.67636540E-05 0.00000000E+00
1.1569E+04 9.42732571E-05 0.00000000E+00
1.1592E+04 9.28530449E-05 0.00000000E+00
1.1616E+04 9.12688218E-05 0.00000000E+00
1.1640E+04 8.87519811E-05 0.00000000E+00
1.1663E+04 8.68214999E-05 0.00000000E+00
1.1687E+04 8.56099713E-05 0.00000000E+00
1.1710E+04 8.35810261E-05 0.00000000E+00
1.1734E+04 8.12321803E-05 0.00000000E+00
1.1757E+04 7.98604424E-05 0.00000000E+00
1.1781E+04 7.84517011E-05 0.00000000E+00
1.1805E+04 7.61554526E-05 0.00000000E+00
1.1828E+04 7.43087667E-05 0.00000000E+00
1.1852E+04 7.31948844E-05 0.00000000E+00
1.1875E+04 7.13951059E-05 0.00000000E+00
1.1899E+04 6.92146274E-05 0.00000000E+00
1.1922E+04 6.79113359E-05 0.00000000E+00
1.1946E+04 6.66728819E-05 0.00000000E+00
1.1969E+04 6.46078513E-05 0.00000000E+00
1.1993E+04 6.28736347E-05 0.00000000E+00
1.2017E+04 6.18631091E-05 0.00000000E+00
1.2040E+04 6.02887678E-05 0.00000000E+00
1.2064E+04 5.82984765E-05 0.00000000E+00
1.2087E+04 5.70843650E-05 0.00000000E+00
1.2111E+04 5.60117567E-05 0.00000000E+00
1.2134E+04 5.41836110E-05 0.00000000E+00
1.2158E+04 5.25877506E-05 0.00000000E+00
1.2182E+04 5.16882779E-05 0.00000000E+00
1.2205E+04 5.03336203E-05 0.00000000E+00
1.2229E+04 4.85501062E-05 0.00000000E+00
1.2252E+04 4.74458344E-05 0.00000000E+00
1.2276E+04 4.65357134E-05 0.00000000E+00
1.2299E+04 4.49456357E-05 0.00000000E+00
1.2323E+04 4.35104923E-05 0.00000000E+00
1.2346E+04 4.27313436E-05 0.00000000E+00
1.2370E+04 4.15892644E-05 0.00000000E+00
1.2394E+04 4.00238189E-05 0.00000000E+00
1.2417E+04 3.90491202E-05 0.00000000E+00
1.2441E+04 3.82994046E-05 0.00000000E+00
1.2464E+04 3.69446728E-05 0.00000000E+00
1.2488E+04 3.56884843E-05 0.00000000E+00
1.2511E+04 3.50399891E-05 0.00000000E+00
1.2535E+04 3.41026660E-05 0.00000000E+00
1.2559E+04 3.27614113E-05 0.00000000E+00
1.2582E+04 3.19342888E-05 0.00000000E+00
1.2606E+04 3.13442463E-05 0.00000000E+00
1.2629E+04 3.02189167E-05 0.00000000E+00
1.2653E+04 2.91553957E-05 0.00000000E+00
1.2676E+04 2.86483693E-05 0.00000000E+00
1.2700E+04 2.79078522E-05 0.00000000E+00
1.2723E+04 2.67920752E-05 0.00000000E+00
1.2747E+04 2.61281011E-05 0.00000000E+00
1.2771E+04 2.56983137E-05 0.00000000E+00
1.2794E+04 2.47939745E-05 0.00000000E+00
1.2818E+04 2.39321198E-05 0.00000000E+00
1.2841E+04 2.35772673E-05 0.00000000E+00
1.2865E+04 2.30259835E-05 0.00000000E+00
1.2888E+04 2.21326377E-05 0.00000000E+00
1.2912E+04 2.16443767E-05 0.00000000E+00
1.2936E+04 2.13765881E-05 0.00000000E+00
1.2959E+04 2.06831183E-05 0.00000000E+00
1.2983E+04 2.00272125E-05 0.00000000E+00
1.3006E+04 1.98345199E-05 0.00000000E+00
1.3030E+04 1.94656519E-05 0.00000000E+00
1.3053E+04 1.87879581E-05 0.00000000E+00
1.3077E+04 1.84845069E-05 0.00000000E+00
1.3100E+04 1.83813463E-05 0.00000000E+00
1.3124E+04 1.78876159E-05 0.00000000E+00
1.3148E+04 1.74373649E-05 0.00000000E+00
1.3171E+04 1.74154837E-05 0.00000000E+00
1.3195E+04 1.72231941E-05 0.00000000E+00
1.3218E+04 1.67512844E-05 0.00000000E+00
1.3242E+04 1.66379187E-05 0.00000000E+00
1.3265E+04 1.67025104E-05 0.00000000E+00
1.3289E+04 1.63969868E-05 0.00000000E+00
1.3312E+04 1.61477750E-05 0.00000000E+00
1.3336E+04 1.63034199E-05 0.00000000E+00
1.3360E+04 1.62829221E-05 0.00000000E+00
1.3383E+04 1.60044978E-05 0.00000000E+00
1.3407E+04 1.60824317E-05 0.00000000E+00
1.3430E+04 1.63179143E-05 0.00000000E+00
1.3454E+04 1.61891626E-05 0.00000000E+00
1.3477E+04 1.61324114E-05 0.00000000E+00
1.3501E+04 1.64697968E-05 0.00000000E+00
1.3525E+04 1.66172860E-05 0.00000000E+00
1.3548E+04 1.65182734E-05 0.00000000E+00
1.3572E+04 1.67845459E-05 0.00000000E+00
1.3595E+04 1.71935346E-05 0.00000000E+00
1.3619E+04 1.72306087E-05 0.00000000E+00
1.3642E+04 1.73542360E-05 0.00000000E+00
1.3666E+04 1.78745899E-05 0.00000000E+00
1.3689E+04 1.81870556E-05 0.00000000E+00
1.3713E+04 1.82522508E-05 0.00000000E+00
1.3737E+04 1.86997624E-05 0.00000000E+00
1.3760E+04 1.92837991E-05 0.00000000E+00
1.3784E+04 1.94765309E-05 0.00000000E+00
1.3807E+04 1.97655139E-05 0.00000000E+00
1.3831E+04 2.04667142E-05 0.00000000E+00
1.3854E+04 2.09416713E-05 0.00000000E+00
1.3878E+04 2.11553711E-05 0.00000000E+00
1.3902E+04 2.17730921E-05 0.00000000E+00
1.3925E+04 2.25321370E-05 0.00000000E+00
1.3949E+04 2.28713374E-05 0.00000000E+00
1.3972E+04 2.33083724E-05 0.00000000E+00
1.3996E+04 2.41847441E-05 0.00000000E+00
1.4019E+04 2.48199202E-05 0.00000000E+00
1.4043E+04 2.51665239E-05 0.00000000E+00
1.4066E+04 2.59398743E-05 0.00000000E+00
1.4090E+04 2.68718769E-05 0.00000000E+00
1.4114E+04 2.73494497E-05 0.00000000E+00
1.4137E+04 2.79156758E-05 0.00000000E+00
1.4161E+04 2.89579554E-05 0.00000000E+00
1.4184E+04 2.97509504E-05 0.00000000E+00
1.4208E+04 3.02154985E-05 0.00000000E+00
1.4231E+04 3.11268606E-05 0.00000000E+00
1.4255E+04 3.22274166E-05 0.00000000E+00
1.4279E+04 3.28363727E-05 0.00000000E+00
1.4302E+04 3.35121008E-05 0.00000000E+00
1.4326E+04 3.47075391E-05 0.00000000E+00
1.4349E+04 3.56554575E-05 0.00000000E+00
1.4373E+04 3.62240642E-05 0.00000000E+00
1.4396E+04 3.72533728E-05 0.00000000E+00
1.4420E+04 3.85154552E-05 0.00000000E+00
1.4443E+04 3.92498123E-05 0.00000000E+00
1.4467E+04 4.00152074E-05 0.00000000E+00
1.4491E+04 4.13477772E-05 0.00000000E+00
1.4514E+04 4.24468342E-05 0.00000000E+00
1.4538E+04 4.31069894E-05 0.00000000E+00
1.4561E+04 4.42323569E-05 0.00000000E+00
1.4585E+04 4.56461175E-05 0.00000000E+00
1.4608E+04 4.65006891E-05 0.00000000E+00
1.4632E+04 4.73363772E-05 0.00000000E+00
1.4656E+04 4.87870693E-05 0.00000000E+00
1.4679E+04 5.00321864E-05 0.00000000E+00
1.4703E+04 5.07729243E-05 0.00000000E+00
1.4726E+04 5.19712787E-05 0.00000000E+00
1.4750E+04 5.35239281E-05 0.00000000E+00
1.4773E+04 5.44940239E-05 0.00000000E+00
1.4797E+04 5.53816112E-05 0.00000000E+00
1.4820E+04 5.69288130E-05 0.00000000E+00
1.4844E+04 5.83132288E-05 0.00000000E+00
1.4868E+04 5.91251729E-05 0.00000000E+00
1.4891E+04 6.03728994E-05 0.00000000E+00
1.4915E+04 6.20486823E-05 0.00000000E+00
1.4938E+04 6.31297434E-05 0.00000000E+00
1.4962E+04 6.40522490E-05 0.00000000E+00
1.4985E+04 6.56722097E-05 0.00000000E+00
1.5009E+04 6.71871378E-05 0.00000000E+00
1.5033E+04 6.80624399E-05 0.00000000E+00
1.5056E+04 6.93360239E-05 0.00000000E+00
1.5080E+04 7.11163154E-05 0.00000000E+00
1.5103E+04 7.23035227E-05 0.00000000E+00
1.5127E+04 7.32457300E-05 0.00000000E+00
1.5150E+04 7.49131243E-05 0.00000000E+00
1.5174E+04 7.65475015E-05 0.00000000E+00
1.5197E+04 7.74797008E-05 0.00000000E+00
1.5221E+04 7.87563723E-05 0.00000000E+00
1.5245E+04 8.06199247E-05 0.00000000E+00
1.5268E+04 8.19078240E-05 0.00000000E+00
1.5292E+04 8.28565533E-05 0.00000000E+00
1.5315E+04 8.45451439E-05 0.00000000E+00
1.5339E+04 8.62855110E-05 0.00000000E+00
1.5362E+04 8.72693343E-05 0.00000000E+00
1.5386E+04 8.85276924E-05 0.00000000E+00
1.5410E+04 9.04510394E-05 0.00000000E+00
1.5433E+04 9.18332181E-05 0.00000000E+00
1.5457E+04 9.27775065E-05 0.00000000E+00
1.5480E+04 9.44608657E-05 0.00000000E+00
1.5504E+04 9.62913896E-05 0.00000000E+00
1.5527E+04 9.73225039E-05 0.00000000E+00
1.5551E+04 9.85430681E-05 0.00000000E+00
1.5574E+04 1.00501042E-04 0.00000000E+00
1.5598E+04 1.01969865E-04 0.00000000E+00
1.5622E+04 1.02901030E-04 0.00000000E+00
1.5645E+04 1.04553248E-04 0.00000000E+00
1.5669E+04 1.06455855E-04 0.00000000E+00
1.5692E+04 1.07530571E-04 0.00000000E+00
1.5716E+04 1.08696209E-04 0.00000000E+00
1.5739E+04 1.10662509E-04 0.00000000E+00
1.5763E+04 1.12208902E-04 0.00000000E+00
1.5787E+04 1.13120472E-04 0.00000000E+00
1.5810E+04 1.14716796E-04 0.00000000E+00
1.5834E+04 1.16671375E-04 0.00000000E+00
1.5857E+04 1.17786305E-04 0.00000000E+00
1.5881E+04 1.18882518E-04 0.00000000E+00
1.5904E+04 1.20830272E-04 0.00000000E+00
1.5928E+04 1.22443546E-04 0.00000000E+00
1.5951E+04 1.23331082E-04 0.00000000E+00
1.5975E+04 1.24848454E-04 0.00000000E+00
1.5999E+04 1.26833109E-04 0.00000000E+00
1.6022E+04 1.27984805E-04 0.00000000E+00
1.6046E+04 1.28999871E-04 0.00000000E+00
1.6069E+04 1.30902187E-04 0.00000000E+00
1.6093E+04 1.32569910E-04 0.00000000E+00
1.6116E+04 1.33430730E-04 0.00000000E+00
1.6140E+04 1.34848233E-04 0.00000000E+00
1.6163E+04 1.36839579E-04 0.00000000E+00
1.6187E+04 1.38024162E-04 0.00000000E+00
1.6211E+04 1.38949178E-04 0.00000000E+00
1.6234E+04 1.40779670E-04 0.00000000E+00
1.6258E+04 1.42487592E-04 0.00000000E+00
1.6281E+04 1.43320442E-04 0.00000000E+00
1.6305E+04 1.44619668E-04 0.00000000E+00
1.6328E+04 1.46593177E-04 0.00000000E+00
1.6352E+04 1.47805993E-04 0.00000000E+00
1.6376E+04 1.48634817E-04 0.00000000E+00
1.6399E+04 1.50368135E-04 0.00000000E+00
1.6423E+04 1.52100191E-04 0.00000000E+00
1.6446E+04 1.52904881E-04 0.00000000E+00
1.6470E+04 1.54070242E-04 0.00000000E+00
1.6493E+04 1.56000655E-04 0.00000000E+00
1.6517E+04 1.57235983E-04 0.00000000E+00
1.6540E+04 1.57965133E-04 0.00000000E+00
1.6564E+04 1.59577498E-04 0.00000000E+00
1.6588E+04 1.61315919E-04 0.00000000E+00
1.6611E+04 1.62092961E-04 0.00000000E+00
1.6635E+04 1.63111962E-04 0.00000000E+00
1.6658E+04 1.64973811E-04 0.00000000E+00
1.6682E+04 1.66224649E-04 0.00000000E+00
1.6705E+04 1.66853143E-04 0.00000000E+00
1.6729E+04 1.68322921E-04 0.00000000E+00
1.6753E+04 1.70048477E-04 0.00000000E+00
1.6776E+04 1.70798738E-04 0.00000000E+00
1.6800E+04 1.71662192E-04 0.00000000E+00
1.6823E+04 1.73430393E-04 0.00000000E+00
1.6847E+04 1.74688359E-04 0.00000000E+00
1.6870E+04 1.75217498E-04 0.00000000E+00
1.6894E+04 1.76525731E-04 0.00000000E+00
1.6917E+04 1.78218096E-04 0.00000000E+00
1.6941E+04 1.78942466E-04 0.00000000E+00
1.6965E+04 1.79644599E-04 0.00000000E+00
1.6988E+04 1.81295087E-04 0.00000000E+00
1.7012E+04 1.82550398E-04 0.00000000E+00
1.7035E+04 1.82983462E-04 0.00000000E+00
1.7059E+04 1.84114310E-04 0.00000000E+00
1.7082E+04 1.85752491E-04 0.00000000E+00
1.7106E+04 1.86451565E-04 0.00000000E+00
1.7130E+04 1.86989973E-04 0.00000000E+00
1.7153E+04 1.88500281E-04 0.00000000E+00
1.7177E+04 1.89741811E-04 0.00000000E+00
1.7200E+04 1.90083675E-04 0.00000000E+00
1.7224E+04 1.91024703E-04 0.00000000E+00
1.7247E+04 1.92587490E-04 0.00000000E+00
1.7271E+04 1.93261270E-04 0.00000000E+00
1.7294E+04 1.93636731E-04 0.00000000E+00
1.7318E+04 1.94986482E-04 0.00000000E+00
1.7342E+04 1.96201867E-04 0.00000000E+00
1.7365E+04 1.96458569E-04 0.00000000E+00
1.7389E+04 1.97200888E-04 0.00000000E+00
1.7412E+04 1.98667289E-04 0.00000000E+00
1.7436E+04 1.99314932E-04 0.00000000E+00
1.7459E+04 1.99531111E-04 0.00000000E+00
1.7483E+04 2.00702411E-04 0.00000000E+00
1.7507E+04 2.01878201E-04 0.00000000E+00
1.7530E+04 2.02056498E-04 0.00000000E+00
1.7554E+04 2.02594780E-04 0.00000000E+00
1.7577E+04 2.03944443E-04 0.00000000E+00
1.7601E+04 2.04564052E-04 0.00000000E+00
1.7624E+04 2.04627143E-04 0.00000000E+00
1.7648E+04 2.05604890E-04 0.00000000E+00
1.7671E+04 2.06726746E-04 0.00000000E+00
1.7695E+04 2.06833690E-04 0.00000000E+00
1.7719E+04 2.07166105E-04 0.00000000E+00
1.7742E+04 2.08379718E-04 0.00000000E+00
1.7766E+04 2.08968209E-04 0.00000000E+00
1.7789E+04 2.08886547E-04 0.00000000E+00
1.7813E+04 2.09658685E-04 0.00000000E+00
1.7836E+04 2.10711630E-04 0.00000000E+00
1.7860E+04 2.10754195E-04 0.00000000E+00
1.7884E+04 2.10882293E-04 0.00000000E+00
1.7907E+04 2.11941999E-04 0.00000000E+00
1.7931E+04 2.12495056E-04 0.00000000E+00
1.7954E+04 2.12278745E-04 0.00000000E+00
1.7978E+04 2.12836496E-04 0.00000000E+00
1.8001E+04 2.13805244E-04 0.00000000E+00
1.8025E+04 2.13790018E-04 0.00000000E+00
1.8048E+04 2.13718604E-04 0.00000000E+00
1.8072E+04 2.14608455E-04 0.00000000E+00
1.8096E+04 2.15120578E-04 0.00000000E+00
1.8119E+04 2.14781132E-04 0.00000000E+00
1.8143E+04 2.15119224E-04 0.00000000E+00
1.8166E+04 2.15988589E-04 0.00000000E+00
1.8190E+04 2.15921537E-04 0.00000000E+00
1.8213E+04 2.15658510E-04 0.00000000E+00
1.8237E+04 2.16364935E-04 0.00000000E+00
1.8261E+04 2.16829590E-04 0.00000000E+00
1.8284E+04 2.16379572E-04 0.00000000E+00
1.8308E+04 2.16496396E-04 0.00000000E+00
1.8331E+04 2.17251772E-04 0.00000000E+00
1.8355E+04 2.17138046E-04 0.00000000E+00
1.8378E+04 2.16694147E-04 0.00000000E+00
1.8402E+04 2.17206389E-04 0.00000000E+00
1.8425E+04 2.17616225E-04 0.00000000E+00
1.8449E+04 2.17068843E-04 0.00000000E+00
1.8473E+04 2.16966501E-04 0.00000000E+00
1.8496E+04 2.17594331E-04 0.00000000E+00
1.8520E+04 2.17438123E-04 0.00000000E+00
1.8543E+04 2.16826569E-04 0.00000000E+00
1.8567E+04 2.17137008E-04 0.00000000E+00
1.8590E+04 2.17484120E-04 0.00000000E+00
1.8614E+04 2.16852802E-04 0.00000000E+00
1.8637E+04 2.16536983E-04 0.00000000E+00
1.8661E+04 2.17025195E-04 0.00000000E+00
1.8685E+04 2.16829634E-04 0.00000000E+00
1.8708E+04 2.16065651E-04 0.00000000E+00
1.8732E+04 2.16169993E-04 0.00000000E+00
1.8755E+04 2.16446201E-04 0.00000000E+00
1.8779E+04 2.15744182E-04 0.00000000E+00
1.8802E+04 2.15223901E-04 0.00000000E+00
1.8826E+04 2.15562268E-04 0.00000000E+00
1.8850E+04 2.15329372E-04 0.00000000E+00
1.8873E+04 2.14429684E-04 0.00000000E+00
1.8897E+04 2.14327010E-04 0.00000000E+00
1.8920E+04 2.14524155E-04 0.00000000E+00
1.8944E+04 2.13764099E-04 0.00000000E+00
1.8967E+04 2.13051339E-04 0.00000000E+00
1.8991E+04 2.13231760E-04 0.00000000E+00
1.9014E+04 2.12962460E-04 0.00000000E+00
1.9038E+04 2.11944759E-04 0.00000000E+00
1.9062E+04 2.11637475E-04 0.00000000E+00
1.9085E+04 2.11747713E-04 0.00000000E+00
1.9109E+04 2.10941417E-04 0.00000000E+00
1.9132E+04 2.10050709E-04 0.00000000E+00
1.9156E+04 2.10067429E-04 0.00000000E+00
1.9179E+04 2.09761657E-04 0.00000000E+00
1.9203E+04 2.08644132E-04 0.00000000E+00
1.9227E+04 2.08137837E-04 0.00000000E+00
1.9250E+04 2.08153943E-04 0.00000000E+00
1.9274E+04 2.07312134E-04 0.00000000E+00
1.9297E+04 2.06260144E-04 0.00000000E+00
1.9321E+04 2.06109932E-04 0.00000000E+00
1.9344E+04 2.05766783E-04 0.00000000E+00
1.9368E+04 2.04567717E-04 0.00000000E+00
1.9391E+04 2.03871063E-04 0.00000000E+00
1.9415E+04 2.03786753E-04 0.00000000E+00
1.9439E+04 2.02918982E-04 0.00000000E+00
1.9462E+04 2.01724134E-04 0.00000000E+00
1.9486E+04 2.01406450E-04 0.00000000E+00
1.9509E+04 2.01024418E-04 0.00000000E+00
1.9533E+04 1.99761860E-04 0.00000000E+00
1.9556E+04 1.98886398E-04 0.00000000E+00
1.9580E+04 1.98696673E-04 0.00000000E+00
1.9604E+04 1.97811295E-04 0.00000000E+00
1.9627E+04 1.96493402E-04 0.00000000E+00
1.9651E+04 1.96010542E-04 0.00000000E+00
1.9674E+04 1.95587800E-04 0.00000000E+00
1.9698E+04 1.94279281E-04 0.00000000E+00
1.9721E+04 1.93239260E-04 0.00000000E+00
1.9745E+04 1.92940738E-04 0.00000000E+00
1.9768E+04 1.92044930E-04 0.00000000E+00
1.9792E+04 1.90624799E-04 0.00000000E+00
1.9816E+04 1.89981968E-04 0.00000000E+00
1.9839E+04 1.89516664E-04 0.00000000E+00
1.9863E+04 1.88178913E-04 0.00000000E+00
1.9886E+04 1.86990989E-04 0.00000000E+00
1.9910E+04 1.86582184E-04 0.00000000E+00
1.9933E+04 1.85681999E-04 0.00000000E+00
1.9957E+04 1.84180972E-04 0.00000000E+00
1.9981E+04 1.83386236E-04 0.00000000E+00
2.0004E+04 1.82876780E-04 0.00000000E+00
2.0028E+04 1.81525458E-04 0.00000000E+00
2.0051E+04 1.80208283E-04 0.00000000E+00
2.0075E+04 1.79689793E-04 0.00000000E+00
2.0098E+04 1.78790240E-04 0.00000000E+00
2.0122E+04 1.77229707E-04 0.00000000E+00
2.0145E+04 1.76293817E-04 0.00000000E+00
2.0169E+04 1.75739143E-04 0.00000000E+00
2.0193E+04 1.74388608E-04 0.00000000E+00
2.0216E+04 1.72962339E-04 0.00000000E+00
2.0240E+04 1.72336933E-04 0.00000000E+00
2.0263E+04 1.71442095E-04 0.00000000E+00
2.0287E+04 1.69843014E-04 0.00000000E+00
2.0310E+04 1.68779114E-04 0.00000000E+00
2.0334E+04 1.68178906E-04 0.00000000E+00
2.0358E+04 1.66842049E-04 0.00000000E+00
2.0381E+04 1.65327818E-04 0.00000000E+00
2.0405E+04 1.64600427E-04 0.00000000E+00
2.0428E+04 1.63713619E-04 0.00000000E+00
2.0452E+04 1.62096087E-04 0.00000000E+00
2.0475E+04 1.60919344E-04 0.00000000E+00
2.0499E+04 1.60274223E-04 0.00000000E+00
2.0522E+04 1.58962393E-04 0.00000000E+00
2.0546E+04 1.57381776E-04 0.00000000E+00
2.0570E+04 1.56559409E-04 0.00000000E+00
2.0593E+04 1.55683370E-04 0.00000000E+00
2.0617E+04 1.54066289E-04 0.00000000E+00
2.0640E+04 1.52793493E-04 0.00000000E+00
2.0664E+04 1.52105177E-04 0.00000000E+00
2.0687E+04 1.50828201E-04 0.00000000E+00
2.0711E+04 1.49202759E-04 0.00000000E+00
2.0735E+04 1.48294368E-04 0.00000000E+00
2.0758E+04 1.47431497E-04 0.00000000E+00
2.0782E+04 1.45832356E-04 0.00000000E+00
2.0805E+04 1.44481533E-04 0.00000000E+00
2.0829E+04 1.43752965E-04 0.00000000E+00
2.0852E+04 1.42519261E-04 0.00000000E+00
2.0876E+04 1.40870168E-04 0.00000000E+00
2.0899E+04 1.39886499E-04 0.00000000E+00
2.0923E+04 1.39039099E-04 0.00000000E+00
2.0947E+04 1.37473858E-04 0.00000000E+00
2.0970E+04 1.36063916E-04 0.00000000E+00
2.0994E+04 1.35299375E-04 0.00000000E+00
2.1017E+04 1.34116113E-04 0.00000000E+00
2.1041E+04 1.32463842E-04 0.00000000E+00
2.1064E+04 1.31417259E-04 0.00000000E+00
2.1088E+04 1.30587778E-04 0.00000000E+00
2.1112E+04 1.29070805E-04 0.00000000E+00
2.1135E+04 1.27621180E-04 0.00000000E+00
2.1159E+04 1.26826331E-04 0.00000000E+00
2.1182E+04 1.25699606E-04 0.00000000E+00
2.1206E+04 1.24063644E-04 0.00000000E+00
2.1229E+04 1.22967901E-04 0.00000000E+00
2.1253E+04 1.22159124E-04 0.00000000E+00
2.1276E+04 1.20703153E-04 0.00000000E+00
2.1300E+04 1.19233422E-04 0.00000000E+00
2.1324E+04 1.18415296E-04 0.00000000E+00
2.1347E+04 1.17350290E-04 0.00000000E+00
2.1371E+04 1.15748852E-04 0.00000000E+00
2.1394E+04 1.14618782E-04 0.00000000E+00
2.1418E+04 1.13833973E-04 0.00000000E+00
2.1441E+04 1.12450072E-04 0.00000000E+00
2.1465E+04 1.10979537E-04 0.00000000E+00
2.1488E+04 1.10146422E-04 0.00000000E+00
2.1512E+04 1.09147557E-04 0.00000000E+00
2.1536E+04 1.07597310E-04 0.00000000E+00
2.1559E+04 1.06448456E-04 0.00000000E+00
2.1583E+04 1.05691438E-04 0.00000000E+00
2.1606E+04 1.04389012E-04 0.00000000E+00
2.1630E+04 1.02936266E-04 0.00000000E+00
2.1653E+04 1.02097522E-04 0.00000000E+00
2.1677E+04 1.01168606E-04 0.00000000E+00
2.1701E+04 9.96844453E-05 0.00000000E+00
2.1724E+04 9.85326412E-05 0.00000000E+00
2.1748E+04 9.78078245E-05 0.00000000E+00
2.1771E+04 9.65946642E-05 0.00000000E+00
2.1795E+04 9.51771925E-05 0.00000000E+00
2.1818E+04 9.43429999E-05 0.00000000E+00
2.1842E+04 9.34873727E-05 0.00000000E+00
2.1865E+04 9.20822726E-05 0.00000000E+00
2.1889E+04 9.09432137E-05 0.00000000E+00
2.1913E+04 9.02555788E-05 0.00000000E+00
2.1936E+04 8.91379702E-05 0.00000000E+00
2.1960E+04 8.77718133E-05 0.00000000E+00
2.1983E+04 8.69528916E-05 0.00000000E+00
2.2007E+04 8.61735769E-05 0.00000000E+00
2.2030E+04 8.48585351E-05 0.00000000E+00
2.2054E+04 8.37473868E-05 0.00000000E+00
2.2078E+04 8.31024335E-05 0.00000000E+00
2.2101E+04 8.20853330E-05 0.00000000E+00
2.2125E+04 8.07848508E-05 0.00000000E+00
2.2148E+04 7.99921688E-05 0.00000000E+00
2.2172E+04 7.92920254E-05 0.00000000E+00
2.2195E+04 7.80761190E-05 0.00000000E+00
2.2219E+04 7.70071875E-05 0.00000000E+00
2.2242E+04 7.64108603E-05 0.00000000E+00
2.2266E+04 7.54981133E-05 0.00000000E+00
2.2290E+04 7.42758582E-05 0.00000000E+00
2.2313E+04 7.35203588E-05 0.00000000E+00
2.2337E+04 7.29022115E-05 0.00000000E+00
2.2360E+04 7.17927277E-05 0.00000000E+00
2.2384E+04 7.07791999E-05 0.00000000E+00
2.2407E+04 7.02377800E-05 0.00000000E+00
2.2431E+04 6.94323445E-05 0.00000000E+00
2.2455E+04 6.82990109E-05 0.00000000E+00
2.2478E+04 6.75913412E-05 0.00000000E+00
2.2502E+04 6.70580617E-05 0.00000000E+00
2.2525E+04 6.60606589E-05 0.00000000E+00
2.2549E+04 6.51143850E-05 0.00000000E+00
2.2572E+04 6.46343355E-05 0.00000000E+00
2.2596E+04 6.39384677E-05 0.00000000E+00
2.2619E+04 6.29028800E-05 0.00000000E+00
2.2643E+04 6.22531135E-05 0.00000000E+00
2.2667E+04 6.18076327E-05 0.00000000E+00
2.2690E+04 6.09264939E-05 0.00000000E+00
2.2714E+04 6.00577925E-05 0.00000000E+00
2.2737E+04 5.96455519E-05 0.00000000E+00
2.2761E+04 5.90609411E-05 0.00000000E+00
2.2784E+04 5.81300589E-05 0.00000000E+00
2.2808E+04 5.75474082E-05 0.00000000E+00
2.2832E+04 5.71926639E-05 0.00000000E+00
2.2855E+04 5.64306364E-05 0.00000000E+00
2.2879E+04 5.56481224E-05 0.00000000E+00
2.2902E+04 5.53098588E-05 0.00000000E+00
2.2926E+04 5.48377149E-05 0.00000000E+00
2.2949E+04 5.40166625E-05 0.00000000E+00
2.2973E+04 5.35091974E-05 0.00000000E+00
2.2996E+04 5.32480297E-05 0.00000000E+00
2.3020E+04 5.26067608E-05 0.00000000E+00
2.3044E+04 5.19172125E-05 0.00000000E+00
2.3067E+04 5.16585574E-05 0.00000000E+00
2.3091E+04 5.12996651E-05 0.00000000E+00
2.3114E+04 5.05917972E-05 0.00000000E+00
2.3138E+04 5.01661927E-05 0.00000000E+00
2.3161E+04 5.00012073E-05 0.00000000E+00
2.3185E+04 4.94812851E-05 0.00000000E+00
2.3209E+04 4.88895705E-05 0.00000000E+00
2.3232E+04 4.87153588E-05 0.00000000E+00
2.3256E+04 4.84701118E-05 0.00000000E+00
2.3279E+04 4.78771301E-05 0.00000000E+00
2.3303E+04 4.75384683E-05 0.00000000E+00
2.3326E+04 4.74718889E-05 0.00000000E+00
2.3350E+04 4.70730005E-05 0.00000000E+00
2.3373E+04 4.65820813E-05 0.00000000E+00
2.3397E+04 4.64961235E-05 0.00000000E+00
2.3421E+04 4.63645520E-05 0.00000000E+00
2.3444E+04 4.58866808E-05 0.00000000E+00
2.3468E+04 4.56383308E-05 0.00000000E+00
2.3491E+04 4.56718575E-05 0.00000000E+00
2.3515E+04 4.53929656E-05 0.00000000E+00
2.3538E+04 4.50039887E-05 0.00000000E+00
2.3562E+04 4.50088910E-05 0.00000000E+00
2.3586E+04 4.49906829E-05 0.00000000E+00
2.3609E+04 4.46268974E-05 0.00000000E+00
2.3633E+04 4.44704764E-05 0.00000000E+00
2.3656E+04 4.46051525E-05 0.00000000E+00
2.3680E+04 4.44446727E-05 0.00000000E+00
2.3703E+04 4.41571333E-05 0.00000000E+00
2.3727E+04 4.42541633E-05 0.00000000E+00
2.3750E+04 4.43486610E-05 0.00000000E+00
2.3774E+04 4.40969353E-05 0.00000000E+00
2.3798E+04 4.40323343E-05 0.00000000E+00
2.3821E+04 4.42684061E-05 0.00000000E+00
2.3845E+04 4.42243501E-05 0.00000000E+00
2.3868E+04 4.40362923E-05 0.00000000E+00
2.3892E+04 4.42252740E-05 0.00000000E+00
2.3915E+04 4.44314233E-05 0.00000000E+00
2.3939E+04 4.42889577E-05 0.00000000E+00
2.3962E+04 4.43144074E-05 0.00000000E+00
2.3986E+04 4.46511670E-05 0.00000000E+00
2.4010E+04 4.47212237E-05 0.00000000E+00
2.4033E+04 4.46294475E-05 0.00000000E+00
2.4057E+04 4.49086783E-05 0.00000000E+00
2.4080E+04 4.52249214E-05 0.00000000E+00
2.4104E+04 4.51883282E-05 0.00000000E+00
2.4127E+04 4.53004906E-05 0.00000000E+00
2.4151E+04 4.57361084E-05 0.00000000E+00
2.4175E+04 4.59176604E-05 0.00000000E+00
2.4198E+04 4.59179234E-05 0.00000000E+00
2.4222E+04 4.62841186E-05 0.00000000E+00
2.4245E+04 4.67082489E-05 0.00000000E+00
2.4269E+04 4.67736916E-05 0.00000000E+00
2.4292E+04 4.69677828E-05 0.00000000E+00
2.4316E+04 4.74991498E-05 0.00000000E+00
2.4339E+04 4.77892387E-05 0.00000000E+00
2.4363E+04 4.78764533E-05 0.00000000E+00
2.4387E+04 4.83247366E-05 0.00000000E+00
2.4410E+04 4.88537365E-05 0.00000000E+00
2.4434E+04 4.90170352E-05 0.00000000E+00
2.4457E+04 4.92869838E-05 0.00000000E+00
2.4481E+04 4.99095909E-05 0.00000000E+00
2.4504E+04 5.03048516E-05 0.00000000E+00
2.4528E+04 5.04732840E-05 0.00000000E+00
2.4552E+04 5.09972381E-05 0.00000000E+00
2.4575E+04 5.16271308E-05 0.00000000E+00
2.4599E+04 5.18838431E-05 0.00000000E+00
2.4622E+04 5.22224940E-05 0.00000000E+00
2.4646E+04 5.29303698E-05 0.00000000E+00
2.4669E+04 5.34269580E-05 0.00000000E+00
2.4693E+04 5.36704337E-05 0.00000000E+00
2.4716E+04 5.42622248E-05 0.00000000E+00
2.4740E+04 5.49879640E-05 0.00000000E+00
2.4764E+04 5.53334565E-05 0.00000000E+00
2.4787E+04 5.57328190E-05 0.00000000E+00
2.4811E+04 5.65185450E-05 0.00000000E+00
2.4834E+04 5.71120765E-05 0.00000000E+00
2.4858E+04 5.74241923E-05 0.00000000E+00
2.4881E+04 5.80747664E-05 0.00000000E+00
2.4905E+04 5.88901799E-05 0.00000000E+00
2.4929E+04 5.93196936E-05 0.00000000E+00
2.4952E+04 5.97712213E-05 0.00000000E+00
2.4976E+04 6.06260184E-05 0.00000000E+00
2.4999E+04 6.13115237E-05 0.00000000E+00
2.5023E+04 6.16858518E-05 0.00000000E+00
2.5046E+04 6.23851789E-05 0.00000000E+00
2.5070E+04 6.32829539E-05 0.00000000E+00
2.5093E+04 6.37916510E-05 0.00000000E+00
2.5117E+04 6.42865241E-05 0.00000000E+00
2.5141E+04 6.52003817E-05 0.00000000E+00
2.5164E+04 6.59722593E-05 0.00000000E+00
2.5188E+04 6.64025173E-05 0.00000000E+00
2.5211E+04 6.71398495E-05 0.00000000E+00
2.5235E+04 6.81115339E-05 0.00000000E+00
2.5258E+04 6.86945053E-05 0.00000000E+00
2.5282E+04 6.92238849E-05 0.00000000E+00
2.5306E+04 7.01857060E-05 0.00000000E+00
2.5329E+04 7.10376529E-05 0.00000000E+00
2.5353E+04 7.15178196E-05 0.00000000E+00
2.5376E+04 7.22819406E-05 0.00000000E+00
2.5400E+04 7.33179460E-05 0.00000000E+00
2.5423E+04 7.39701667E-05 0.00000000E+00
2.5447E+04 7.45254085E-05 0.00000000E+00
2.5470E+04 7.55231618E-05 0.00000000E+00
2.5494E+04 7.64480830E-05 0.00000000E+00
2.5518E+04 7.69724563E-05 0.00000000E+00
2.5541E+04 7.77519204E-05 0.00000000E+00
2.5565E+04 7.88415345E-05 0.00000000E+00
2.5588E+04 7.95577760E-05 0.00000000E+00
2.5612E+04 8.01306054E-05 0.00000000E+00
2.5635E+04 8.11514971E-05 0.00000000E+00
2.5659E+04 8.21414087E-05 0.00000000E+00
2.5683E+04 8.27046151E-05 0.00000000E+00
2.5706E+04 8.34879848E-05 0.00000000E+00
2.5730E+04 8.46194140E-05 0.00000000E+00
2.5753E+04 8.53941315E-05 0.00000000E+00
2.5777E+04 8.59767894E-05 0.00000000E+00
2.5800E+04 8.70074675E-05 0.00000000E+00
2.5824E+04 8.80534217E-05 0.00000000E+00
2.5847E+04 8.86503906E-05 0.00000000E+00
2.5871E+04 8.94264808E-05 0.00000000E+00
2.5895E+04 9.05869453E-05 0.00000000E+00
2.5918E+04 9.14141628E-05 0.00000000E+00
2.5942E+04 9.19995279E-05 0.00000000E+00
2.5965E+04 9.30263349E-05 0.00000000E+00
2.5989E+04 9.41183898E-05 0.00000000E+00
2.6012E+04 9.47443094E-05 0.00000000E+00
2.6036E+04 9.55024414E-05 0.00000000E+00
2.6060E+04 9.66783421E-05 0.00000000E+00
2.6083E+04 9.75515608E-05 0.00000000E+00
2.6107E+04 9.81332536E-05 0.00000000E+00
2.6130E+04 9.91425277E-05 0.00000000E+00
2.6154E+04 1.00269789E-04 0.00000000E+00
2.6177E+04 1.00920056E-04 0.00000000E+00
2.6201E+04 1.01650314E-04 0.00000000E+00
2.6224E+04 1.02827475E-04 0.00000000E+00
2.6248E+04 1.03739623E-04 0.00000000E+00
2.6272E+04 1.04312086E-04 0.00000000E+00
2.6295E+04 1.05290494E-04 0.00000000E+00
2.6319E+04 1.06441229E-04 0.00000000E+00
2.6342E+04 1.07111397E-04 0.00000000E+00
2.6366E+04 1.07804860E-04 0.00000000E+00
2.6389E+04 1.08968823E-04 0.00000000E+00
2.6413E+04 1.09912243E-04 0.00000000E+00
2.6437E+04 1.10470784E-04 0.00000000E+00
2.6460E+04 1.11405643E-04 0.00000000E+00
2.6484E+04 1.12567441E-04 0.00000000E+00
2.6507E+04 1.13253159E-04 0.00000000E+00
2.6531E+04 1.13902077E-04 0.00000000E+00
2.6554E+04 1.15038398E-04 0.00000000E+00
2.6578E+04 1.16004860E-04 0.00000000E+00
2.6601E+04 1.16545634E-04 0.00000000E+00
2.6625E+04 1.17425184E-04 0.00000000E+00
2.6649E+04 1.18585130E-04 0.00000000E+00
2.6672E+04 1.19282060E-04 0.00000000E+00
2.6696E+04 1.19879951E-04 0.00000000E+00
2.6719E+04 1.20974472E-04 0.00000000E+00
2.6743E+04 1.21955179E-04 0.00000000E+00
2.6766E+04 1.22475126E-04 0.00000000E+00
2.6790E+04 1.23288730E-04 0.00000000E+00
2.6813E+04 1.24433570E-04 0.00000000E+00
2.6837E+04 1.25137285E-04 0.00000000E+00
2.6861E+04 1.25678971E-04 0.00000000E+00
2.6884E+04 1.26718052E-04 0.00000000E+00
2.6908E+04 1.27703654E-04 0.00000000E+00
2.6931E+04 1.28200384E-04 0.00000000E+00
2.6955E+04 1.28938688E-04 0.00000000E+00
2.6978E+04 1.30054988E-04 0.00000000E+00
2.7002E+04 1.30760861E-04 0.00000000E+00
2.7026E+04 1.31242454E-04 0.00000000E+00
2.7049E+04 1.32213187E-04 0.00000000E+00
2.7073E+04 1.33193802E-04 0.00000000E+00
2.7096E+04 1.33665471E-04 0.00000000E+00
2.7120E+04 1.34320523E-04 0.00000000E+00
2.7143E+04 1.35394840E-04 0.00000000E+00
2.7167E+04 1.36097948E-04 0.00000000E+00
2.7190E+04 1.36516811E-04 0.00000000E+00
2.7214E+04 1.37407232E-04 0.00000000E+00
2.7238E+04 1.38372501E-04 0.00000000E+00
2.7261E+04 1.38817675E-04 0.00000000E+00
2.7285E+04 1.39383031E-04 0.00000000E+00
2.7308E+04 1.40402122E-04 0.00000000E+00
2.7332E+04 1.41097171E-04 0.00000000E+00
2.7355E+04 1.41451862E-04 0.00000000E+00
2.7379E+04 1.42251182E-04 0.00000000E+00
2.7403E+04 1.43190372E-04 0.00000000E+00
2.7426E+04 1.43607903E-04 0.00000000E+00
2.7450E+04 1.44078730E-04 0.00000000E+00
2.7473E+04 1.45029803E-04 0.00000000E+00
2.7497E+04 1.45711099E-04 0.00000000E+00
2.7520E+04 1.46001313E-04 0.00000000E+00
2.7544E+04 1.46700158E-04 0.00000000E+00
2.7567E+04 1.47602331E-04 0.00000000E+00
2.7591E+04 1.47991251E-04 0.00000000E+00
2.7615E+04 1.48364411E-04 0.00000000E+00
2.7638E+04 1.49235420E-04 0.00000000E+00
2.7662E+04 1.49896902E-04 0.00000000E+00
2.7685E+04 1.50123385E-04 0.00000000E+00
2.7709E+04 1.50714034E-04 0.00000000E+00
2.7732E+04 1.51568274E-04 0.00000000E+00
2.7756E+04 1.51927703E-04 0.00000000E+00
2.7780E+04 1.52201791E-04 0.00000000E+00
2.7803E+04 1.52981744E-04 0.00000000E+00
2.7827E+04 1.53617048E-04 0.00000000E+00
2.7850E+04 1.53781480E-04 0.00000000E+00
2.7874E+04 1.54258050E-04 0.00000000E+00
2.7897E+04 1.55053710E-04 0.00000000E+00
2.7921E+04 1.55382772E-04 0.00000000E+00
2.7944E+04 1.55558071E-04 0.00000000E+00
2.7968E+04 1.56237294E-04 0.00000000E+00
2.7992E+04 1.56839847E-04 0.00000000E+00
2.8015E+04 1.56944684E-04 0.00000000E+00
2.8039E+04 1.57303214E-04 0.00000000E+00
2.8062E+04 1.58030151E-04 0.00000000E+00
2.8086E+04 1.58327884E-04 0.00000000E+00
2.8109E+04 1.58406248E-04 0.00000000E+00
2.8133E+04 1.58976575E-04 0.00000000E+00
2.8157E+04 1.59539688E-04 0.00000000E+00
2.8180E+04 1.59587966E-04 0.00000000E+00
2.8204E+04 1.59826420E-04 0.00000000E+00
2.8227E+04 1.60475186E-04 0.00000000E+00
2.8251E+04 1.60740466E-04 0.00000000E+00
2.8274E+04 1.60725142E-04 0.00000000E+00
2.8298E+04 1.61180035E-04 0.00000000E+00
2.8321E+04 1.61696996E-04 0.00000000E+00
2.8345E+04 1.61692139E-04 0.00000000E+00
2.8369E+04 1.61810336E-04 0.00000000E+00
2.8392E+04 1.62372344E-04 0.00000000E+00
2.8416E+04 1.62603827E-04 0.00000000E+00
2.8439E+04 1.62499250E-04 0.00000000E+00
2.8463E+04 1.62833867E-04 0.00000000E+00
2.8486E+04 1.63298046E-04 0.00000000E+00
2.8510E+04 1.63243679E-04 0.00000000E+00
2.8534E+04 1.63243201E-04 0.00000000E+00
2.8557E+04 1.63710870E-04 0.00000000E+00
2.8581E+04 1.63906956E-04 0.00000000E+00
2.8604E+04 1.63718555E-04 0.00000000E+00
2.8628E+04 1.63929800E-04 0.00000000E+00
2.8651E+04 1.64334761E-04 0.00000000E+00
2.8675E+04 1.64234571E-04 0.00000000E+00
2.8698E+04 1.64118653E-04 0.00000000E+00
2.8722E+04 1.64485552E-04 0.00000000E+00
2.8746E+04 1.64644401E-04 0.00000000E+00
2.8769E+04 1.64378419E-04 0.00000000E+00
2.8793E+04 1.64464983E-04 0.00000000E+00
2.8816E+04 1.64804633E-04 0.00000000E+00
2.8840E+04 1.64662257E-04 0.00000000E+00
2.8863E+04 1.64435690E-04 0.00000000E+00
2.8887E+04 1.64696704E-04 0.00000000E+00
2.8911E+04 1.64816284E-04 0.00000000E+00
2.8934E+04 1.64479625E-04 0.00000000E+00
2.8958E+04 1.64442034E-04 0.00000000E+00
2.8981E+04 1.64710807E-04 0.00000000E+00
2.9005E+04 1.64529761E-04 0.00000000E+00
2.9028E+04 1.64198792E-04 0.00000000E+00
2.9052E+04 1.64350295E-04 0.00000000E+00
2.9075E+04 1.64428481E-04 0.00000000E+00
2.9099E+04 1.64028557E-04 0.00000000E+00
2.9123E+04 1.63869199E-04 0.00000000E+00
2.9146E+04 1.64062261E-04 0.00000000E+00
2.9170E+04 1.63845889E-04 0.00000000E+00
2.9193E+04 1.63418088E-04 0.00000000E+00
2.9217E+04 1.63458092E-04 0.00000000E+00
2.9240E+04 1.63492781E-04 0.00000000E+00
2.9264E+04 1.63037343E-04 0.00000000E+00
2.9287E+04 1.62760440E-04 0.00000000E+00
2.9311E+04 1.62873879E-04 0.00000000E+00
2.9335E+04 1.62625309E-04 0.00000000E+00
2.9358E+04 1.62109372E-04 0.00000000E+00
2.9382E+04 1.62037618E-04 0.00000000E+00
2.9405E+04 1.62026847E-04 0.00000000E+00
2.9429E+04 1.61523797E-04 0.00000000E+00
2.9452E+04 1.61135275E-04 0.00000000E+00
2.9476E+04 1.61166252E-04 0.00000000E+00
2.9500E+04 1.60888359E-04 0.00000000E+00
2.9523E+04 1.60293860E-04 0.00000000E+00
2.9547E+04 1.60111813E-04 0.00000000E+00
2.9570E+04 1.60053868E-04 0.00000000E+00
2.9594E+04 1.59511059E-04 0.00000000E+00
2.9617E+04 1.59018355E-04 0.00000000E+00
2.9641E+04 1.58965194E-04 0.00000000E+00
2.9664E+04 1.58660579E-04 0.00000000E+00
2.9688E+04 1.57997687E-04 0.00000000E+00
2.9712E+04 1.57708469E-04 0.00000000E+00
2.9735E+04 1.57601976E-04 0.00000000E+00
2.9759E+04 1.57027039E-04 0.00000000E+00
2.9782E+04 1.56438858E-04 0.00000000E+00
2.9806E+04 1.56301092E-04 0.00000000E+00
2.9829E+04 1.55972080E-04 0.00000000E+00
2.9853E+04 1.55251303E-04 0.00000000E+00
2.9877E+04 1.54859567E-04 0.00000000E+00
2.9900E+04 1.54703579E-04 0.00000000E+00
2.9924E+04 1.54103795E-04 0.00000000E+00
2.9947E+04 1.53429860E-04 0.00000000E+00
2.9971E+04 1.53208242E-04 0.00000000E+00
2.9994E+04 1.52856918E-04 0.00000000E+00
3.0018E+04 1.52088874E-04 0.00000000E+00
3.0041E+04 1.51600662E-04 0.00000000E+00
3.0065E+04 1.51394745E-04 0.00000000E+00
3.0089E+04 1.50776966E-04 0.00000000E+00
3.0112E+04 1.50027794E-04 0.00000000E+00
3.0136E+04 1.49724297E-04 0.00000000E+00
3.0159E+04 1.49352567E-04 0.00000000E+00
3.0183E+04 1.48547810E-04 0.00000000E+00
3.0206E+04 1.47970427E-04 0.00000000E+00
3.0230E+04 1.47714752E-04 0.00000000E+00
3.0254E+04 1.47085373E-04 0.00000000E+00
3.0277E+04 1.46272081E-04 0.00000000E+00
3.0301E+04 1.45889897E-04 0.00000000E+00
3.0324E+04 1.45499582E-04 0.00000000E+00
3.0348E+04 1.44668483E-04 0.00000000E+00
3.0371E+04 1.44010374E-04 0.00000000E+00
3.0395E+04 1.43705811E-04 0.00000000E+00
3.0418E+04 1.43070778E-04 0.00000000E+00
3.0442E+04 1.42204928E-04 0.00000000E+00
3.0466E+04 1.41748470E-04 0.00000000E+00
3.0489E+04 1.41341406E-04 0.00000000E+00
3.0513E+04 1.40494047E-04 0.00000000E+00
3.0536E+04 1.39764676E-04 0.00000000E+00
3.0560E+04 1.39412887E-04 0.00000000E+00
3.0583E+04 1.38777719E-04 0.00000000E+00
3.0607E+04 1.37871138E-04 0.00000000E+00
3.0631E+04 1.37346009E-04 0.00000000E+00
3.0654E+04 1.36924146E-04 0.00000000E+00
3.0678E+04 1.36070215E-04 0.00000000E+00
3.0701E+04 1.35279904E-04 0.00000000E+00
3.0725E+04 1.34883399E-04 0.00000000E+00
3.0748E+04 1.34253192E-04 0.00000000E+00
3.0772E+04 1.33317775E-04 0.00000000E+00
3.0795E+04 1.32730683E-04 0.00000000E+00
3.0819E+04 1.32296158E-04 0.00000000E+00
3.0843E+04 1.31444825E-04 0.00000000E+00
3.0866E+04 1.30604539E-04 0.00000000E+00
3.0890E+04 1.30166678E-04 0.00000000E+00
3.0913E+04 1.29546115E-04 0.00000000E+00
3.0937E+04 1.28593596E-04 0.00000000E+00
3.0960E+04 1.27952209E-04 0.00000000E+00
3.0984E+04 1.27507391E-04 0.00000000E+00
3.1008E+04 1.26667197E-04 0.00000000E+00
3.1031E+04 1.25788286E-04 0.00000000E+00
3.1055E+04 1.25313235E-04 0.00000000E+00
3.1078E+04 1.24706600E-04 0.00000000E+00
3.1102E+04 1.23748324E-04 0.00000000E+00
3.1125E+04 1.23061074E-04 0.00000000E+00
3.1149E+04 1.22608595E-04 0.00000000E+00
3.1172E+04 1.21787364E-04 0.00000000E+00
3.1196E+04 1.20881300E-04 0.00000000E+00
3.1220E+04 1.20373953E-04 0.00000000E+00
3.1243E+04 1.19785151E-04 0.00000000E+00
3.1267E+04 1.18831891E-04 0.00000000E+00
3.1290E+04 1.18107760E-04 0.00000000E+00
3.1314E+04 1.17650530E-04 0.00000000E+00
3.1337E+04 1.16855330E-04 0.00000000E+00
3.1361E+04 1.15933471E-04 0.00000000E+00
3.1385E+04 1.15399338E-04 0.00000000E+00
3.1408E+04 1.14831956E-04 0.00000000E+00
3.1432E+04 1.13893776E-04 0.00000000E+00
3.1455E+04 1.13142092E-04 0.00000000E+00
3.1479E+04 1.12683306E-04 0.00000000E+00
3.1502E+04 1.11920459E-04 0.00000000E+00
3.1526E+04 1.10993853E-04 0.00000000E+00
3.1549E+04 1.10438963E-04 0.00000000E+00
3.1573E+04 1.09896332E-04 0.00000000E+00
3.1597E+04 1.08982521E-04 0.00000000E+00
3.1620E+04 1.08212775E-04 0.00000000E+00
3.1644E+04 1.07755926E-04 0.00000000E+00
3.1667E+04 1.07031063E-04 0.00000000E+00
3.1691E+04 1.06110318E-04 0.00000000E+00
3.1714E+04 1.05541115E-04 0.00000000E+00
3.1738E+04 1.05026387E-04 0.00000000E+00
3.1762E+04 1.04145441E-04 0.00000000E+00
3.1785E+04 1.03367151E-04 0.00000000E+00
3.1809E+04 1.02916024E-04 0.00000000E+00
3.1832E+04 1.02234155E-04 0.00000000E+00
3.1856E+04 1.01329345E-04 0.00000000E+00
3.1879E+04 1.00752593E-04 0.00000000E+00
3.1903E+04 1.00268811E-04 0.00000000E+00
3.1926E+04 9.94284355E-05 0.00000000E+00
3.1950E+04 9.86510110E-05 0.00000000E+00
3.1974E+04 9.82096681E-05 0.00000000E+00
3.1997E+04 9.75752429E-05 0.00000000E+00
3.2021E+04 9.66958225E-05 0.00000000E+00
3.2044E+04 9.61184949E-05 0.00000000E+00
3.2068E+04 9.56686216E-05 0.00000000E+00
3.2091E+04 9.48757280E-05 0.00000000E+00
3.2115E+04 9.41083273E-05 0.00000000E+00
3.2138E+04 9.36810503E-05 0.00000000E+00
3.2162E+04 9.30979942E-05 0.00000000E+00
3.2186E+04 9.22527020E-05 0.00000000E+00
3.2209E+04 9.16818407E-05 0.00000000E+00
3.2233E+04 9.12687618E-05 0.00000000E+00
3.2256E+04 9.05294402E-05 0.00000000E+00
3.2280E+04 8.97808126E-05 0.00000000E+00
3.2303E+04 8.93720141E-05 0.00000000E+00
3.2327E+04 8.88437390E-05 0.00000000E+00
3.2351E+04 8.80404920E-05 0.00000000E+00
3.2374E+04 8.74830432E-05 0.00000000E+00
3.2398E+04 8.71095391E-05 0.00000000E+00
3.2421E+04 8.64290359E-05 0.00000000E+00
3.2445E+04 8.57073548E-05 0.00000000E+00
3.2468E+04 8.53214658E-05 0.00000000E+00
3.2492E+04 8.48508791E-05 0.00000000E+00
3.2515E+04 8.40966818E-05 0.00000000E+00
3.2539E+04 8.35593237E-05 0.00000000E+00
3.2563E+04 8.32280319E-05 0.00000000E+00
3.2586E+04 8.26107445E-05 0.00000000E+00
3.2610E+04 8.19234604E-05 0.00000000E+00
3.2633E+04 8.15648089E-05 0.00000000E+00
3.2657E+04 8.11543312E-05 0.00000000E+00
3.2680E+04 8.04552202E-05 0.00000000E+00
3.2704E+04 7.99442048E-05 0.00000000E+00
3.2728E+04 7.96575808E-05 0.00000000E+00
3.2751E+04 7.91070848E-05 0.00000000E+00
3.2775E+04 7.84608170E-05 0.00000000E+00
3.2798E+04 7.81335148E-05 0.00000000E+00
3.2822E+04 7.77851125E-05 0.00000000E+00
3.2845E+04 7.71461507E-05 0.00000000E+00
3.2869E+04 7.66671763E-05 0.00000000E+00
3.2892E+04 7.64274614E-05 0.00000000E+00
3.2916E+04 7.59465742E-05 0.00000000E+00
3.2940E+04 7.53470552E-05 0.00000000E+00
3.2963E+04 7.50549016E-05 0.00000000E+00
3.2987E+04 7.47701340E-05 0.00000000E+00
3.3010E+04 7.41954554E-05 0.00000000E+00
3.3034E+04 7.37535809E-05 0.00000000E+00
3.3057E+04 7.35627742E-05 0.00000000E+00
3.3081E+04 7.31536437E-05 0.00000000E+00
3.3105E+04 7.26057162E-05 0.00000000E+00
3.3128E+04 7.23521202E-05 0.00000000E+00
3.3152E+04 7.21321853E-05 0.00000000E+00
3.3175E+04 7.16250734E-05 0.00000000E+00
3.3199E+04 7.12246676E-05 0.00000000E+00
3.3222E+04 7.10844933E-05 0.00000000E+00
3.3246E+04 7.07486856E-05 0.00000000E+00
3.3269E+04 7.02563304E-05 0.00000000E+00
3.3293E+04 7.00442418E-05 0.00000000E+00
3.3317E+04 6.98899985E-05 0.00000000E+00
3.3340E+04 6.94529676E-05 0.00000000E+00
3.3364E+04 6.90976764E-05 0.00000000E+00
3.3387E+04 6.90095307E-05 0.00000000E+00
3.3411E+04 6.87480897E-05 0.00000000E+00
3.3434E+04 6.83144572E-05 0.00000000E+00
3.3458E+04 6.81462936E-05 0.00000000E+00
3.3482E+04 6.80582472E-05 0.00000000E+00
3.3505E+04 6.76931002E-05 0.00000000E+00
3.3529E+04 6.73858151E-05 0.00000000E+00
3.3552E+04 6.73506902E-05 0.00000000E+00
3.3576E+04 6.71641583E-05 0.00000000E+00
3.3599E+04 6.67915898E-05 0.00000000E+00
3.3623E+04 6.66691585E-05 0.00000000E+00
3.3646E+04 6.66474135E-05 0.00000000E+00
3.3670E+04 6.63552746E-05 0.00000000E+00
3.3694E+04 6.60981007E-05 0.00000000E+00
3.3717E+04 6.61164976E-05 0.00000000E+00
3.3741E+04 6.60049086E-05 0.00000000E+00
3.3764E+04 6.56949512E-05 0.00000000E+00
3.3788E+04 6.56193766E-05 0.00000000E+00
3.3811E+04 6.56635771E-05 0.00000000E+00
3.3835E+04 6.54449123E-05 0.00000000E+00
3.3859E+04 6.52391481E-05 0.00000000E+00
3.3882E+04 6.53109958E-05 0.00000000E+00
3.3906E+04 6.52738608E-05 0.00000000E+00
3.3929E+04 6.50272900E-05 0.00000000E+00
3.3953E+04 6.49989624E-05 0.00000000E+00
3.3976E+04 6.51082381E-05 0.00000000E+00
3.4000E+04 6.49628815E-05 0.00000000E+00
3.4023E+04 6.48090226E-05 0.00000000E+00
3.4047E+04 6.49336196E-05 0.00000000E+00
3.4071E+04 6.49699220E-05 0.00000000E+00
3.4094E+04 6.47867863E-05 0.00000000E+00
3.4118E+04 6.48053427E-05 0.00000000E+00
3.4141E+04 6.49782749E-05 0.00000000E+00
3.4165E+04 6.49054723E-05 0.00000000E+00
3.4188E+04 6.48032497E-05 0.00000000E+00
3.4212E+04 6.49792366E-05 0.00000000E+00
3.4236E+04 6.50874464E-05 0.00000000E+00
3.4259E+04 6.49671397E-05 0.00000000E+00
3.4283E+04 6.50314824E-05 0.00000000E+00
3.4306E+04 6.52660951E-05 0.00000000E+00
3.4330E+04 6.52645691E-05 0.00000000E+00
3.4353E+04 6.52130217E-05 0.00000000E+00
3.4377E+04 6.54383864E-05 0.00000000E+00
3.4400E+04 6.56164909E-05 0.00000000E+00
3.4424E+04 6.55578494E-05 0.00000000E+00
3.4448E+04 6.56661978E-05 0.00000000E+00
3.4471E+04 6.59599663E-05 0.00000000E+00
3.4495E+04 6.60279918E-05 0.00000000E+00
3.4518E+04 6.60255648E-05 0.00000000E+00
3.4542E+04 6.62976662E-05 0.00000000E+00
3.4565E+04 6.65432019E-05 0.00000000E+00
3.4589E+04 6.65446083E-05 0.00000000E+00
3.4612E+04 6.66945680E-05 0.00000000E+00
3.4636E+04 6.70444261E-05 0.00000000E+00
3.4660E+04 6.71798940E-05 0.00000000E+00
3.4683E+04 6.72245407E-05 0.00000000E+00
3.4707E+04 6.75401353E-05 0.00000000E+00
3.4730E+04 6.78501976E-05 0.00000000E+00
3.4754E+04 6.79096689E-05 0.00000000E+00
3.4777E+04 6.80983013E-05 0.00000000E+00
3.4801E+04 6.85006312E-05 0.00000000E+00
3.4825E+04 6.87010791E-05 0.00000000E+00
3.4848E+04 6.87903501E-05 0.00000000E+00
3.4872E+04 6.91456117E-05 0.00000000E+00
3.4895E+04 6.95168332E-05 0.00000000E+00
3.4919E+04 6.96320764E-05 0.00000000E+00
3.4942E+04 6.98559624E-05 0.00000000E+00
3.4966E+04 7.03065715E-05 0.00000000E+00
3.4989E+04 7.05691768E-05 0.00000000E+00
3.5013E+04 7.07002909E-05 0.00000000E+00
3.5037E+04 7.10908322E-05 0.00000000E+00
3.5060E+04 7.15193403E-05 0.00000000E+00
3.5084E+04 7.16877797E-05 0.00000000E+00
3.5107E+04 7.19430844E-05 0.00000000E+00
3.5131E+04 7.24371851E-05 0.00000000E+00
3.5154E+04 7.27587374E-05 0.00000000E+00
3.5178E+04 7.29286416E-05 0.00000000E+00
3.5202E+04 7.33495527E-05 0.00000000E+00
3.5225E+04 7.38309289E-05 0.00000000E+00
3.5249E+04 7.40497183E-05 0.00000000E+00
3.5272E+04 7.43322669E-05 0.00000000E+00
3.5296E+04 7.48644811E-05 0.00000000E+00
3.5319E+04 7.52413534E-05 0.00000000E+00
3.5343E+04 7.54467826E-05 0.00000000E+00
3.5366E+04 7.58926976E-05 0.00000000E+00
3.5390E+04 7.64219603E-05 0.00000000E+00
3.5414E+04 7.66879952E-05 0.00000000E+00
3.5437E+04 7.69933658E-05 0.00000000E+00
3.5461E+04 7.75577672E-05 0.00000000E+00
3.5484E+04 7.79859031E-05 0.00000000E+00
3.5508E+04 7.82234462E-05 0.00000000E+00
3.5531E+04 7.86886440E-05 0.00000000E+00
3.5555E+04 7.92602669E-05 0.00000000E+00
3.5579E+04 7.95702063E-05 0.00000000E+00
3.5602E+04 7.98938405E-05 0.00000000E+00
3.5626E+04 8.04840374E-05 0.00000000E+00
3.5649E+04 8.09589652E-05 0.00000000E+00
3.5673E+04 8.12251382E-05 0.00000000E+00
3.5696E+04 8.17036699E-05 0.00000000E+00
3.5720E+04 8.23116373E-05 0.00000000E+00
3.5743E+04 8.26619393E-05 0.00000000E+00
3.5767E+04 8.29992612E-05 0.00000000E+00
3.5791E+04 8.36085095E-05 0.00000000E+00
3.5814E+04 8.41253787E-05 0.00000000E+00
3.5838E+04 8.44166997E-05 0.00000000E+00
3.5861E+04 8.49025254E-05 0.00000000E+00
3.5885E+04 8.55404102E-05 0.00000000E+00
3.5908E+04 8.59273708E-05 0.00000000E+00
3.5932E+04 8.62738980E-05 0.00000000E+00
3.5956E+04 8.68952202E-05 0.00000000E+00
3.5979E+04 8.74488438E-05 0.00000000E+00
3.6003E+04 8.77618935E-05 0.00000000E+00
3.6026E+04 8.82490061E-05 0.00000000E+00
3.6050E+04 8.89100436E-05 0.00000000E+00
3.6073E+04 8.93298224E-05 0.00000000E+00
3.6097E+04 8.96812530E-05 0.00000000E+00
3.6120E+04 9.03075399E-05 0.00000000E+00
3.6144E+04 9.08924208E-05 0.00000000E+00
3.6168E+04 9.12238764E-05 0.00000000E+00
3.6191E+04 9.17063990E-05 0.00000000E+00
3.6215E+04 9.23835416E-05 0.00000000E+00
3.6238E+04 9.28321605E-05 0.00000000E+00
3.6262E+04 9.31844304E-05 0.00000000E+00
3.6285E+04 9.38085217E-05 0.00000000E+00
3.6309E+04 9.44188557E-05 0.00000000E+00
3.6333E+04 9.47654952E-05 0.00000000E+00
3.6356E+04 9.52377579E-05 0.00000000E+00
3.6380E+04 9.59237134E-05 0.00000000E+00
3.6403E+04 9.63970325E-05 0.00000000E+00
3.6427E+04 9.67463507E-05 0.00000000E+00
3.6450E+04 9.73611083E-05 0.00000000E+00
3.6474E+04 9.79907769E-05 0.00000000E+00
3.6497E+04 9.83494643E-05 0.00000000E+00
3.6521E+04 9.88060739E-05 0.00000000E+00
3.6545E+04 9.94933507E-05 0.00000000E+00
3.6568E+04 9.99870343E-05 0.00000000E+00
3.6592E+04 1.00329910E-04 0.00000000E+00
3.6615E+04 1.00928303E-04 0.00000000E+00
3.6639E+04 1.01570877E-04 0.00000000E+00
3.6662E+04 1.01938540E-04 0.00000000E+00
3.6686E+04 1.02374457E-04 0.00000000E+00
3.6710E+04 1.03055434E-04 0.00000000E+00
3.6733E+04 1.03564927E-04 0.00000000E+00
3.6757E+04 1.03898192E-04 0.00000000E+00
3.6780E+04 1.04473407E-04 0.00000000E+00
3.6804E+04 1.05122181E-04 0.00000000E+00
3.6827E+04 1.05495792E-04 0.00000000E+00
3.6851E+04 1.05906418E-04 0.00000000E+00
3.6874E+04 1.06573449E-04 0.00000000E+00
3.6898E+04 1.07093976E-04 0.00000000E+00
3.6922E+04 1.07414815E-04 0.00000000E+00
3.6945E+04 1.07960386E-04 0.00000000E+00
3.6969E+04 1.08608448E-04 0.00000000E+00
3.6992E+04 1.08985019E-04 0.00000000E+00
3.7016E+04 1.09366285E-04 0.00000000E+00
3.7039E+04 1.10011841E-04 0.00000000E+00
3.7063E+04 1.10538436E-04 0.00000000E+00
3.7087E+04 1.10844407E-04 0.00000000E+00
3.7110E+04 1.11354360E-04 0.00000000E+00
3.7134E+04 1.11994700E-04 0.00000000E+00
3.7157E+04 1.12371287E-04 0.00000000E+00
3.7181E+04 1.12719732E-04 0.00000000E+00
3.7204E+04 1.13336558E-04 0.00000000E+00
3.7228E+04 1.13864115E-04 0.00000000E+00
3.7251E+04 1.14153162E-04 0.00000000E+00
3.7275E+04 1.14622143E-04 0.00000000E+00
3.7299E+04 1.15247777E-04 0.00000000E+00
3.7322E+04 1.15621483E-04 0.00000000E+00
3.7346E+04 1.15934303E-04 0.00000000E+00
3.7369E+04 1.16515558E-04 0.00000000E+00
3.7393E+04 1.17038892E-04 0.00000000E+00
3.7416E+04 1.17309335E-04 0.00000000E+00
3.7440E+04 1.17732695E-04 0.00000000E+00
3.7463E+04 1.18336775E-04 0.00000000E+00
3.7487E+04 1.18704746E-04 0.00000000E+00
3.7511E+04 1.18979800E-04 0.00000000E+00
3.7534E+04 1.19519162E-04 0.00000000E+00
3.7558E+04 1.20033054E-04 0.00000000E+00
3.7581E+04 1.20283548E-04 0.00000000E+00
3.7605E+04 1.20657386E-04 0.00000000E+00
3.7628E+04 1.21233280E-04 0.00000000E+00
3.7652E+04 1.21592684E-04 0.00000000E+00
3.7676E+04 1.21828465E-04 0.00000000E+00
3.7699E+04 1.22320194E-04 0.00000000E+00
3.7723E+04 1.22819419E-04 0.00000000E+00
3.7746E+04 1.23048904E-04 0.00000000E+00
3.7770E+04 1.23370074E-04 0.00000000E+00
3.7793E+04 1.23911426E-04 0.00000000E+00
3.7817E+04 1.24259427E-04 0.00000000E+00
3.7840E+04 1.24455015E-04 0.00000000E+00
3.7864E+04 1.24894004E-04 0.00000000E+00
3.7888E+04 1.25373352E-04 0.00000000E+00
3.7911E+04 1.25580991E-04 0.00000000E+00
3.7935E+04 1.25847106E-04 0.00000000E+00
3.7958E+04 1.26347890E-04 0.00000000E+00
3.7982E+04 1.26681624E-04 0.00000000E+00
3.8005E+04 1.26836651E-04 0.00000000E+00
3.8029E+04 1.27218468E-04 0.00000000E+00
3.8053E+04 1.27672780E-04 0.00000000E+00
3.8076E+04 1.27857913E-04 0.00000000E+00
3.8100E+04 1.28067351E-04 0.00000000E+00
3.8123E+04 1.28521947E-04 0.00000000E+00
3.8147E+04 1.28838514E-04 0.00000000E+00
3.8170E+04 1.28953121E-04 0.00000000E+00
3.8194E+04 1.29274083E-04 0.00000000E+00
3.8217E+04 1.29698306E-04 0.00000000E+00
3.8241E+04 1.29860416E-04 0.00000000E+00
3.8265E+04 1.30012336E-04 0.00000000E+00
3.8288E+04 1.30415628E-04 0.00000000E+00
3.8312E+04 1.30712107E-04 0.00000000E+00
3.8335E+04 1.30786928E-04 0.00000000E+00
3.8359E+04 1.31044175E-04 0.00000000E+00
3.8382E+04 1.31433451E-04 0.00000000E+00
3.8406E+04 1.31572142E-04 0.00000000E+00
3.8430E+04 1.31666508E-04 0.00000000E+00
3.8453E+04 1.32014001E-04 0.00000000E+00
3.8477E+04 1.32287498E-04 0.00000000E+00
3.8500E+04 1.32323622E-04 0.00000000E+00
3.8524E+04 1.32515201E-04 0.00000000E+00
3.8547E+04 1.32864981E-04 0.00000000E+00
3.8571E+04 1.32979967E-04 0.00000000E+00
3.8594E+04 1.33017546E-04 0.00000000E+00
3.8618E+04 1.33305487E-04 0.00000000E+00
3.8642E+04 1.33553193E-04 0.00000000E+00
3.8665E+04 1.33552126E-04 0.00000000E+00
3.8689E+04 1.33677041E-04 0.00000000E+00
3.8712E+04 1.33983194E-04 0.00000000E+00
3.8736E+04 1.34074287E-04 0.00000000E+00
3.8759E+04 1.34056615E-04 0.00000000E+00
3.8783E+04 1.34282084E-04 0.00000000E+00
3.8807E+04 1.34501326E-04 0.00000000E+00
3.8830E+04 1.34464925E-04 0.00000000E+00
3.8854E+04 1.34523135E-04 0.00000000E+00
3.8877E+04 1.34782041E-04 0.00000000E+00
3.8901E+04 1.34849130E-04 0.00000000E+00
3.8924E+04 1.34778427E-04 0.00000000E+00
3.8948E+04 1.34939375E-04 0.00000000E+00
3.8971E+04 1.35127667E-04 0.00000000E+00
3.8995E+04 1.35058051E-04 0.00000000E+00
3.9019E+04 1.35050421E-04 0.00000000E+00
3.9042E+04 1.35259020E-04 0.00000000E+00
3.9066E+04 1.35302042E-04 0.00000000E+00
3.9089E+04 1.35181109E-04 0.00000000E+00
3.9113E+04 1.35276352E-04 0.00000000E+00
3.9136E+04 1.35431420E-04 0.00000000E+00
3.9160E+04 1.35330883E-04 0.00000000E+00
3.9184E+04 1.35259100E-04 0.00000000E+00
3.9207E+04 1.35414922E-04 0.00000000E+00
3.9231E+04 1.35433840E-04 0.00000000E+00
3.9254E+04 1.35265951E-04 0.00000000E+00
3.9278E+04 1.35295140E-04 0.00000000E+00
3.9301E+04 1.35414946E-04 0.00000000E+00
3.9325E+04 1.35285886E-04 0.00000000E+00
3.9348E+04 1.35152378E-04 0.00000000E+00
3.9372E+04 1.35253558E-04 0.00000000E+00
3.9396E+04 1.35248353E-04 0.00000000E+00
3.9419E+04 1.35037157E-04 0.00000000E+00
3.9443E+04 1.35000755E-04 0.00000000E+00
3.9466E+04 1.35083530E-04 0.00000000E+00
3.9490E+04 1.34928395E-04 0.00000000E+00
3.9513E+04 1.34736263E-04 0.00000000E+00
3.9537E+04 1.34781566E-04 0.00000000E+00
3.9561E+04 1.34752245E-04 0.00000000E+00
3.9584E+04 1.34501705E-04 0.00000000E+00
3.9608E+04 1.34400968E-04 0.00000000E+00
3.9631E+04 1.34445255E-04 0.00000000E+00
3.9655E+04 1.34266521E-04 0.00000000E+00
3.9678E+04 1.34019491E-04 0.00000000E+00
3.9702E+04 1.34008351E-04 0.00000000E+00
3.9725E+04 1.33954974E-04 0.00000000E+00
3.9749E+04 1.33669314E-04 0.00000000E+00
3.9773E+04 1.33506297E-04 0.00000000E+00
3.9796E+04 1.33511015E-04 0.00000000E+00
3.9820E+04 1.33311168E-04 0.00000000E+00
3.9843E+04 1.33013551E-04 0.00000000E+00
3.9867E+04 1.32946126E-04 0.00000000E+00
3.9890E+04 1.32868849E-04 0.00000000E+00
3.9914E+04 1.32552506E-04 0.00000000E+00
3.9937E+04 1.32330059E-04 0.00000000E+00
3.9961E+04 1.32294572E-04 0.00000000E+00
3.9985E+04 1.32076105E-04 0.00000000E+00
