0.0000E+00 0.00000000E+00 0.00000000E+00
2.3562E+01 0.00000000E+00 0.00000000E+00
4.7124E+01 0.00000000E+00 0.00000000E+00
7.0686E+01 0.00000000E+00 0.00000000E+00
9.4248E+01 0.00000000E+00 0.00000000E+00
1.1781E+02 0.00000000E+00 0.00000000E+00
1.4137E+02 0.00000000E+00 0.00000000E+00
1.6493E+02 0.00000000E+00 0.00000000E+00
1.8850E+02 0.00000000E+00 0.00000000E+00
2.1206E+02 0.00000000E+00 0.00000000E+00
2.3562E+02 0.00000000E+00 0.00000000E+00
2.5918E+02 3.86613364E-272 0.00000000E+00
2.8274E+02 4.97506786E-219 0.00000000E+00
3.0631E+02 2.79599062E-176 0.00000000E+00
3.2987E+02 7.47788749E-141 0.00000000E+00
3.5343E+02 3.70689496E-111 0.00000000E+00
3.7699E+02 3.01958101E-86 0.00000000E+00
4.0055E+02 1.58661674E-65 0.00000000E+00
4.2412E+02 1.23732092E-48 0.00000000E+00
4.4768E+02 2.13096733E-35 0.00000000E+00
4.7124E+02 7.24754968E-26 0.00000000E+00
4.9480E+02 1.47752734E-20 0.00000000E+00
5.1836E+02 2.08504859E-19 0.00000000E+00
5.4192E+02 4.79867114E-19 0.00000000E+00
5.6549E+02 1.01250687E-18 0.00000000E+00
5.8905E+02 1.36459330E-18 0.00000000E+00
6.1261E+02 1.89543943E-18 0.00000000E+00
6.3617E+02 3.39197884E-18 0.00000000E+00
6.5973E+02 5.48608199E-18 0.00000000E+00
6.8330E+02 7.22639338E-18 0.00000000E+00
7.0686E+02 1.15729535E-17 0.00000000E+00
7.3042E+02 1.96703236E-17 0.00000000E+00
7.5398E+02 2.61864469E-17 0.00000000E+00
7.7754E+02 3.63462614E-17 0.00000000E+00
8.0111E+02 6.10078403E-17 0.00000000E+00
8.2467E+02 8.60160807E-17 0.00000000E+00
8.4823E+02 1.10275409E-16 0.00000000E+00
8.7179E+02 1.77273629E-16 0.00000000E+00
8.9535E+02 2.67251091E-16 0.00000000E+00
9.1892E+02 3.34898165E-16 0.00000000E+00
9.4248E+02 4.82457842E-16 0.00000000E+00
9.6604E+02 7.62630955E-16 0.00000000E+00
9.8960E+02 9.91727644E-16 0.00000000E+00
1.0132E+03 1.30274834E-15 0.00000000E+00
1.0367E+03 2.05902588E-15 0.00000000E+00
1.0603E+03 2.86084784E-15 0.00000000E+00
1.0838E+03 3.53485156E-15 0.00000000E+00
1.1074E+03 5.23901884E-15 0.00000000E+00
1.1310E+03 7.73593219E-15 0.00000000E+00
1.1545E+03 9.53983236E-15 0.00000000E+00
1.1781E+03 1.28964649E-14 0.00000000E+00
1.2017E+03 1.96311909E-14 0.00000000E+00
1.2252E+03 2.53461920E-14 0.00000000E+00
1.2488E+03 3.16337721E-14 0.00000000E+00
1.2723E+03 4.71854677E-14 0.00000000E+00
1.2959E+03 6.49910418E-14 0.00000000E+00
1.3195E+03 7.83008322E-14 0.00000000E+00
1.3430E+03 1.09260696E-13 0.00000000E+00
1.3666E+03 1.58574108E-13 0.00000000E+00
1.3902E+03 1.94236565E-13 0.00000000E+00
1.4137E+03 2.49241822E-13 0.00000000E+00
1.4373E+03 3.66764574E-13 0.00000000E+00
1.4608E+03 4.73044925E-13 0.00000000E+00
1.4844E+03 5.70434163E-13 0.00000000E+00
1.5080E+03 8.10330621E-13 0.00000000E+00
1.5315E+03 1.10870035E-12 0.00000000E+00
1.5551E+03 1.31541774E-12 0.00000000E+00
1.5787E+03 1.74021122E-12 0.00000000E+00
1.6022E+03 2.47319192E-12 0.00000000E+00
1.6258E+03 3.01832678E-12 0.00000000E+00
1.6493E+03 3.70678339E-12 0.00000000E+00
1.6729E+03 5.25214177E-12 0.00000000E+00
1.6965E+03 6.75656088E-12 0.00000000E+00
1.7200E+03 7.93611640E-12 0.00000000E+00
1.7436E+03 1.07345561E-11 0.00000000E+00
1.7671E+03 1.45211106E-11 0.00000000E+00
1.7907E+03 1.70489893E-11 0.00000000E+00
1.8143E+03 2.14944071E-11 0.00000000E+00
1.8378E+03 2.97613667E-11 0.00000000E+00
1.8614E+03 3.62118832E-11 0.00000000E+00
1.8850E+03 4.29050762E-11 0.00000000E+00
1.9085E+03 5.83837352E-11 0.00000000E+00
1.9321E+03 7.46902279E-11 0.00000000E+00
1.9556E+03 8.60338252E-11 0.00000000E+00
1.9792E+03 1.11015979E-10 0.00000000E+00
2.0028E+03 1.47757742E-10 0.00000000E+00
2.0263E+03 1.72202371E-10 0.00000000E+00
2.0499E+03 2.08125181E-10 0.00000000E+00
2.0735E+03 2.79521419E-10 0.00000000E+00
2.0970E+03 3.38767461E-10 0.00000000E+00
2.1206E+03 3.89973477E-10 0.00000000E+00
2.1441E+03 5.08971878E-10 0.00000000E+00
2.1677E+03 6.45055617E-10 0.00000000E+00
2.1913E+03 7.32307337E-10 0.00000000E+00
2.2148E+03 9.04269456E-10 0.00000000E+00
2.2384E+03 1.17864250E-09 0.00000000E+00
2.2619E+03 1.36546372E-09 0.00000000E+00
2.2855E+03 1.59182201E-09 0.00000000E+00
2.3091E+03 2.06731437E-09 0.00000000E+00
2.3326E+03 2.49095243E-09 0.00000000E+00
2.3562E+03 2.80312594E-09 0.00000000E+00
2.3798E+03 3.51074173E-09 0.00000000E+00
2.4033E+03 4.39114784E-09 0.00000000E+00
2.4269E+03 4.93098374E-09 0.00000000E+00
2.4504E+03 5.85174918E-09 0.00000000E+00
2.4740E+03 7.44142792E-09 0.00000000E+00
2.4976E+03 8.57222088E-09 0.00000000E+00
2.5211E+03 9.69768477E-09 0.00000000E+00
2.5447E+03 1.21598954E-08 0.00000000E+00
2.5683E+03 1.45326932E-08 0.00000000E+00
2.5918E+03 1.60687004E-08 0.00000000E+00
2.6154E+03 1.93503619E-08 0.00000000E+00
2.6389E+03 2.38032547E-08 0.00000000E+00
2.6625E+03 2.65029280E-08 0.00000000E+00
2.6861E+03 3.03751158E-08 0.00000000E+00
2.7096E+03 3.75853535E-08 0.00000000E+00
2.7332E+03 4.30317231E-08 0.00000000E+00
2.7567E+03 4.75079078E-08 0.00000000E+00
2.7803E+03 5.75099701E-08 0.00000000E+00
2.8039E+03 6.80088847E-08 0.00000000E+00
2.8274E+03 7.41883319E-08 0.00000000E+00
2.8510E+03 8.61665448E-08 0.00000000E+00
2.8746E+03 1.03950832E-07 0.00000000E+00
2.8981E+03 1.14930084E-07 0.00000000E+00
2.9217E+03 1.27866007E-07 0.00000000E+00
2.9452E+03 1.53727295E-07 0.00000000E+00
2.9688E+03 1.74769622E-07 0.00000000E+00
2.9924E+03 1.89248019E-07 0.00000000E+00
3.0159E+03 2.21432723E-07 0.00000000E+00
3.0395E+03 2.58528657E-07 0.00000000E+00
3.0631E+03 2.79133223E-07 0.00000000E+00
3.0866E+03 3.13888652E-07 0.00000000E+00
3.1102E+03 3.70617230E-07 0.00000000E+00
3.1337E+03 4.07235878E-07 0.00000000E+00
3.1573E+03 4.42043606E-07 0.00000000E+00
3.1809E+03 5.16198604E-07 0.00000000E+00
3.2044E+03 5.82129947E-07 0.00000000E+00
3.2280E+03 6.20998238E-07 0.00000000E+00
3.2515E+03 7.03874967E-07 0.00000000E+00
3.2751E+03 8.09865042E-07 0.00000000E+00
3.2987E+03 8.67646404E-07 0.00000000E+00
3.3222E+03 9.48705445E-07 0.00000000E+00
3.3458E+03 1.09503367E-06 0.00000000E+00
3.3694E+03 1.19632547E-06 0.00000000E+00
3.3929E+03 1.27314702E-06 0.00000000E+00
3.4165E+03 1.44508126E-06 0.00000000E+00
3.4400E+03 1.61486489E-06 0.00000000E+00
3.4636E+03 1.70366114E-06 0.00000000E+00
3.4872E+03 1.87623461E-06 0.00000000E+00
3.5107E+03 2.12454055E-06 0.00000000E+00
3.5343E+03 2.26299077E-06 0.00000000E+00
3.5579E+03 2.41694654E-06 0.00000000E+00
3.5814E+03 2.72613786E-06 0.00000000E+00
3.6050E+03 2.96170501E-06 0.00000000E+00
3.6285E+03 3.10440052E-06 0.00000000E+00
3.6521E+03 3.43038715E-06 0.00000000E+00
3.6757E+03 3.79511580E-06 0.00000000E+00
3.6992E+03 3.97285568E-06 0.00000000E+00
3.7228E+03 4.26648648E-06 0.00000000E+00
3.7463E+03 4.75038277E-06 0.00000000E+00
3.7699E+03 5.03850105E-06 0.00000000E+00
3.7935E+03 5.28082425E-06 0.00000000E+00
3.8170E+03 5.82279904E-06 0.00000000E+00
3.8406E+03 6.29037119E-06 0.00000000E+00
3.8642E+03 6.52204818E-06 0.00000000E+00
3.8877E+03 7.03264719E-06 0.00000000E+00
3.9113E+03 7.69632893E-06 0.00000000E+00
3.9348E+03 8.01744443E-06 0.00000000E+00
3.9584E+03 8.43001407E-06 0.00000000E+00
3.9820E+03 9.22536748E-06 0.00000000E+00
4.0055E+03 9.75409434E-06 0.00000000E+00
4.0291E+03 1.00791168E-05 0.00000000E+00
4.0527E+03 1.08758639E-05 0.00000000E+00
4.0762E+03 1.16797235E-05 0.00000000E+00
4.0998E+03 1.20257492E-05 0.00000000E+00
4.1233E+03 1.26915027E-05 0.00000000E+00
4.1469E+03 1.37290060E-05 0.00000000E+00
4.1705E+03 1.42648963E-05 0.00000000E+00
4.1940E+03 1.47495718E-05 0.00000000E+00
4.2176E+03 1.58648094E-05 0.00000000E+00
4.2412E+03 1.67307805E-05 0.00000000E+00
4.2647E+03 1.71213108E-05 0.00000000E+00
4.2883E+03 1.81103499E-05 0.00000000E+00
4.3118E+03 1.93223709E-05 0.00000000E+00
4.3354E+03 1.98234318E-05 0.00000000E+00
4.3590E+03 2.05480418E-05 0.00000000E+00
4.3825E+03 2.19564773E-05 0.00000000E+00
4.4061E+03 2.27910188E-05 0.00000000E+00
4.4296E+03 2.32775250E-05 0.00000000E+00
4.4532E+03 2.46199037E-05 0.00000000E+00
4.4768E+03 2.58948668E-05 0.00000000E+00
4.5003E+03 2.63511855E-05 0.00000000E+00
4.5239E+03 2.73862953E-05 0.00000000E+00
4.5475E+03 2.90017704E-05 0.00000000E+00
4.5710E+03 2.97245180E-05 0.00000000E+00
4.5946E+03 3.03795102E-05 0.00000000E+00
4.6181E+03 3.20475905E-05 0.00000000E+00
4.6417E+03 3.32564529E-05 0.00000000E+00
4.6653E+03 3.36969370E-05 0.00000000E+00
4.6888E+03 3.50788048E-05 0.00000000E+00
4.7124E+03 3.67687421E-05 0.00000000E+00
4.7360E+03 3.73346768E-05 0.00000000E+00
4.7595E+03 3.82308486E-05 0.00000000E+00
4.7831E+03 4.01369133E-05 0.00000000E+00
4.8066E+03 4.11623595E-05 0.00000000E+00
4.8302E+03 4.16469612E-05 0.00000000E+00
4.8538E+03 4.33607033E-05 0.00000000E+00
4.8773E+03 4.49710787E-05 0.00000000E+00
4.9009E+03 4.53797020E-05 0.00000000E+00
4.9244E+03 4.65672466E-05 0.00000000E+00
4.9480E+03 4.85749655E-05 0.00000000E+00
4.9716E+03 4.93341137E-05 0.00000000E+00
4.9951E+03 4.99363385E-05 0.00000000E+00
5.0187E+03 5.19106244E-05 0.00000000E+00
5.0423E+03 5.32929350E-05 0.00000000E+00
5.0658E+03 5.35845155E-05 0.00000000E+00
5.0894E+03 5.50732307E-05 0.00000000E+00
5.1129E+03 5.70178958E-05 0.00000000E+00
5.1365E+03 5.74744762E-05 0.00000000E+00
5.1601E+03 5.82605874E-05 0.00000000E+00
5.1836E+03 6.03734001E-05 0.00000000E+00
5.2072E+03 6.14076494E-05 0.00000000E+00
5.2308E+03 6.16502537E-05 0.00000000E+00
5.2543E+03 6.33998612E-05 0.00000000E+00
5.2779E+03 6.51121658E-05 0.00000000E+00
5.3014E+03 6.52781754E-05 0.00000000E+00
5.3250E+03 6.62882690E-05 0.00000000E+00
5.3486E+03 6.83813103E-05 0.00000000E+00
5.3721E+03 6.89920340E-05 0.00000000E+00
5.3957E+03 6.92637342E-05 0.00000000E+00
5.4192E+03 7.11833963E-05 0.00000000E+00
5.4428E+03 7.25127484E-05 0.00000000E+00
5.4664E+03 7.24413934E-05 0.00000000E+00
5.4899E+03 7.36757454E-05 0.00000000E+00
5.5135E+03 7.55746015E-05 0.00000000E+00
5.5371E+03 7.57387928E-05 0.00000000E+00
5.5606E+03 7.61089050E-05 0.00000000E+00
5.5842E+03 7.80655254E-05 0.00000000E+00
5.6077E+03 7.88998661E-05 0.00000000E+00
5.6313E+03 7.86721274E-05 0.00000000E+00
5.6549E+03 8.00848562E-05 0.00000000E+00
5.6784E+03 8.16218527E-05 0.00000000E+00
5.7020E+03 8.13685573E-05 0.00000000E+00
5.7256E+03 8.18811370E-05 0.00000000E+00
5.7491E+03 8.37150181E-05 0.00000000E+00
5.7727E+03 8.39946470E-05 0.00000000E+00
5.7962E+03 8.37020673E-05 0.00000000E+00
5.8198E+03 8.52030232E-05 0.00000000E+00
5.8434E+03 8.62394283E-05 0.00000000E+00
5.8669E+03 8.56415504E-05 0.00000000E+00
5.8905E+03 8.63038208E-05 0.00000000E+00
5.9140E+03 8.78492674E-05 0.00000000E+00
5.9376E+03 8.75728301E-05 0.00000000E+00
5.9612E+03 8.72994540E-05 0.00000000E+00
5.9847E+03 8.87640768E-05 0.00000000E+00
6.0083E+03 8.92083140E-05 0.00000000E+00
6.0319E+03 8.83681896E-05 0.00000000E+00
6.0554E+03 8.91458597E-05 0.00000000E+00
6.0790E+03 9.02535302E-05 0.00000000E+00
6.1025E+03 8.94754251E-05 0.00000000E+00
6.1261E+03 8.92819826E-05 0.00000000E+00
6.1497E+03 9.05676120E-05 0.00000000E+00
6.1732E+03 9.03866844E-05 0.00000000E+00
6.1968E+03 8.94179833E-05 0.00000000E+00
6.2204E+03 9.02383168E-05 0.00000000E+00
6.2439E+03 9.07957574E-05 0.00000000E+00
6.2675E+03 8.96155977E-05 0.00000000E+00
6.2910E+03 8.95286667E-05 0.00000000E+00
6.3146E+03 9.04946660E-05 0.00000000E+00
6.3382E+03 8.97170812E-05 0.00000000E+00
6.3617E+03 8.87262136E-05 0.00000000E+00
6.3853E+03 8.94883716E-05 0.00000000E+00
6.4088E+03 8.94354431E-05 0.00000000E+00
6.4324E+03 8.79815507E-05 0.00000000E+00
6.4560E+03 8.79895597E-05 0.00000000E+00
6.4795E+03 8.85179403E-05 0.00000000E+00
6.5031E+03 8.72278838E-05 0.00000000E+00
6.5267E+03 8.62981439E-05 0.00000000E+00
6.5502E+03 8.68890447E-05 0.00000000E+00
6.5738E+03 8.62258427E-05 0.00000000E+00
6.5973E+03 8.46357464E-05 0.00000000E+00
6.6209E+03 8.46924352E-05 0.00000000E+00
6.6445E+03 8.47055828E-05 0.00000000E+00
6.6680E+03 8.30295709E-05 0.00000000E+00
6.6916E+03 8.22106661E-05 0.00000000E+00
6.7152E+03 8.25236098E-05 0.00000000E+00
6.7387E+03 8.13097546E-05 0.00000000E+00
6.7623E+03 7.97110531E-05 0.00000000E+00
6.7858E+03 7.97456168E-05 0.00000000E+00
6.8094E+03 7.92182046E-05 0.00000000E+00
6.8330E+03 7.73066341E-05 0.00000000E+00
6.8565E+03 7.66111681E-05 0.00000000E+00
6.8801E+03 7.65639768E-05 0.00000000E+00
6.9036E+03 7.49095908E-05 0.00000000E+00
6.9272E+03 7.34043083E-05 0.00000000E+00
6.9508E+03 7.33362371E-05 0.00000000E+00
6.9743E+03 7.22994521E-05 0.00000000E+00
6.9979E+03 7.03062109E-05 0.00000000E+00
7.0215E+03 6.97133764E-05 0.00000000E+00
7.0450E+03 6.92629128E-05 0.00000000E+00
7.0686E+03 6.73129786E-05 0.00000000E+00
7.0921E+03 6.59677918E-05 0.00000000E+00
7.1157E+03 6.57236277E-05 0.00000000E+00
7.1393E+03 6.42611084E-05 0.00000000E+00
7.1628E+03 6.23246087E-05 0.00000000E+00
7.1864E+03 6.17900327E-05 0.00000000E+00
7.2100E+03 6.09406466E-05 0.00000000E+00
7.2335E+03 5.88554483E-05 0.00000000E+00
7.2571E+03 5.76989845E-05 0.00000000E+00
7.2806E+03 5.72278668E-05 0.00000000E+00
7.3042E+03 5.54642042E-05 0.00000000E+00
7.3278E+03 5.36927115E-05 0.00000000E+00
7.3513E+03 5.31622884E-05 0.00000000E+00
7.3749E+03 5.19667722E-05 0.00000000E+00
7.3985E+03 4.99016529E-05 0.00000000E+00
7.4220E+03 4.89287553E-05 0.00000000E+00
7.4456E+03 4.82139663E-05 0.00000000E+00
7.4691E+03 4.62977884E-05 0.00000000E+00
7.4927E+03 4.47610937E-05 0.00000000E+00
7.5163E+03 4.41860239E-05 0.00000000E+00
7.5398E+03 4.27390244E-05 0.00000000E+00
7.5634E+03 4.08266332E-05 0.00000000E+00
7.5869E+03 4.00082412E-05 0.00000000E+00
7.6105E+03 3.90726836E-05 0.00000000E+00
7.6341E+03 3.71571610E-05 0.00000000E+00
7.6576E+03 3.58853707E-05 0.00000000E+00
7.6812E+03 3.52354762E-05 0.00000000E+00
7.7048E+03 3.36605632E-05 0.00000000E+00
7.7283E+03 3.19981858E-05 0.00000000E+00
7.7519E+03 3.12945349E-05 0.00000000E+00
7.7754E+03 3.01992212E-05 0.00000000E+00
7.7990E+03 2.84231532E-05 0.00000000E+00
7.8226E+03 2.74121037E-05 0.00000000E+00
7.8461E+03 2.66849131E-05 0.00000000E+00
7.8697E+03 2.51175423E-05 0.00000000E+00
7.8933E+03 2.37610823E-05 0.00000000E+00
7.9168E+03 2.31354502E-05 0.00000000E+00
7.9404E+03 2.19713358E-05 0.00000000E+00
7.9639E+03 2.04437305E-05 0.00000000E+00
7.9875E+03 1.96654022E-05 0.00000000E+00
8.0111E+03 1.88893617E-05 0.00000000E+00
8.0346E+03 1.74586083E-05 0.00000000E+00
8.0582E+03 1.64235650E-05 0.00000000E+00
8.0817E+03 1.58538328E-05 0.00000000E+00
8.1053E+03 1.47284817E-05 0.00000000E+00
8.1289E+03 1.35187905E-05 0.00000000E+00
8.1524E+03 1.29343042E-05 0.00000000E+00
8.1760E+03 1.21655944E-05 0.00000000E+00
8.1996E+03 1.09776190E-05 0.00000000E+00
8.2231E+03 1.02461855E-05 0.00000000E+00
8.2467E+03 9.73203289E-06 0.00000000E+00
8.2702E+03 8.75349240E-06 0.00000000E+00
8.2938E+03 7.88861143E-06 0.00000000E+00
8.3174E+03 7.46110036E-06 0.00000000E+00
8.3409E+03 6.77475102E-06 0.00000000E+00
8.3645E+03 5.90056807E-06 0.00000000E+00
8.3881E+03 5.43298219E-06 0.00000000E+00
8.4116E+03 4.99746835E-06 0.00000000E+00
8.4352E+03 4.25815303E-06 0.00000000E+00
8.4587E+03 3.72609730E-06 0.00000000E+00
8.4823E+03 3.43095699E-06 0.00000000E+00
8.5059E+03 2.90797864E-06 0.00000000E+00
8.5294E+03 2.37725413E-06 0.00000000E+00
8.5530E+03 2.12492568E-06 0.00000000E+00
8.5765E+03 1.81032657E-06 0.00000000E+00
8.6001E+03 1.37362603E-06 0.00000000E+00
8.6237E+03 1.13264768E-06 0.00000000E+00
8.6472E+03 9.63318134E-07 0.00000000E+00
8.6708E+03 6.76258909E-07 0.00000000E+00
8.6944E+03 4.77759370E-07 0.00000000E+00
8.7179E+03 3.95567105E-07 0.00000000E+00
8.7415E+03 2.54442940E-07 0.00000000E+00
8.7650E+03 1.46215060E-07 0.00000000E+00
8.7886E+03 1.37294843E-07 0.00000000E+00
8.8122E+03 1.05695504E-07 0.00000000E+00
8.8357E+03 1.05267149E-07 0.00000000E+00
8.8593E+03 1.93426219E-07 0.00000000E+00
8.8829E+03 2.48926300E-07 0.00000000E+00
8.9064E+03 3.32274974E-07 0.00000000E+00
8.9300E+03 5.38462883E-07 0.00000000E+00
8.9535E+03 6.98661889E-07 0.00000000E+00
8.9771E+03 8.30476763E-07 0.00000000E+00
9.0007E+03 1.13563482E-06 0.00000000E+00
9.0242E+03 1.44168627E-06 0.00000000E+00
9.0478E+03 1.61971253E-06 0.00000000E+00
9.0713E+03 1.96457027E-06 0.00000000E+00
9.0949E+03 2.43507867E-06 0.00000000E+00
9.1185E+03 2.70927327E-06 0.00000000E+00
9.1420E+03 3.03528278E-06 0.00000000E+00
9.1656E+03 3.62847640E-06 0.00000000E+00
9.1892E+03 4.07391994E-06 0.00000000E+00
9.2127E+03 4.37604238E-06 0.00000000E+00
9.2363E+03 4.99495643E-06 0.00000000E+00
9.2598E+03 5.65285019E-06 0.00000000E+00
9.2834E+03 6.00185963E-06 0.00000000E+00
9.3070E+03 6.54725351E-06 0.00000000E+00
9.3305E+03 7.37560705E-06 0.00000000E+00
9.3541E+03 7.88552195E-06 0.00000000E+00
9.3777E+03 8.32486303E-06 0.00000000E+00
9.4012E+03 9.19927247E-06 0.00000000E+00
9.4248E+03 9.95349424E-06 0.00000000E+00
9.4483E+03 1.03574264E-05 0.00000000E+00
9.4719E+03 1.11313757E-05 0.00000000E+00
9.4955E+03 1.21135039E-05 0.00000000E+00
9.5190E+03 1.26274269E-05 0.00000000E+00
9.5426E+03 1.32202252E-05 0.00000000E+00
9.5661E+03 1.42990375E-05 0.00000000E+00
9.5897E+03 1.50583355E-05 0.00000000E+00
9.6133E+03 1.55149649E-05 0.00000000E+00
9.6368E+03 1.65026404E-05 0.00000000E+00
9.6604E+03 1.75398335E-05 0.00000000E+00
9.6840E+03 1.80185185E-05 0.00000000E+00
9.7075E+03 1.87744169E-05 0.00000000E+00
9.7311E+03 1.99781049E-05 0.00000000E+00
9.7546E+03 2.06637845E-05 0.00000000E+00
9.7782E+03 2.11827392E-05 0.00000000E+00
9.8018E+03 2.23414573E-05 0.00000000E+00
9.8253E+03 2.33312557E-05 0.00000000E+00
9.8489E+03 2.37584944E-05 0.00000000E+00
9.8725E+03 2.46717100E-05 0.00000000E+00
9.8960E+03 2.59012502E-05 0.00000000E+00
9.9196E+03 2.64567018E-05 0.00000000E+00
9.9431E+03 2.70509979E-05 0.00000000E+00
9.9667E+03 2.83113674E-05 0.00000000E+00
9.9903E+03 2.91612090E-05 0.00000000E+00
1.0014E+04 2.95408508E-05 0.00000000E+00
1.0037E+04 3.05841521E-05 0.00000000E+00
1.0061E+04 3.17332813E-05 0.00000000E+00
1.0085E+04 3.21289311E-05 0.00000000E+00
1.0108E+04 3.28058345E-05 0.00000000E+00
1.0132E+04 3.40778379E-05 0.00000000E+00
1.0155E+04 3.47165504E-05 0.00000000E+00
1.0179E+04 3.50657482E-05 0.00000000E+00
1.0202E+04 3.61885797E-05 0.00000000E+00
1.0226E+04 3.71572988E-05 0.00000000E+00
1.0249E+04 3.73905207E-05 0.00000000E+00
1.0273E+04 3.81437568E-05 0.00000000E+00
1.0297E+04 3.93267877E-05 0.00000000E+00
1.0320E+04 3.97121728E-05 0.00000000E+00
1.0344E+04 4.00525191E-05 0.00000000E+00
1.0367E+04 4.11837855E-05 0.00000000E+00
1.0391E+04 4.18908769E-05 0.00000000E+00
1.0414E+04 4.19813294E-05 0.00000000E+00
1.0438E+04 4.27863204E-05 0.00000000E+00
1.0462E+04 4.37814973E-05 0.00000000E+00
1.0485E+04 4.39030162E-05 0.00000000E+00
1.0509E+04 4.42515399E-05 0.00000000E+00
1.0532E+04 4.53066725E-05 0.00000000E+00
1.0556E+04 4.56992446E-05 0.00000000E+00
1.0579E+04 4.56808952E-05 0.00000000E+00
1.0603E+04 4.64940639E-05 0.00000000E+00
1.0626E+04 4.72167627E-05 0.00000000E+00
1.0650E+04 4.70932420E-05 0.00000000E+00
1.0674E+04 4.74551537E-05 0.00000000E+00
1.0697E+04 4.83462797E-05 0.00000000E+00
1.0721E+04 4.84049328E-05 0.00000000E+00
1.0744E+04 4.83165444E-05 0.00000000E+00
1.0768E+04 4.90788970E-05 0.00000000E+00
1.0791E+04 4.94694359E-05 0.00000000E+00
1.0815E+04 4.91425673E-05 0.00000000E+00
1.0838E+04 4.95071964E-05 0.00000000E+00
1.0862E+04 5.01546591E-05 0.00000000E+00
1.0886E+04 4.98936598E-05 0.00000000E+00
1.0909E+04 4.97696697E-05 0.00000000E+00
1.0933E+04 5.04140275E-05 0.00000000E+00
1.0956E+04 5.04447986E-05 0.00000000E+00
1.0980E+04 4.99698852E-05 0.00000000E+00
1.1003E+04 5.03105620E-05 0.00000000E+00
1.1027E+04 5.06538075E-05 0.00000000E+00
1.1051E+04 5.01165371E-05 0.00000000E+00
1.1074E+04 4.99800525E-05 0.00000000E+00
1.1098E+04 5.04406125E-05 0.00000000E+00
1.1121E+04 5.01186105E-05 0.00000000E+00
1.1145E+04 4.95543936E-05 0.00000000E+00
1.1168E+04 4.98322232E-05 0.00000000E+00
1.1192E+04 4.98382059E-05 0.00000000E+00
1.1215E+04 4.90889234E-05 0.00000000E+00
1.1239E+04 4.89480421E-05 0.00000000E+00
1.1263E+04 4.91705103E-05 0.00000000E+00
1.1286E+04 4.85350144E-05 0.00000000E+00
1.1310E+04 4.79344345E-05 0.00000000E+00
1.1333E+04 4.81051422E-05 0.00000000E+00
1.1357E+04 4.77728557E-05 0.00000000E+00
1.1380E+04 4.68863734E-05 0.00000000E+00
1.1404E+04 4.67343193E-05 0.00000000E+00
1.1428E+04 4.66847737E-05 0.00000000E+00
1.1451E+04 4.58007618E-05 0.00000000E+00
1.1475E+04 4.52042017E-05 0.00000000E+00
1.1498E+04 4.52266550E-05 0.00000000E+00
1.1522E+04 4.45871041E-05 0.00000000E+00
1.1545E+04 4.36382257E-05 0.00000000E+00
1.1569E+04 4.34570273E-05 0.00000000E+00
1.1592E+04 4.31279261E-05 0.00000000E+00
1.1616E+04 4.20764974E-05 0.00000000E+00
1.1640E+04 4.15084843E-05 0.00000000E+00
1.1663E+04 4.13532057E-05 0.00000000E+00
1.1687E+04 4.04649341E-05 0.00000000E+00
1.1710E+04 3.95194095E-05 0.00000000E+00
1.1734E+04 3.92861717E-05 0.00000000E+00
1.1757E+04 3.86984543E-05 0.00000000E+00
1.1781E+04 3.75659540E-05 0.00000000E+00
1.1805E+04 3.70355770E-05 0.00000000E+00
1.1828E+04 3.66915879E-05 0.00000000E+00
1.1852E+04 3.56326169E-05 0.00000000E+00
1.1875E+04 3.47409579E-05 0.00000000E+00
1.1899E+04 3.44353035E-05 0.00000000E+00
1.1922E+04 3.36362400E-05 0.00000000E+00
1.1946E+04 3.25038915E-05 0.00000000E+00
1.1969E+04 3.20084596E-05 0.00000000E+00
1.1993E+04 3.14871406E-05 0.00000000E+00
1.2017E+04 3.03447433E-05 0.00000000E+00
1.2040E+04 2.95396248E-05 0.00000000E+00
1.2064E+04 2.91507079E-05 0.00000000E+00
1.2087E+04 2.82079083E-05 0.00000000E+00
1.2111E+04 2.71435395E-05 0.00000000E+00
1.2134E+04 2.66744161E-05 0.00000000E+00
1.2158E+04 2.60096421E-05 0.00000000E+00
1.2182E+04 2.48696655E-05 0.00000000E+00
1.2205E+04 2.41669215E-05 0.00000000E+00
1.2229E+04 2.36985454E-05 0.00000000E+00
1.2252E+04 2.26911812E-05 0.00000000E+00
1.2276E+04 2.17441430E-05 0.00000000E+00
1.2299E+04 2.12933268E-05 0.00000000E+00
1.2323E+04 2.05378283E-05 0.00000000E+00
1.2346E+04 1.94752448E-05 0.00000000E+00
1.2370E+04 1.88777929E-05 0.00000000E+00
1.2394E+04 1.83505750E-05 0.00000000E+00
1.2417E+04 1.73593077E-05 0.00000000E+00
1.2441E+04 1.65590337E-05 0.00000000E+00
1.2464E+04 1.61249912E-05 0.00000000E+00
1.2488E+04 1.53435836E-05 0.00000000E+00
1.2511E+04 1.44156401E-05 0.00000000E+00
1.2535E+04 1.39191768E-05 0.00000000E+00
1.2559E+04 1.33693049E-05 0.00000000E+00
1.2582E+04 1.24665810E-05 0.00000000E+00
1.2606E+04 1.18245549E-05 0.00000000E+00
1.2629E+04 1.14160402E-05 0.00000000E+00
1.2653E+04 1.06769145E-05 0.00000000E+00
1.2676E+04 9.91970952E-06 0.00000000E+00
1.2700E+04 9.51876835E-06 0.00000000E+00
1.2723E+04 8.99356008E-06 0.00000000E+00
1.2747E+04 8.23578744E-06 0.00000000E+00
1.2771E+04 7.75009016E-06 0.00000000E+00
1.2794E+04 7.38714727E-06 0.00000000E+00
1.2818E+04 6.75272602E-06 0.00000000E+00
1.2841E+04 6.18138878E-06 0.00000000E+00
1.2865E+04 5.87438942E-06 0.00000000E+00
1.2888E+04 5.42547380E-06 0.00000000E+00
1.2912E+04 4.84819072E-06 0.00000000E+00
1.2936E+04 4.50939334E-06 0.00000000E+00
1.2959E+04 4.22133669E-06 0.00000000E+00
1.2983E+04 3.74023453E-06 0.00000000E+00
1.3006E+04 3.35223333E-06 0.00000000E+00
1.3030E+04 3.14445088E-06 0.00000000E+00
1.3053E+04 2.81982640E-06 0.00000000E+00
1.3077E+04 2.43639691E-06 0.00000000E+00
1.3100E+04 2.23342502E-06 0.00000000E+00
1.3124E+04 2.05420977E-06 0.00000000E+00
1.3148E+04 1.75558549E-06 0.00000000E+00
1.3171E+04 1.53617936E-06 0.00000000E+00
1.3195E+04 1.44005209E-06 0.00000000E+00
1.3218E+04 1.27646254E-06 0.00000000E+00
1.3242E+04 1.08018252E-06 0.00000000E+00
1.3265E+04 1.00490049E-06 0.00000000E+00
1.3289E+04 9.66809237E-07 0.00000000E+00
1.3312E+04 8.57926647E-07 0.00000000E+00
1.3336E+04 7.86466757E-07 0.00000000E+00
1.3360E+04 8.19244241E-07 0.00000000E+00
1.3383E+04 8.36228324E-07 0.00000000E+00
1.3407E+04 8.05141185E-07 0.00000000E+00
1.3430E+04 8.54765469E-07 0.00000000E+00
1.3454E+04 9.81664508E-07 0.00000000E+00
1.3477E+04 1.04888402E-06 0.00000000E+00
1.3501E+04 1.10463461E-06 0.00000000E+00
1.3525E+04 1.28393030E-06 0.00000000E+00
1.3548E+04 1.48057366E-06 0.00000000E+00
1.3572E+04 1.58387331E-06 0.00000000E+00
1.3595E+04 1.76084054E-06 0.00000000E+00
1.3619E+04 2.06233758E-06 0.00000000E+00
1.3642E+04 2.27515576E-06 0.00000000E+00
1.3666E+04 2.44151990E-06 0.00000000E+00
1.3689E+04 2.77976372E-06 0.00000000E+00
1.3713E+04 3.13467529E-06 0.00000000E+00
1.3737E+04 3.33938280E-06 0.00000000E+00
1.3760E+04 3.64886141E-06 0.00000000E+00
1.3784E+04 4.11652049E-06 0.00000000E+00
1.3807E+04 4.43376702E-06 0.00000000E+00
1.3831E+04 4.70021707E-06 0.00000000E+00
1.3854E+04 5.19922696E-06 0.00000000E+00
1.3878E+04 5.67367754E-06 0.00000000E+00
1.3902E+04 5.95034095E-06 0.00000000E+00
1.3925E+04 6.39607464E-06 0.00000000E+00
1.3949E+04 7.00245394E-06 0.00000000E+00
1.3972E+04 7.37943492E-06 0.00000000E+00
1.3996E+04 7.74097157E-06 0.00000000E+00
1.4019E+04 8.38783990E-06 0.00000000E+00
1.4043E+04 8.93144646E-06 0.00000000E+00
1.4066E+04 9.25790289E-06 0.00000000E+00
1.4090E+04 9.83741460E-06 0.00000000E+00
1.4114E+04 1.05381648E-05 0.00000000E+00
1.4137E+04 1.09334533E-05 0.00000000E+00
1.4161E+04 1.13879442E-05 0.00000000E+00
1.4184E+04 1.21531775E-05 0.00000000E+00
1.4208E+04 1.27110924E-05 0.00000000E+00
1.4231E+04 1.30737822E-05 0.00000000E+00
1.4255E+04 1.37740909E-05 0.00000000E+00
1.4279E+04 1.45127934E-05 0.00000000E+00
1.4302E+04 1.48935216E-05 0.00000000E+00
1.4326E+04 1.54377017E-05 0.00000000E+00
1.4349E+04 1.62761209E-05 0.00000000E+00
1.4373E+04 1.67964684E-05 0.00000000E+00
1.4396E+04 1.71893125E-05 0.00000000E+00
1.4420E+04 1.79842076E-05 0.00000000E+00
1.4443E+04 1.86991461E-05 0.00000000E+00
1.4467E+04 1.90440103E-05 0.00000000E+00
1.4491E+04 1.96691830E-05 0.00000000E+00
1.4514E+04 2.05235688E-05 0.00000000E+00
1.4538E+04 2.09638889E-05 0.00000000E+00
1.4561E+04 2.13852286E-05 0.00000000E+00
1.4585E+04 2.22348340E-05 0.00000000E+00
1.4608E+04 2.28665683E-05 0.00000000E+00
1.4632E+04 2.31662379E-05 0.00000000E+00
1.4656E+04 2.38547562E-05 0.00000000E+00
1.4679E+04 2.46617149E-05 0.00000000E+00
1.4703E+04 2.49934165E-05 0.00000000E+00
1.4726E+04 2.54418838E-05 0.00000000E+00
1.4750E+04 2.62947950E-05 0.00000000E+00
1.4773E+04 2.67932979E-05 0.00000000E+00
1.4797E+04 2.70484312E-05 0.00000000E+00
1.4820E+04 2.77718647E-05 0.00000000E+00
1.4844E+04 2.84689900E-05 0.00000000E+00
1.4868E+04 2.86792285E-05 0.00000000E+00
1.4891E+04 2.91495925E-05 0.00000000E+00
1.4915E+04 2.99473749E-05 0.00000000E+00
1.4938E+04 3.02776088E-05 0.00000000E+00
1.4962E+04 3.04951244E-05 0.00000000E+00
1.4985E+04 3.12146641E-05 0.00000000E+00
1.5009E+04 3.17478398E-05 0.00000000E+00
1.5033E+04 3.18387262E-05 0.00000000E+00
1.5056E+04 3.23187209E-05 0.00000000E+00
1.5080E+04 3.30020986E-05 0.00000000E+00
1.5103E+04 3.31472174E-05 0.00000000E+00
1.5127E+04 3.33357577E-05 0.00000000E+00
1.5150E+04 3.40049522E-05 0.00000000E+00
1.5174E+04 3.43346260E-05 0.00000000E+00
1.5197E+04 3.43201529E-05 0.00000000E+00
1.5221E+04 3.47890575E-05 0.00000000E+00
1.5245E+04 3.53047990E-05 0.00000000E+00
1.5268E+04 3.52666022E-05 0.00000000E+00
1.5292E+04 3.54322231E-05 0.00000000E+00
1.5315E+04 3.60016739E-05 0.00000000E+00
1.5339E+04 3.61071270E-05 0.00000000E+00
1.5362E+04 3.60085844E-05 0.00000000E+00
1.5386E+04 3.64379411E-05 0.00000000E+00
1.5410E+04 3.67453151E-05 0.00000000E+00
1.5433E+04 3.65420681E-05 0.00000000E+00
1.5457E+04 3.66850812E-05 0.00000000E+00
1.5480E+04 3.71083306E-05 0.00000000E+00
1.5504E+04 3.69893315E-05 0.00000000E+00
1.5527E+04 3.68301995E-05 0.00000000E+00
1.5551E+04 3.71866089E-05 0.00000000E+00
1.5574E+04 3.72623515E-05 0.00000000E+00
1.5598E+04 3.69245272E-05 0.00000000E+00
1.5622E+04 3.70381352E-05 0.00000000E+00
1.5645E+04 3.72777428E-05 0.00000000E+00
1.5669E+04 3.69534304E-05 0.00000000E+00
1.5692E+04 3.67547594E-05 0.00000000E+00
1.5716E+04 3.70042664E-05 0.00000000E+00
1.5739E+04 3.68452695E-05 0.00000000E+00
1.5763E+04 3.64100903E-05 0.00000000E+00
1.5787E+04 3.64810639E-05 0.00000000E+00
1.5810E+04 3.65138244E-05 0.00000000E+00
1.5834E+04 3.60191399E-05 0.00000000E+00
1.5857E+04 3.57962646E-05 0.00000000E+00
1.5881E+04 3.59095325E-05 0.00000000E+00
1.5904E+04 3.55328652E-05 0.00000000E+00
1.5928E+04 3.50386698E-05 0.00000000E+00
1.5951E+04 3.50498891E-05 0.00000000E+00
1.5975E+04 3.48702907E-05 0.00000000E+00
1.5999E+04 3.42506686E-05 0.00000000E+00
1.6022E+04 3.40117816E-05 0.00000000E+00
1.6046E+04 3.39690881E-05 0.00000000E+00
1.6069E+04 3.34094143E-05 0.00000000E+00
1.6093E+04 3.28908221E-05 0.00000000E+00
1.6116E+04 3.28251213E-05 0.00000000E+00
1.6140E+04 3.24464539E-05 0.00000000E+00
1.6163E+04 3.17517272E-05 0.00000000E+00
1.6187E+04 3.14984307E-05 0.00000000E+00
1.6211E+04 3.12935448E-05 0.00000000E+00
1.6234E+04 3.05984320E-05 0.00000000E+00
1.6258E+04 3.00830490E-05 0.00000000E+00
1.6281E+04 2.99275490E-05 0.00000000E+00
1.6305E+04 2.93804792E-05 0.00000000E+00
1.6328E+04 2.86590175E-05 0.00000000E+00
1.6352E+04 2.83885702E-05 0.00000000E+00
1.6376E+04 2.80307711E-05 0.00000000E+00
1.6399E+04 2.72547060E-05 0.00000000E+00
1.6423E+04 2.67617689E-05 0.00000000E+00
1.6446E+04 2.65117859E-05 0.00000000E+00
1.6470E+04 2.58406501E-05 0.00000000E+00
1.6493E+04 2.51346248E-05 0.00000000E+00
1.6517E+04 2.48432642E-05 0.00000000E+00
1.6540E+04 2.43570987E-05 0.00000000E+00
1.6564E+04 2.35551923E-05 0.00000000E+00
1.6588E+04 2.30961377E-05 0.00000000E+00
1.6611E+04 2.27578451E-05 0.00000000E+00
1.6635E+04 2.20152814E-05 0.00000000E+00
1.6658E+04 2.13576772E-05 0.00000000E+00
1.6682E+04 2.10442034E-05 0.00000000E+00
1.6705E+04 2.04669837E-05 0.00000000E+00
1.6729E+04 1.96893341E-05 0.00000000E+00
1.6753E+04 1.92699111E-05 0.00000000E+00
1.6776E+04 1.88611760E-05 0.00000000E+00
1.6800E+04 1.81019770E-05 0.00000000E+00
1.6823E+04 1.75156027E-05 0.00000000E+00
1.6847E+04 1.71843868E-05 0.00000000E+00
1.6870E+04 1.65618339E-05 0.00000000E+00
1.6894E+04 1.58493367E-05 0.00000000E+00
1.6917E+04 1.54726034E-05 0.00000000E+00
1.6941E+04 1.50217772E-05 0.00000000E+00
1.6965E+04 1.42969336E-05 0.00000000E+00
1.6988E+04 1.37952978E-05 0.00000000E+00
1.7012E+04 1.34580200E-05 0.00000000E+00
1.7035E+04 1.28387705E-05 0.00000000E+00
1.7059E+04 1.22208552E-05 0.00000000E+00
1.7082E+04 1.18902681E-05 0.00000000E+00
1.7106E+04 1.14330929E-05 0.00000000E+00
1.7130E+04 1.07849135E-05 0.00000000E+00
1.7153E+04 1.03744939E-05 0.00000000E+00
1.7177E+04 1.00501876E-05 0.00000000E+00
1.7200E+04 9.48006115E-06 0.00000000E+00
1.7224E+04 8.97445425E-06 0.00000000E+00
1.7247E+04 8.69628939E-06 0.00000000E+00
1.7271E+04 8.27143634E-06 0.00000000E+00
1.7294E+04 7.73039309E-06 0.00000000E+00
1.7318E+04 7.41360318E-06 0.00000000E+00
1.7342E+04 7.12693283E-06 0.00000000E+00
1.7365E+04 6.64386760E-06 0.00000000E+00
1.7389E+04 6.25811561E-06 0.00000000E+00
1.7412E+04 6.04264158E-06 0.00000000E+00
1.7436E+04 5.68663997E-06 0.00000000E+00
1.7459E+04 5.27024627E-06 0.00000000E+00
1.7483E+04 5.04832868E-06 0.00000000E+00
1.7507E+04 4.82638490E-06 0.00000000E+00
1.7530E+04 4.45679527E-06 0.00000000E+00
1.7554E+04 4.19098346E-06 0.00000000E+00
1.7577E+04 4.05209389E-06 0.00000000E+00
1.7601E+04 3.79450900E-06 0.00000000E+00
1.7624E+04 3.50816494E-06 0.00000000E+00
1.7648E+04 3.38332035E-06 0.00000000E+00
1.7671E+04 3.25150769E-06 0.00000000E+00
1.7695E+04 3.00853949E-06 0.00000000E+00
1.7719E+04 2.85847496E-06 0.00000000E+00
1.7742E+04 2.81182905E-06 0.00000000E+00
1.7766E+04 2.67149101E-06 0.00000000E+00
1.7789E+04 2.51089176E-06 0.00000000E+00
1.7813E+04 2.48716905E-06 0.00000000E+00
1.7836E+04 2.46494583E-06 0.00000000E+00
1.7860E+04 2.34875585E-06 0.00000000E+00
1.7884E+04 2.30887051E-06 0.00000000E+00
1.7907E+04 2.36891273E-06 0.00000000E+00
1.7931E+04 2.35179677E-06 0.00000000E+00
1.7954E+04 2.30626158E-06 0.00000000E+00
1.7978E+04 2.38903769E-06 0.00000000E+00
1.8001E+04 2.48629963E-06 0.00000000E+00
1.8025E+04 2.48613249E-06 0.00000000E+00
1.8048E+04 2.55149297E-06 0.00000000E+00
1.8072E+04 2.72796500E-06 0.00000000E+00
1.8096E+04 2.82702015E-06 0.00000000E+00
1.8119E+04 2.88299391E-06 0.00000000E+00
1.8143E+04 3.07719605E-06 0.00000000E+00
1.8166E+04 3.29197940E-06 0.00000000E+00
1.8190E+04 3.38952049E-06 0.00000000E+00
1.8213E+04 3.55657640E-06 0.00000000E+00
1.8237E+04 3.85125047E-06 0.00000000E+00
1.8261E+04 4.04812635E-06 0.00000000E+00
1.8284E+04 4.19214835E-06 0.00000000E+00
1.8308E+04 4.49965331E-06 0.00000000E+00
1.8331E+04 4.81759134E-06 0.00000000E+00
1.8355E+04 4.99089092E-06 0.00000000E+00
1.8378E+04 5.25689697E-06 0.00000000E+00
1.8402E+04 5.66122939E-06 0.00000000E+00
1.8425E+04 5.92952411E-06 0.00000000E+00
1.8449E+04 6.15013206E-06 0.00000000E+00
1.8473E+04 6.56696271E-06 0.00000000E+00
1.8496E+04 6.96261093E-06 0.00000000E+00
1.8520E+04 7.18982885E-06 0.00000000E+00
1.8543E+04 7.55117818E-06 0.00000000E+00
1.8567E+04 8.04541633E-06 0.00000000E+00
1.8590E+04 8.35482308E-06 0.00000000E+00
1.8614E+04 8.64312549E-06 0.00000000E+00
1.8637E+04 9.15712136E-06 0.00000000E+00
1.8661E+04 9.59693450E-06 0.00000000E+00
1.8685E+04 9.85925205E-06 0.00000000E+00
1.8708E+04 1.03091998E-05 0.00000000E+00
1.8732E+04 1.08632097E-05 0.00000000E+00
1.8755E+04 1.11838180E-05 0.00000000E+00
1.8779E+04 1.15327714E-05 0.00000000E+00
1.8802E+04 1.21223298E-05 0.00000000E+00
1.8826E+04 1.25687893E-05 0.00000000E+00
1.8850E+04 1.28520483E-05 0.00000000E+00
1.8873E+04 1.33784406E-05 0.00000000E+00
1.8897E+04 1.39542081E-05 0.00000000E+00
1.8920E+04 1.42602353E-05 0.00000000E+00
1.8944E+04 1.46629428E-05 0.00000000E+00
1.8967E+04 1.52972299E-05 0.00000000E+00
1.8991E+04 1.57134353E-05 0.00000000E+00
1.9014E+04 1.60083500E-05 0.00000000E+00
1.9038E+04 1.65919817E-05 0.00000000E+00
1.9062E+04 1.71474395E-05 0.00000000E+00
1.9085E+04 1.74198185E-05 0.00000000E+00
1.9109E+04 1.78673708E-05 0.00000000E+00
1.9132E+04 1.85081261E-05 0.00000000E+00
1.9156E+04 1.88621096E-05 0.00000000E+00
1.9179E+04 1.91631934E-05 0.00000000E+00
1.9203E+04 1.97772978E-05 0.00000000E+00
1.9227E+04 2.02708947E-05 0.00000000E+00
1.9250E+04 2.04983912E-05 0.00000000E+00
1.9274E+04 2.09778571E-05 0.00000000E+00
1.9297E+04 2.15826146E-05 0.00000000E+00
1.9321E+04 2.18507120E-05 0.00000000E+00
1.9344E+04 2.21543129E-05 0.00000000E+00
1.9368E+04 2.27654615E-05 0.00000000E+00
1.9391E+04 2.31607614E-05 0.00000000E+00
1.9415E+04 2.33395834E-05 0.00000000E+00
1.9439E+04 2.38327198E-05 0.00000000E+00
1.9462E+04 2.43589962E-05 0.00000000E+00
1.9486E+04 2.45277996E-05 0.00000000E+00
1.9509E+04 2.48297989E-05 0.00000000E+00
1.9533E+04 2.54002100E-05 0.00000000E+00
1.9556E+04 2.56698105E-05 0.00000000E+00
1.9580E+04 2.58019554E-05 0.00000000E+00
1.9604E+04 2.62850476E-05 0.00000000E+00
1.9627E+04 2.66948673E-05 0.00000000E+00
1.9651E+04 2.67615542E-05 0.00000000E+00
1.9674E+04 2.70553217E-05 0.00000000E+00
1.9698E+04 2.75462992E-05 0.00000000E+00
1.9721E+04 2.76744880E-05 0.00000000E+00
1.9745E+04 2.77652898E-05 0.00000000E+00
1.9768E+04 2.82102995E-05 0.00000000E+00
1.9792E+04 2.84743541E-05 0.00000000E+00
1.9816E+04 2.84454758E-05 0.00000000E+00
1.9839E+04 2.87206007E-05 0.00000000E+00
1.9863E+04 2.90965943E-05 0.00000000E+00
1.9886E+04 2.90803874E-05 0.00000000E+00
1.9910E+04 2.91358490E-05 0.00000000E+00
1.9933E+04 2.95127734E-05 0.00000000E+00
1.9957E+04 2.96135739E-05 0.00000000E+00
1.9981E+04 2.95026519E-05 0.00000000E+00
2.0004E+04 2.97447870E-05 0.00000000E+00
2.0028E+04 2.99774374E-05 0.00000000E+00
2.0051E+04 2.98259275E-05 0.00000000E+00
2.0075E+04 2.98504226E-05 0.00000000E+00
2.0098E+04 3.01305239E-05 0.00000000E+00
2.0122E+04 3.00640779E-05 0.00000000E+00
2.0145E+04 2.98885406E-05 0.00000000E+00
2.0169E+04 3.00804582E-05 0.00000000E+00
2.0193E+04 3.01519798E-05 0.00000000E+00
2.0216E+04 2.98842080E-05 0.00000000E+00
2.0240E+04 2.98790279E-05 0.00000000E+00
2.0263E+04 3.00384052E-05 0.00000000E+00
2.0287E+04 2.98142016E-05 0.00000000E+00
2.0310E+04 2.95922727E-05 0.00000000E+00
2.0334E+04 2.97159700E-05 0.00000000E+00
2.0358E+04 2.96213247E-05 0.00000000E+00
2.0381E+04 2.92631177E-05 0.00000000E+00
2.0405E+04 2.92261354E-05 0.00000000E+00
2.0428E+04 2.92490285E-05 0.00000000E+00
2.0452E+04 2.88883913E-05 0.00000000E+00
2.0475E+04 2.86364938E-05 0.00000000E+00
2.0499E+04 2.86759662E-05 0.00000000E+00
2.0522E+04 2.84234823E-05 0.00000000E+00
2.0546E+04 2.80038392E-05 0.00000000E+00
2.0570E+04 2.79303162E-05 0.00000000E+00
2.0593E+04 2.78115613E-05 0.00000000E+00
2.0617E+04 2.73446929E-05 0.00000000E+00
2.0640E+04 2.70757911E-05 0.00000000E+00
2.0664E+04 2.70199431E-05 0.00000000E+00
2.0687E+04 2.66302927E-05 0.00000000E+00
2.0711E+04 2.61779323E-05 0.00000000E+00
2.0735E+04 2.60622528E-05 0.00000000E+00
2.0758E+04 2.58084469E-05 0.00000000E+00
2.0782E+04 2.52706748E-05 0.00000000E+00
2.0805E+04 2.49937568E-05 0.00000000E+00
2.0829E+04 2.48388826E-05 0.00000000E+00
2.0852E+04 2.43425937E-05 0.00000000E+00
2.0876E+04 2.38831919E-05 0.00000000E+00
2.0899E+04 2.37211134E-05 0.00000000E+00
2.0923E+04 2.33502641E-05 0.00000000E+00
2.0947E+04 2.27780984E-05 0.00000000E+00
2.0970E+04 2.24987566E-05 0.00000000E+00
2.0994E+04 2.22500917E-05 0.00000000E+00
2.1017E+04 2.16840061E-05 0.00000000E+00
2.1041E+04 2.12384791E-05 0.00000000E+00
2.1064E+04 2.10293900E-05 0.00000000E+00
2.1088E+04 2.05690845E-05 0.00000000E+00
2.1112E+04 1.99966806E-05 0.00000000E+00
2.1135E+04 1.97185328E-05 0.00000000E+00
2.1159E+04 1.93905450E-05 0.00000000E+00
2.1182E+04 1.87937837E-05 0.00000000E+00
2.1206E+04 1.83777520E-05 0.00000000E+00
2.1229E+04 1.81264247E-05 0.00000000E+00
2.1253E+04 1.76108003E-05 0.00000000E+00
2.1276E+04 1.70673066E-05 0.00000000E+00
2.1300E+04 1.67938377E-05 0.00000000E+00
2.1324E+04 1.64091530E-05 0.00000000E+00
2.1347E+04 1.58192016E-05 0.00000000E+00
2.1371E+04 1.54435306E-05 0.00000000E+00
2.1394E+04 1.51609591E-05 0.00000000E+00
2.1418E+04 1.46269513E-05 0.00000000E+00
2.1441E+04 1.41350219E-05 0.00000000E+00
2.1465E+04 1.38713593E-05 0.00000000E+00
2.1488E+04 1.34584608E-05 0.00000000E+00
2.1512E+04 1.29079242E-05 0.00000000E+00
2.1536E+04 1.25800395E-05 0.00000000E+00
2.1559E+04 1.22831326E-05 0.00000000E+00
2.1583E+04 1.17665743E-05 0.00000000E+00
2.1606E+04 1.13420989E-05 0.00000000E+00
2.1630E+04 1.10962660E-05 0.00000000E+00
2.1653E+04 1.06863181E-05 0.00000000E+00
2.1677E+04 1.02007446E-05 0.00000000E+00
2.1701E+04 9.92629092E-06 0.00000000E+00
2.1724E+04 9.63640808E-06 0.00000000E+00
2.1748E+04 9.16855849E-06 0.00000000E+00
2.1771E+04 8.82143317E-06 0.00000000E+00
2.1795E+04 8.60474645E-06 0.00000000E+00
2.1818E+04 8.22804293E-06 0.00000000E+00
2.1842E+04 7.82500120E-06 0.00000000E+00
2.1865E+04 7.60937648E-06 0.00000000E+00
2.1889E+04 7.34992034E-06 0.00000000E+00
2.1913E+04 6.95489464E-06 0.00000000E+00
2.1936E+04 6.69048222E-06 0.00000000E+00
2.1960E+04 6.51694366E-06 0.00000000E+00
2.1983E+04 6.19953563E-06 0.00000000E+00
2.2007E+04 5.88889819E-06 0.00000000E+00
2.2030E+04 5.73825623E-06 0.00000000E+00
2.2054E+04 5.53171209E-06 0.00000000E+00
2.2078E+04 5.22510998E-06 0.00000000E+00
2.2101E+04 5.04594471E-06 0.00000000E+00
2.2125E+04 4.93069681E-06 0.00000000E+00
2.2148E+04 4.69171159E-06 0.00000000E+00
2.2172E+04 4.47689472E-06 0.00000000E+00
2.2195E+04 4.39835199E-06 0.00000000E+00
2.2219E+04 4.26327392E-06 0.00000000E+00
2.2242E+04 4.05208481E-06 0.00000000E+00
2.2266E+04 3.95937671E-06 0.00000000E+00
2.2290E+04 3.91648544E-06 0.00000000E+00
2.2313E+04 3.76651767E-06 0.00000000E+00
2.2337E+04 3.64628340E-06 0.00000000E+00
2.2360E+04 3.64725684E-06 0.00000000E+00
2.2384E+04 3.59571133E-06 0.00000000E+00
2.2407E+04 3.47935443E-06 0.00000000E+00
2.2431E+04 3.47393594E-06 0.00000000E+00
2.2455E+04 3.51391178E-06 0.00000000E+00
2.2478E+04 3.45467212E-06 0.00000000E+00
2.2502E+04 3.42503885E-06 0.00000000E+00
2.2525E+04 3.51184137E-06 0.00000000E+00
2.2549E+04 3.54773822E-06 0.00000000E+00
2.2572E+04 3.51991464E-06 0.00000000E+00
2.2596E+04 3.60242770E-06 0.00000000E+00
2.2619E+04 3.72995756E-06 0.00000000E+00
2.2643E+04 3.75514515E-06 0.00000000E+00
2.2667E+04 3.81098474E-06 0.00000000E+00
2.2690E+04 3.98697557E-06 0.00000000E+00
2.2714E+04 4.10555674E-06 0.00000000E+00
2.2737E+04 4.15647926E-06 0.00000000E+00
2.2761E+04 4.32678981E-06 0.00000000E+00
2.2784E+04 4.53912440E-06 0.00000000E+00
2.2808E+04 4.63628450E-06 0.00000000E+00
2.2832E+04 4.77229456E-06 0.00000000E+00
2.2855E+04 5.03598937E-06 0.00000000E+00
2.2879E+04 5.22454203E-06 0.00000000E+00
2.2902E+04 5.34308419E-06 0.00000000E+00
2.2926E+04 5.59909525E-06 0.00000000E+00
2.2949E+04 5.88542401E-06 0.00000000E+00
2.2973E+04 6.03840080E-06 0.00000000E+00
2.2996E+04 6.24930740E-06 0.00000000E+00
2.3020E+04 6.59287874E-06 0.00000000E+00
2.3044E+04 6.83252941E-06 0.00000000E+00
2.3067E+04 7.00789911E-06 0.00000000E+00
2.3091E+04 7.34407790E-06 0.00000000E+00
2.3114E+04 7.68605092E-06 0.00000000E+00
2.3138E+04 7.87757305E-06 0.00000000E+00
2.3161E+04 8.15760596E-06 0.00000000E+00
2.3185E+04 8.56614585E-06 0.00000000E+00
2.3209E+04 8.83441475E-06 0.00000000E+00
2.3232E+04 9.05709335E-06 0.00000000E+00
2.3256E+04 9.46310491E-06 0.00000000E+00
2.3279E+04 9.83646059E-06 0.00000000E+00
2.3303E+04 1.00504127E-05 0.00000000E+00
2.3326E+04 1.03922655E-05 0.00000000E+00
2.3350E+04 1.08440500E-05 0.00000000E+00
2.3373E+04 1.11177312E-05 0.00000000E+00
2.3397E+04 1.13795958E-05 0.00000000E+00
2.3421E+04 1.18394304E-05 0.00000000E+00
2.3444E+04 1.22164967E-05 0.00000000E+00
2.3468E+04 1.24395258E-05 0.00000000E+00
2.3491E+04 1.28331316E-05 0.00000000E+00
2.3515E+04 1.33009478E-05 0.00000000E+00
2.3538E+04 1.35588469E-05 0.00000000E+00
2.3562E+04 1.38525746E-05 0.00000000E+00
2.3586E+04 1.43444701E-05 0.00000000E+00
2.3609E+04 1.46971582E-05 0.00000000E+00
2.3633E+04 1.49194174E-05 0.00000000E+00
2.3656E+04 1.53509162E-05 0.00000000E+00
2.3680E+04 1.58043173E-05 0.00000000E+00
2.3703E+04 1.60294281E-05 0.00000000E+00
2.3727E+04 1.63474319E-05 0.00000000E+00
2.3750E+04 1.68447444E-05 0.00000000E+00
2.3774E+04 1.71475761E-05 0.00000000E+00
2.3798E+04 1.73625870E-05 0.00000000E+00
2.3821E+04 1.78138277E-05 0.00000000E+00
2.3845E+04 1.82220136E-05 0.00000000E+00
2.3868E+04 1.84028371E-05 0.00000000E+00
2.3892E+04 1.87360760E-05 0.00000000E+00
2.3915E+04 1.92090729E-05 0.00000000E+00
2.3939E+04 1.94417862E-05 0.00000000E+00
2.3962E+04 1.96455770E-05 0.00000000E+00
2.3986E+04 2.00943901E-05 0.00000000E+00
2.4010E+04 2.04292976E-05 0.00000000E+00
2.4033E+04 2.05601753E-05 0.00000000E+00
2.4057E+04 2.08971995E-05 0.00000000E+00
2.4080E+04 2.13155726E-05 0.00000000E+00
2.4104E+04 2.14649354E-05 0.00000000E+00
2.4127E+04 2.16547424E-05 0.00000000E+00
2.4151E+04 2.20760691E-05 0.00000000E+00
2.4175E+04 2.23152134E-05 0.00000000E+00
2.4198E+04 2.23957303E-05 0.00000000E+00
2.4222E+04 2.27222694E-05 0.00000000E+00
2.4245E+04 2.30580244E-05 0.00000000E+00
2.4269E+04 2.31186317E-05 0.00000000E+00
2.4292E+04 2.32915215E-05 0.00000000E+00
2.4316E+04 2.36593121E-05 0.00000000E+00
2.4339E+04 2.37879695E-05 0.00000000E+00
2.4363E+04 2.38216435E-05 0.00000000E+00
2.4387E+04 2.41209262E-05 0.00000000E+00
2.4410E+04 2.43512291E-05 0.00000000E+00
2.4434E+04 2.43252401E-05 0.00000000E+00
2.4457E+04 2.44770089E-05 0.00000000E+00
2.4481E+04 2.47666479E-05 0.00000000E+00
2.4504E+04 2.47790780E-05 0.00000000E+00
2.4528E+04 2.47716679E-05 0.00000000E+00
2.4552E+04 2.50255076E-05 0.00000000E+00
2.4575E+04 2.51350636E-05 0.00000000E+00
2.4599E+04 2.50310110E-05 0.00000000E+00
2.4622E+04 2.51556376E-05 0.00000000E+00
2.4646E+04 2.53465377E-05 0.00000000E+00
2.4669E+04 2.52461052E-05 0.00000000E+00
2.4693E+04 2.52039096E-05 0.00000000E+00
2.4716E+04 2.53944267E-05 0.00000000E+00
2.4740E+04 2.53770357E-05 0.00000000E+00
2.4764E+04 2.52079837E-05 0.00000000E+00
2.4787E+04 2.52977837E-05 0.00000000E+00
2.4811E+04 2.53757447E-05 0.00000000E+00
2.4834E+04 2.51739786E-05 0.00000000E+00
2.4858E+04 2.51024673E-05 0.00000000E+00
2.4881E+04 2.52141793E-05 0.00000000E+00
2.4905E+04 2.50732457E-05 0.00000000E+00
2.4929E+04 2.48546588E-05 0.00000000E+00
2.4952E+04 2.49011330E-05 0.00000000E+00
2.4976E+04 2.48600839E-05 0.00000000E+00
2.4999E+04 2.45748762E-05 0.00000000E+00
2.5023E+04 2.44779033E-05 0.00000000E+00
2.5046E+04 2.44998295E-05 0.00000000E+00
2.5070E+04 2.42477681E-05 0.00000000E+00
2.5093E+04 2.39954701E-05 0.00000000E+00
2.5117E+04 2.39906854E-05 0.00000000E+00
2.5141E+04 2.38335248E-05 0.00000000E+00
2.5164E+04 2.34867934E-05 0.00000000E+00
2.5188E+04 2.33665004E-05 0.00000000E+00
2.5211E+04 2.32939066E-05 0.00000000E+00
2.5235E+04 2.29505614E-05 0.00000000E+00
2.5258E+04 2.26791089E-05 0.00000000E+00
2.5282E+04 2.26173384E-05 0.00000000E+00
2.5306E+04 2.23557308E-05 0.00000000E+00
2.5329E+04 2.19709319E-05 0.00000000E+00
2.5353E+04 2.18283024E-05 0.00000000E+00
2.5376E+04 2.16637669E-05 0.00000000E+00
2.5400E+04 2.12541078E-05 0.00000000E+00
2.5423E+04 2.09757982E-05 0.00000000E+00
2.5447E+04 2.08550854E-05 0.00000000E+00
2.5470E+04 2.05082424E-05 0.00000000E+00
2.5494E+04 2.01081102E-05 0.00000000E+00
2.5518E+04 1.99439993E-05 0.00000000E+00
2.5541E+04 1.96975899E-05 0.00000000E+00
2.5565E+04 1.92490527E-05 0.00000000E+00
2.5588E+04 1.89736422E-05 0.00000000E+00
2.5612E+04 1.87969615E-05 0.00000000E+00
2.5635E+04 1.83895959E-05 0.00000000E+00
2.5659E+04 1.79944125E-05 0.00000000E+00
2.5683E+04 1.78107772E-05 0.00000000E+00
2.5706E+04 1.74992805E-05 0.00000000E+00
2.5730E+04 1.70391417E-05 0.00000000E+00
2.5753E+04 1.67742029E-05 0.00000000E+00
2.5777E+04 1.65499563E-05 0.00000000E+00
2.5800E+04 1.61097191E-05 0.00000000E+00
2.5824E+04 1.57362921E-05 0.00000000E+00
2.5847E+04 1.55373119E-05 0.00000000E+00
2.5871E+04 1.51826089E-05 0.00000000E+00
2.5895E+04 1.47357532E-05 0.00000000E+00
2.5918E+04 1.44874768E-05 0.00000000E+00
2.5942E+04 1.42291866E-05 0.00000000E+00
2.5965E+04 1.37839629E-05 0.00000000E+00
2.5989E+04 1.34453445E-05 0.00000000E+00
2.6012E+04 1.32381437E-05 0.00000000E+00
2.6036E+04 1.28649691E-05 0.00000000E+00
2.6060E+04 1.24523067E-05 0.00000000E+00
2.6083E+04 1.22264736E-05 0.00000000E+00
2.6107E+04 1.19516728E-05 0.00000000E+00
2.6130E+04 1.15271142E-05 0.00000000E+00
2.6154E+04 1.12329507E-05 0.00000000E+00
2.6177E+04 1.10277160E-05 0.00000000E+00
2.6201E+04 1.06611301E-05 0.00000000E+00
2.6224E+04 1.02987882E-05 0.00000000E+00
2.6248E+04 1.01016196E-05 0.00000000E+00
2.6272E+04 9.83008674E-06 0.00000000E+00
2.6295E+04 9.44769103E-06 0.00000000E+00
2.6319E+04 9.20498643E-06 0.00000000E+00
2.6342E+04 9.01439672E-06 0.00000000E+00
2.6366E+04 8.67733702E-06 0.00000000E+00
2.6389E+04 8.37660535E-06 0.00000000E+00
2.6413E+04 8.21524002E-06 0.00000000E+00
2.6437E+04 7.96684460E-06 0.00000000E+00
2.6460E+04 7.64278531E-06 0.00000000E+00
2.6484E+04 7.45680449E-06 0.00000000E+00
2.6507E+04 7.29482826E-06 0.00000000E+00
2.6531E+04 7.00608345E-06 0.00000000E+00
2.6554E+04 6.77396484E-06 0.00000000E+00
2.6578E+04 6.65640799E-06 0.00000000E+00
2.6601E+04 6.44889785E-06 0.00000000E+00
2.6625E+04 6.19366719E-06 0.00000000E+00
2.6649E+04 6.06870542E-06 0.00000000E+00
2.6672E+04 5.94894950E-06 0.00000000E+00
2.6696E+04 5.72181220E-06 0.00000000E+00
2.6719E+04 5.56193916E-06 0.00000000E+00
2.6743E+04 5.49644731E-06 0.00000000E+00
2.6766E+04 5.34351902E-06 0.00000000E+00
2.6790E+04 5.16230641E-06 0.00000000E+00
2.6813E+04 5.10210957E-06 0.00000000E+00
2.6837E+04 5.03599322E-06 0.00000000E+00
2.6861E+04 4.87772422E-06 0.00000000E+00
2.6884E+04 4.79136423E-06 0.00000000E+00
2.6908E+04 4.78535891E-06 0.00000000E+00
2.6931E+04 4.69529893E-06 0.00000000E+00
2.6955E+04 4.58891277E-06 0.00000000E+00
2.6978E+04 4.59663016E-06 0.00000000E+00
2.7002E+04 4.59169823E-06 0.00000000E+00
2.7026E+04 4.50379437E-06 0.00000000E+00
2.7049E+04 4.49068601E-06 0.00000000E+00
2.7073E+04 4.54939600E-06 0.00000000E+00
2.7096E+04 4.52447757E-06 0.00000000E+00
2.7120E+04 4.49054534E-06 0.00000000E+00
2.7143E+04 4.56821632E-06 0.00000000E+00
2.7167E+04 4.62688568E-06 0.00000000E+00
2.7190E+04 4.60601138E-06 0.00000000E+00
2.7214E+04 4.66484252E-06 0.00000000E+00
2.7238E+04 4.78994153E-06 0.00000000E+00
2.7261E+04 4.82663158E-06 0.00000000E+00
2.7285E+04 4.86079662E-06 0.00000000E+00
2.7308E+04 5.00848748E-06 0.00000000E+00
2.7332E+04 5.12744842E-06 0.00000000E+00
2.7355E+04 5.16679413E-06 0.00000000E+00
2.7379E+04 5.29523741E-06 0.00000000E+00
2.7403E+04 5.48375904E-06 0.00000000E+00
2.7426E+04 5.57365505E-06 0.00000000E+00
2.7450E+04 5.67052738E-06 0.00000000E+00
2.7473E+04 5.88532522E-06 0.00000000E+00
2.7497E+04 6.05570854E-06 0.00000000E+00
2.7520E+04 6.14649135E-06 0.00000000E+00
2.7544E+04 6.34082911E-06 0.00000000E+00
2.7567E+04 6.58460213E-06 0.00000000E+00
2.7591E+04 6.71590410E-06 0.00000000E+00
2.7615E+04 6.86960633E-06 0.00000000E+00
2.7638E+04 7.14472321E-06 0.00000000E+00
2.7662E+04 7.35301401E-06 0.00000000E+00
2.7685E+04 7.48584280E-06 0.00000000E+00
2.7709E+04 7.74031830E-06 0.00000000E+00
2.7732E+04 8.02607863E-06 0.00000000E+00
2.7756E+04 8.18532639E-06 0.00000000E+00
2.7780E+04 8.38958396E-06 0.00000000E+00
2.7803E+04 8.71381781E-06 0.00000000E+00
2.7827E+04 8.94337294E-06 0.00000000E+00
2.7850E+04 9.10925735E-06 0.00000000E+00
2.7874E+04 9.41536086E-06 0.00000000E+00
2.7897E+04 9.72557975E-06 0.00000000E+00
2.7921E+04 9.89936075E-06 0.00000000E+00
2.7944E+04 1.01471975E-05 0.00000000E+00
2.7968E+04 1.05049391E-05 0.00000000E+00
2.7992E+04 1.07378680E-05 0.00000000E+00
2.8015E+04 1.09287446E-05 0.00000000E+00
2.8039E+04 1.12746690E-05 0.00000000E+00
2.8062E+04 1.15890119E-05 0.00000000E+00
2.8086E+04 1.17653737E-05 0.00000000E+00
2.8109E+04 1.20485665E-05 0.00000000E+00
2.8133E+04 1.24204463E-05 0.00000000E+00
2.8157E+04 1.26395637E-05 0.00000000E+00
2.8180E+04 1.28483240E-05 0.00000000E+00
2.8204E+04 1.32188012E-05 0.00000000E+00
2.8227E+04 1.35160228E-05 0.00000000E+00
2.8251E+04 1.36853988E-05 0.00000000E+00
2.8274E+04 1.39939010E-05 0.00000000E+00
2.8298E+04 1.43580552E-05 0.00000000E+00
2.8321E+04 1.45486126E-05 0.00000000E+00
2.8345E+04 1.47687254E-05 0.00000000E+00
2.8369E+04 1.51453864E-05 0.00000000E+00
2.8392E+04 1.54053935E-05 0.00000000E+00
2.8416E+04 1.55609549E-05 0.00000000E+00
2.8439E+04 1.58825098E-05 0.00000000E+00
2.8463E+04 1.62163288E-05 0.00000000E+00
2.8486E+04 1.63672877E-05 0.00000000E+00
2.8510E+04 1.65921879E-05 0.00000000E+00
2.8534E+04 1.69544918E-05 0.00000000E+00
2.8557E+04 1.71602796E-05 0.00000000E+00
2.8581E+04 1.72977409E-05 0.00000000E+00
2.8604E+04 1.76178679E-05 0.00000000E+00
2.8628E+04 1.79000057E-05 0.00000000E+00
2.8651E+04 1.80047003E-05 0.00000000E+00
2.8675E+04 1.82271633E-05 0.00000000E+00
2.8698E+04 1.85538304E-05 0.00000000E+00
2.8722E+04 1.86930237E-05 0.00000000E+00
2.8746E+04 1.88100298E-05 0.00000000E+00
2.8769E+04 1.91124938E-05 0.00000000E+00
2.8793E+04 1.93248603E-05 0.00000000E+00
2.8816E+04 1.93810156E-05 0.00000000E+00
2.8840E+04 1.95927273E-05 0.00000000E+00
2.8863E+04 1.98635112E-05 0.00000000E+00
2.8887E+04 1.99293104E-05 0.00000000E+00
2.8911E+04 2.00246029E-05 0.00000000E+00
2.8934E+04 2.02923728E-05 0.00000000E+00
2.8958E+04 2.04218319E-05 0.00000000E+00
2.8981E+04 2.04310074E-05 0.00000000E+00
2.9005E+04 2.06224927E-05 0.00000000E+00
2.9028E+04 2.08200529E-05 0.00000000E+00
2.9052E+04 2.08114862E-05 0.00000000E+00
2.9075E+04 2.08840710E-05 0.00000000E+00
2.9099E+04 2.11006734E-05 0.00000000E+00
2.9123E+04 2.11402087E-05 0.00000000E+00
2.9146E+04 2.11068331E-05 0.00000000E+00
2.9170E+04 2.12678226E-05 0.00000000E+00
2.9193E+04 2.13794288E-05 0.00000000E+00
2.9217E+04 2.13009229E-05 0.00000000E+00
2.9240E+04 2.13494448E-05 0.00000000E+00
2.9264E+04 2.15005302E-05 0.00000000E+00
2.9287E+04 2.14497285E-05 0.00000000E+00
2.9311E+04 2.13799422E-05 0.00000000E+00
2.9335E+04 2.15001592E-05 0.00000000E+00
2.9358E+04 2.15189768E-05 0.00000000E+00
2.9382E+04 2.13793647E-05 0.00000000E+00
2.9405E+04 2.14018332E-05 0.00000000E+00
2.9429E+04 2.14767180E-05 0.00000000E+00
2.9452E+04 2.13415244E-05 0.00000000E+00
2.9476E+04 2.12420606E-05 0.00000000E+00
2.9500E+04 2.13123174E-05 0.00000000E+00
2.9523E+04 2.12380821E-05 0.00000000E+00
2.9547E+04 2.10492460E-05 0.00000000E+00
2.9570E+04 2.10431733E-05 0.00000000E+00
2.9594E+04 2.10361150E-05 0.00000000E+00
2.9617E+04 2.08279262E-05 0.00000000E+00
2.9641E+04 2.07052300E-05 0.00000000E+00
2.9664E+04 2.07186497E-05 0.00000000E+00
2.9688E+04 2.05576382E-05 0.00000000E+00
2.9712E+04 2.03330265E-05 0.00000000E+00
2.9735E+04 2.02959450E-05 0.00000000E+00
2.9759E+04 2.02069391E-05 0.00000000E+00
2.9782E+04 1.99412004E-05 0.00000000E+00
2.9806E+04 1.98009188E-05 0.00000000E+00
2.9829E+04 1.97540653E-05 0.00000000E+00
2.9853E+04 1.95183737E-05 0.00000000E+00
2.9877E+04 1.92716271E-05 0.00000000E+00
2.9900E+04 1.92018693E-05 0.00000000E+00
2.9924E+04 1.90368317E-05 0.00000000E+00
2.9947E+04 1.87313637E-05 0.00000000E+00
2.9971E+04 1.85782498E-05 0.00000000E+00
2.9994E+04 1.84719522E-05 0.00000000E+00
3.0018E+04 1.81781978E-05 0.00000000E+00
3.0041E+04 1.79220746E-05 0.00000000E+00
3.0065E+04 1.78196371E-05 0.00000000E+00
3.0089E+04 1.75899276E-05 0.00000000E+00
3.0112E+04 1.72632317E-05 0.00000000E+00
3.0136E+04 1.71014174E-05 0.00000000E+00
3.0159E+04 1.69411193E-05 0.00000000E+00
3.0183E+04 1.66087617E-05 0.00000000E+00
3.0206E+04 1.63544745E-05 0.00000000E+00
3.0230E+04 1.62217664E-05 0.00000000E+00
3.0254E+04 1.59431147E-05 0.00000000E+00
3.0277E+04 1.56128837E-05 0.00000000E+00
3.0301E+04 1.54463952E-05 0.00000000E+00
3.0324E+04 1.52419392E-05 0.00000000E+00
3.0348E+04 1.48914613E-05 0.00000000E+00
3.0371E+04 1.46484478E-05 0.00000000E+00
3.0395E+04 1.44907388E-05 0.00000000E+00
3.0418E+04 1.41817219E-05 0.00000000E+00
3.0442E+04 1.38637239E-05 0.00000000E+00
3.0466E+04 1.36970685E-05 0.00000000E+00
3.0489E+04 1.34619157E-05 0.00000000E+00
3.0513E+04 1.31131065E-05 0.00000000E+00
3.0536E+04 1.28891698E-05 0.00000000E+00
3.0560E+04 1.27146093E-05 0.00000000E+00
3.0583E+04 1.23948942E-05 0.00000000E+00
3.0607E+04 1.21023153E-05 0.00000000E+00
3.0631E+04 1.19409566E-05 0.00000000E+00
3.0654E+04 1.16909403E-05 0.00000000E+00
3.0678E+04 1.13614877E-05 0.00000000E+00
3.0701E+04 1.11631749E-05 0.00000000E+00
3.0725E+04 1.09823326E-05 0.00000000E+00
3.0748E+04 1.06709252E-05 0.00000000E+00
3.0772E+04 1.04141685E-05 0.00000000E+00
3.0795E+04 1.02647377E-05 0.00000000E+00
3.0819E+04 1.00165243E-05 0.00000000E+00
3.0843E+04 9.72105594E-06 0.00000000E+00
3.0866E+04 9.55410837E-06 0.00000000E+00
3.0890E+04 9.37907715E-06 0.00000000E+00
3.0913E+04 9.09280522E-06 0.00000000E+00
3.0937E+04 8.87966223E-06 0.00000000E+00
3.0960E+04 8.74981064E-06 0.00000000E+00
3.0984E+04 8.51928699E-06 0.00000000E+00
3.1008E+04 8.26891299E-06 0.00000000E+00
3.1031E+04 8.13862380E-06 0.00000000E+00
3.1055E+04 7.98180606E-06 0.00000000E+00
3.1078E+04 7.73421063E-06 0.00000000E+00
3.1102E+04 7.57026471E-06 0.00000000E+00
3.1125E+04 7.46814098E-06 0.00000000E+00
3.1149E+04 7.26895462E-06 0.00000000E+00
3.1172E+04 7.07127575E-06 0.00000000E+00
3.1196E+04 6.98262379E-06 0.00000000E+00
3.1220E+04 6.85538354E-06 0.00000000E+00
3.1243E+04 6.65611708E-06 0.00000000E+00
3.1267E+04 6.54521277E-06 0.00000000E+00
3.1290E+04 6.47862929E-06 0.00000000E+00
3.1314E+04 6.32107502E-06 0.00000000E+00
3.1337E+04 6.18054778E-06 0.00000000E+00
3.1361E+04 6.13803996E-06 0.00000000E+00
3.1385E+04 6.04942683E-06 0.00000000E+00
3.1408E+04 5.90416692E-06 0.00000000E+00
3.1432E+04 5.84879088E-06 0.00000000E+00
3.1455E+04 5.82421116E-06 0.00000000E+00
3.1479E+04 5.71459400E-06 0.00000000E+00
3.1502E+04 5.63309621E-06 0.00000000E+00
3.1526E+04 5.64032350E-06 0.00000000E+00
3.1549E+04 5.59606488E-06 0.00000000E+00
3.1573E+04 5.50686865E-06 0.00000000E+00
3.1597E+04 5.50832921E-06 0.00000000E+00
3.1620E+04 5.52985154E-06 0.00000000E+00
3.1644E+04 5.47037403E-06 0.00000000E+00
3.1667E+04 5.44780293E-06 0.00000000E+00
3.1691E+04 5.50678852E-06 0.00000000E+00
3.1714E+04 5.50870099E-06 0.00000000E+00
3.1738E+04 5.47466353E-06 0.00000000E+00
3.1762E+04 5.53302045E-06 0.00000000E+00
3.1785E+04 5.60154344E-06 0.00000000E+00
3.1809E+04 5.59068020E-06 0.00000000E+00
3.1832E+04 5.62543735E-06 0.00000000E+00
3.1856E+04 5.73591157E-06 0.00000000E+00
3.1879E+04 5.78181299E-06 0.00000000E+00
3.1903E+04 5.79986032E-06 0.00000000E+00
3.1926E+04 5.91362814E-06 0.00000000E+00
3.1950E+04 6.02635865E-06 0.00000000E+00
3.1974E+04 6.05960692E-06 0.00000000E+00
3.1997E+04 6.14887392E-06 0.00000000E+00
3.2021E+04 6.30763890E-06 0.00000000E+00
3.2044E+04 6.39175953E-06 0.00000000E+00
3.2068E+04 6.45740779E-06 0.00000000E+00
3.2091E+04 6.62311992E-06 0.00000000E+00
3.2115E+04 6.77352886E-06 0.00000000E+00
3.2138E+04 6.84437375E-06 0.00000000E+00
3.2162E+04 6.98414803E-06 0.00000000E+00
3.2186E+04 7.18468992E-06 0.00000000E+00
3.2209E+04 7.29850106E-06 0.00000000E+00
3.2233E+04 7.40644662E-06 0.00000000E+00
3.2256E+04 7.61821099E-06 0.00000000E+00
3.2280E+04 7.79646792E-06 0.00000000E+00
3.2303E+04 7.89738266E-06 0.00000000E+00
3.2327E+04 8.08231066E-06 0.00000000E+00
3.2351E+04 8.31478093E-06 0.00000000E+00
3.2374E+04 8.44809650E-06 0.00000000E+00
3.2398E+04 8.59255738E-06 0.00000000E+00
3.2421E+04 8.84175037E-06 0.00000000E+00
3.2445E+04 9.03558808E-06 0.00000000E+00
3.2468E+04 9.15890434E-06 0.00000000E+00
3.2492E+04 9.38200572E-06 0.00000000E+00
3.2515E+04 9.63363224E-06 0.00000000E+00
3.2539E+04 9.77580328E-06 0.00000000E+00
3.2563E+04 9.95059962E-06 0.00000000E+00
3.2586E+04 1.02258287E-05 0.00000000E+00
3.2610E+04 1.04217188E-05 0.00000000E+00
3.2633E+04 1.05602457E-05 0.00000000E+00
3.2657E+04 1.08126558E-05 0.00000000E+00
3.2680E+04 1.10685708E-05 0.00000000E+00
3.2704E+04 1.12095906E-05 0.00000000E+00
3.2728E+04 1.14080167E-05 0.00000000E+00
3.2751E+04 1.16954389E-05 0.00000000E+00
3.2775E+04 1.18799106E-05 0.00000000E+00
3.2798E+04 1.20272442E-05 0.00000000E+00
3.2822E+04 1.22981078E-05 0.00000000E+00
3.2845E+04 1.25425076E-05 0.00000000E+00
3.2869E+04 1.26738753E-05 0.00000000E+00
3.2892E+04 1.28884654E-05 0.00000000E+00
3.2916E+04 1.31724862E-05 0.00000000E+00
3.2940E+04 1.33334034E-05 0.00000000E+00
3.2963E+04 1.34839375E-05 0.00000000E+00
3.2987E+04 1.37605622E-05 0.00000000E+00
3.3010E+04 1.39780558E-05 0.00000000E+00
3.3034E+04 1.40932991E-05 0.00000000E+00
3.3057E+04 1.43156148E-05 0.00000000E+00
3.3081E+04 1.45799226E-05 0.00000000E+00
3.3105E+04 1.47075449E-05 0.00000000E+00
3.3128E+04 1.48562542E-05 0.00000000E+00
3.3152E+04 1.51245842E-05 0.00000000E+00
3.3175E+04 1.53015532E-05 0.00000000E+00
3.3199E+04 1.53963797E-05 0.00000000E+00
3.3222E+04 1.56169409E-05 0.00000000E+00
3.3246E+04 1.58457653E-05 0.00000000E+00
3.3269E+04 1.59334624E-05 0.00000000E+00
3.3293E+04 1.60755714E-05 0.00000000E+00
3.3317E+04 1.63209767E-05 0.00000000E+00
3.3340E+04 1.64467644E-05 0.00000000E+00
3.3364E+04 1.65188774E-05 0.00000000E+00
3.3387E+04 1.67273287E-05 0.00000000E+00
3.3411E+04 1.69067675E-05 0.00000000E+00
3.3434E+04 1.69513152E-05 0.00000000E+00
3.3458E+04 1.70819823E-05 0.00000000E+00
3.3482E+04 1.72902966E-05 0.00000000E+00
3.3505E+04 1.73580713E-05 0.00000000E+00
3.3529E+04 1.74067423E-05 0.00000000E+00
3.3552E+04 1.75922946E-05 0.00000000E+00
3.3576E+04 1.77115331E-05 0.00000000E+00
3.3599E+04 1.77129912E-05 0.00000000E+00
3.3623E+04 1.78271255E-05 0.00000000E+00
3.3646E+04 1.79858083E-05 0.00000000E+00
3.3670E+04 1.79929989E-05 0.00000000E+00
3.3694E+04 1.80185235E-05 0.00000000E+00
3.3717E+04 1.81706515E-05 0.00000000E+00
3.3741E+04 1.82229087E-05 0.00000000E+00
3.3764E+04 1.81841460E-05 0.00000000E+00
3.3788E+04 1.82764376E-05 0.00000000E+00
3.3811E+04 1.83757073E-05 0.00000000E+00
3.3835E+04 1.83239733E-05 0.00000000E+00
3.3859E+04 1.83271470E-05 0.00000000E+00
3.3882E+04 1.84364629E-05 0.00000000E+00
3.3906E+04 1.84195401E-05 0.00000000E+00
3.3929E+04 1.83455228E-05 0.00000000E+00
3.3953E+04 1.84107176E-05 0.00000000E+00
3.3976E+04 1.84444946E-05 0.00000000E+00
3.4000E+04 1.83392688E-05 0.00000000E+00
3.4023E+04 1.83209977E-05 0.00000000E+00
3.4047E+04 1.83801815E-05 0.00000000E+00
3.4071E+04 1.82965466E-05 0.00000000E+00
3.4094E+04 1.81935332E-05 0.00000000E+00
3.4118E+04 1.82269236E-05 0.00000000E+00
3.4141E+04 1.81934455E-05 0.00000000E+00
3.4165E+04 1.80431435E-05 0.00000000E+00
3.4188E+04 1.80042682E-05 0.00000000E+00
3.4212E+04 1.80089094E-05 0.00000000E+00
3.4236E+04 1.78653187E-05 0.00000000E+00
3.4259E+04 1.77401019E-05 0.00000000E+00
3.4283E+04 1.77381528E-05 0.00000000E+00
3.4306E+04 1.76401693E-05 0.00000000E+00
3.4330E+04 1.74552041E-05 0.00000000E+00
3.4353E+04 1.73965570E-05 0.00000000E+00
3.4377E+04 1.73457673E-05 0.00000000E+00
3.4400E+04 1.71524931E-05 0.00000000E+00
3.4424E+04 1.70118024E-05 0.00000000E+00
3.4448E+04 1.69727958E-05 0.00000000E+00
3.4471E+04 1.68173121E-05 0.00000000E+00
3.4495E+04 1.66090650E-05 0.00000000E+00
3.4518E+04 1.65317267E-05 0.00000000E+00
3.4542E+04 1.64284153E-05 0.00000000E+00
3.4565E+04 1.61981978E-05 0.00000000E+00
3.4589E+04 1.60483315E-05 0.00000000E+00
3.4612E+04 1.59728994E-05 0.00000000E+00
3.4636E+04 1.57705020E-05 0.00000000E+00
3.4660E+04 1.55503901E-05 0.00000000E+00
3.4683E+04 1.54560650E-05 0.00000000E+00
3.4707E+04 1.53068143E-05 0.00000000E+00
3.4730E+04 1.50536882E-05 0.00000000E+00
3.4754E+04 1.49003861E-05 0.00000000E+00
3.4777E+04 1.47918149E-05 0.00000000E+00
3.4801E+04 1.45556736E-05 0.00000000E+00
3.4825E+04 1.43344199E-05 0.00000000E+00
3.4848E+04 1.42258212E-05 0.00000000E+00
3.4872E+04 1.40403651E-05 0.00000000E+00
3.4895E+04 1.37785140E-05 0.00000000E+00
3.4919E+04 1.36270327E-05 0.00000000E+00
3.4942E+04 1.34912581E-05 0.00000000E+00
3.4966E+04 1.32359403E-05 0.00000000E+00
3.4989E+04 1.30231033E-05 0.00000000E+00
3.5013E+04 1.29042355E-05 0.00000000E+00
3.5037E+04 1.26946026E-05 0.00000000E+00
3.5060E+04 1.24373774E-05 0.00000000E+00
3.5084E+04 1.22926885E-05 0.00000000E+00
3.5107E+04 1.21379515E-05 0.00000000E+00
3.5131E+04 1.18782048E-05 0.00000000E+00
3.5154E+04 1.16819712E-05 0.00000000E+00
3.5178E+04 1.15582153E-05 0.00000000E+00
3.5202E+04 1.13376511E-05 0.00000000E+00
3.5225E+04 1.10968441E-05 0.00000000E+00
3.5249E+04 1.09638543E-05 0.00000000E+00
3.5272E+04 1.08000469E-05 0.00000000E+00
3.5296E+04 1.05496991E-05 0.00000000E+00
3.5319E+04 1.03768922E-05 0.00000000E+00
3.5343E+04 1.02548378E-05 0.00000000E+00
3.5366E+04 1.00366474E-05 0.00000000E+00
3.5390E+04 9.82206312E-06 0.00000000E+00
3.5414E+04 9.70575866E-06 0.00000000E+00
3.5437E+04 9.54353984E-06 0.00000000E+00
3.5461E+04 9.31463257E-06 0.00000000E+00
3.5484E+04 9.17085527E-06 0.00000000E+00
3.5508E+04 9.05787377E-06 0.00000000E+00
3.5531E+04 8.85433439E-06 0.00000000E+00
3.5555E+04 8.67364365E-06 0.00000000E+00
3.5579E+04 8.57907940E-06 0.00000000E+00
3.5602E+04 8.42888086E-06 0.00000000E+00
3.5626E+04 8.23110947E-06 0.00000000E+00
3.5649E+04 8.12092335E-06 0.00000000E+00
3.5673E+04 8.02452568E-06 0.00000000E+00
3.5696E+04 7.84599920E-06 0.00000000E+00
3.5720E+04 7.70481541E-06 0.00000000E+00
3.5743E+04 7.63691279E-06 0.00000000E+00
3.5767E+04 7.50797039E-06 0.00000000E+00
3.5791E+04 7.34844295E-06 0.00000000E+00
3.5814E+04 7.27549373E-06 0.00000000E+00
3.5838E+04 7.20256145E-06 0.00000000E+00
3.5861E+04 7.05689704E-06 0.00000000E+00
3.5885E+04 6.95898566E-06 0.00000000E+00
3.5908E+04 6.92214621E-06 0.00000000E+00
3.5932E+04 6.82168852E-06 0.00000000E+00
3.5956E+04 6.70496866E-06 0.00000000E+00
3.5979E+04 6.67199224E-06 0.00000000E+00
3.6003E+04 6.62799807E-06 0.00000000E+00
3.6026E+04 6.52026624E-06 0.00000000E+00
3.6050E+04 6.46779007E-06 0.00000000E+00
3.6073E+04 6.46537945E-06 0.00000000E+00
3.6097E+04 6.39807731E-06 0.00000000E+00
3.6120E+04 6.32643453E-06 0.00000000E+00
3.6144E+04 6.33511908E-06 0.00000000E+00
3.6168E+04 6.32345985E-06 0.00000000E+00
3.6191E+04 6.25600496E-06 0.00000000E+00
3.6215E+04 6.24972045E-06 0.00000000E+00
3.6238E+04 6.28351182E-06 0.00000000E+00
3.6262E+04 6.25124908E-06 0.00000000E+00
3.6285E+04 6.22501900E-06 0.00000000E+00
3.6309E+04 6.27574134E-06 0.00000000E+00
3.6333E+04 6.29729094E-06 0.00000000E+00
3.6356E+04 6.27004192E-06 0.00000000E+00
3.6380E+04 6.30939128E-06 0.00000000E+00
3.6403E+04 6.37907433E-06 0.00000000E+00
3.6427E+04 6.38104789E-06 0.00000000E+00
3.6450E+04 6.39900379E-06 0.00000000E+00
3.6474E+04 6.49049771E-06 0.00000000E+00
3.6497E+04 6.54345266E-06 0.00000000E+00
3.6521E+04 6.55439932E-06 0.00000000E+00
3.6545E+04 6.63748257E-06 0.00000000E+00
3.6568E+04 6.74034126E-06 0.00000000E+00
3.6592E+04 6.77344730E-06 0.00000000E+00
3.6615E+04 6.83310302E-06 0.00000000E+00
3.6639E+04 6.96214371E-06 0.00000000E+00
3.6662E+04 7.04218719E-06 0.00000000E+00
3.6686E+04 7.08791591E-06 0.00000000E+00
3.6710E+04 7.21136776E-06 0.00000000E+00
3.6733E+04 7.34220633E-06 0.00000000E+00
3.6757E+04 7.40162906E-06 0.00000000E+00
3.6780E+04 7.49942598E-06 0.00000000E+00
3.6804E+04 7.66062315E-06 0.00000000E+00
3.6827E+04 7.76138238E-06 0.00000000E+00
3.6851E+04 7.83757171E-06 0.00000000E+00
3.6874E+04 7.99640172E-06 0.00000000E+00
3.6898E+04 8.14775994E-06 0.00000000E+00
3.6922E+04 8.22765503E-06 0.00000000E+00
3.6945E+04 8.35902548E-06 0.00000000E+00
3.6969E+04 8.54480717E-06 0.00000000E+00
3.6992E+04 8.65853404E-06 0.00000000E+00
3.7016E+04 8.76033627E-06 0.00000000E+00
3.7039E+04 8.94781015E-06 0.00000000E+00
3.7063E+04 9.11046198E-06 0.00000000E+00
3.7087E+04 9.20462377E-06 0.00000000E+00
3.7110E+04 9.36396217E-06 0.00000000E+00
3.7134E+04 9.56480315E-06 0.00000000E+00
3.7157E+04 9.68317626E-06 0.00000000E+00
3.7181E+04 9.80544767E-06 0.00000000E+00
3.7204E+04 1.00130903E-05 0.00000000E+00
3.7228E+04 1.01767740E-05 0.00000000E+00
3.7251E+04 1.02791915E-05 0.00000000E+00
3.7275E+04 1.04597934E-05 0.00000000E+00
3.7299E+04 1.06647022E-05 0.00000000E+00
3.7322E+04 1.07796348E-05 0.00000000E+00
3.7346E+04 1.09170179E-05 0.00000000E+00
3.7369E+04 1.11348014E-05 0.00000000E+00
3.7393E+04 1.12890914E-05 0.00000000E+00
3.7416E+04 1.13943292E-05 0.00000000E+00
3.7440E+04 1.15883718E-05 0.00000000E+00
3.7463E+04 1.17856045E-05 0.00000000E+00
3.7487E+04 1.18899491E-05 0.00000000E+00
3.7511E+04 1.20368461E-05 0.00000000E+00
3.7534E+04 1.22535954E-05 0.00000000E+00
3.7558E+04 1.23888019E-05 0.00000000E+00
3.7581E+04 1.24921828E-05 0.00000000E+00
3.7605E+04 1.26908171E-05 0.00000000E+00
3.7628E+04 1.28687460E-05 0.00000000E+00
3.7652E+04 1.29568093E-05 0.00000000E+00
3.7676E+04 1.31073108E-05 0.00000000E+00
3.7699E+04 1.33113183E-05 0.00000000E+00
3.7723E+04 1.34193002E-05 0.00000000E+00
3.7746E+04 1.35169053E-05 0.00000000E+00
3.7770E+04 1.37105102E-05 0.00000000E+00
3.7793E+04 1.38585447E-05 0.00000000E+00
3.7817E+04 1.39263658E-05 0.00000000E+00
3.7840E+04 1.40742078E-05 0.00000000E+00
3.7864E+04 1.42540092E-05 0.00000000E+00
3.7888E+04 1.43287973E-05 0.00000000E+00
3.7911E+04 1.44173360E-05 0.00000000E+00
3.7935E+04 1.45959512E-05 0.00000000E+00
3.7958E+04 1.47053981E-05 0.00000000E+00
3.7982E+04 1.47507823E-05 0.00000000E+00
3.8005E+04 1.48893971E-05 0.00000000E+00
3.8029E+04 1.50346261E-05 0.00000000E+00
3.8053E+04 1.50727899E-05 0.00000000E+00
3.8076E+04 1.51494096E-05 0.00000000E+00
3.8100E+04 1.53033283E-05 0.00000000E+00
3.8123E+04 1.53680828E-05 0.00000000E+00
3.8147E+04 1.53904274E-05 0.00000000E+00
3.8170E+04 1.55131313E-05 0.00000000E+00
3.8194E+04 1.56153504E-05 0.00000000E+00
3.8217E+04 1.56160794E-05 0.00000000E+00
3.8241E+04 1.56781947E-05 0.00000000E+00
3.8265E+04 1.57986601E-05 0.00000000E+00
3.8288E+04 1.58156448E-05 0.00000000E+00
3.8312E+04 1.58156225E-05 0.00000000E+00
3.8335E+04 1.59159510E-05 0.00000000E+00
3.8359E+04 1.59693536E-05 0.00000000E+00
3.8382E+04 1.59342722E-05 0.00000000E+00
3.8406E+04 1.59794752E-05 0.00000000E+00
3.8430E+04 1.60593981E-05 0.00000000E+00
3.8453E+04 1.60287045E-05 0.00000000E+00
3.8477E+04 1.60078860E-05 0.00000000E+00
3.8500E+04 1.60800511E-05 0.00000000E+00
3.8524E+04 1.60819430E-05 0.00000000E+00
3.8547E+04 1.60147100E-05 0.00000000E+00
3.8571E+04 1.60408046E-05 0.00000000E+00
3.8594E+04 1.60754056E-05 0.00000000E+00
3.8618E+04 1.60001329E-05 0.00000000E+00
3.8642E+04 1.59606300E-05 0.00000000E+00
3.8665E+04 1.60000422E-05 0.00000000E+00
3.8689E+04 1.59510387E-05 0.00000000E+00
3.8712E+04 1.58568148E-05 0.00000000E+00
3.8736E+04 1.58619788E-05 0.00000000E+00
3.8759E+04 1.58492622E-05 0.00000000E+00
3.8783E+04 1.57350914E-05 0.00000000E+00
3.8807E+04 1.56792861E-05 0.00000000E+00
3.8830E+04 1.56830622E-05 0.00000000E+00
3.8854E+04 1.55869787E-05 0.00000000E+00
3.8877E+04 1.54718496E-05 0.00000000E+00
3.8901E+04 1.54548991E-05 0.00000000E+00
3.8924E+04 1.53958854E-05 0.00000000E+00
3.8948E+04 1.52504606E-05 0.00000000E+00
3.8971E+04 1.51808570E-05 0.00000000E+00
3.8995E+04 1.51482278E-05 0.00000000E+00
3.9019E+04 1.50116815E-05 0.00000000E+00
3.9042E+04 1.48821216E-05 0.00000000E+00
3.9066E+04 1.48428228E-05 0.00000000E+00
3.9089E+04 1.47414997E-05 0.00000000E+00
3.9113E+04 1.45737073E-05 0.00000000E+00
3.9136E+04 1.44929110E-05 0.00000000E+00
3.9160E+04 1.44254536E-05 0.00000000E+00
3.9184E+04 1.42572342E-05 0.00000000E+00
3.9207E+04 1.41196756E-05 0.00000000E+00
3.9231E+04 1.40590327E-05 0.00000000E+00
3.9254E+04 1.39220253E-05 0.00000000E+00
3.9278E+04 1.37412677E-05 0.00000000E+00
3.9301E+04 1.36520671E-05 0.00000000E+00
3.9325E+04 1.35537107E-05 0.00000000E+00
3.9348E+04 1.33640064E-05 0.00000000E+00
3.9372E+04 1.32245483E-05 0.00000000E+00
3.9396E+04 1.31449974E-05 0.00000000E+00
3.9419E+04 1.29809972E-05 0.00000000E+00
3.9443E+04 1.27965462E-05 0.00000000E+00
3.9466E+04 1.27020453E-05 0.00000000E+00
3.9490E+04 1.25788319E-05 0.00000000E+00
3.9513E+04 1.23784094E-05 0.00000000E+00
3.9537E+04 1.22426711E-05 0.00000000E+00
3.9561E+04 1.21481206E-05 0.00000000E+00
3.9584E+04 1.19671456E-05 0.00000000E+00
3.9608E+04 1.17876353E-05 0.00000000E+00
3.9631E+04 1.16913764E-05 0.00000000E+00
3.9655E+04 1.15509961E-05 0.00000000E+00
3.9678E+04 1.13504312E-05 0.00000000E+00
3.9702E+04 1.12235196E-05 0.00000000E+00
3.9725E+04 1.11192041E-05 0.00000000E+00
3.9749E+04 1.09317833E-05 0.00000000E+00
3.9773E+04 1.07648716E-05 0.00000000E+00
3.9796E+04 1.06708865E-05 0.00000000E+00
3.9820E+04 1.05220412E-05 0.00000000E+00
3.9843E+04 1.03310762E-05 0.00000000E+00
3.9867E+04 1.02176216E-05 0.00000000E+00
3.9890E+04 1.01097671E-05 0.00000000E+00
3.9914E+04 9.92614628E-06 0.00000000E+00
3.9937E+04 9.77833917E-06 0.00000000E+00
3.9961E+04 9.69108393E-06 0.00000000E+00
3.9985E+04 9.54275733E-06 0.00000000E+00
