0.0000E+00 0.00000000E+00 0.00000000E+00
2.3562E+01 0.00000000E+00 0.00000000E+00
4.7124E+01 0.00000000E+00 0.00000000E+00
7.0686E+01 0.00000000E+00 0.00000000E+00
9.4248E+01 0.00000000E+00 0.00000000E+00
1.1781E+02 0.00000000E+00 0.00000000E+00
1.4137E+02 0.00000000E+00 0.00000000E+00
1.6493E+02 0.00000000E+00 0.00000000E+00
1.8850E+02 0.00000000E+00 0.00000000E+00
2.1206E+02 0.00000000E+00 0.00000000E+00
2.3562E+02 0.00000000E+00 0.00000000E+00
2.5918E+02 1.76849698E-272 0.00000000E+00
2.8274E+02 2.31920463E-219 0.00000000E+00
3.0631E+02 1.33182044E-176 0.00000000E+00
3.2987E+02 3.65270450E-141 0.00000000E+00
3.5343E+02 1.86613632E-111 0.00000000E+00
3.7699E+02 1.57816393E-86 0.00000000E+00
4.0055E+02 8.70741965E-66 0.00000000E+00
4.2412E+02 7.26977768E-49 0.00000000E+00
4.4768E+02 1.39227271E-35 0.00000000E+00
4.7124E+02 5.79456144E-26 0.00000000E+00
4.9480E+02 2.20405386E-20 0.00000000E+00
5.1836E+02 2.63934937E-19 0.00000000E+00
5.4192E+02 7.39292266E-19 0.00000000E+00
5.6549E+02 9.72556989E-19 0.00000000E+00
5.8905E+02 1.35232958E-18 0.00000000E+00
6.1261E+02 2.49283954E-18 0.00000000E+00
6.3617E+02 4.10400292E-18 0.00000000E+00
6.5973E+02 5.59986616E-18 0.00000000E+00
6.8330E+02 9.10952883E-18 0.00000000E+00
7.0686E+02 1.62732758E-17 0.00000000E+00
7.3042E+02 2.29659254E-17 0.00000000E+00
7.5398E+02 3.11252092E-17 0.00000000E+00
7.7754E+02 5.19716968E-17 0.00000000E+00
8.0111E+02 7.85592247E-17 0.00000000E+00
8.2467E+02 1.00052720E-16 0.00000000E+00
8.4823E+02 1.48196908E-16 0.00000000E+00
8.7179E+02 2.36670202E-16 0.00000000E+00
8.9535E+02 3.12959217E-16 0.00000000E+00
9.1892E+02 4.08687694E-16 0.00000000E+00
9.4248E+02 6.43986319E-16 0.00000000E+00
9.6604E+02 9.31805063E-16 0.00000000E+00
9.8960E+02 1.16231265E-15 0.00000000E+00
1.0132E+03 1.67355313E-15 0.00000000E+00
1.0367E+03 2.58808474E-15 0.00000000E+00
1.0603E+03 3.35666942E-15 0.00000000E+00
1.0838E+03 4.32493170E-15 0.00000000E+00
1.1074E+03 6.62321492E-15 0.00000000E+00
1.1310E+03 9.32393161E-15 0.00000000E+00
1.1545E+03 1.14556615E-14 0.00000000E+00
1.1781E+03 1.60901578E-14 0.00000000E+00
1.2017E+03 2.41326665E-14 0.00000000E+00
1.2252E+03 3.07362823E-14 0.00000000E+00
1.2488E+03 3.89609444E-14 0.00000000E+00
1.2723E+03 5.80399435E-14 0.00000000E+00
1.2959E+03 7.98891176E-14 0.00000000E+00
1.3195E+03 9.68474015E-14 0.00000000E+00
1.3430E+03 1.33067491E-13 0.00000000E+00
1.3666E+03 1.94321779E-13 0.00000000E+00
1.3902E+03 2.43473519E-13 0.00000000E+00
1.4137E+03 3.03979308E-13 0.00000000E+00
1.4373E+03 4.41176855E-13 0.00000000E+00
1.4608E+03 5.94553140E-13 0.00000000E+00
1.4844E+03 7.11846454E-13 0.00000000E+00
1.5080E+03 9.58773431E-13 0.00000000E+00
1.5315E+03 1.36630726E-12 0.00000000E+00
1.5551E+03 1.68619605E-12 0.00000000E+00
1.5787E+03 2.07663291E-12 0.00000000E+00
1.6022E+03 2.94274412E-12 0.00000000E+00
1.6258E+03 3.88706506E-12 0.00000000E+00
1.6493E+03 4.59939825E-12 0.00000000E+00
1.6729E+03 6.07959870E-12 0.00000000E+00
1.6965E+03 8.46137323E-12 0.00000000E+00
1.7200E+03 1.02899246E-11 0.00000000E+00
1.7436E+03 1.25075150E-11 0.00000000E+00
1.7671E+03 1.73190168E-11 0.00000000E+00
1.7907E+03 2.24315833E-11 0.00000000E+00
1.8143E+03 2.62394043E-11 0.00000000E+00
1.8378E+03 3.40592677E-11 0.00000000E+00
1.8614E+03 4.63153599E-11 0.00000000E+00
1.8850E+03 5.55131740E-11 0.00000000E+00
1.9085E+03 6.66253301E-11 0.00000000E+00
1.9321E+03 9.01968327E-11 0.00000000E+00
1.9556E+03 1.14576163E-10 0.00000000E+00
1.9792E+03 1.32531496E-10 0.00000000E+00
2.0028E+03 1.69028156E-10 0.00000000E+00
2.0263E+03 2.24675577E-10 0.00000000E+00
2.0499E+03 2.65477267E-10 0.00000000E+00
2.0735E+03 3.14741492E-10 0.00000000E+00
2.0970E+03 4.16848616E-10 0.00000000E+00
2.1206E+03 5.19498450E-10 0.00000000E+00
2.1441E+03 5.94402939E-10 0.00000000E+00
2.1677E+03 7.45333713E-10 0.00000000E+00
2.1913E+03 9.68882453E-10 0.00000000E+00
2.2148E+03 1.12895030E-09 0.00000000E+00
2.2384E+03 1.32278169E-09 0.00000000E+00
2.2619E+03 1.71501640E-09 0.00000000E+00
2.2855E+03 2.09774223E-09 0.00000000E+00
2.3091E+03 2.37508406E-09 0.00000000E+00
2.3326E+03 2.92984345E-09 0.00000000E+00
2.3562E+03 3.72680880E-09 0.00000000E+00
2.3798E+03 4.28392527E-09 0.00000000E+00
2.4033E+03 4.96298477E-09 0.00000000E+00
2.4269E+03 6.30338256E-09 0.00000000E+00
2.4504E+03 7.57106130E-09 0.00000000E+00
2.4740E+03 8.48576549E-09 0.00000000E+00
2.4976E+03 1.03042170E-08 0.00000000E+00
2.5211E+03 1.28342526E-08 0.00000000E+00
2.5447E+03 1.45609141E-08 0.00000000E+00
2.5683E+03 1.66870769E-08 0.00000000E+00
2.5918E+03 2.07768409E-08 0.00000000E+00
2.6154E+03 2.45211601E-08 0.00000000E+00
2.6389E+03 2.72196437E-08 0.00000000E+00
2.6625E+03 3.25560572E-08 0.00000000E+00
2.6861E+03 3.97368009E-08 0.00000000E+00
2.7096E+03 4.45229969E-08 0.00000000E+00
2.7332E+03 5.04976774E-08 0.00000000E+00
2.7567E+03 6.16857626E-08 0.00000000E+00
2.7803E+03 7.15923911E-08 0.00000000E+00
2.8039E+03 7.87472491E-08 0.00000000E+00
2.8274E+03 9.28283182E-08 0.00000000E+00
2.8510E+03 1.11133498E-07 0.00000000E+00
2.8746E+03 1.23059863E-07 0.00000000E+00
2.8981E+03 1.38197962E-07 0.00000000E+00
2.9217E+03 1.65769206E-07 0.00000000E+00
2.9452E+03 1.89369495E-07 0.00000000E+00
2.9688E+03 2.06509515E-07 0.00000000E+00
2.9924E+03 2.40078839E-07 0.00000000E+00
3.0159E+03 2.82211177E-07 0.00000000E+00
3.0395E+03 3.09081006E-07 0.00000000E+00
3.0631E+03 3.43837743E-07 0.00000000E+00
3.0866E+03 4.05366998E-07 0.00000000E+00
3.1102E+03 4.56287959E-07 0.00000000E+00
3.1337E+03 4.93597514E-07 0.00000000E+00
3.1573E+03 5.66282553E-07 0.00000000E+00
3.1809E+03 6.54354998E-07 0.00000000E+00
3.2044E+03 7.09440042E-07 0.00000000E+00
3.2280E+03 7.82141181E-07 0.00000000E+00
3.2515E+03 9.07208618E-07 0.00000000E+00
3.2751E+03 1.00737076E-06 0.00000000E+00
3.2987E+03 1.08161076E-06 0.00000000E+00
3.3222E+03 1.22535985E-06 0.00000000E+00
3.3458E+03 1.39364850E-06 0.00000000E+00
3.3694E+03 1.49711777E-06 0.00000000E+00
3.3929E+03 1.63644566E-06 0.00000000E+00
3.4165E+03 1.86945653E-06 0.00000000E+00
3.4400E+03 2.05035619E-06 0.00000000E+00
3.4636E+03 2.18624167E-06 0.00000000E+00
3.4872E+03 2.44749478E-06 0.00000000E+00
3.5107E+03 2.74350135E-06 0.00000000E+00
3.5343E+03 2.92287382E-06 0.00000000E+00
3.5579E+03 3.16897606E-06 0.00000000E+00
3.5814E+03 3.56957238E-06 0.00000000E+00
3.6050E+03 3.87184978E-06 0.00000000E+00
3.6285E+03 4.10209936E-06 0.00000000E+00
3.6521E+03 4.54125422E-06 0.00000000E+00
3.6757E+03 5.02410605E-06 0.00000000E+00
3.6992E+03 5.31325339E-06 0.00000000E+00
3.7228E+03 5.71642087E-06 0.00000000E+00
3.7463E+03 6.35650218E-06 0.00000000E+00
3.7699E+03 6.82754023E-06 0.00000000E+00
3.7935E+03 7.19107386E-06 0.00000000E+00
3.8170E+03 7.87850454E-06 0.00000000E+00
3.8406E+03 8.61465497E-06 0.00000000E+00
3.8642E+03 9.05136302E-06 0.00000000E+00
3.8877E+03 9.66794071E-06 0.00000000E+00
3.9113E+03 1.06255516E-05 0.00000000E+00
3.9348E+03 1.13156402E-05 0.00000000E+00
3.9584E+03 1.18540318E-05 0.00000000E+00
3.9820E+03 1.28632287E-05 0.00000000E+00
4.0055E+03 1.39205433E-05 0.00000000E+00
4.0291E+03 1.45432016E-05 0.00000000E+00
4.0527E+03 1.54294970E-05 0.00000000E+00
4.0762E+03 1.67811570E-05 0.00000000E+00
4.0998E+03 1.77393412E-05 0.00000000E+00
4.1233E+03 1.84923533E-05 0.00000000E+00
4.1469E+03 1.98919884E-05 0.00000000E+00
4.1705E+03 2.13339441E-05 0.00000000E+00
4.1940E+03 2.21782702E-05 0.00000000E+00
4.2176E+03 2.33841077E-05 0.00000000E+00
4.2412E+03 2.51977614E-05 0.00000000E+00
4.2647E+03 2.64685266E-05 0.00000000E+00
4.2883E+03 2.74699598E-05 0.00000000E+00
4.3118E+03 2.93170869E-05 0.00000000E+00
4.3354E+03 3.11985917E-05 0.00000000E+00
4.3590E+03 3.22952277E-05 0.00000000E+00
4.3825E+03 3.38589170E-05 0.00000000E+00
4.4061E+03 3.61892204E-05 0.00000000E+00
4.4296E+03 3.78106643E-05 0.00000000E+00
4.4532E+03 3.90855864E-05 0.00000000E+00
4.4768E+03 4.14215388E-05 0.00000000E+00
4.5003E+03 4.37869829E-05 0.00000000E+00
4.5239E+03 4.51603694E-05 0.00000000E+00
4.5475E+03 4.71061494E-05 0.00000000E+00
4.5710E+03 4.99926222E-05 0.00000000E+00
4.5946E+03 5.19960482E-05 0.00000000E+00
4.6181E+03 5.35598369E-05 0.00000000E+00
4.6417E+03 5.64091226E-05 0.00000000E+00
4.6653E+03 5.92922748E-05 0.00000000E+00
4.6888E+03 6.09606670E-05 0.00000000E+00
4.7124E+03 6.32986256E-05 0.00000000E+00
4.7360E+03 6.67660348E-05 0.00000000E+00
4.7595E+03 6.91763764E-05 0.00000000E+00
4.7831E+03 7.10353001E-05 0.00000000E+00
4.8066E+03 7.44067144E-05 0.00000000E+00
4.8302E+03 7.78315162E-05 0.00000000E+00
4.8538E+03 7.98076463E-05 0.00000000E+00
4.8773E+03 8.25353277E-05 0.00000000E+00
4.9009E+03 8.65951439E-05 0.00000000E+00
4.9244E+03 8.94315189E-05 0.00000000E+00
4.9480E+03 9.15841877E-05 0.00000000E+00
4.9716E+03 9.54729734E-05 0.00000000E+00
4.9951E+03 9.94543546E-05 0.00000000E+00
5.0187E+03 1.01746213E-04 0.00000000E+00
5.0423E+03 1.04850950E-04 0.00000000E+00
5.0658E+03 1.09502920E-04 0.00000000E+00
5.0894E+03 1.12778876E-04 0.00000000E+00
5.1129E+03 1.15217923E-04 0.00000000E+00
5.1365E+03 1.19608098E-04 0.00000000E+00
5.1601E+03 1.24152413E-04 0.00000000E+00
5.1836E+03 1.26763839E-04 0.00000000E+00
5.2072E+03 1.30225142E-04 0.00000000E+00
5.2308E+03 1.35458596E-04 0.00000000E+00
5.2543E+03 1.39182003E-04 0.00000000E+00
5.2779E+03 1.41895628E-04 0.00000000E+00
5.3014E+03 1.46762131E-04 0.00000000E+00
5.3250E+03 1.51867320E-04 0.00000000E+00
5.3486E+03 1.54798366E-04 0.00000000E+00
5.3721E+03 1.58590104E-04 0.00000000E+00
5.3957E+03 1.64385114E-04 0.00000000E+00
5.4192E+03 1.68557935E-04 0.00000000E+00
5.4428E+03 1.71531223E-04 0.00000000E+00
5.4664E+03 1.76841928E-04 0.00000000E+00
5.4899E+03 1.82497745E-04 0.00000000E+00
5.5135E+03 1.85744945E-04 0.00000000E+00
5.5371E+03 1.89837325E-04 0.00000000E+00
5.5606E+03 1.96166013E-04 0.00000000E+00
5.5842E+03 2.00784266E-04 0.00000000E+00
5.6077E+03 2.04000319E-04 0.00000000E+00
5.6313E+03 2.09718070E-04 0.00000000E+00
5.6549E+03 2.15906727E-04 0.00000000E+00
5.6784E+03 2.19463435E-04 0.00000000E+00
5.7020E+03 2.23824824E-04 0.00000000E+00
5.7256E+03 2.30653027E-04 0.00000000E+00
5.7491E+03 2.35707141E-04 0.00000000E+00
5.7727E+03 2.39148095E-04 0.00000000E+00
5.7962E+03 2.45232808E-04 0.00000000E+00
5.8198E+03 2.51930152E-04 0.00000000E+00
5.8434E+03 2.55787024E-04 0.00000000E+00
5.8669E+03 2.60385608E-04 0.00000000E+00
5.8905E+03 2.67674866E-04 0.00000000E+00
5.9140E+03 2.73150472E-04 0.00000000E+00
5.9376E+03 2.76798382E-04 0.00000000E+00
5.9612E+03 2.83209093E-04 0.00000000E+00
5.9847E+03 2.90386200E-04 0.00000000E+00
6.0083E+03 2.94531817E-04 0.00000000E+00
6.0319E+03 2.99336981E-04 0.00000000E+00
6.0554E+03 3.07046612E-04 0.00000000E+00
6.0790E+03 3.12925634E-04 0.00000000E+00
6.1025E+03 3.16763183E-04 0.00000000E+00
6.1261E+03 3.23459819E-04 0.00000000E+00
6.1497E+03 3.31084739E-04 0.00000000E+00
6.1732E+03 3.35506273E-04 0.00000000E+00
6.1968E+03 3.40489594E-04 0.00000000E+00
6.2204E+03 3.48578575E-04 0.00000000E+00
6.2439E+03 3.54840408E-04 0.00000000E+00
6.2675E+03 3.58851390E-04 0.00000000E+00
6.2910E+03 3.65796087E-04 0.00000000E+00
6.3146E+03 3.73835465E-04 0.00000000E+00
6.3382E+03 3.78519285E-04 0.00000000E+00
6.3617E+03 3.83655113E-04 0.00000000E+00
6.3853E+03 3.92083543E-04 0.00000000E+00
6.4088E+03 3.98706133E-04 0.00000000E+00
6.4324E+03 4.02875707E-04 0.00000000E+00
6.4560E+03 4.10033627E-04 0.00000000E+00
6.4795E+03 4.18454002E-04 0.00000000E+00
6.5031E+03 4.23386161E-04 0.00000000E+00
6.5267E+03 4.28651815E-04 0.00000000E+00
6.5502E+03 4.37381895E-04 0.00000000E+00
6.5738E+03 4.44342608E-04 0.00000000E+00
6.5973E+03 4.48657360E-04 0.00000000E+00
6.6209E+03 4.55997037E-04 0.00000000E+00
6.6445E+03 4.64765766E-04 0.00000000E+00
6.6680E+03 4.69932339E-04 0.00000000E+00
6.6916E+03 4.75308031E-04 0.00000000E+00
6.7152E+03 4.84304592E-04 0.00000000E+00
6.7387E+03 4.91580833E-04 0.00000000E+00
6.7623E+03 4.96028705E-04 0.00000000E+00
6.7858E+03 5.03522060E-04 0.00000000E+00
6.8094E+03 5.12607870E-04 0.00000000E+00
6.8330E+03 5.17995171E-04 0.00000000E+00
6.8565E+03 5.23463768E-04 0.00000000E+00
6.8801E+03 5.32694481E-04 0.00000000E+00
6.9036E+03 5.40264110E-04 0.00000000E+00
6.9272E+03 5.44834264E-04 0.00000000E+00
6.9508E+03 5.52456486E-04 0.00000000E+00
6.9743E+03 5.61829836E-04 0.00000000E+00
6.9979E+03 5.67424539E-04 0.00000000E+00
7.0215E+03 5.72971274E-04 0.00000000E+00
7.0450E+03 5.82406686E-04 0.00000000E+00
7.0686E+03 5.90248301E-04 0.00000000E+00
7.0921E+03 5.94930988E-04 0.00000000E+00
7.1157E+03 6.02660239E-04 0.00000000E+00
7.1393E+03 6.12293469E-04 0.00000000E+00
7.1628E+03 6.18082722E-04 0.00000000E+00
7.1864E+03 6.23694925E-04 0.00000000E+00
7.2100E+03 6.33308399E-04 0.00000000E+00
7.2335E+03 6.41401534E-04 0.00000000E+00
7.2571E+03 6.46187969E-04 0.00000000E+00
7.2806E+03 6.54005163E-04 0.00000000E+00
7.3042E+03 6.63872602E-04 0.00000000E+00
7.3278E+03 6.69844100E-04 0.00000000E+00
7.3513E+03 6.75510913E-04 0.00000000E+00
7.3749E+03 6.85278484E-04 0.00000000E+00
7.3985E+03 6.93603753E-04 0.00000000E+00
7.4220E+03 6.98486003E-04 0.00000000E+00
7.4456E+03 7.06374515E-04 0.00000000E+00
7.4691E+03 7.16452498E-04 0.00000000E+00
7.4927E+03 7.22594531E-04 0.00000000E+00
7.5163E+03 7.28306656E-04 0.00000000E+00
7.5398E+03 7.38206841E-04 0.00000000E+00
7.5634E+03 7.46745997E-04 0.00000000E+00
7.5869E+03 7.51716859E-04 0.00000000E+00
7.6105E+03 7.59662184E-04 0.00000000E+00
7.6341E+03 7.69928944E-04 0.00000000E+00
7.6576E+03 7.76230395E-04 0.00000000E+00
7.6812E+03 7.81979802E-04 0.00000000E+00
7.7048E+03 7.91993315E-04 0.00000000E+00
7.7283E+03 8.00729220E-04 0.00000000E+00
7.7519E+03 8.05782090E-04 0.00000000E+00
7.7754E+03 8.13771501E-04 0.00000000E+00
7.7990E+03 8.24206991E-04 0.00000000E+00
7.8226E+03 8.30657286E-04 0.00000000E+00
7.8461E+03 8.36436956E-04 0.00000000E+00
7.8697E+03 8.46546382E-04 0.00000000E+00
7.8933E+03 8.55462903E-04 0.00000000E+00
7.9168E+03 8.60591643E-04 0.00000000E+00
7.9404E+03 8.68613877E-04 0.00000000E+00
7.9639E+03 8.79199554E-04 0.00000000E+00
7.9875E+03 8.85788586E-04 0.00000000E+00
8.0111E+03 8.91592301E-04 0.00000000E+00
8.0346E+03 9.01781822E-04 0.00000000E+00
8.0582E+03 9.10863704E-04 0.00000000E+00
8.0817E+03 9.16062540E-04 0.00000000E+00
8.1053E+03 9.24107540E-04 0.00000000E+00
8.1289E+03 9.34826153E-04 0.00000000E+00
8.1524E+03 9.41544208E-04 0.00000000E+00
8.1760E+03 9.47366395E-04 0.00000000E+00
8.1996E+03 9.57621557E-04 0.00000000E+00
8.2231E+03 9.66854316E-04 0.00000000E+00
8.2467E+03 9.72117761E-04 0.00000000E+00
8.2702E+03 9.80176518E-04 0.00000000E+00
8.2938E+03 9.91011973E-04 0.00000000E+00
8.3174E+03 9.97849675E-04 0.00000000E+00
8.3409E+03 1.00368533E-03 0.00000000E+00
8.3645E+03 1.01399293E-03 0.00000000E+00
8.3881E+03 1.02336281E-03 0.00000000E+00
8.4116E+03 1.02868564E-03 0.00000000E+00
8.4352E+03 1.03675014E-03 0.00000000E+00
8.4587E+03 1.04768748E-03 0.00000000E+00
8.4823E+03 1.05463582E-03 0.00000000E+00
8.5059E+03 1.06048050E-03 0.00000000E+00
8.5294E+03 1.07082860E-03 0.00000000E+00
8.5530E+03 1.08032261E-03 0.00000000E+00
8.5765E+03 1.08569993E-03 0.00000000E+00
8.6001E+03 1.09376313E-03 0.00000000E+00
8.6237E+03 1.10478859E-03 0.00000000E+00
8.6472E+03 1.11183901E-03 0.00000000E+00
8.6708E+03 1.11768883E-03 0.00000000E+00
8.6944E+03 1.12806676E-03 0.00000000E+00
8.7179E+03 1.13767280E-03 0.00000000E+00
8.7415E+03 1.14310004E-03 0.00000000E+00
8.7650E+03 1.15115589E-03 0.00000000E+00
8.7886E+03 1.16225692E-03 0.00000000E+00
8.8122E+03 1.16940137E-03 0.00000000E+00
8.8357E+03 1.17525299E-03 0.00000000E+00
8.8593E+03 1.18565128E-03 0.00000000E+00
8.8829E+03 1.19535816E-03 0.00000000E+00
8.9064E+03 1.20083109E-03 0.00000000E+00
8.9300E+03 1.20887435E-03 0.00000000E+00
8.9535E+03 1.22003960E-03 0.00000000E+00
8.9771E+03 1.22727057E-03 0.00000000E+00
9.0007E+03 1.23312107E-03 0.00000000E+00
9.0242E+03 1.24353133E-03 0.00000000E+00
9.0478E+03 1.25332871E-03 0.00000000E+00
9.0713E+03 1.25884343E-03 0.00000000E+00
9.0949E+03 1.26686956E-03 0.00000000E+00
9.1185E+03 1.27808869E-03 0.00000000E+00
9.1420E+03 1.28539914E-03 0.00000000E+00
9.1656E+03 1.29124594E-03 0.00000000E+00
9.1892E+03 1.30166062E-03 0.00000000E+00
9.2127E+03 1.31153895E-03 0.00000000E+00
9.2363E+03 1.31709178E-03 0.00000000E+00
9.2598E+03 1.32509669E-03 0.00000000E+00
9.2834E+03 1.33636021E-03 0.00000000E+00
9.3070E+03 1.34374353E-03 0.00000000E+00
9.3305E+03 1.34958420E-03 0.00000000E+00
9.3541E+03 1.35999640E-03 0.00000000E+00
9.3777E+03 1.36994670E-03 0.00000000E+00
9.4012E+03 1.37553409E-03 0.00000000E+00
9.4248E+03 1.38351404E-03 0.00000000E+00
9.4483E+03 1.39481304E-03 0.00000000E+00
9.4719E+03 1.40226288E-03 0.00000000E+00
9.4955E+03 1.40809513E-03 0.00000000E+00
9.5190E+03 1.41849836E-03 0.00000000E+00
9.5426E+03 1.42851208E-03 0.00000000E+00
9.5661E+03 1.43413058E-03 0.00000000E+00
9.5897E+03 1.44208202E-03 0.00000000E+00
9.6133E+03 1.45340808E-03 0.00000000E+00
9.6368E+03 1.46091827E-03 0.00000000E+00
9.6604E+03 1.46673988E-03 0.00000000E+00
9.6840E+03 1.47712808E-03 0.00000000E+00
9.7075E+03 1.48719701E-03 0.00000000E+00
9.7311E+03 1.49284322E-03 0.00000000E+00
9.7546E+03 1.50076290E-03 0.00000000E+00
9.7782E+03 1.51210805E-03 0.00000000E+00
9.8018E+03 1.51967262E-03 0.00000000E+00
9.8253E+03 1.52548152E-03 0.00000000E+00
9.8489E+03 1.53584909E-03 0.00000000E+00
9.8725E+03 1.54596542E-03 0.00000000E+00
9.8960E+03 1.55163608E-03 0.00000000E+00
9.9196E+03 1.55952110E-03 0.00000000E+00
9.9431E+03 1.57087795E-03 0.00000000E+00
9.9667E+03 1.57849123E-03 0.00000000E+00
9.9903E+03 1.58428554E-03 0.00000000E+00
1.0014E+04 1.59462745E-03 0.00000000E+00
1.0037E+04 1.60478391E-03 0.00000000E+00
1.0061E+04 1.61047595E-03 0.00000000E+00
1.0085E+04 1.61832381E-03 0.00000000E+00
1.0108E+04 1.62968563E-03 0.00000000E+00
1.0132E+04 1.63734227E-03 0.00000000E+00
1.0155E+04 1.64312037E-03 0.00000000E+00
1.0179E+04 1.65343220E-03 0.00000000E+00
1.0202E+04 1.66362208E-03 0.00000000E+00
1.0226E+04 1.66933266E-03 0.00000000E+00
1.0249E+04 1.67714122E-03 0.00000000E+00
1.0273E+04 1.68850196E-03 0.00000000E+00
1.0297E+04 1.69619705E-03 0.00000000E+00
1.0320E+04 1.70195751E-03 0.00000000E+00
1.0344E+04 1.71223536E-03 0.00000000E+00
1.0367E+04 1.72245255E-03 0.00000000E+00
1.0391E+04 1.72817904E-03 0.00000000E+00
1.0414E+04 1.73594650E-03 0.00000000E+00
1.0438E+04 1.74730069E-03 0.00000000E+00
1.0462E+04 1.75502968E-03 0.00000000E+00
1.0485E+04 1.76077121E-03 0.00000000E+00
1.0509E+04 1.77101159E-03 0.00000000E+00
1.0532E+04 1.78125046E-03 0.00000000E+00
1.0556E+04 1.78699041E-03 0.00000000E+00
1.0579E+04 1.79471507E-03 0.00000000E+00
1.0603E+04 1.80605766E-03 0.00000000E+00
1.0626E+04 1.81381627E-03 0.00000000E+00
1.0650E+04 1.81953760E-03 0.00000000E+00
1.0674E+04 1.82973719E-03 0.00000000E+00
1.0697E+04 1.83999242E-03 0.00000000E+00
1.0721E+04 1.84574343E-03 0.00000000E+00
1.0744E+04 1.85342359E-03 0.00000000E+00
1.0768E+04 1.86474970E-03 0.00000000E+00
1.0791E+04 1.87253379E-03 0.00000000E+00
1.0815E+04 1.87823359E-03 0.00000000E+00
1.0838E+04 1.88838908E-03 0.00000000E+00
1.0862E+04 1.89865545E-03 0.00000000E+00
1.0886E+04 1.90441511E-03 0.00000000E+00
1.0909E+04 1.91204898E-03 0.00000000E+00
1.0933E+04 1.92335379E-03 0.00000000E+00
1.0956E+04 1.93115923E-03 0.00000000E+00
1.0980E+04 1.93683609E-03 0.00000000E+00
1.1003E+04 1.94694418E-03 0.00000000E+00
1.1027E+04 1.95721653E-03 0.00000000E+00
1.1051E+04 1.96298239E-03 0.00000000E+00
1.1074E+04 1.97056820E-03 0.00000000E+00
1.1098E+04 1.98184694E-03 0.00000000E+00
1.1121E+04 1.98966963E-03 0.00000000E+00
1.1145E+04 1.99532216E-03 0.00000000E+00
1.1168E+04 2.00537964E-03 0.00000000E+00
1.1192E+04 2.01565292E-03 0.00000000E+00
1.1215E+04 2.02142253E-03 0.00000000E+00
1.1239E+04 2.02895860E-03 0.00000000E+00
1.1263E+04 2.04020673E-03 0.00000000E+00
1.1286E+04 2.04804267E-03 0.00000000E+00
1.1310E+04 2.05366952E-03 0.00000000E+00
1.1333E+04 2.06367346E-03 0.00000000E+00
1.1357E+04 2.07394283E-03 0.00000000E+00
1.1380E+04 2.07971384E-03 0.00000000E+00
1.1404E+04 2.08719871E-03 0.00000000E+00
1.1428E+04 2.09841202E-03 0.00000000E+00
1.1451E+04 2.10625739E-03 0.00000000E+00
1.1475E+04 2.11185737E-03 0.00000000E+00
1.1498E+04 2.12180515E-03 0.00000000E+00
1.1522E+04 2.13206614E-03 0.00000000E+00
1.1545E+04 2.13783638E-03 0.00000000E+00
1.1569E+04 2.14526881E-03 0.00000000E+00
1.1592E+04 2.15644351E-03 0.00000000E+00
1.1616E+04 2.16429480E-03 0.00000000E+00
1.1640E+04 2.16986687E-03 0.00000000E+00
1.1663E+04 2.17975624E-03 0.00000000E+00
1.1687E+04 2.19000477E-03 0.00000000E+00
1.1710E+04 2.19577223E-03 0.00000000E+00
1.1734E+04 2.20315118E-03 0.00000000E+00
1.1757E+04 2.21428388E-03 0.00000000E+00
1.1781E+04 2.22213786E-03 0.00000000E+00
1.1805E+04 2.22768109E-03 0.00000000E+00
1.1828E+04 2.23751001E-03 0.00000000E+00
1.1852E+04 2.24774236E-03 0.00000000E+00
1.1875E+04 2.25350517E-03 0.00000000E+00
1.1899E+04 2.26082965E-03 0.00000000E+00
1.1922E+04 2.27191718E-03 0.00000000E+00
1.1946E+04 2.27977080E-03 0.00000000E+00
1.1969E+04 2.28528424E-03 0.00000000E+00
1.1993E+04 2.29505069E-03 0.00000000E+00
1.2017E+04 2.30526327E-03 0.00000000E+00
1.2040E+04 2.31101960E-03 0.00000000E+00
1.2064E+04 2.31828851E-03 0.00000000E+00
1.2087E+04 2.32932767E-03 0.00000000E+00
1.2111E+04 2.33717793E-03 0.00000000E+00
1.2134E+04 2.34266054E-03 0.00000000E+00
1.2158E+04 2.35236236E-03 0.00000000E+00
1.2182E+04 2.36255151E-03 0.00000000E+00
1.2205E+04 2.36829945E-03 0.00000000E+00
1.2229E+04 2.37551153E-03 0.00000000E+00
1.2252E+04 2.38649899E-03 0.00000000E+00
1.2276E+04 2.39434280E-03 0.00000000E+00
1.2299E+04 2.39979340E-03 0.00000000E+00
1.2323E+04 2.40942827E-03 0.00000000E+00
1.2346E+04 2.41959021E-03 0.00000000E+00
1.2370E+04 2.42532775E-03 0.00000000E+00
1.2394E+04 2.43248161E-03 0.00000000E+00
1.2417E+04 2.44341391E-03 0.00000000E+00
1.2441E+04 2.45124806E-03 0.00000000E+00
1.2464E+04 2.45666540E-03 0.00000000E+00
1.2488E+04 2.46623094E-03 0.00000000E+00
1.2511E+04 2.47636181E-03 0.00000000E+00
1.2535E+04 2.48208684E-03 0.00000000E+00
1.2559E+04 2.48918113E-03 0.00000000E+00
1.2582E+04 2.50005481E-03 0.00000000E+00
1.2606E+04 2.50787602E-03 0.00000000E+00
1.2629E+04 2.51325886E-03 0.00000000E+00
1.2653E+04 2.52275279E-03 0.00000000E+00
1.2676E+04 2.53284876E-03 0.00000000E+00
1.2700E+04 2.53855920E-03 0.00000000E+00
1.2723E+04 2.54559268E-03 0.00000000E+00
1.2747E+04 2.55640445E-03 0.00000000E+00
1.2771E+04 2.56420951E-03 0.00000000E+00
1.2794E+04 2.56955671E-03 0.00000000E+00
1.2818E+04 2.57897701E-03 0.00000000E+00
1.2841E+04 2.58903445E-03 0.00000000E+00
1.2865E+04 2.59472831E-03 0.00000000E+00
1.2888E+04 2.60169995E-03 0.00000000E+00
1.2912E+04 2.61244684E-03 0.00000000E+00
1.2936E+04 2.62023277E-03 0.00000000E+00
1.2959E+04 2.62554334E-03 0.00000000E+00
1.2983E+04 2.63488827E-03 0.00000000E+00
1.3006E+04 2.64490389E-03 0.00000000E+00
1.3030E+04 2.65057935E-03 0.00000000E+00
1.3053E+04 2.65748831E-03 0.00000000E+00
1.3077E+04 2.66816769E-03 0.00000000E+00
1.3100E+04 2.67593173E-03 0.00000000E+00
1.3124E+04 2.68120480E-03 0.00000000E+00
1.3148E+04 2.69047284E-03 0.00000000E+00
1.3171E+04 2.70044361E-03 0.00000000E+00
1.3195E+04 2.70609898E-03 0.00000000E+00
1.3218E+04 2.71294450E-03 0.00000000E+00
1.3242E+04 2.72355392E-03 0.00000000E+00
1.3265E+04 2.73129346E-03 0.00000000E+00
1.3289E+04 2.73652817E-03 0.00000000E+00
1.3312E+04 2.74571784E-03 0.00000000E+00
1.3336E+04 2.75564082E-03 0.00000000E+00
1.3360E+04 2.76127443E-03 0.00000000E+00
1.3383E+04 2.76805568E-03 0.00000000E+00
1.3407E+04 2.77859265E-03 0.00000000E+00
1.3430E+04 2.78630511E-03 0.00000000E+00
1.3454E+04 2.79150052E-03 0.00000000E+00
1.3477E+04 2.80061019E-03 0.00000000E+00
1.3501E+04 2.81048238E-03 0.00000000E+00
1.3525E+04 2.81609249E-03 0.00000000E+00
1.3548E+04 2.82280849E-03 0.00000000E+00
1.3572E+04 2.83327038E-03 0.00000000E+00
1.3595E+04 2.84095303E-03 0.00000000E+00
1.3619E+04 2.84610808E-03 0.00000000E+00
1.3642E+04 2.85513599E-03 0.00000000E+00
1.3666E+04 2.86495421E-03 0.00000000E+00
1.3689E+04 2.87053894E-03 0.00000000E+00
1.3713E+04 2.87718862E-03 0.00000000E+00
1.3737E+04 2.88757262E-03 0.00000000E+00
1.3760E+04 2.89522259E-03 0.00000000E+00
1.3784E+04 2.90033615E-03 0.00000000E+00
1.3807E+04 2.90928045E-03 0.00000000E+00
1.3831E+04 2.91904138E-03 0.00000000E+00
1.3854E+04 2.92459875E-03 0.00000000E+00
1.3878E+04 2.93118104E-03 0.00000000E+00
1.3902E+04 2.94148433E-03 0.00000000E+00
1.3925E+04 2.94909863E-03 0.00000000E+00
1.3949E+04 2.95416957E-03 0.00000000E+00
1.3972E+04 2.96302852E-03 0.00000000E+00
1.3996E+04 2.97272885E-03 0.00000000E+00
1.4019E+04 2.97825685E-03 0.00000000E+00
1.4043E+04 2.98477083E-03 0.00000000E+00
1.4066E+04 2.99499079E-03 0.00000000E+00
1.4090E+04 3.00256648E-03 0.00000000E+00
1.4114E+04 3.00759377E-03 0.00000000E+00
1.4137E+04 3.01636595E-03 0.00000000E+00
1.4161E+04 3.02600258E-03 0.00000000E+00
1.4184E+04 3.03149934E-03 0.00000000E+00
1.4208E+04 3.03794435E-03 0.00000000E+00
1.4231E+04 3.04807873E-03 0.00000000E+00
1.4255E+04 3.05561311E-03 0.00000000E+00
1.4279E+04 3.06059593E-03 0.00000000E+00
1.4302E+04 3.06928029E-03 0.00000000E+00
1.4326E+04 3.07885053E-03 0.00000000E+00
1.4349E+04 3.08431435E-03 0.00000000E+00
1.4373E+04 3.09069004E-03 0.00000000E+00
1.4396E+04 3.10073703E-03 0.00000000E+00
1.4420E+04 3.10822770E-03 0.00000000E+00
1.4443E+04 3.11316541E-03 0.00000000E+00
1.4467E+04 3.12176124E-03 0.00000000E+00
1.4491E+04 3.13126279E-03 0.00000000E+00
1.4514E+04 3.13669218E-03 0.00000000E+00
1.4538E+04 3.14299834E-03 0.00000000E+00
1.4561E+04 3.15295645E-03 0.00000000E+00
1.4585E+04 3.16040128E-03 0.00000000E+00
1.4608E+04 3.16529333E-03 0.00000000E+00
1.4632E+04 3.17380006E-03 0.00000000E+00
1.4656E+04 3.18323084E-03 0.00000000E+00
1.4679E+04 3.18862444E-03 0.00000000E+00
1.4703E+04 3.19486087E-03 0.00000000E+00
1.4726E+04 3.20472873E-03 0.00000000E+00
1.4750E+04 3.21212571E-03 0.00000000E+00
1.4773E+04 3.21697154E-03 0.00000000E+00
1.4797E+04 3.22538860E-03 0.00000000E+00
1.4820E+04 3.23474660E-03 0.00000000E+00
1.4844E+04 3.24010304E-03 0.00000000E+00
1.4868E+04 3.24626950E-03 0.00000000E+00
1.4891E+04 3.25604570E-03 0.00000000E+00
1.4915E+04 3.26339281E-03 0.00000000E+00
1.4938E+04 3.26819179E-03 0.00000000E+00
1.4962E+04 3.27651851E-03 0.00000000E+00
1.4985E+04 3.28580166E-03 0.00000000E+00
1.5009E+04 3.29111949E-03 0.00000000E+00
1.5033E+04 3.29721566E-03 0.00000000E+00
1.5056E+04 3.30689868E-03 0.00000000E+00
1.5080E+04 3.31419380E-03 0.00000000E+00
1.5103E+04 3.31894525E-03 0.00000000E+00
1.5127E+04 3.32718091E-03 0.00000000E+00
1.5150E+04 3.33638703E-03 0.00000000E+00
1.5174E+04 3.34166477E-03 0.00000000E+00
1.5197E+04 3.34769028E-03 0.00000000E+00
1.5221E+04 3.35727862E-03 0.00000000E+00
1.5245E+04 3.36451958E-03 0.00000000E+00
1.5268E+04 3.36922281E-03 0.00000000E+00
1.5292E+04 3.37736677E-03 0.00000000E+00
1.5315E+04 3.38649375E-03 0.00000000E+00
1.5339E+04 3.39172987E-03 0.00000000E+00
1.5362E+04 3.39768453E-03 0.00000000E+00
1.5386E+04 3.40717689E-03 0.00000000E+00
1.5410E+04 3.41436160E-03 0.00000000E+00
1.5433E+04 3.41901602E-03 0.00000000E+00
1.5457E+04 3.42706795E-03 0.00000000E+00
1.5480E+04 3.43611394E-03 0.00000000E+00
1.5504E+04 3.44130709E-03 0.00000000E+00
1.5527E+04 3.44719093E-03 0.00000000E+00
1.5551E+04 3.45658640E-03 0.00000000E+00
1.5574E+04 3.46371306E-03 0.00000000E+00
1.5598E+04 3.46831829E-03 0.00000000E+00
1.5622E+04 3.47627824E-03 0.00000000E+00
1.5645E+04 3.48524182E-03 0.00000000E+00
1.5669E+04 3.49039086E-03 0.00000000E+00
1.5692E+04 3.49620420E-03 0.00000000E+00
1.5716E+04 3.50550232E-03 0.00000000E+00
1.5739E+04 3.51256949E-03 0.00000000E+00
1.5763E+04 3.51712535E-03 0.00000000E+00
1.5787E+04 3.52499366E-03 0.00000000E+00
1.5810E+04 3.53387386E-03 0.00000000E+00
1.5834E+04 3.53897791E-03 0.00000000E+00
1.5857E+04 3.54472120E-03 0.00000000E+00
1.5881E+04 3.55392187E-03 0.00000000E+00
1.5904E+04 3.56092845E-03 0.00000000E+00
1.5928E+04 3.56543484E-03 0.00000000E+00
1.5951E+04 3.57321203E-03 0.00000000E+00
1.5975E+04 3.58200815E-03 0.00000000E+00
1.5999E+04 3.58706651E-03 0.00000000E+00
1.6022E+04 3.59274022E-03 0.00000000E+00
1.6046E+04 3.60184344E-03 0.00000000E+00
1.6069E+04 3.60878851E-03 0.00000000E+00
1.6093E+04 3.61324538E-03 0.00000000E+00
1.6116E+04 3.62093190E-03 0.00000000E+00
1.6140E+04 3.62964334E-03 0.00000000E+00
1.6163E+04 3.63465534E-03 0.00000000E+00
1.6187E+04 3.64025985E-03 0.00000000E+00
1.6211E+04 3.64926555E-03 0.00000000E+00
1.6234E+04 3.65614820E-03 0.00000000E+00
1.6258E+04 3.66055541E-03 0.00000000E+00
1.6281E+04 3.66815153E-03 0.00000000E+00
1.6305E+04 3.67677758E-03 0.00000000E+00
1.6328E+04 3.68174251E-03 0.00000000E+00
1.6352E+04 3.68727802E-03 0.00000000E+00
1.6376E+04 3.69618593E-03 0.00000000E+00
1.6399E+04 3.70300514E-03 0.00000000E+00
1.6423E+04 3.70736243E-03 0.00000000E+00
1.6446E+04 3.71486824E-03 0.00000000E+00
1.6470E+04 3.72340801E-03 0.00000000E+00
1.6493E+04 3.72832504E-03 0.00000000E+00
1.6517E+04 3.73379163E-03 0.00000000E+00
1.6540E+04 3.74260134E-03 0.00000000E+00
1.6564E+04 3.74935597E-03 0.00000000E+00
1.6588E+04 3.75366300E-03 0.00000000E+00
1.6611E+04 3.76107856E-03 0.00000000E+00
1.6635E+04 3.76953109E-03 0.00000000E+00
1.6658E+04 3.77439932E-03 0.00000000E+00
1.6682E+04 3.77979711E-03 0.00000000E+00
1.6705E+04 3.78850826E-03 0.00000000E+00
1.6729E+04 3.79519715E-03 0.00000000E+00
1.6753E+04 3.79945365E-03 0.00000000E+00
1.6776E+04 3.80677915E-03 0.00000000E+00
1.6800E+04 3.81514363E-03 0.00000000E+00
1.6823E+04 3.81996223E-03 0.00000000E+00
1.6847E+04 3.82529150E-03 0.00000000E+00
1.6870E+04 3.83390399E-03 0.00000000E+00
1.6894E+04 3.84052618E-03 0.00000000E+00
1.6917E+04 3.84473198E-03 0.00000000E+00
1.6941E+04 3.85196788E-03 0.00000000E+00
1.6965E+04 3.86024381E-03 0.00000000E+00
1.6988E+04 3.86501216E-03 0.00000000E+00
1.7012E+04 3.87027336E-03 0.00000000E+00
1.7035E+04 3.87878742E-03 0.00000000E+00
1.7059E+04 3.88534225E-03 0.00000000E+00
1.7082E+04 3.88949736E-03 0.00000000E+00
1.7106E+04 3.89664434E-03 0.00000000E+00
1.7130E+04 3.90483155E-03 0.00000000E+00
1.7153E+04 3.90954924E-03 0.00000000E+00
1.7177E+04 3.91474294E-03 0.00000000E+00
1.7200E+04 3.92315905E-03 0.00000000E+00
1.7224E+04 3.92964615E-03 0.00000000E+00
1.7247E+04 3.93375068E-03 0.00000000E+00
1.7271E+04 3.94080951E-03 0.00000000E+00
1.7294E+04 3.94890808E-03 0.00000000E+00
1.7318E+04 3.95357486E-03 0.00000000E+00
1.7342E+04 3.95870163E-03 0.00000000E+00
1.7365E+04 3.96702034E-03 0.00000000E+00
1.7389E+04 3.97343949E-03 0.00000000E+00
1.7412E+04 3.97749355E-03 0.00000000E+00
1.7436E+04 3.98446492E-03 0.00000000E+00
1.7459E+04 3.99247496E-03 0.00000000E+00
1.7483E+04 3.99709062E-03 0.00000000E+00
1.7507E+04 4.00215090E-03 0.00000000E+00
1.7530E+04 4.01037259E-03 0.00000000E+00
1.7554E+04 4.01672355E-03 0.00000000E+00
1.7577E+04 4.02072717E-03 0.00000000E+00
1.7601E+04 4.02761151E-03 0.00000000E+00
1.7624E+04 4.03553292E-03 0.00000000E+00
1.7648E+04 4.04009716E-03 0.00000000E+00
1.7671E+04 4.04509115E-03 0.00000000E+00
1.7695E+04 4.05321593E-03 0.00000000E+00
1.7719E+04 4.05949825E-03 0.00000000E+00
1.7742E+04 4.06345129E-03 0.00000000E+00
1.7766E+04 4.07024875E-03 0.00000000E+00
1.7789E+04 4.07808117E-03 0.00000000E+00
1.7813E+04 4.08259350E-03 0.00000000E+00
1.7836E+04 4.08752125E-03 0.00000000E+00
1.7860E+04 4.09554894E-03 0.00000000E+00
1.7884E+04 4.10176196E-03 0.00000000E+00
1.7907E+04 4.10566415E-03 0.00000000E+00
1.7931E+04 4.11237476E-03 0.00000000E+00
1.7954E+04 4.12011760E-03 0.00000000E+00
1.7978E+04 4.12457740E-03 0.00000000E+00
1.8001E+04 4.12943892E-03 0.00000000E+00
1.8025E+04 4.13736927E-03 0.00000000E+00
1.8048E+04 4.14351221E-03 0.00000000E+00
1.8072E+04 4.14736329E-03 0.00000000E+00
1.8096E+04 4.15398710E-03 0.00000000E+00
1.8119E+04 4.16163981E-03 0.00000000E+00
1.8143E+04 4.16604646E-03 0.00000000E+00
1.8166E+04 4.17084183E-03 0.00000000E+00
1.8190E+04 4.17867474E-03 0.00000000E+00
1.8213E+04 4.18474691E-03 0.00000000E+00
1.8237E+04 4.18854667E-03 0.00000000E+00
1.8261E+04 4.19508395E-03 0.00000000E+00
1.8284E+04 4.20264615E-03 0.00000000E+00
1.8308E+04 4.20699916E-03 0.00000000E+00
1.8331E+04 4.21172862E-03 0.00000000E+00
1.8355E+04 4.21946424E-03 0.00000000E+00
1.8378E+04 4.22546516E-03 0.00000000E+00
1.8402E+04 4.22921353E-03 0.00000000E+00
1.8425E+04 4.23566474E-03 0.00000000E+00
1.8449E+04 4.24313635E-03 0.00000000E+00
1.8473E+04 4.24743540E-03 0.00000000E+00
1.8496E+04 4.25209933E-03 0.00000000E+00
1.8520E+04 4.25973803E-03 0.00000000E+00
1.8543E+04 4.26566747E-03 0.00000000E+00
1.8567E+04 4.26936450E-03 0.00000000E+00
1.8590E+04 4.27573021E-03 0.00000000E+00
1.8614E+04 4.28311136E-03 0.00000000E+00
1.8637E+04 4.28735628E-03 0.00000000E+00
1.8661E+04 4.29195506E-03 0.00000000E+00
1.8685E+04 4.29949731E-03 0.00000000E+00
1.8708E+04 4.30535518E-03 0.00000000E+00
1.8732E+04 4.30900095E-03 0.00000000E+00
1.8755E+04 4.31528164E-03 0.00000000E+00
1.8779E+04 4.32257247E-03 0.00000000E+00
1.8802E+04 4.32676317E-03 0.00000000E+00
1.8826E+04 4.33129707E-03 0.00000000E+00
1.8850E+04 4.33874314E-03 0.00000000E+00
1.8873E+04 4.34452932E-03 0.00000000E+00
1.8897E+04 4.34812382E-03 0.00000000E+00
1.8920E+04 4.35431973E-03 0.00000000E+00
1.8944E+04 4.36152019E-03 0.00000000E+00
1.8967E+04 4.36565642E-03 0.00000000E+00
1.8991E+04 4.37012550E-03 0.00000000E+00
1.9014E+04 4.37747537E-03 0.00000000E+00
1.9038E+04 4.38318950E-03 0.00000000E+00
1.9062E+04 4.38673256E-03 0.00000000E+00
1.9085E+04 4.39284364E-03 0.00000000E+00
1.9109E+04 4.39995332E-03 0.00000000E+00
1.9132E+04 4.40403465E-03 0.00000000E+00
1.9156E+04 4.40843879E-03 0.00000000E+00
1.9179E+04 4.41569212E-03 0.00000000E+00
1.9203E+04 4.42133357E-03 0.00000000E+00
1.9227E+04 4.42482485E-03 0.00000000E+00
1.9250E+04 4.43085088E-03 0.00000000E+00
1.9274E+04 4.43786912E-03 0.00000000E+00
1.9297E+04 4.44189494E-03 0.00000000E+00
1.9321E+04 4.44623394E-03 0.00000000E+00
1.9344E+04 4.45339025E-03 0.00000000E+00
1.9368E+04 4.45895820E-03 0.00000000E+00
1.9391E+04 4.46239732E-03 0.00000000E+00
1.9415E+04 4.46833810E-03 0.00000000E+00
1.9439E+04 4.47526416E-03 0.00000000E+00
1.9462E+04 4.47923379E-03 0.00000000E+00
1.9486E+04 4.48350751E-03 0.00000000E+00
1.9509E+04 4.49056642E-03 0.00000000E+00
1.9533E+04 4.49606006E-03 0.00000000E+00
1.9556E+04 4.49944667E-03 0.00000000E+00
1.9580E+04 4.50530214E-03 0.00000000E+00
1.9604E+04 4.51213543E-03 0.00000000E+00
1.9627E+04 4.51604826E-03 0.00000000E+00
1.9651E+04 4.52025670E-03 0.00000000E+00
1.9674E+04 4.52721805E-03 0.00000000E+00
1.9698E+04 4.53263674E-03 0.00000000E+00
1.9721E+04 4.53597063E-03 0.00000000E+00
1.9745E+04 4.54174097E-03 0.00000000E+00
1.9768E+04 4.54848116E-03 0.00000000E+00
1.9792E+04 4.55233673E-03 0.00000000E+00
1.9816E+04 4.55648006E-03 0.00000000E+00
1.9839E+04 4.56334396E-03 0.00000000E+00
1.9863E+04 4.56868730E-03 0.00000000E+00
1.9886E+04 4.57196838E-03 0.00000000E+00
1.9910E+04 4.57765391E-03 0.00000000E+00
1.9933E+04 4.58430092E-03 0.00000000E+00
1.9957E+04 4.58809897E-03 0.00000000E+00
1.9981E+04 4.59217740E-03 0.00000000E+00
2.0004E+04 4.59894408E-03 0.00000000E+00
2.0028E+04 4.60421185E-03 0.00000000E+00
2.0051E+04 4.60744010E-03 0.00000000E+00
2.0075E+04 4.61304112E-03 0.00000000E+00
2.0098E+04 4.61959492E-03 0.00000000E+00
2.0122E+04 4.62333524E-03 0.00000000E+00
2.0145E+04 4.62734894E-03 0.00000000E+00
2.0169E+04 4.63401852E-03 0.00000000E+00
2.0193E+04 4.63921047E-03 0.00000000E+00
2.0216E+04 4.64238580E-03 0.00000000E+00
2.0240E+04 4.64790243E-03 0.00000000E+00
2.0263E+04 4.65436281E-03 0.00000000E+00
2.0287E+04 4.65804511E-03 0.00000000E+00
2.0310E+04 4.66199405E-03 0.00000000E+00
2.0334E+04 4.66856634E-03 0.00000000E+00
2.0358E+04 4.67368203E-03 0.00000000E+00
2.0381E+04 4.67680420E-03 0.00000000E+00
2.0405E+04 4.68223628E-03 0.00000000E+00
2.0428E+04 4.68860273E-03 0.00000000E+00
2.0452E+04 4.69222650E-03 0.00000000E+00
2.0475E+04 4.69611048E-03 0.00000000E+00
2.0499E+04 4.70258502E-03 0.00000000E+00
2.0522E+04 4.70762371E-03 0.00000000E+00
2.0546E+04 4.71069234E-03 0.00000000E+00
2.0570E+04 4.71603954E-03 0.00000000E+00
2.0593E+04 4.72231125E-03 0.00000000E+00
2.0617E+04 4.72587578E-03 0.00000000E+00
2.0640E+04 4.72969451E-03 0.00000000E+00
2.0664E+04 4.73607069E-03 0.00000000E+00
2.0687E+04 4.74103142E-03 0.00000000E+00
2.0711E+04 4.74404603E-03 0.00000000E+00
2.0735E+04 4.74930800E-03 0.00000000E+00
2.0758E+04 4.75548406E-03 0.00000000E+00
2.0782E+04 4.75898855E-03 0.00000000E+00
2.0805E+04 4.76274178E-03 0.00000000E+00
2.0829E+04 4.76901902E-03 0.00000000E+00
2.0852E+04 4.77390081E-03 0.00000000E+00
2.0876E+04 4.77686092E-03 0.00000000E+00
2.0899E+04 4.78203747E-03 0.00000000E+00
2.0923E+04 4.78811708E-03 0.00000000E+00
2.0947E+04 4.79156075E-03 0.00000000E+00
2.0970E+04 4.79524836E-03 0.00000000E+00
2.0994E+04 4.80142634E-03 0.00000000E+00
2.1017E+04 4.80622833E-03 0.00000000E+00
2.1041E+04 4.80913360E-03 0.00000000E+00
2.1064E+04 4.81422478E-03 0.00000000E+00
2.1088E+04 4.82020741E-03 0.00000000E+00
2.1112E+04 4.82358965E-03 0.00000000E+00
2.1135E+04 4.82721171E-03 0.00000000E+00
2.1159E+04 4.83329039E-03 0.00000000E+00
2.1182E+04 4.83801200E-03 0.00000000E+00
2.1206E+04 4.84086224E-03 0.00000000E+00
2.1229E+04 4.84586829E-03 0.00000000E+00
2.1253E+04 4.85175371E-03 0.00000000E+00
2.1276E+04 4.85507411E-03 0.00000000E+00
2.1300E+04 4.85863079E-03 0.00000000E+00
2.1324E+04 4.86461032E-03 0.00000000E+00
2.1347E+04 4.86925118E-03 0.00000000E+00
2.1371E+04 4.87204628E-03 0.00000000E+00
2.1394E+04 4.87696750E-03 0.00000000E+00
2.1418E+04 4.88275560E-03 0.00000000E+00
2.1441E+04 4.88601383E-03 0.00000000E+00
2.1465E+04 4.88950529E-03 0.00000000E+00
2.1488E+04 4.89538577E-03 0.00000000E+00
2.1512E+04 4.89994555E-03 0.00000000E+00
2.1536E+04 4.90268540E-03 0.00000000E+00
2.1559E+04 4.90752193E-03 0.00000000E+00
2.1583E+04 4.91321247E-03 0.00000000E+00
2.1606E+04 4.91640818E-03 0.00000000E+00
2.1630E+04 4.91983443E-03 0.00000000E+00
2.1653E+04 4.92561573E-03 0.00000000E+00
2.1677E+04 4.93009394E-03 0.00000000E+00
2.1701E+04 4.93277829E-03 0.00000000E+00
2.1724E+04 4.93753006E-03 0.00000000E+00
2.1748E+04 4.94312253E-03 0.00000000E+00
2.1771E+04 4.94625518E-03 0.00000000E+00
2.1795E+04 4.94961606E-03 0.00000000E+00
2.1818E+04 4.95529780E-03 0.00000000E+00
2.1842E+04 4.95969367E-03 0.00000000E+00
2.1865E+04 4.96232212E-03 0.00000000E+00
2.1889E+04 4.96698888E-03 0.00000000E+00
2.1913E+04 4.97248250E-03 0.00000000E+00
2.1936E+04 4.97555135E-03 0.00000000E+00
2.1960E+04 4.97884660E-03 0.00000000E+00
2.1983E+04 4.98442821E-03 0.00000000E+00
2.2007E+04 4.98874075E-03 0.00000000E+00
2.2030E+04 4.99131280E-03 0.00000000E+00
2.2054E+04 4.99589425E-03 0.00000000E+00
2.2078E+04 5.00128810E-03 0.00000000E+00
2.2101E+04 5.00429226E-03 0.00000000E+00
2.2125E+04 5.00752165E-03 0.00000000E+00
2.2148E+04 5.01300259E-03 0.00000000E+00
2.2172E+04 5.01723073E-03 0.00000000E+00
2.2195E+04 5.01974585E-03 0.00000000E+00
2.2219E+04 5.02424184E-03 0.00000000E+00
2.2242E+04 5.02953510E-03 0.00000000E+00
2.2266E+04 5.03247369E-03 0.00000000E+00
2.2290E+04 5.03563709E-03 0.00000000E+00
2.2313E+04 5.04101707E-03 0.00000000E+00
2.2337E+04 5.04515988E-03 0.00000000E+00
2.2360E+04 5.04761766E-03 0.00000000E+00
2.2384E+04 5.05202826E-03 0.00000000E+00
2.2407E+04 5.05722040E-03 0.00000000E+00
2.2431E+04 5.06009271E-03 0.00000000E+00
2.2455E+04 5.06319019E-03 0.00000000E+00
2.2478E+04 5.06846921E-03 0.00000000E+00
2.2502E+04 5.07252605E-03 0.00000000E+00
2.2525E+04 5.07492623E-03 0.00000000E+00
2.2549E+04 5.07925179E-03 0.00000000E+00
2.2572E+04 5.08434257E-03 0.00000000E+00
2.2596E+04 5.08714810E-03 0.00000000E+00
2.2619E+04 5.09017988E-03 0.00000000E+00
2.2643E+04 5.09535819E-03 0.00000000E+00
2.2667E+04 5.09932866E-03 0.00000000E+00
2.2690E+04 5.10167112E-03 0.00000000E+00
2.2714E+04 5.10591203E-03 0.00000000E+00
2.2737E+04 5.11090142E-03 0.00000000E+00
2.2761E+04 5.11363982E-03 0.00000000E+00
2.2784E+04 5.11660611E-03 0.00000000E+00
2.2808E+04 5.12168399E-03 0.00000000E+00
2.2832E+04 5.12556778E-03 0.00000000E+00
2.2855E+04 5.12785241E-03 0.00000000E+00
2.2879E+04 5.13200900E-03 0.00000000E+00
2.2902E+04 5.13689691E-03 0.00000000E+00
2.2926E+04 5.13956784E-03 0.00000000E+00
2.2949E+04 5.14246877E-03 0.00000000E+00
2.2973E+04 5.14744631E-03 0.00000000E+00
2.2996E+04 5.15124301E-03 0.00000000E+00
2.3020E+04 5.15346961E-03 0.00000000E+00
2.3044E+04 5.15754202E-03 0.00000000E+00
2.3067E+04 5.16232813E-03 0.00000000E+00
2.3091E+04 5.16493109E-03 0.00000000E+00
2.3114E+04 5.16776663E-03 0.00000000E+00
2.3138E+04 5.17264368E-03 0.00000000E+00
2.3161E+04 5.17635266E-03 0.00000000E+00
2.3185E+04 5.17852088E-03 0.00000000E+00
2.3209E+04 5.18250905E-03 0.00000000E+00
2.3232E+04 5.18719280E-03 0.00000000E+00
2.3256E+04 5.18972708E-03 0.00000000E+00
2.3279E+04 5.19249708E-03 0.00000000E+00
2.3303E+04 5.19727331E-03 0.00000000E+00
2.3326E+04 5.20089368E-03 0.00000000E+00
2.3350E+04 5.20300304E-03 0.00000000E+00
2.3373E+04 5.20690686E-03 0.00000000E+00
2.3397E+04 5.21148749E-03 0.00000000E+00
2.3421E+04 5.21395225E-03 0.00000000E+00
2.3444E+04 5.21665654E-03 0.00000000E+00
2.3468E+04 5.22133160E-03 0.00000000E+00
2.3491E+04 5.22486238E-03 0.00000000E+00
2.3515E+04 5.22691237E-03 0.00000000E+00
2.3538E+04 5.23073181E-03 0.00000000E+00
2.3562E+04 5.23520865E-03 0.00000000E+00
2.3586E+04 5.23760301E-03 0.00000000E+00
2.3609E+04 5.24024154E-03 0.00000000E+00
2.3633E+04 5.24481529E-03 0.00000000E+00
2.3656E+04 5.24825560E-03 0.00000000E+00
2.3680E+04 5.25024581E-03 0.00000000E+00
2.3703E+04 5.25398109E-03 0.00000000E+00
2.3727E+04 5.25835374E-03 0.00000000E+00
2.3750E+04 5.26067697E-03 0.00000000E+00
2.3774E+04 5.26324985E-03 0.00000000E+00
2.3798E+04 5.26772249E-03 0.00000000E+00
2.3821E+04 5.27107176E-03 0.00000000E+00
2.3845E+04 5.27300190E-03 0.00000000E+00
2.3868E+04 5.27665350E-03 0.00000000E+00
2.3892E+04 5.28092189E-03 0.00000000E+00
2.3915E+04 5.28317351E-03 0.00000000E+00
2.3939E+04 5.28568101E-03 0.00000000E+00
2.3962E+04 5.29005299E-03 0.00000000E+00
2.3986E+04 5.29331090E-03 0.00000000E+00
2.4010E+04 5.29518087E-03 0.00000000E+00
2.4033E+04 5.29874936E-03 0.00000000E+00
2.4057E+04 5.30291366E-03 0.00000000E+00
2.4080E+04 5.30509334E-03 0.00000000E+00
2.4104E+04 5.30753579E-03 0.00000000E+00
2.4127E+04 5.31180764E-03 0.00000000E+00
2.4151E+04 5.31497404E-03 0.00000000E+00
2.4175E+04 5.31678377E-03 0.00000000E+00
2.4198E+04 5.32026970E-03 0.00000000E+00
2.4222E+04 5.32433008E-03 0.00000000E+00
2.4245E+04 5.32643757E-03 0.00000000E+00
2.4269E+04 5.32881521E-03 0.00000000E+00
2.4292E+04 5.33298734E-03 0.00000000E+00
2.4316E+04 5.33606202E-03 0.00000000E+00
2.4339E+04 5.33781140E-03 0.00000000E+00
2.4363E+04 5.34121515E-03 0.00000000E+00
2.4387E+04 5.34517162E-03 0.00000000E+00
2.4410E+04 5.34720655E-03 0.00000000E+00
2.4434E+04 5.34951950E-03 0.00000000E+00
2.4457E+04 5.35359208E-03 0.00000000E+00
2.4481E+04 5.35657464E-03 0.00000000E+00
2.4504E+04 5.35826341E-03 0.00000000E+00
2.4528E+04 5.36158517E-03 0.00000000E+00
2.4552E+04 5.36543745E-03 0.00000000E+00
2.4575E+04 5.36739926E-03 0.00000000E+00
2.4599E+04 5.36964751E-03 0.00000000E+00
2.4622E+04 5.37362050E-03 0.00000000E+00
2.4646E+04 5.37651028E-03 0.00000000E+00
2.4669E+04 5.37813805E-03 0.00000000E+00
2.4693E+04 5.38137789E-03 0.00000000E+00
2.4716E+04 5.38512554E-03 0.00000000E+00
2.4740E+04 5.38701348E-03 0.00000000E+00
2.4764E+04 5.38919696E-03 0.00000000E+00
2.4787E+04 5.39307028E-03 0.00000000E+00
2.4811E+04 5.39586649E-03 0.00000000E+00
2.4834E+04 5.39743279E-03 0.00000000E+00
2.4858E+04 5.40059089E-03 0.00000000E+00
2.4881E+04 5.40423347E-03 0.00000000E+00
2.4905E+04 5.40604676E-03 0.00000000E+00
2.4929E+04 5.40816547E-03 0.00000000E+00
2.4952E+04 5.41193923E-03 0.00000000E+00
2.4976E+04 5.41464117E-03 0.00000000E+00
2.4999E+04 5.41614561E-03 0.00000000E+00
2.5023E+04 5.41922231E-03 0.00000000E+00
2.5046E+04 5.42275966E-03 0.00000000E+00
2.5070E+04 5.42449765E-03 0.00000000E+00
2.5093E+04 5.42655175E-03 0.00000000E+00
2.5117E+04 5.43022635E-03 0.00000000E+00
2.5141E+04 5.43283360E-03 0.00000000E+00
2.5164E+04 5.43427592E-03 0.00000000E+00
2.5188E+04 5.43727183E-03 0.00000000E+00
2.5211E+04 5.44070411E-03 0.00000000E+00
2.5235E+04 5.44236636E-03 0.00000000E+00
2.5258E+04 5.44435619E-03 0.00000000E+00
2.5282E+04 5.44793231E-03 0.00000000E+00
2.5306E+04 5.45044472E-03 0.00000000E+00
2.5329E+04 5.45182484E-03 0.00000000E+00
2.5353E+04 5.45474072E-03 0.00000000E+00
2.5376E+04 5.45806833E-03 0.00000000E+00
2.5400E+04 5.45965463E-03 0.00000000E+00
2.5423E+04 5.46158060E-03 0.00000000E+00
2.5447E+04 5.46505902E-03 0.00000000E+00
2.5470E+04 5.46747667E-03 0.00000000E+00
2.5494E+04 5.46879459E-03 0.00000000E+00
2.5518E+04 5.47163117E-03 0.00000000E+00
2.5541E+04 5.47485462E-03 0.00000000E+00
2.5565E+04 5.47636485E-03 0.00000000E+00
2.5588E+04 5.47822732E-03 0.00000000E+00
2.5612E+04 5.48160877E-03 0.00000000E+00
2.5635E+04 5.48393171E-03 0.00000000E+00
2.5659E+04 5.48518742E-03 0.00000000E+00
2.5683E+04 5.48794531E-03 0.00000000E+00
2.5706E+04 5.49106494E-03 0.00000000E+00
2.5730E+04 5.49249891E-03 0.00000000E+00
2.5753E+04 5.49429813E-03 0.00000000E+00
2.5777E+04 5.49758312E-03 0.00000000E+00
2.5800E+04 5.49981123E-03 0.00000000E+00
2.5824E+04 5.50100460E-03 0.00000000E+00
2.5847E+04 5.50368420E-03 0.00000000E+00
2.5871E+04 5.50670010E-03 0.00000000E+00
2.5895E+04 5.50805745E-03 0.00000000E+00
2.5918E+04 5.50979352E-03 0.00000000E+00
2.5942E+04 5.51298231E-03 0.00000000E+00
2.5965E+04 5.51511524E-03 0.00000000E+00
2.5989E+04 5.51624596E-03 0.00000000E+00
2.6012E+04 5.51884756E-03 0.00000000E+00
2.6036E+04 5.52175962E-03 0.00000000E+00
2.6060E+04 5.52303976E-03 0.00000000E+00
2.6083E+04 5.52471271E-03 0.00000000E+00
2.6107E+04 5.52780551E-03 0.00000000E+00
2.6130E+04 5.52984273E-03 0.00000000E+00
2.6154E+04 5.53091043E-03 0.00000000E+00
2.6177E+04 5.53343433E-03 0.00000000E+00
2.6201E+04 5.53624241E-03 0.00000000E+00
2.6224E+04 5.53744472E-03 0.00000000E+00
2.6248E+04 5.53905462E-03 0.00000000E+00
2.6272E+04 5.54205174E-03 0.00000000E+00
2.6295E+04 5.54399279E-03 0.00000000E+00
2.6319E+04 5.54499712E-03 0.00000000E+00
2.6342E+04 5.54744381E-03 0.00000000E+00
2.6366E+04 5.55014798E-03 0.00000000E+00
2.6389E+04 5.55127192E-03 0.00000000E+00
2.6413E+04 5.55281898E-03 0.00000000E+00
2.6437E+04 5.55572103E-03 0.00000000E+00
2.6460E+04 5.55756567E-03 0.00000000E+00
2.6484E+04 5.55850642E-03 0.00000000E+00
2.6507E+04 5.56087660E-03 0.00000000E+00
2.6531E+04 5.56347727E-03 0.00000000E+00
2.6554E+04 5.56452253E-03 0.00000000E+00
2.6578E+04 5.56600709E-03 0.00000000E+00
2.6601E+04 5.56881495E-03 0.00000000E+00
2.6625E+04 5.57056327E-03 0.00000000E+00
2.6649E+04 5.57144039E-03 0.00000000E+00
2.6672E+04 5.57373493E-03 0.00000000E+00
2.6696E+04 5.57623277E-03 0.00000000E+00
2.6719E+04 5.57719926E-03 0.00000000E+00
2.6743E+04 5.57862180E-03 0.00000000E+00
2.6766E+04 5.58133650E-03 0.00000000E+00
2.6790E+04 5.58298879E-03 0.00000000E+00
2.6813E+04 5.58380236E-03 0.00000000E+00
2.6837E+04 5.58602215E-03 0.00000000E+00
2.6861E+04 5.58841797E-03 0.00000000E+00
2.6884E+04 5.58930574E-03 0.00000000E+00
2.6908E+04 5.59066671E-03 0.00000000E+00
2.6931E+04 5.59328924E-03 0.00000000E+00
2.6955E+04 5.59484586E-03 0.00000000E+00
2.6978E+04 5.59559598E-03 0.00000000E+00
2.7002E+04 5.59774181E-03 0.00000000E+00
2.7026E+04 5.60003629E-03 0.00000000E+00
2.7049E+04 5.60084536E-03 0.00000000E+00
2.7073E+04 5.60214512E-03 0.00000000E+00
2.7096E+04 5.60467628E-03 0.00000000E+00
2.7120E+04 5.60613743E-03 0.00000000E+00
2.7143E+04 5.60682408E-03 0.00000000E+00
2.7167E+04 5.60889654E-03 0.00000000E+00
2.7190E+04 5.61109013E-03 0.00000000E+00
2.7214E+04 5.61182035E-03 0.00000000E+00
2.7238E+04 5.61305911E-03 0.00000000E+00
2.7261E+04 5.61549944E-03 0.00000000E+00
2.7285E+04 5.61686509E-03 0.00000000E+00
2.7308E+04 5.61748810E-03 0.00000000E+00
2.7332E+04 5.61948762E-03 0.00000000E+00
2.7355E+04 5.62158053E-03 0.00000000E+00
2.7379E+04 5.62223157E-03 0.00000000E+00
2.7403E+04 5.62340942E-03 0.00000000E+00
2.7426E+04 5.62575938E-03 0.00000000E+00
2.7450E+04 5.62702930E-03 0.00000000E+00
2.7473E+04 5.62758840E-03 0.00000000E+00
2.7497E+04 5.62951541E-03 0.00000000E+00
2.7520E+04 5.63150781E-03 0.00000000E+00
2.7544E+04 5.63207920E-03 0.00000000E+00
2.7567E+04 5.63319629E-03 0.00000000E+00
2.7591E+04 5.63545638E-03 0.00000000E+00
2.7615E+04 5.63663037E-03 0.00000000E+00
2.7638E+04 5.63712529E-03 0.00000000E+00
2.7662E+04 5.63898036E-03 0.00000000E+00
2.7685E+04 5.64087257E-03 0.00000000E+00
2.7709E+04 5.64136394E-03 0.00000000E+00
2.7732E+04 5.64242047E-03 0.00000000E+00
2.7756E+04 5.64459147E-03 0.00000000E+00
2.7780E+04 5.64566952E-03 0.00000000E+00
2.7803E+04 5.64610009E-03 0.00000000E+00
2.7827E+04 5.64788398E-03 0.00000000E+00
2.7850E+04 5.64967661E-03 0.00000000E+00
2.7874E+04 5.65008779E-03 0.00000000E+00
2.7897E+04 5.65108415E-03 0.00000000E+00
2.7921E+04 5.65316708E-03 0.00000000E+00
2.7944E+04 5.65414948E-03 0.00000000E+00
2.7968E+04 5.65451571E-03 0.00000000E+00
2.7992E+04 5.65622935E-03 0.00000000E+00
2.8015E+04 5.65792333E-03 0.00000000E+00
2.8039E+04 5.65825438E-03 0.00000000E+00
2.8062E+04 5.65919105E-03 0.00000000E+00
2.8086E+04 5.66118713E-03 0.00000000E+00
2.8109E+04 5.66207443E-03 0.00000000E+00
2.8133E+04 5.66237648E-03 0.00000000E+00
2.8157E+04 5.66402087E-03 0.00000000E+00
2.8180E+04 5.66561725E-03 0.00000000E+00
2.8204E+04 5.66586842E-03 0.00000000E+00
2.8227E+04 5.66674593E-03 0.00000000E+00
2.8251E+04 5.66865636E-03 0.00000000E+00
2.8274E+04 5.66944919E-03 0.00000000E+00
2.8298E+04 5.66968727E-03 0.00000000E+00
2.8321E+04 5.67126332E-03 0.00000000E+00
2.8345E+04 5.67276310E-03 0.00000000E+00
2.8369E+04 5.67293462E-03 0.00000000E+00
2.8392E+04 5.67375340E-03 0.00000000E+00
2.8416E+04 5.67557921E-03 0.00000000E+00
2.8439E+04 5.67627811E-03 0.00000000E+00
2.8463E+04 5.67645233E-03 0.00000000E+00
2.8486E+04 5.67796075E-03 0.00000000E+00
2.8510E+04 5.67936470E-03 0.00000000E+00
2.8534E+04 5.67945667E-03 0.00000000E+00
2.8557E+04 5.68021701E-03 0.00000000E+00
2.8581E+04 5.68195898E-03 0.00000000E+00
2.8604E+04 5.68256422E-03 0.00000000E+00
2.8628E+04 5.68267456E-03 0.00000000E+00
2.8651E+04 5.68411591E-03 0.00000000E+00
2.8675E+04 5.68542456E-03 0.00000000E+00
2.8698E+04 5.68543687E-03 0.00000000E+00
2.8722E+04 5.68613896E-03 0.00000000E+00
2.8746E+04 5.68779774E-03 0.00000000E+00
2.8769E+04 5.68830941E-03 0.00000000E+00
2.8793E+04 5.68835571E-03 0.00000000E+00
2.8816E+04 5.68973051E-03 0.00000000E+00
2.8840E+04 5.69094428E-03 0.00000000E+00
2.8863E+04 5.69087670E-03 0.00000000E+00
2.8887E+04 5.69152071E-03 0.00000000E+00
2.8911E+04 5.69309697E-03 0.00000000E+00
2.8934E+04 5.69351513E-03 0.00000000E+00
2.8958E+04 5.69349720E-03 0.00000000E+00
2.8981E+04 5.69480605E-03 0.00000000E+00
2.9005E+04 5.69592549E-03 0.00000000E+00
2.9028E+04 5.69577783E-03 0.00000000E+00
2.9052E+04 5.69636397E-03 0.00000000E+00
2.9075E+04 5.69785858E-03 0.00000000E+00
2.9099E+04 5.69818344E-03 0.00000000E+00
2.9123E+04 5.69810120E-03 0.00000000E+00
2.9146E+04 5.69934487E-03 0.00000000E+00
2.9170E+04 5.70037078E-03 0.00000000E+00
2.9193E+04 5.70014300E-03 0.00000000E+00
2.9217E+04 5.70067167E-03 0.00000000E+00
2.9240E+04 5.70208575E-03 0.00000000E+00
2.9264E+04 5.70231781E-03 0.00000000E+00
2.9287E+04 5.70217132E-03 0.00000000E+00
2.9311E+04 5.70335078E-03 0.00000000E+00
2.9335E+04 5.70428425E-03 0.00000000E+00
2.9358E+04 5.70397659E-03 0.00000000E+00
2.9382E+04 5.70444828E-03 0.00000000E+00
2.9405E+04 5.70578316E-03 0.00000000E+00
2.9429E+04 5.70592319E-03 0.00000000E+00
2.9452E+04 5.70571270E-03 0.00000000E+00
2.9476E+04 5.70682897E-03 0.00000000E+00
2.9500E+04 5.70767129E-03 0.00000000E+00
2.9523E+04 5.70728418E-03 0.00000000E+00
2.9547E+04 5.70769944E-03 0.00000000E+00
2.9570E+04 5.70895647E-03 0.00000000E+00
2.9594E+04 5.70900537E-03 0.00000000E+00
2.9617E+04 5.70873118E-03 0.00000000E+00
2.9641E+04 5.70978524E-03 0.00000000E+00
2.9664E+04 5.71053765E-03 0.00000000E+00
2.9688E+04 5.71007154E-03 0.00000000E+00
2.9712E+04 5.71043087E-03 0.00000000E+00
2.9735E+04 5.71161124E-03 0.00000000E+00
2.9759E+04 5.71156982E-03 0.00000000E+00
2.9782E+04 5.71123218E-03 0.00000000E+00
2.9806E+04 5.71222484E-03 0.00000000E+00
2.9829E+04 5.71288837E-03 0.00000000E+00
2.9853E+04 5.71234360E-03 0.00000000E+00
2.9877E+04 5.71264737E-03 0.00000000E+00
2.9900E+04 5.71375203E-03 0.00000000E+00
2.9924E+04 5.71362087E-03 0.00000000E+00
2.9947E+04 5.71321991E-03 0.00000000E+00
2.9971E+04 5.71415181E-03 0.00000000E+00
2.9994E+04 5.71472725E-03 0.00000000E+00
3.0018E+04 5.71410396E-03 0.00000000E+00
3.0041E+04 5.71435241E-03 0.00000000E+00
3.0065E+04 5.71538215E-03 0.00000000E+00
3.0089E+04 5.71516164E-03 0.00000000E+00
3.0112E+04 5.71469734E-03 0.00000000E+00
3.0136E+04 5.71556902E-03 0.00000000E+00
3.0159E+04 5.71605703E-03 0.00000000E+00
3.0183E+04 5.71535522E-03 0.00000000E+00
3.0206E+04 5.71554854E-03 0.00000000E+00
3.0230E+04 5.71650414E-03 0.00000000E+00
3.0254E+04 5.71619458E-03 0.00000000E+00
3.0277E+04 5.71566685E-03 0.00000000E+00
3.0301E+04 5.71647893E-03 0.00000000E+00
3.0324E+04 5.71688021E-03 0.00000000E+00
3.0348E+04 5.71609986E-03 0.00000000E+00
3.0371E+04 5.71623830E-03 0.00000000E+00
3.0395E+04 5.71712067E-03 0.00000000E+00
3.0418E+04 5.71672246E-03 0.00000000E+00
3.0442E+04 5.71613130E-03 0.00000000E+00
3.0466E+04 5.71688453E-03 0.00000000E+00
3.0489E+04 5.71720001E-03 0.00000000E+00
3.0513E+04 5.71634125E-03 0.00000000E+00
3.0536E+04 5.71642516E-03 0.00000000E+00
3.0560E+04 5.71723548E-03 0.00000000E+00
3.0583E+04 5.71674929E-03 0.00000000E+00
3.0607E+04 5.71609483E-03 0.00000000E+00
3.0631E+04 5.71679014E-03 0.00000000E+00
3.0654E+04 5.71702106E-03 0.00000000E+00
3.0678E+04 5.71608428E-03 0.00000000E+00
3.0701E+04 5.71611416E-03 0.00000000E+00
3.0725E+04 5.71685378E-03 0.00000000E+00
3.0748E+04 5.71628058E-03 0.00000000E+00
3.0772E+04 5.71556313E-03 0.00000000E+00
3.0795E+04 5.71620155E-03 0.00000000E+00
3.0819E+04 5.71634933E-03 0.00000000E+00
3.0843E+04 5.71533511E-03 0.00000000E+00
3.0866E+04 5.71531153E-03 0.00000000E+00
3.0890E+04 5.71598187E-03 0.00000000E+00
3.0913E+04 5.71532276E-03 0.00000000E+00
3.0937E+04 5.71454273E-03 0.00000000E+00
3.0960E+04 5.71512525E-03 0.00000000E+00
3.0984E+04 5.71519131E-03 0.00000000E+00
3.1008E+04 5.71410031E-03 0.00000000E+00
3.1031E+04 5.71402380E-03 0.00000000E+00
3.1055E+04 5.71462615E-03 0.00000000E+00
3.1078E+04 5.71388218E-03 0.00000000E+00
3.1102E+04 5.71303995E-03 0.00000000E+00
3.1125E+04 5.71356742E-03 0.00000000E+00
3.1149E+04 5.71355298E-03 0.00000000E+00
3.1172E+04 5.71238577E-03 0.00000000E+00
3.1196E+04 5.71225676E-03 0.00000000E+00
3.1220E+04 5.71279218E-03 0.00000000E+00
3.1243E+04 5.71196420E-03 0.00000000E+00
3.1267E+04 5.71106004E-03 0.00000000E+00
3.1290E+04 5.71153312E-03 0.00000000E+00
3.1314E+04 5.71143918E-03 0.00000000E+00
3.1337E+04 5.71019615E-03 0.00000000E+00
3.1361E+04 5.71001492E-03 0.00000000E+00
3.1385E+04 5.71048429E-03 0.00000000E+00
3.1408E+04 5.70957294E-03 0.00000000E+00
3.1432E+04 5.70860697E-03 0.00000000E+00
3.1455E+04 5.70902623E-03 0.00000000E+00
3.1479E+04 5.70885361E-03 0.00000000E+00
3.1502E+04 5.70753495E-03 0.00000000E+00
3.1526E+04 5.70730174E-03 0.00000000E+00
3.1549E+04 5.70770587E-03 0.00000000E+00
3.1573E+04 5.70671164E-03 0.00000000E+00
3.1597E+04 5.70568389E-03 0.00000000E+00
3.1620E+04 5.70604992E-03 0.00000000E+00
3.1644E+04 5.70579943E-03 0.00000000E+00
3.1667E+04 5.70440532E-03 0.00000000E+00
3.1691E+04 5.70412035E-03 0.00000000E+00
3.1714E+04 5.70446017E-03 0.00000000E+00
3.1738E+04 5.70338364E-03 0.00000000E+00
3.1762E+04 5.70229417E-03 0.00000000E+00
3.1785E+04 5.70260767E-03 0.00000000E+00
3.1809E+04 5.70228033E-03 0.00000000E+00
3.1832E+04 5.70081103E-03 0.00000000E+00
3.1856E+04 5.70047465E-03 0.00000000E+00
3.1879E+04 5.70075130E-03 0.00000000E+00
3.1903E+04 5.69959328E-03 0.00000000E+00
3.1926E+04 5.69844229E-03 0.00000000E+00
3.1950E+04 5.69870413E-03 0.00000000E+00
3.1974E+04 5.69830123E-03 0.00000000E+00
3.1997E+04 5.69675725E-03 0.00000000E+00
3.2021E+04 5.69636994E-03 0.00000000E+00
3.2044E+04 5.69658476E-03 0.00000000E+00
3.2068E+04 5.69534633E-03 0.00000000E+00
3.2091E+04 5.69413422E-03 0.00000000E+00
3.2115E+04 5.69434537E-03 0.00000000E+00
3.2138E+04 5.69386839E-03 0.00000000E+00
3.2162E+04 5.69225047E-03 0.00000000E+00
3.2186E+04 5.69181279E-03 0.00000000E+00
3.2209E+04 5.69196719E-03 0.00000000E+00
3.2233E+04 5.69064961E-03 0.00000000E+00
3.2256E+04 5.68937686E-03 0.00000000E+00
3.2280E+04 5.68953829E-03 0.00000000E+00
3.2303E+04 5.68898875E-03 0.00000000E+00
3.2327E+04 5.68729771E-03 0.00000000E+00
3.2351E+04 5.68681022E-03 0.00000000E+00
3.2374E+04 5.68690552E-03 0.00000000E+00
3.2398E+04 5.68551002E-03 0.00000000E+00
3.2421E+04 5.68417713E-03 0.00000000E+00
3.2445E+04 5.68428969E-03 0.00000000E+00
3.2468E+04 5.68366895E-03 0.00000000E+00
3.2492E+04 5.68190556E-03 0.00000000E+00
3.2515E+04 5.68136872E-03 0.00000000E+00
3.2539E+04 5.68140603E-03 0.00000000E+00
3.2563E+04 5.67993368E-03 0.00000000E+00
3.2586E+04 5.67854105E-03 0.00000000E+00
3.2610E+04 5.67860541E-03 0.00000000E+00
3.2633E+04 5.67791460E-03 0.00000000E+00
3.2657E+04 5.67607944E-03 0.00000000E+00
3.2680E+04 5.67549359E-03 0.00000000E+00
3.2704E+04 5.67547382E-03 0.00000000E+00
3.2728E+04 5.67392544E-03 0.00000000E+00
3.2751E+04 5.67247332E-03 0.00000000E+00
3.2775E+04 5.67249004E-03 0.00000000E+00
3.2798E+04 5.67173008E-03 0.00000000E+00
3.2822E+04 5.66982355E-03 0.00000000E+00
3.2845E+04 5.66918895E-03 0.00000000E+00
3.2869E+04 5.66911292E-03 0.00000000E+00
3.2892E+04 5.66748916E-03 0.00000000E+00
3.2916E+04 5.66597770E-03 0.00000000E+00
3.2940E+04 5.66594732E-03 0.00000000E+00
3.2963E+04 5.66511909E-03 0.00000000E+00
3.2987E+04 5.66314150E-03 0.00000000E+00
3.3010E+04 5.66245838E-03 0.00000000E+00
3.3034E+04 5.66232696E-03 0.00000000E+00
3.3057E+04 5.66062853E-03 0.00000000E+00
3.3081E+04 5.65905786E-03 0.00000000E+00
3.3105E+04 5.65898101E-03 0.00000000E+00
3.3128E+04 5.65808554E-03 0.00000000E+00
3.3152E+04 5.65603730E-03 0.00000000E+00
3.3175E+04 5.65530597E-03 0.00000000E+00
3.3199E+04 5.65512025E-03 0.00000000E+00
3.3222E+04 5.65334803E-03 0.00000000E+00
3.3246E+04 5.65171843E-03 0.00000000E+00
3.3269E+04 5.65159588E-03 0.00000000E+00
3.3293E+04 5.65063446E-03 0.00000000E+00
3.3317E+04 5.64851618E-03 0.00000000E+00
3.3340E+04 5.64773710E-03 0.00000000E+00
3.3364E+04 5.64749833E-03 0.00000000E+00
3.3387E+04 5.64565349E-03 0.00000000E+00
3.3411E+04 5.64396538E-03 0.00000000E+00
3.3434E+04 5.64379804E-03 0.00000000E+00
3.3458E+04 5.64277216E-03 0.00000000E+00
3.3482E+04 5.64058466E-03 0.00000000E+00
3.3505E+04 5.63975837E-03 0.00000000E+00
3.3529E+04 5.63946791E-03 0.00000000E+00
3.3552E+04 5.63755179E-03 0.00000000E+00
3.3576E+04 5.63580575E-03 0.00000000E+00
3.3599E+04 5.63559452E-03 0.00000000E+00
3.3623E+04 5.63450572E-03 0.00000000E+00
3.3646E+04 5.63224996E-03 0.00000000E+00
3.3670E+04 5.63137703E-03 0.00000000E+00
3.3694E+04 5.63103618E-03 0.00000000E+00
3.3717E+04 5.62905013E-03 0.00000000E+00
3.3741E+04 5.62724674E-03 0.00000000E+00
3.3764E+04 5.62699245E-03 0.00000000E+00
3.3788E+04 5.62584216E-03 0.00000000E+00
3.3811E+04 5.62351905E-03 0.00000000E+00
3.3835E+04 5.62259999E-03 0.00000000E+00
3.3859E+04 5.62220985E-03 0.00000000E+00
3.3882E+04 5.62015508E-03 0.00000000E+00
3.3906E+04 5.61829487E-03 0.00000000E+00
3.3929E+04 5.61799818E-03 0.00000000E+00
3.3953E+04 5.61678758E-03 0.00000000E+00
3.3976E+04 5.61439790E-03 0.00000000E+00
3.4000E+04 5.61343307E-03 0.00000000E+00
3.4023E+04 5.61299455E-03 0.00000000E+00
3.4047E+04 5.61087202E-03 0.00000000E+00
3.4071E+04 5.60895536E-03 0.00000000E+00
3.4094E+04 5.60861680E-03 0.00000000E+00
3.4118E+04 5.60734687E-03 0.00000000E+00
3.4141E+04 5.60489116E-03 0.00000000E+00
3.4165E+04 5.60388084E-03 0.00000000E+00
3.4188E+04 5.60339472E-03 0.00000000E+00
3.4212E+04 5.60120521E-03 0.00000000E+00
3.4236E+04 5.59923235E-03 0.00000000E+00
3.4259E+04 5.59885239E-03 0.00000000E+00
3.4283E+04 5.59752403E-03 0.00000000E+00
3.4306E+04 5.59500274E-03 0.00000000E+00
3.4330E+04 5.59394717E-03 0.00000000E+00
3.4353E+04 5.59341426E-03 0.00000000E+00
3.4377E+04 5.59115854E-03 0.00000000E+00
3.4400E+04 5.58912969E-03 0.00000000E+00
3.4424E+04 5.58870889E-03 0.00000000E+00
3.4448E+04 5.58732311E-03 0.00000000E+00
3.4471E+04 5.58473674E-03 0.00000000E+00
3.4495E+04 5.58363621E-03 0.00000000E+00
3.4518E+04 5.58305748E-03 0.00000000E+00
3.4542E+04 5.58073648E-03 0.00000000E+00
3.4565E+04 5.57865196E-03 0.00000000E+00
3.4589E+04 5.57819100E-03 0.00000000E+00
3.4612E+04 5.57674902E-03 0.00000000E+00
3.4636E+04 5.57409824E-03 0.00000000E+00
3.4660E+04 5.57295318E-03 0.00000000E+00
3.4683E+04 5.57232978E-03 0.00000000E+00
3.4707E+04 5.56994468E-03 0.00000000E+00
3.4730E+04 5.56780496E-03 0.00000000E+00
3.4754E+04 5.56730465E-03 0.00000000E+00
3.4777E+04 5.56580791E-03 0.00000000E+00
3.4801E+04 5.56309361E-03 0.00000000E+00
3.4825E+04 5.56190454E-03 0.00000000E+00
3.4848E+04 5.56123773E-03 0.00000000E+00
3.4872E+04 5.55878990E-03 0.00000000E+00
3.4895E+04 5.55659560E-03 0.00000000E+00
3.4919E+04 5.55605676E-03 0.00000000E+00
3.4942E+04 5.55450678E-03 0.00000000E+00
3.4966E+04 5.55173001E-03 0.00000000E+00
3.4989E+04 5.55049749E-03 0.00000000E+00
3.5013E+04 5.54978850E-03 0.00000000E+00
3.5037E+04 5.54727936E-03 0.00000000E+00
3.5060E+04 5.54503115E-03 0.00000000E+00
3.5084E+04 5.54445457E-03 0.00000000E+00
3.5107E+04 5.54285277E-03 0.00000000E+00
3.5131E+04 5.54001457E-03 0.00000000E+00
3.5154E+04 5.53873912E-03 0.00000000E+00
3.5178E+04 5.53798902E-03 0.00000000E+00
3.5202E+04 5.53541986E-03 0.00000000E+00
3.5225E+04 5.53311837E-03 0.00000000E+00
3.5249E+04 5.53250468E-03 0.00000000E+00
3.5272E+04 5.53085227E-03 0.00000000E+00
3.5296E+04 5.52795351E-03 0.00000000E+00
3.5319E+04 5.52663555E-03 0.00000000E+00
3.5343E+04 5.52584522E-03 0.00000000E+00
3.5366E+04 5.52321709E-03 0.00000000E+00
3.5390E+04 5.52086278E-03 0.00000000E+00
3.5414E+04 5.52021247E-03 0.00000000E+00
3.5437E+04 5.51851044E-03 0.00000000E+00
3.5461E+04 5.51555182E-03 0.00000000E+00
3.5484E+04 5.51419165E-03 0.00000000E+00
3.5508E+04 5.51336179E-03 0.00000000E+00
3.5531E+04 5.51067555E-03 0.00000000E+00
3.5555E+04 5.50826877E-03 0.00000000E+00
3.5579E+04 5.50758227E-03 0.00000000E+00
3.5602E+04 5.50583149E-03 0.00000000E+00
3.5626E+04 5.50281355E-03 0.00000000E+00
3.5649E+04 5.50141141E-03 0.00000000E+00
3.5673E+04 5.50054276E-03 0.00000000E+00
3.5696E+04 5.49779922E-03 0.00000000E+00
3.5720E+04 5.49534025E-03 0.00000000E+00
3.5743E+04 5.49461803E-03 0.00000000E+00
3.5767E+04 5.49281945E-03 0.00000000E+00
3.5791E+04 5.48974276E-03 0.00000000E+00
3.5814E+04 5.48829893E-03 0.00000000E+00
3.5838E+04 5.48739234E-03 0.00000000E+00
3.5861E+04 5.48459242E-03 0.00000000E+00
3.5885E+04 5.48208162E-03 0.00000000E+00
3.5908E+04 5.48132426E-03 0.00000000E+00
3.5932E+04 5.47947901E-03 0.00000000E+00
3.5956E+04 5.47634428E-03 0.00000000E+00
3.5979E+04 5.47485916E-03 0.00000000E+00
3.6003E+04 5.47391564E-03 0.00000000E+00
3.6026E+04 5.47106050E-03 0.00000000E+00
3.6050E+04 5.46849837E-03 0.00000000E+00
3.6073E+04 5.46770656E-03 0.00000000E+00
3.6097E+04 5.46581599E-03 0.00000000E+00
3.6120E+04 5.46262414E-03 0.00000000E+00
3.6144E+04 5.46109821E-03 0.00000000E+00
3.6168E+04 5.46011891E-03 0.00000000E+00
3.6191E+04 5.45720990E-03 0.00000000E+00
3.6215E+04 5.45459709E-03 0.00000000E+00
3.6238E+04 5.45377160E-03 0.00000000E+00
3.6262E+04 5.45183715E-03 0.00000000E+00
3.6285E+04 5.44858927E-03 0.00000000E+00
3.6309E+04 5.44702309E-03 0.00000000E+00
3.6333E+04 5.44600915E-03 0.00000000E+00
3.6356E+04 5.44304770E-03 0.00000000E+00
3.6380E+04 5.44038494E-03 0.00000000E+00
3.6403E+04 5.43952648E-03 0.00000000E+00
3.6427E+04 5.43754954E-03 0.00000000E+00
3.6450E+04 5.43424674E-03 0.00000000E+00
3.6474E+04 5.43264085E-03 0.00000000E+00
3.6497E+04 5.43159327E-03 0.00000000E+00
3.6521E+04 5.42858070E-03 0.00000000E+00
3.6545E+04 5.42586869E-03 0.00000000E+00
3.6568E+04 5.42497787E-03 0.00000000E+00
3.6592E+04 5.42295963E-03 0.00000000E+00
3.6615E+04 5.41960288E-03 0.00000000E+00
3.6639E+04 5.41795773E-03 0.00000000E+00
3.6662E+04 5.41687733E-03 0.00000000E+00
3.6686E+04 5.41381474E-03 0.00000000E+00
3.6710E+04 5.41105405E-03 0.00000000E+00
3.6733E+04 5.41013132E-03 0.00000000E+00
3.6757E+04 5.40807274E-03 0.00000000E+00
3.6780E+04 5.40466282E-03 0.00000000E+00
3.6804E+04 5.40297873E-03 0.00000000E+00
3.6827E+04 5.40186616E-03 0.00000000E+00
3.6851E+04 5.39875446E-03 0.00000000E+00
3.6874E+04 5.39594550E-03 0.00000000E+00
3.6898E+04 5.39499124E-03 0.00000000E+00
3.6922E+04 5.39289315E-03 0.00000000E+00
3.6945E+04 5.38943070E-03 0.00000000E+00
3.6969E+04 5.38770792E-03 0.00000000E+00
3.6992E+04 5.38656382E-03 0.00000000E+00
3.7016E+04 5.38340382E-03 0.00000000E+00
3.7039E+04 5.38054694E-03 0.00000000E+00
3.7063E+04 5.37956155E-03 0.00000000E+00
3.7087E+04 5.37742481E-03 0.00000000E+00
3.7110E+04 5.37391044E-03 0.00000000E+00
3.7134E+04 5.37214925E-03 0.00000000E+00
3.7157E+04 5.37097434E-03 0.00000000E+00
3.7181E+04 5.36776693E-03 0.00000000E+00
3.7204E+04 5.36486251E-03 0.00000000E+00
3.7228E+04 5.36384647E-03 0.00000000E+00
3.7251E+04 5.36167212E-03 0.00000000E+00
3.7275E+04 5.35810654E-03 0.00000000E+00
3.7299E+04 5.35630729E-03 0.00000000E+00
3.7322E+04 5.35510245E-03 0.00000000E+00
3.7346E+04 5.35184873E-03 0.00000000E+00
3.7369E+04 5.34889729E-03 0.00000000E+00
3.7393E+04 5.34785120E-03 0.00000000E+00
3.7416E+04 5.34564045E-03 0.00000000E+00
3.7440E+04 5.34202459E-03 0.00000000E+00
3.7463E+04 5.34018775E-03 0.00000000E+00
3.7487E+04 5.33895399E-03 0.00000000E+00
3.7511E+04 5.33565526E-03 0.00000000E+00
3.7534E+04 5.33265747E-03 0.00000000E+00
3.7558E+04 5.33158201E-03 0.00000000E+00
3.7581E+04 5.32933620E-03 0.00000000E+00
3.7605E+04 5.32567115E-03 0.00000000E+00
3.7628E+04 5.32379727E-03 0.00000000E+00
3.7652E+04 5.32253563E-03 0.00000000E+00
3.7676E+04 5.31919328E-03 0.00000000E+00
3.7699E+04 5.31614991E-03 0.00000000E+00
3.7723E+04 5.31504574E-03 0.00000000E+00
3.7746E+04 5.31276618E-03 0.00000000E+00
3.7770E+04 5.30905310E-03 0.00000000E+00
3.7793E+04 5.30714272E-03 0.00000000E+00
3.7817E+04 5.30585412E-03 0.00000000E+00
3.7840E+04 5.30246948E-03 0.00000000E+00
3.7864E+04 5.29938128E-03 0.00000000E+00
3.7888E+04 5.29824896E-03 0.00000000E+00
3.7911E+04 5.29593679E-03 0.00000000E+00
3.7935E+04 5.29217671E-03 0.00000000E+00
3.7958E+04 5.29023030E-03 0.00000000E+00
3.7982E+04 5.28891550E-03 0.00000000E+00
3.8005E+04 5.28548967E-03 0.00000000E+00
3.8029E+04 5.28235729E-03 0.00000000E+00
3.8053E+04 5.28119724E-03 0.00000000E+00
3.8076E+04 5.27885339E-03 0.00000000E+00
3.8100E+04 5.27504715E-03 0.00000000E+00
3.8123E+04 5.27306507E-03 0.00000000E+00
3.8147E+04 5.27172466E-03 0.00000000E+00
3.8170E+04 5.26825856E-03 0.00000000E+00
3.8194E+04 5.26508248E-03 0.00000000E+00
3.8217E+04 5.26389504E-03 0.00000000E+00
3.8241E+04 5.26152029E-03 0.00000000E+00
3.8265E+04 5.25766858E-03 0.00000000E+00
3.8288E+04 5.25565111E-03 0.00000000E+00
3.8312E+04 5.25428562E-03 0.00000000E+00
3.8335E+04 5.25078006E-03 0.00000000E+00
3.8359E+04 5.24756067E-03 0.00000000E+00
3.8382E+04 5.24634618E-03 0.00000000E+00
3.8406E+04 5.24394129E-03 0.00000000E+00
3.8430E+04 5.24004474E-03 0.00000000E+00
3.8453E+04 5.23799213E-03 0.00000000E+00
3.8477E+04 5.23660217E-03 0.00000000E+00
3.8500E+04 5.23305799E-03 0.00000000E+00
3.8524E+04 5.22979570E-03 0.00000000E+00
3.8547E+04 5.22855456E-03 0.00000000E+00
3.8571E+04 5.22612043E-03 0.00000000E+00
3.8594E+04 5.22217976E-03 0.00000000E+00
3.8618E+04 5.22009235E-03 0.00000000E+00
3.8642E+04 5.21867866E-03 0.00000000E+00
3.8665E+04 5.21509687E-03 0.00000000E+00
3.8689E+04 5.21179221E-03 0.00000000E+00
3.8712E+04 5.21052493E-03 0.00000000E+00
3.8736E+04 5.20806264E-03 0.00000000E+00
3.8759E+04 5.20407875E-03 0.00000000E+00
3.8783E+04 5.20195698E-03 0.00000000E+00
3.8807E+04 5.20052044E-03 0.00000000E+00
3.8830E+04 5.19690226E-03 0.00000000E+00
3.8854E+04 5.19355590E-03 0.00000000E+00
3.8877E+04 5.19226307E-03 0.00000000E+00
3.8901E+04 5.18977385E-03 0.00000000E+00
3.8924E+04 5.18574782E-03 0.00000000E+00
3.8948E+04 5.18359222E-03 0.00000000E+00
3.8971E+04 5.18213375E-03 0.00000000E+00
3.8995E+04 5.17848051E-03 0.00000000E+00
3.9019E+04 5.17509323E-03 0.00000000E+00
3.9042E+04 5.17377546E-03 0.00000000E+00
3.9066E+04 5.17126053E-03 0.00000000E+00
3.9089E+04 5.16719351E-03 0.00000000E+00
3.9113E+04 5.16500462E-03 0.00000000E+00
3.9136E+04 5.16352507E-03 0.00000000E+00
3.9160E+04 5.15983806E-03 0.00000000E+00
3.9184E+04 5.15641065E-03 0.00000000E+00
3.9207E+04 5.15506845E-03 0.00000000E+00
3.9231E+04 5.15252889E-03 0.00000000E+00
3.9254E+04 5.14842194E-03 0.00000000E+00
3.9278E+04 5.14620026E-03 0.00000000E+00
3.9301E+04 5.14470031E-03 0.00000000E+00
3.9325E+04 5.14098063E-03 0.00000000E+00
3.9348E+04 5.13751379E-03 0.00000000E+00
3.9372E+04 5.13614758E-03 0.00000000E+00
3.9396E+04 5.13358424E-03 0.00000000E+00
3.9419E+04 5.12943826E-03 0.00000000E+00
3.9443E+04 5.12718417E-03 0.00000000E+00
3.9466E+04 5.12566436E-03 0.00000000E+00
3.9490E+04 5.12191291E-03 0.00000000E+00
3.9513E+04 5.11840719E-03 0.00000000E+00
3.9537E+04 5.11701727E-03 0.00000000E+00
3.9561E+04 5.11443087E-03 0.00000000E+00
3.9584E+04 5.11024657E-03 0.00000000E+00
3.9608E+04 5.10796038E-03 0.00000000E+00
3.9631E+04 5.10642115E-03 0.00000000E+00
3.9655E+04 5.10263870E-03 0.00000000E+00
3.9678E+04 5.09909455E-03 0.00000000E+00
3.9702E+04 5.09768119E-03 0.00000000E+00
3.9725E+04 5.09507241E-03 0.00000000E+00
3.9749E+04 5.09085044E-03 0.00000000E+00
3.9773E+04 5.08853240E-03 0.00000000E+00
3.9796E+04 5.08697425E-03 0.00000000E+00
3.9820E+04 5.08316158E-03 0.00000000E+00
3.9843E+04 5.07957941E-03 0.00000000E+00
3.9867E+04 5.07814296E-03 0.00000000E+00
3.9890E+04 5.07551256E-03 0.00000000E+00
3.9914E+04 5.07125361E-03 0.00000000E+00
3.9937E+04 5.06890403E-03 0.00000000E+00
3.9961E+04 5.06732758E-03 0.00000000E+00
3.9985E+04 5.06348562E-03 0.00000000E+00
