0.0000E+00 0.00000000E+00 0.00000000E+00
2.3562E+01 0.00000000E+00 0.00000000E+00
4.7124E+01 0.00000000E+00 0.00000000E+00
7.0686E+01 0.00000000E+00 0.00000000E+00
9.4248E+01 0.00000000E+00 0.00000000E+00
1.1781E+02 0.00000000E+00 0.00000000E+00
1.4137E+02 0.00000000E+00 0.00000000E+00
1.6493E+02 0.00000000E+00 0.00000000E+00
1.8850E+02 0.00000000E+00 0.00000000E+00
2.1206E+02 0.00000000E+00 0.00000000E+00
2.3562E+02 0.00000000E+00 0.00000000E+00
2.5918E+02 2.42085560E-272 0.00000000E+00
2.8274E+02 3.09362520E-219 0.00000000E+00
3.0631E+02 1.72468213E-176 0.00000000E+00
3.2987E+02 4.56889412E-141 0.00000000E+00
3.5343E+02 2.23861958E-111 0.00000000E+00
3.7699E+02 1.79668373E-86 0.00000000E+00
4.0055E+02 9.25386354E-66 0.00000000E+00
4.2412E+02 7.00931536E-49 0.00000000E+00
4.4768E+02 1.15002247E-35 0.00000000E+00
4.7124E+02 3.52453362E-26 0.00000000E+00
4.9480E+02 4.54466545E-21 0.00000000E+00
5.1836E+02 2.52909406E-19 0.00000000E+00
5.4192E+02 4.73570002E-19 0.00000000E+00
5.6549E+02 1.02701501E-18 0.00000000E+00
5.8905E+02 1.53818564E-18 0.00000000E+00
6.1261E+02 2.09549019E-18 0.00000000E+00
6.3617E+02 3.26578542E-18 0.00000000E+00
6.5973E+02 5.98464856E-18 0.00000000E+00
6.8330E+02 8.95922615E-18 0.00000000E+00
7.0686E+02 1.22152418E-17 0.00000000E+00
7.3042E+02 2.08448433E-17 0.00000000E+00
7.5398E+02 3.33444845E-17 0.00000000E+00
7.7754E+02 4.30686705E-17 0.00000000E+00
8.0111E+02 6.33016904E-17 0.00000000E+00
8.2467E+02 1.04099021E-16 0.00000000E+00
8.4823E+02 1.40237105E-16 0.00000000E+00
8.7179E+02 1.84230928E-16 0.00000000E+00
8.9535E+02 2.94608022E-16 0.00000000E+00
9.1892E+02 4.28981205E-16 0.00000000E+00
9.4248E+02 5.35565561E-16 0.00000000E+00
9.6604E+02 7.79872381E-16 0.00000000E+00
9.8960E+02 1.21622012E-15 0.00000000E+00
1.0132E+03 1.57488333E-15 0.00000000E+00
1.0367E+03 2.06542483E-15 0.00000000E+00
1.0603E+03 3.22520895E-15 0.00000000E+00
1.0838E+03 4.50007431E-15 0.00000000E+00
1.1074E+03 5.55452048E-15 0.00000000E+00
1.1310E+03 8.04977167E-15 0.00000000E+00
1.1545E+03 1.20112465E-14 0.00000000E+00
1.1781E+03 1.50545030E-14 0.00000000E+00
1.2017E+03 1.96880821E-14 0.00000000E+00
1.2252E+03 2.98409271E-14 0.00000000E+00
1.2488E+03 3.99628557E-14 0.00000000E+00
1.2723E+03 4.88322421E-14 0.00000000E+00
1.2959E+03 7.01203585E-14 0.00000000E+00
1.3195E+03 1.00622374E-13 0.00000000E+00
1.3430E+03 1.23035706E-13 0.00000000E+00
1.3666E+03 1.60881864E-13 0.00000000E+00
1.3902E+03 2.37301609E-13 0.00000000E+00
1.4137E+03 3.06646294E-13 0.00000000E+00
1.4373E+03 3.72532664E-13 0.00000000E+00
1.4608E+03 5.29512856E-13 0.00000000E+00
1.4844E+03 7.32473828E-13 0.00000000E+00
1.5080E+03 8.78350317E-13 0.00000000E+00
1.5315E+03 1.14886338E-12 0.00000000E+00
1.5551E+03 1.64867697E-12 0.00000000E+00
1.5787E+03 2.06456006E-12 0.00000000E+00
1.6022E+03 2.50077646E-12 0.00000000E+00
1.6258E+03 3.51051195E-12 0.00000000E+00
1.6493E+03 4.68794611E-12 0.00000000E+00
1.6729E+03 5.53470563E-12 0.00000000E+00
1.6965E+03 7.23033907E-12 0.00000000E+00
1.7200E+03 1.00785959E-11 0.00000000E+00
1.7436E+03 1.22701883E-11 0.00000000E+00
1.7671E+03 1.48390567E-11 0.00000000E+00
1.7907E+03 2.05068636E-11 0.00000000E+00
1.8143E+03 2.64715124E-11 0.00000000E+00
1.8378E+03 3.08746384E-11 0.00000000E+00
1.8614E+03 4.01989812E-11 0.00000000E+00
1.8850E+03 5.43708068E-11 0.00000000E+00
1.9085E+03 6.45710904E-11 0.00000000E+00
1.9321E+03 7.80226341E-11 0.00000000E+00
1.9556E+03 1.05854162E-10 0.00000000E+00
1.9792E+03 1.32322661E-10 0.00000000E+00
2.0028E+03 1.52930879E-10 0.00000000E+00
2.0263E+03 1.97982369E-10 0.00000000E+00
2.0499E+03 2.59706224E-10 0.00000000E+00
2.0735E+03 3.01920142E-10 0.00000000E+00
2.0970E+03 3.64525196E-10 0.00000000E+00
2.1206E+03 4.84353219E-10 0.00000000E+00
2.1441E+03 5.87642935E-10 0.00000000E+00
2.1677E+03 6.74726592E-10 0.00000000E+00
2.1913E+03 8.66250219E-10 0.00000000E+00
2.2148E+03 1.10217270E-09 0.00000000E+00
2.2384E+03 1.25864848E-09 0.00000000E+00
2.2619E+03 1.51746709E-09 0.00000000E+00
2.2855E+03 1.97079830E-09 0.00000000E+00
2.3091E+03 2.32683061E-09 0.00000000E+00
2.3326E+03 2.65946066E-09 0.00000000E+00
2.3562E+03 3.37709575E-09 0.00000000E+00
2.3798E+03 4.17077784E-09 0.00000000E+00
2.4033E+03 4.69433094E-09 0.00000000E+00
2.4269E+03 5.64490199E-09 0.00000000E+00
2.4504E+03 7.15591404E-09 0.00000000E+00
2.4740E+03 8.24617413E-09 0.00000000E+00
2.4976E+03 9.39480137E-09 0.00000000E+00
2.5211E+03 1.17705128E-08 0.00000000E+00
2.5447E+03 1.41294473E-08 0.00000000E+00
2.5683E+03 1.57229768E-08 0.00000000E+00
2.5918E+03 1.88276468E-08 0.00000000E+00
2.6154E+03 2.32795505E-08 0.00000000E+00
2.6389E+03 2.62675376E-08 0.00000000E+00
2.6625E+03 2.98519412E-08 0.00000000E+00
2.6861E+03 3.68215413E-08 0.00000000E+00
2.7096E+03 4.30449849E-08 0.00000000E+00
2.7332E+03 4.74863603E-08 0.00000000E+00
2.7567E+03 5.65207597E-08 0.00000000E+00
2.7803E+03 6.81610824E-08 0.00000000E+00
2.8039E+03 7.55554100E-08 0.00000000E+00
2.8274E+03 8.56601338E-08 0.00000000E+00
2.8510E+03 1.03846582E-07 0.00000000E+00
2.8746E+03 1.18507001E-07 0.00000000E+00
2.8981E+03 1.29895085E-07 0.00000000E+00
2.9217E+03 1.53383183E-07 0.00000000E+00
2.9452E+03 1.80522036E-07 0.00000000E+00
2.9688E+03 1.97213049E-07 0.00000000E+00
2.9924E+03 2.22955638E-07 0.00000000E+00
3.0159E+03 2.65354200E-07 0.00000000E+00
3.0395E+03 2.96415767E-07 0.00000000E+00
3.0631E+03 3.23347084E-07 0.00000000E+00
3.0866E+03 3.78111315E-07 0.00000000E+00
3.1102E+03 4.34853689E-07 0.00000000E+00
3.1337E+03 4.69583791E-07 0.00000000E+00
3.1573E+03 5.28935241E-07 0.00000000E+00
3.1809E+03 6.17716877E-07 0.00000000E+00
3.2044E+03 6.77431171E-07 0.00000000E+00
3.2280E+03 7.36228034E-07 0.00000000E+00
3.2515E+03 8.51284026E-07 0.00000000E+00
3.2751E+03 9.58400497E-07 0.00000000E+00
3.2987E+03 1.02566537E-06 0.00000000E+00
3.3222E+03 1.14984785E-06 0.00000000E+00
3.3458E+03 1.31786699E-06 0.00000000E+00
3.3694E+03 1.42309658E-06 0.00000000E+00
3.3929E+03 1.54165252E-06 0.00000000E+00
3.4165E+03 1.76071869E-06 0.00000000E+00
3.4400E+03 1.94473998E-06 0.00000000E+00
3.4636E+03 2.06694286E-06 0.00000000E+00
3.4872E+03 2.30371866E-06 0.00000000E+00
3.5107E+03 2.59315847E-06 0.00000000E+00
3.5343E+03 2.76505483E-06 0.00000000E+00
3.5579E+03 2.98605343E-06 0.00000000E+00
3.5814E+03 3.36660328E-06 0.00000000E+00
3.6050E+03 3.65690880E-06 0.00000000E+00
3.6285E+03 3.86624859E-06 0.00000000E+00
3.6521E+03 4.27991034E-06 0.00000000E+00
3.6757E+03 4.73744277E-06 0.00000000E+00
3.6992E+03 5.00074087E-06 0.00000000E+00
3.7228E+03 5.38246484E-06 0.00000000E+00
3.7463E+03 5.99022815E-06 0.00000000E+00
3.7699E+03 6.41499115E-06 0.00000000E+00
3.7935E+03 6.75420409E-06 0.00000000E+00
3.8170E+03 7.42084965E-06 0.00000000E+00
3.8406E+03 8.09043194E-06 0.00000000E+00
3.8642E+03 8.47269579E-06 0.00000000E+00
3.8877E+03 9.08604250E-06 0.00000000E+00
3.9113E+03 9.98595682E-06 0.00000000E+00
3.9348E+03 1.05685221E-05 0.00000000E+00
3.9584E+03 1.10896001E-05 0.00000000E+00
3.9820E+03 1.20882852E-05 0.00000000E+00
4.0055E+03 1.30041226E-05 0.00000000E+00
4.0291E+03 1.35350287E-05 0.00000000E+00
4.0527E+03 1.44568286E-05 0.00000000E+00
4.0762E+03 1.57033765E-05 0.00000000E+00
4.0998E+03 1.64604000E-05 0.00000000E+00
4.1233E+03 1.72210529E-05 0.00000000E+00
4.1469E+03 1.86234995E-05 0.00000000E+00
4.1705E+03 1.98057005E-05 0.00000000E+00
4.1940E+03 2.05161803E-05 0.00000000E+00
4.2176E+03 2.18206762E-05 0.00000000E+00
4.2412E+03 2.34509065E-05 0.00000000E+00
4.2647E+03 2.43925698E-05 0.00000000E+00
4.2883E+03 2.54512131E-05 0.00000000E+00
4.3118E+03 2.73134357E-05 0.00000000E+00
4.3354E+03 2.87674424E-05 0.00000000E+00
4.3590E+03 2.96885128E-05 0.00000000E+00
4.3825E+03 3.14396775E-05 0.00000000E+00
4.4061E+03 3.34707194E-05 0.00000000E+00
4.4296E+03 3.46023102E-05 0.00000000E+00
4.4532E+03 3.60130334E-05 0.00000000E+00
4.4768E+03 3.83710616E-05 0.00000000E+00
4.5003E+03 4.00901013E-05 0.00000000E+00
4.5239E+03 4.12514562E-05 0.00000000E+00
4.5475E+03 4.34981506E-05 0.00000000E+00
4.5710E+03 4.59288038E-05 0.00000000E+00
4.5946E+03 4.72525651E-05 0.00000000E+00
4.6181E+03 4.90613877E-05 0.00000000E+00
4.6417E+03 5.19311394E-05 0.00000000E+00
4.6653E+03 5.38999108E-05 0.00000000E+00
4.6888E+03 5.53285455E-05 0.00000000E+00
4.7124E+03 5.81029404E-05 0.00000000E+00
4.7360E+03 6.09174225E-05 0.00000000E+00
4.7595E+03 6.24338610E-05 0.00000000E+00
4.7831E+03 6.46767761E-05 0.00000000E+00
4.8066E+03 6.80565151E-05 0.00000000E+00
4.8302E+03 7.02544535E-05 0.00000000E+00
4.8538E+03 7.19735684E-05 0.00000000E+00
4.8773E+03 7.52918762E-05 0.00000000E+00
4.9009E+03 7.84636809E-05 0.00000000E+00
4.9244E+03 8.01720768E-05 0.00000000E+00
4.9480E+03 8.28745487E-05 0.00000000E+00
4.9716E+03 8.67480016E-05 0.00000000E+00
4.9951E+03 8.91513155E-05 0.00000000E+00
5.0187E+03 9.11795690E-05 0.00000000E+00
5.0423E+03 9.50436902E-05 0.00000000E+00
5.0658E+03 9.85383765E-05 0.00000000E+00
5.0894E+03 1.00436677E-04 0.00000000E+00
5.1129E+03 1.03613902E-04 0.00000000E+00
5.1365E+03 1.07952797E-04 0.00000000E+00
5.1601E+03 1.10535348E-04 0.00000000E+00
5.1836E+03 1.12886408E-04 0.00000000E+00
5.2072E+03 1.17285507E-04 0.00000000E+00
5.2308E+03 1.21062297E-04 0.00000000E+00
5.2543E+03 1.23146769E-04 0.00000000E+00
5.2779E+03 1.26804156E-04 0.00000000E+00
5.3014E+03 1.31569912E-04 0.00000000E+00
5.3250E+03 1.34303485E-04 0.00000000E+00
5.3486E+03 1.36985818E-04 0.00000000E+00
5.3721E+03 1.41897525E-04 0.00000000E+00
5.3957E+03 1.45910216E-04 0.00000000E+00
5.4192E+03 1.48175189E-04 0.00000000E+00
5.4428E+03 1.52308844E-04 0.00000000E+00
5.4664E+03 1.57453760E-04 0.00000000E+00
5.4899E+03 1.60308278E-04 0.00000000E+00
5.5135E+03 1.63325139E-04 0.00000000E+00
5.5371E+03 1.68716531E-04 0.00000000E+00
5.5606E+03 1.72914314E-04 0.00000000E+00
5.5842E+03 1.75352183E-04 0.00000000E+00
5.6077E+03 1.79949423E-04 0.00000000E+00
5.6313E+03 1.85417820E-04 0.00000000E+00
5.6549E+03 1.88361820E-04 0.00000000E+00
5.6784E+03 1.91711436E-04 0.00000000E+00
5.7020E+03 1.97540056E-04 0.00000000E+00
5.7256E+03 2.01868588E-04 0.00000000E+00
5.7491E+03 2.04470096E-04 0.00000000E+00
5.7727E+03 2.09510076E-04 0.00000000E+00
5.7962E+03 2.15239681E-04 0.00000000E+00
5.8198E+03 2.18241112E-04 0.00000000E+00
5.8434E+03 2.21917018E-04 0.00000000E+00
5.8669E+03 2.28132101E-04 0.00000000E+00
5.8905E+03 2.32534903E-04 0.00000000E+00
5.9140E+03 2.35289610E-04 0.00000000E+00
5.9376E+03 2.40744087E-04 0.00000000E+00
5.9612E+03 2.46667692E-04 0.00000000E+00
5.9847E+03 2.49694920E-04 0.00000000E+00
6.0083E+03 2.53686383E-04 0.00000000E+00
6.0319E+03 2.60230267E-04 0.00000000E+00
6.0554E+03 2.64650306E-04 0.00000000E+00
6.0790E+03 2.67547100E-04 0.00000000E+00
6.1025E+03 2.73381287E-04 0.00000000E+00
6.1261E+03 2.79428546E-04 0.00000000E+00
6.1497E+03 2.82451363E-04 0.00000000E+00
6.1732E+03 2.86743798E-04 0.00000000E+00
6.1968E+03 2.93553394E-04 0.00000000E+00
6.2204E+03 2.97934647E-04 0.00000000E+00
6.2439E+03 3.00962181E-04 0.00000000E+00
6.2675E+03 3.07135588E-04 0.00000000E+00
6.2910E+03 3.13234768E-04 0.00000000E+00
6.3146E+03 3.16225267E-04 0.00000000E+00
6.3382E+03 3.20800577E-04 0.00000000E+00
6.3617E+03 3.27808803E-04 0.00000000E+00
6.3853E+03 3.32097649E-04 0.00000000E+00
6.4088E+03 3.35244617E-04 0.00000000E+00
6.4324E+03 3.41711853E-04 0.00000000E+00
6.4560E+03 3.47791440E-04 0.00000000E+00
6.4795E+03 3.50724664E-04 0.00000000E+00
6.5031E+03 3.55561501E-04 0.00000000E+00
6.5267E+03 3.62698615E-04 0.00000000E+00
6.5502E+03 3.66844987E-04 0.00000000E+00
6.5738E+03 3.70100246E-04 0.00000000E+00
6.5973E+03 3.76811767E-04 0.00000000E+00
6.6209E+03 3.82801867E-04 0.00000000E+00
6.6445E+03 3.85656223E-04 0.00000000E+00
6.6680E+03 3.90730176E-04 0.00000000E+00
6.6916E+03 3.97925001E-04 0.00000000E+00
6.7152E+03 4.01883275E-04 0.00000000E+00
6.7387E+03 4.05235823E-04 0.00000000E+00
6.7623E+03 4.12138626E-04 0.00000000E+00
6.7858E+03 4.17972162E-04 0.00000000E+00
6.8094E+03 4.20729609E-04 0.00000000E+00
6.8330E+03 4.26013343E-04 0.00000000E+00
6.8565E+03 4.33194384E-04 0.00000000E+00
6.8801E+03 4.36924030E-04 0.00000000E+00
6.9036E+03 4.40362880E-04 0.00000000E+00
6.9272E+03 4.47401183E-04 0.00000000E+00
6.9508E+03 4.53014934E-04 0.00000000E+00
6.9743E+03 4.55661032E-04 0.00000000E+00
6.9979E+03 4.61124435E-04 0.00000000E+00
7.0215E+03 4.68220912E-04 0.00000000E+00
7.0450E+03 4.71686939E-04 0.00000000E+00
7.0686E+03 4.75200926E-04 0.00000000E+00
7.0921E+03 4.82316859E-04 0.00000000E+00
7.1157E+03 4.87652295E-04 0.00000000E+00
7.1393E+03 4.90176039E-04 0.00000000E+00
7.1628E+03 4.95786368E-04 0.00000000E+00
7.1864E+03 5.02729201E-04 0.00000000E+00
7.2100E+03 5.05902428E-04 0.00000000E+00
7.2335E+03 5.09479983E-04 0.00000000E+00
7.2571E+03 5.16614243E-04 0.00000000E+00
7.2806E+03 5.21618218E-04 0.00000000E+00
7.3042E+03 5.24011808E-04 0.00000000E+00
7.3278E+03 5.29733839E-04 0.00000000E+00
7.3513E+03 5.36456474E-04 0.00000000E+00
7.3749E+03 5.39313600E-04 0.00000000E+00
7.3985E+03 5.42942474E-04 0.00000000E+00
7.4220E+03 5.50034976E-04 0.00000000E+00
7.4456E+03 5.54660245E-04 0.00000000E+00
7.4691E+03 5.56918729E-04 0.00000000E+00
7.4927E+03 5.62714942E-04 0.00000000E+00
7.5163E+03 5.69154118E-04 0.00000000E+00
7.5398E+03 5.71677626E-04 0.00000000E+00
7.5634E+03 5.75344619E-04 0.00000000E+00
7.5869E+03 5.82335126E-04 0.00000000E+00
7.6105E+03 5.86540680E-04 0.00000000E+00
7.6341E+03 5.88661506E-04 0.00000000E+00
7.6576E+03 5.94492289E-04 0.00000000E+00
7.6812E+03 6.00588691E-04 0.00000000E+00
7.7048E+03 6.02766619E-04 0.00000000E+00
7.7283E+03 6.06457326E-04 0.00000000E+00
7.7519E+03 6.13286084E-04 0.00000000E+00
7.7754E+03 6.17037353E-04 0.00000000E+00
7.7990E+03 6.19019882E-04 0.00000000E+00
7.8226E+03 6.24843812E-04 0.00000000E+00
7.8461E+03 6.30542649E-04 0.00000000E+00
7.8697E+03 6.32368251E-04 0.00000000E+00
7.8933E+03 6.36066866E-04 0.00000000E+00
7.9168E+03 6.42675263E-04 0.00000000E+00
7.9404E+03 6.45944228E-04 0.00000000E+00
7.9639E+03 6.47789265E-04 0.00000000E+00
7.9875E+03 6.53563484E-04 0.00000000E+00
8.0111E+03 6.58815051E-04 0.00000000E+00
8.0346E+03 6.60286423E-04 0.00000000E+00
8.0582E+03 6.63975640E-04 0.00000000E+00
8.0817E+03 6.70306920E-04 0.00000000E+00
8.1053E+03 6.73072155E-04 0.00000000E+00
8.1289E+03 6.74781507E-04 0.00000000E+00
8.1524E+03 6.80462184E-04 0.00000000E+00
8.1760E+03 6.85222384E-04 0.00000000E+00
8.1996E+03 6.86342059E-04 0.00000000E+00
8.2231E+03 6.90003068E-04 0.00000000E+00
8.2467E+03 6.96003060E-04 0.00000000E+00
8.2702E+03 6.98249715E-04 0.00000000E+00
8.2938E+03 6.99825805E-04 0.00000000E+00
8.3174E+03 7.05368679E-04 0.00000000E+00
8.3409E+03 7.09599484E-04 0.00000000E+00
8.3645E+03 7.10374012E-04 0.00000000E+00
8.3881E+03 7.13986575E-04 0.00000000E+00
8.4116E+03 7.19604412E-04 0.00000000E+00
8.4352E+03 7.21324142E-04 0.00000000E+00
8.4587E+03 7.22769666E-04 0.00000000E+00
8.4823E+03 7.28130621E-04 0.00000000E+00
8.5059E+03 7.31800471E-04 0.00000000E+00
8.5294E+03 7.32239980E-04 0.00000000E+00
8.5530E+03 7.35782566E-04 0.00000000E+00
8.5765E+03 7.40971362E-04 0.00000000E+00
8.6001E+03 7.42162140E-04 0.00000000E+00
8.6237E+03 7.43479759E-04 0.00000000E+00
8.6472E+03 7.48615401E-04 0.00000000E+00
8.6708E+03 7.51699453E-04 0.00000000E+00
8.6944E+03 7.51817163E-04 0.00000000E+00
8.7179E+03 7.55267113E-04 0.00000000E+00
8.7415E+03 7.59984514E-04 0.00000000E+00
8.7650E+03 7.60650331E-04 0.00000000E+00
8.7886E+03 7.61842370E-04 0.00000000E+00
8.8122E+03 7.66710553E-04 0.00000000E+00
8.8357E+03 7.69190775E-04 0.00000000E+00
8.8593E+03 7.69002449E-04 0.00000000E+00
8.8829E+03 7.72336165E-04 0.00000000E+00
8.9064E+03 7.76544799E-04 0.00000000E+00
8.9300E+03 7.76695230E-04 0.00000000E+00
8.9535E+03 7.77763399E-04 0.00000000E+00
8.9771E+03 7.82323742E-04 0.00000000E+00
9.0007E+03 7.84188878E-04 0.00000000E+00
9.0242E+03 7.83712255E-04 0.00000000E+00
9.0478E+03 7.86905426E-04 0.00000000E+00
9.0713E+03 7.90573271E-04 0.00000000E+00
9.0949E+03 7.90222974E-04 0.00000000E+00
9.1185E+03 7.91168146E-04 0.00000000E+00
9.1420E+03 7.95382543E-04 0.00000000E+00
9.1656E+03 7.96627985E-04 0.00000000E+00
9.1892E+03 7.95882225E-04 0.00000000E+00
9.2127E+03 7.98910121E-04 0.00000000E+00
9.2363E+03 8.02010812E-04 0.00000000E+00
9.2598E+03 8.01178981E-04 0.00000000E+00
9.2834E+03 8.02001045E-04 0.00000000E+00
9.3070E+03 8.05834180E-04 0.00000000E+00
9.3305E+03 8.06461766E-04 0.00000000E+00
9.3541E+03 8.05466937E-04 0.00000000E+00
9.3777E+03 8.08304767E-04 0.00000000E+00
9.4012E+03 8.10817856E-04 0.00000000E+00
9.4248E+03 8.09527667E-04 0.00000000E+00
9.4483E+03 8.10225470E-04 0.00000000E+00
9.4719E+03 8.13645341E-04 0.00000000E+00
9.4955E+03 8.13663123E-04 0.00000000E+00
9.5190E+03 8.12439760E-04 0.00000000E+00
9.5426E+03 8.15063093E-04 0.00000000E+00
9.5661E+03 8.16974279E-04 0.00000000E+00
9.5897E+03 8.15252363E-04 0.00000000E+00
9.6133E+03 8.15823742E-04 0.00000000E+00
9.6368E+03 8.18802188E-04 0.00000000E+00
9.6604E+03 8.18224171E-04 0.00000000E+00
9.6840E+03 8.16792907E-04 0.00000000E+00
9.7075E+03 8.19178131E-04 0.00000000E+00
9.7311E+03 8.20479419E-04 0.00000000E+00
9.7546E+03 8.18355349E-04 0.00000000E+00
9.7782E+03 8.18797230E-04 0.00000000E+00
9.8018E+03 8.21310379E-04 0.00000000E+00
9.8253E+03 8.20156177E-04 0.00000000E+00
9.8489E+03 8.18537426E-04 0.00000000E+00
9.8725E+03 8.20662187E-04 0.00000000E+00
9.8960E+03 8.21351914E-04 0.00000000E+00
9.9196E+03 8.18857656E-04 0.00000000E+00
9.9431E+03 8.19166180E-04 0.00000000E+00
9.9667E+03 8.21194796E-04 0.00000000E+00
9.9903E+03 8.19489185E-04 0.00000000E+00
1.0014E+04 8.17702840E-04 0.00000000E+00
1.0037E+04 8.19546439E-04 0.00000000E+00
1.0061E+04 8.19629167E-04 0.00000000E+00
1.0085E+04 8.16798503E-04 0.00000000E+00
1.0108E+04 8.16969162E-04 0.00000000E+00
1.0132E+04 8.18498890E-04 0.00000000E+00
1.0155E+04 8.16271263E-04 0.00000000E+00
1.0179E+04 8.14336414E-04 0.00000000E+00
1.0202E+04 8.15880173E-04 0.00000000E+00
1.0226E+04 8.15366455E-04 0.00000000E+00
1.0249E+04 8.12234387E-04 0.00000000E+00
1.0273E+04 8.12262186E-04 0.00000000E+00
1.0297E+04 8.13283693E-04 0.00000000E+00
1.0320E+04 8.10567446E-04 0.00000000E+00
1.0344E+04 8.08502139E-04 0.00000000E+00
1.0367E+04 8.09729723E-04 0.00000000E+00
1.0391E+04 8.08635776E-04 0.00000000E+00
1.0414E+04 8.05237932E-04 0.00000000E+00
1.0438E+04 8.05117575E-04 0.00000000E+00
1.0462E+04 8.05626616E-04 0.00000000E+00
1.0485E+04 8.02458487E-04 0.00000000E+00
1.0509E+04 8.00279535E-04 0.00000000E+00
1.0532E+04 8.01177262E-04 0.00000000E+00
1.0556E+04 7.99524568E-04 0.00000000E+00
1.0579E+04 7.95896658E-04 0.00000000E+00
1.0603E+04 7.95622781E-04 0.00000000E+00
1.0626E+04 7.95620225E-04 0.00000000E+00
1.0650E+04 7.92039658E-04 0.00000000E+00
1.0674E+04 7.89762536E-04 0.00000000E+00
1.0697E+04 7.90319696E-04 0.00000000E+00
1.0721E+04 7.88134608E-04 0.00000000E+00
1.0744E+04 7.84311957E-04 0.00000000E+00
1.0768E+04 7.83879420E-04 0.00000000E+00
1.0791E+04 7.83371259E-04 0.00000000E+00
1.0815E+04 7.79419814E-04 0.00000000E+00
1.0838E+04 7.77058647E-04 0.00000000E+00
1.0862E+04 7.77267805E-04 0.00000000E+00
1.0886E+04 7.74581140E-04 0.00000000E+00
1.0909E+04 7.70598324E-04 0.00000000E+00
1.0933E+04 7.70002527E-04 0.00000000E+00
1.0956E+04 7.68999823E-04 0.00000000E+00
1.0980E+04 7.64720627E-04 0.00000000E+00
1.1003E+04 7.62288249E-04 0.00000000E+00
1.1027E+04 7.62145499E-04 0.00000000E+00
1.1051E+04 7.58992083E-04 0.00000000E+00
1.1074E+04 7.54882620E-04 0.00000000E+00
1.1098E+04 7.54119820E-04 0.00000000E+00
1.1121E+04 7.52638562E-04 0.00000000E+00
1.1145E+04 7.48075765E-04 0.00000000E+00
1.1168E+04 7.45583810E-04 0.00000000E+00
1.1192E+04 7.45088948E-04 0.00000000E+00
1.1215E+04 7.41507105E-04 0.00000000E+00
1.1239E+04 7.37303191E-04 0.00000000E+00
1.1263E+04 7.36370784E-04 0.00000000E+00
1.1286E+04 7.34431648E-04 0.00000000E+00
1.1310E+04 7.29629872E-04 0.00000000E+00
1.1333E+04 7.27088898E-04 0.00000000E+00
1.1357E+04 7.26245499E-04 0.00000000E+00
1.1380E+04 7.22276473E-04 0.00000000E+00
1.1404E+04 7.18008744E-04 0.00000000E+00
1.1428E+04 7.16905508E-04 0.00000000E+00
1.1451E+04 7.14533504E-04 0.00000000E+00
1.1475E+04 7.09537293E-04 0.00000000E+00
1.1498E+04 7.06956892E-04 0.00000000E+00
1.1522E+04 7.05772298E-04 0.00000000E+00
1.1545E+04 7.01459610E-04 0.00000000E+00
1.1569E+04 6.97156924E-04 0.00000000E+00
1.1592E+04 6.95883207E-04 0.00000000E+00
1.1616E+04 6.93107239E-04 0.00000000E+00
1.1640E+04 6.87960498E-04 0.00000000E+00
1.1663E+04 6.85349425E-04 0.00000000E+00
1.1687E+04 6.83834645E-04 0.00000000E+00
1.1710E+04 6.79223425E-04 0.00000000E+00
1.1734E+04 6.74912683E-04 0.00000000E+00
1.1757E+04 6.73470564E-04 0.00000000E+00
1.1781E+04 6.70322944E-04 0.00000000E+00
1.1805E+04 6.65068435E-04 0.00000000E+00
1.1828E+04 6.62434754E-04 0.00000000E+00
1.1852E+04 6.60604339E-04 0.00000000E+00
1.1875E+04 6.55740688E-04 0.00000000E+00
1.1899E+04 6.51446727E-04 0.00000000E+00
1.1922E+04 6.49840170E-04 0.00000000E+00
1.1946E+04 6.46356140E-04 0.00000000E+00
1.1969E+04 6.41035057E-04 0.00000000E+00
1.1993E+04 6.38386332E-04 0.00000000E+00
1.2017E+04 6.36258225E-04 0.00000000E+00
1.2040E+04 6.31188641E-04 0.00000000E+00
1.2064E+04 6.26934208E-04 0.00000000E+00
1.2087E+04 6.25169201E-04 0.00000000E+00
1.2111E+04 6.21386461E-04 0.00000000E+00
1.2134E+04 6.16038106E-04 0.00000000E+00
1.2158E+04 6.13381612E-04 0.00000000E+00
1.2182E+04 6.10976962E-04 0.00000000E+00
1.2205E+04 6.05747819E-04 0.00000000E+00
1.2229E+04 6.01553618E-04 0.00000000E+00
1.2252E+04 5.99638281E-04 0.00000000E+00
1.2276E+04 5.95596504E-04 0.00000000E+00
1.2299E+04 5.90258038E-04 0.00000000E+00
1.2323E+04 5.87600989E-04 0.00000000E+00
1.2346E+04 5.84943913E-04 0.00000000E+00
1.2370E+04 5.79600985E-04 0.00000000E+00
1.2394E+04 5.75485778E-04 0.00000000E+00
1.2417E+04 5.73430414E-04 0.00000000E+00
1.2441E+04 5.69170757E-04 0.00000000E+00
1.2464E+04 5.63877011E-04 0.00000000E+00
1.2488E+04 5.61226770E-04 0.00000000E+00
1.2511E+04 5.58344055E-04 0.00000000E+00
1.2535E+04 5.52932065E-04 0.00000000E+00
1.2559E+04 5.48912798E-04 0.00000000E+00
1.2582E+04 5.46729885E-04 0.00000000E+00
1.2606E+04 5.42294448E-04 0.00000000E+00
1.2629E+04 5.37077780E-04 0.00000000E+00
1.2653E+04 5.34442032E-04 0.00000000E+00
1.2676E+04 5.31362756E-04 0.00000000E+00
1.2700E+04 5.25924928E-04 0.00000000E+00
1.2723E+04 5.22016853E-04 0.00000000E+00
1.2747E+04 5.19720952E-04 0.00000000E+00
1.2771E+04 5.15152211E-04 0.00000000E+00
1.2794E+04 5.10042366E-04 0.00000000E+00
1.2818E+04 5.07429236E-04 0.00000000E+00
1.2841E+04 5.04184327E-04 0.00000000E+00
1.2865E+04 4.98761949E-04 0.00000000E+00
1.2888E+04 4.94978743E-04 0.00000000E+00
1.2912E+04 4.92586337E-04 0.00000000E+00
1.2936E+04 4.87926564E-04 0.00000000E+00
1.2959E+04 4.82950564E-04 0.00000000E+00
1.2983E+04 4.80368710E-04 0.00000000E+00
1.3006E+04 4.76990477E-04 0.00000000E+00
1.3030E+04 4.71622506E-04 0.00000000E+00
1.3053E+04 4.67976396E-04 0.00000000E+00
1.3077E+04 4.65505700E-04 0.00000000E+00
1.3100E+04 4.60796420E-04 0.00000000E+00
1.3124E+04 4.55978514E-04 0.00000000E+00
1.3148E+04 4.53437191E-04 0.00000000E+00
1.3171E+04 4.49958855E-04 0.00000000E+00
1.3195E+04 4.44681606E-04 0.00000000E+00
1.3218E+04 4.41183511E-04 0.00000000E+00
1.3242E+04 4.38654258E-04 0.00000000E+00
1.3265E+04 4.33935769E-04 0.00000000E+00
1.3289E+04 4.29297445E-04 0.00000000E+00
1.3312E+04 4.26806549E-04 0.00000000E+00
1.3336E+04 4.23261802E-04 0.00000000E+00
1.3360E+04 4.18108714E-04 0.00000000E+00
1.3383E+04 4.14768412E-04 0.00000000E+00
1.3407E+04 4.12201620E-04 0.00000000E+00
1.3430E+04 4.07512575E-04 0.00000000E+00
1.3454E+04 4.03072633E-04 0.00000000E+00
1.3477E+04 4.00642733E-04 0.00000000E+00
1.3501E+04 3.97065309E-04 0.00000000E+00
1.3525E+04 3.92066807E-04 0.00000000E+00
1.3548E+04 3.88893112E-04 0.00000000E+00
1.3572E+04 3.86310834E-04 0.00000000E+00
1.3595E+04 3.81687891E-04 0.00000000E+00
1.3619E+04 3.77462587E-04 0.00000000E+00
1.3642E+04 3.75104926E-04 0.00000000E+00
1.3666E+04 3.71528193E-04 0.00000000E+00
1.3689E+04 3.66711618E-04 0.00000000E+00
1.3713E+04 3.63712563E-04 0.00000000E+00
1.3737E+04 3.61137607E-04 0.00000000E+00
1.3760E+04 3.56615127E-04 0.00000000E+00
1.3784E+04 3.52618340E-04 0.00000000E+00
1.3807E+04 3.50344798E-04 0.00000000E+00
1.3831E+04 3.46801342E-04 0.00000000E+00
1.3854E+04 3.42190923E-04 0.00000000E+00
1.3878E+04 3.39373921E-04 0.00000000E+00
1.3902E+04 3.36829526E-04 0.00000000E+00
1.3925E+04 3.32439289E-04 0.00000000E+00
1.3949E+04 3.28682692E-04 0.00000000E+00
1.3972E+04 3.26505699E-04 0.00000000E+00
1.3996E+04 3.23026904E-04 0.00000000E+00
1.4019E+04 3.18643750E-04 0.00000000E+00
1.4043E+04 3.16015707E-04 0.00000000E+00
1.4066E+04 3.13525194E-04 0.00000000E+00
1.4090E+04 3.09296143E-04 0.00000000E+00
1.4114E+04 3.05789364E-04 0.00000000E+00
1.4137E+04 3.03721760E-04 0.00000000E+00
1.4161E+04 3.00337400E-04 0.00000000E+00
1.4184E+04 2.96199515E-04 0.00000000E+00
1.4208E+04 2.93766916E-04 0.00000000E+00
1.4231E+04 2.91353316E-04 0.00000000E+00
1.4255E+04 2.87311343E-04 0.00000000E+00
1.4279E+04 2.84062122E-04 0.00000000E+00
1.4302E+04 2.82116990E-04 0.00000000E+00
1.4326E+04 2.78854858E-04 0.00000000E+00
1.4349E+04 2.74977191E-04 0.00000000E+00
1.4373E+04 2.72746148E-04 0.00000000E+00
1.4396E+04 2.70431846E-04 0.00000000E+00
1.4420E+04 2.66599637E-04 0.00000000E+00
1.4443E+04 2.63613983E-04 0.00000000E+00
1.4467E+04 2.61804455E-04 0.00000000E+00
1.4491E+04 2.58690040E-04 0.00000000E+00
1.4514E+04 2.55084583E-04 0.00000000E+00
1.4538E+04 2.53060859E-04 0.00000000E+00
1.4561E+04 2.50867249E-04 0.00000000E+00
1.4585E+04 2.47264204E-04 0.00000000E+00
1.4608E+04 2.44546553E-04 0.00000000E+00
1.4632E+04 2.42885608E-04 0.00000000E+00
1.4656E+04 2.39941846E-04 0.00000000E+00
1.4679E+04 2.36617774E-04 0.00000000E+00
1.4703E+04 2.34806793E-04 0.00000000E+00
1.4726E+04 2.32753973E-04 0.00000000E+00
1.4750E+04 2.29396199E-04 0.00000000E+00
1.4773E+04 2.26949593E-04 0.00000000E+00
1.4797E+04 2.25449847E-04 0.00000000E+00
1.4820E+04 2.22696929E-04 0.00000000E+00
1.4844E+04 2.19660799E-04 0.00000000E+00
1.4868E+04 2.18067645E-04 0.00000000E+00
1.4891E+04 2.16174132E-04 0.00000000E+00
1.4915E+04 2.13074509E-04 0.00000000E+00
1.4938E+04 2.10900776E-04 0.00000000E+00
1.4962E+04 2.09574271E-04 0.00000000E+00
1.4985E+04 2.07029508E-04 0.00000000E+00
1.5009E+04 2.04285489E-04 0.00000000E+00
1.5033E+04 2.02914884E-04 0.00000000E+00
1.5056E+04 2.01197355E-04 0.00000000E+00
1.5080E+04 1.98365635E-04 0.00000000E+00
1.5103E+04 1.96465562E-04 0.00000000E+00
1.5127E+04 1.95323542E-04 0.00000000E+00
1.5150E+04 1.93001267E-04 0.00000000E+00
1.5174E+04 1.90551364E-04 0.00000000E+00
1.5197E+04 1.89407619E-04 0.00000000E+00
1.5221E+04 1.87880675E-04 0.00000000E+00
1.5245E+04 1.85323612E-04 0.00000000E+00
1.5268E+04 1.83697079E-04 0.00000000E+00
1.5292E+04 1.82749767E-04 0.00000000E+00
1.5315E+04 1.80661272E-04 0.00000000E+00
1.5339E+04 1.78505551E-04 0.00000000E+00
1.5362E+04 1.77592492E-04 0.00000000E+00
1.5386E+04 1.76268441E-04 0.00000000E+00
1.5410E+04 1.73989940E-04 0.00000000E+00
1.5433E+04 1.72636031E-04 0.00000000E+00
1.5457E+04 1.71892401E-04 0.00000000E+00
1.5480E+04 1.70045917E-04 0.00000000E+00
1.5504E+04 1.68182710E-04 0.00000000E+00
1.5527E+04 1.67503570E-04 0.00000000E+00
1.5551E+04 1.66392258E-04 0.00000000E+00
1.5574E+04 1.64393540E-04 0.00000000E+00
1.5598E+04 1.63310615E-04 0.00000000E+00
1.5622E+04 1.62778174E-04 0.00000000E+00
1.5645E+04 1.61178890E-04 0.00000000E+00
1.5669E+04 1.59604988E-04 0.00000000E+00
1.5692E+04 1.59162285E-04 0.00000000E+00
1.5716E+04 1.58270956E-04 0.00000000E+00
1.5739E+04 1.56550749E-04 0.00000000E+00
1.5763E+04 1.55736481E-04 0.00000000E+00
1.5787E+04 1.55421066E-04 0.00000000E+00
1.5810E+04 1.54071203E-04 0.00000000E+00
1.5834E+04 1.52782037E-04 0.00000000E+00
1.5857E+04 1.52577429E-04 0.00000000E+00
1.5881E+04 1.51910644E-04 0.00000000E+00
1.5904E+04 1.50465399E-04 0.00000000E+00
1.5928E+04 1.49916795E-04 0.00000000E+00
1.5951E+04 1.49822395E-04 0.00000000E+00
1.5975E+04 1.48721329E-04 0.00000000E+00
1.5999E+04 1.47711153E-04 0.00000000E+00
1.6022E+04 1.47745296E-04 0.00000000E+00
1.6046E+04 1.47304900E-04 0.00000000E+00
1.6069E+04 1.46129037E-04 0.00000000E+00
1.6093E+04 1.45842444E-04 0.00000000E+00
1.6116E+04 1.45971053E-04 0.00000000E+00
1.6140E+04 1.45115488E-04 0.00000000E+00
1.6163E+04 1.44377559E-04 0.00000000E+00
1.6187E+04 1.44649971E-04 0.00000000E+00
1.6211E+04 1.44435104E-04 0.00000000E+00
1.6234E+04 1.43521278E-04 0.00000000E+00
1.6258E+04 1.43492382E-04 0.00000000E+00
1.6281E+04 1.43843882E-04 0.00000000E+00
1.6305E+04 1.43228054E-04 0.00000000E+00
1.6328E+04 1.42754800E-04 0.00000000E+00
1.6352E+04 1.43263739E-04 0.00000000E+00
1.6376E+04 1.43270892E-04 0.00000000E+00
1.6399E+04 1.42610249E-04 0.00000000E+00
1.6423E+04 1.42834071E-04 0.00000000E+00
1.6446E+04 1.43406150E-04 0.00000000E+00
1.6470E+04 1.43022056E-04 0.00000000E+00
1.6493E+04 1.42805230E-04 0.00000000E+00
1.6517E+04 1.43547579E-04 0.00000000E+00
1.6540E+04 1.43770691E-04 0.00000000E+00
1.6564E+04 1.43353131E-04 0.00000000E+00
1.6588E+04 1.43823998E-04 0.00000000E+00
1.6611E+04 1.44612116E-04 0.00000000E+00
1.6635E+04 1.44449759E-04 0.00000000E+00
1.6658E+04 1.44480563E-04 0.00000000E+00
1.6682E+04 1.45451738E-04 0.00000000E+00
1.6705E+04 1.45882332E-04 0.00000000E+00
1.6729E+04 1.45696748E-04 0.00000000E+00
1.6753E+04 1.46408258E-04 0.00000000E+00
1.6776E+04 1.47405643E-04 0.00000000E+00
1.6800E+04 1.47453290E-04 0.00000000E+00
1.6823E+04 1.47722465E-04 0.00000000E+00
1.6847E+04 1.48916335E-04 0.00000000E+00
1.6870E+04 1.49543689E-04 0.00000000E+00
1.6894E+04 1.49578181E-04 0.00000000E+00
1.6917E+04 1.50523146E-04 0.00000000E+00
1.6941E+04 1.51720825E-04 0.00000000E+00
1.6965E+04 1.51965269E-04 0.00000000E+00
1.6988E+04 1.52463155E-04 0.00000000E+00
1.7012E+04 1.53871966E-04 0.00000000E+00
1.7035E+04 1.54683310E-04 0.00000000E+00
1.7059E+04 1.54925384E-04 0.00000000E+00
1.7082E+04 1.56095751E-04 0.00000000E+00
1.7106E+04 1.57482612E-04 0.00000000E+00
1.7130E+04 1.57909440E-04 0.00000000E+00
1.7153E+04 1.58626005E-04 0.00000000E+00
1.7177E+04 1.60240320E-04 0.00000000E+00
1.7200E+04 1.61221059E-04 0.00000000E+00
1.7224E+04 1.61657801E-04 0.00000000E+00
1.7247E+04 1.63044574E-04 0.00000000E+00
1.7271E+04 1.64607455E-04 0.00000000E+00
1.7294E+04 1.65201316E-04 0.00000000E+00
1.7318E+04 1.66126170E-04 0.00000000E+00
1.7342E+04 1.67934831E-04 0.00000000E+00
1.7365E+04 1.69068783E-04 0.00000000E+00
1.7389E+04 1.69687026E-04 0.00000000E+00
1.7412E+04 1.71280187E-04 0.00000000E+00
1.7436E+04 1.73003998E-04 0.00000000E+00
1.7459E+04 1.73748864E-04 0.00000000E+00
1.7483E+04 1.74871263E-04 0.00000000E+00
1.7507E+04 1.76861383E-04 0.00000000E+00
1.7530E+04 1.78131041E-04 0.00000000E+00
1.7554E+04 1.78917502E-04 0.00000000E+00
1.7577E+04 1.80705957E-04 0.00000000E+00
1.7601E+04 1.82573832E-04 0.00000000E+00
1.7624E+04 1.83453253E-04 0.00000000E+00
1.7648E+04 1.84762099E-04 0.00000000E+00
1.7671E+04 1.86919093E-04 0.00000000E+00
1.7695E+04 1.88305892E-04 0.00000000E+00
1.7719E+04 1.89247306E-04 0.00000000E+00
1.7742E+04 1.91218845E-04 0.00000000E+00
1.7766E+04 1.93212340E-04 0.00000000E+00
1.7789E+04 1.94209693E-04 0.00000000E+00
1.7813E+04 1.95693534E-04 0.00000000E+00
1.7836E+04 1.98001193E-04 0.00000000E+00
1.7860E+04 1.99485800E-04 0.00000000E+00
1.7884E+04 2.00569028E-04 0.00000000E+00
1.7907E+04 2.02710327E-04 0.00000000E+00
1.7931E+04 2.04809648E-04 0.00000000E+00
1.7954E+04 2.05908368E-04 0.00000000E+00
1.7978E+04 2.07555396E-04 0.00000000E+00
1.8001E+04 2.09996009E-04 0.00000000E+00
1.8025E+04 2.11558617E-04 0.00000000E+00
1.8048E+04 2.12770731E-04 0.00000000E+00
1.8072E+04 2.15067359E-04 0.00000000E+00
1.8096E+04 2.17251627E-04 0.00000000E+00
1.8119E+04 2.18435416E-04 0.00000000E+00
1.8143E+04 2.20233447E-04 0.00000000E+00
1.8166E+04 2.22787942E-04 0.00000000E+00
1.8190E+04 2.24408567E-04 0.00000000E+00
1.8213E+04 2.25736903E-04 0.00000000E+00
1.8237E+04 2.28173340E-04 0.00000000E+00
1.8261E+04 2.30420861E-04 0.00000000E+00
1.8284E+04 2.31673871E-04 0.00000000E+00
1.8308E+04 2.33610315E-04 0.00000000E+00
1.8331E+04 2.36258419E-04 0.00000000E+00
1.8355E+04 2.37917169E-04 0.00000000E+00
1.8378E+04 2.39349356E-04 0.00000000E+00
1.8402E+04 2.41909017E-04 0.00000000E+00
1.8425E+04 2.44197551E-04 0.00000000E+00
1.8449E+04 2.45504535E-04 0.00000000E+00
1.8473E+04 2.47566351E-04 0.00000000E+00
1.8496E+04 2.50286751E-04 0.00000000E+00
1.8520E+04 2.51964085E-04 0.00000000E+00
1.8543E+04 2.53488044E-04 0.00000000E+00
1.8567E+04 2.56153307E-04 0.00000000E+00
1.8590E+04 2.58460335E-04 0.00000000E+00
1.8614E+04 2.59806762E-04 0.00000000E+00
1.8637E+04 2.61980413E-04 0.00000000E+00
1.8661E+04 2.64750932E-04 0.00000000E+00
1.8685E+04 2.66427883E-04 0.00000000E+00
1.8708E+04 2.68031807E-04 0.00000000E+00
1.8732E+04 2.70784064E-04 0.00000000E+00
1.8755E+04 2.73087036E-04 0.00000000E+00
1.8779E+04 2.74459180E-04 0.00000000E+00
1.8802E+04 2.76730598E-04 0.00000000E+00
1.8826E+04 2.79528384E-04 0.00000000E+00
1.8850E+04 2.81186758E-04 0.00000000E+00
1.8873E+04 2.82859087E-04 0.00000000E+00
1.8897E+04 2.85678821E-04 0.00000000E+00
1.8920E+04 2.87955411E-04 0.00000000E+00
1.8944E+04 2.89340417E-04 0.00000000E+00
1.8967E+04 2.91694996E-04 0.00000000E+00
1.8991E+04 2.94496742E-04 0.00000000E+00
1.9014E+04 2.96119306E-04 0.00000000E+00
1.9038E+04 2.97848710E-04 0.00000000E+00
1.9062E+04 3.00715620E-04 0.00000000E+00
1.9085E+04 3.02943991E-04 0.00000000E+00
1.9109E+04 3.04329929E-04 0.00000000E+00
1.9132E+04 3.06752547E-04 0.00000000E+00
1.9156E+04 3.09534751E-04 0.00000000E+00
1.9179E+04 3.11105404E-04 0.00000000E+00
1.9203E+04 3.12880764E-04 0.00000000E+00
1.9227E+04 3.15773929E-04 0.00000000E+00
1.9250E+04 3.17933009E-04 0.00000000E+00
1.9274E+04 3.19308910E-04 0.00000000E+00
1.9297E+04 3.21783976E-04 0.00000000E+00
1.9321E+04 3.24523215E-04 0.00000000E+00
1.9344E+04 3.26027154E-04 0.00000000E+00
1.9368E+04 3.27837542E-04 0.00000000E+00
1.9391E+04 3.30735610E-04 0.00000000E+00
1.9415E+04 3.32805350E-04 0.00000000E+00
1.9439E+04 3.34161229E-04 0.00000000E+00
1.9462E+04 3.36672739E-04 0.00000000E+00
1.9486E+04 3.39345954E-04 0.00000000E+00
1.9509E+04 3.40769799E-04 0.00000000E+00
1.9533E+04 3.42604457E-04 0.00000000E+00
1.9556E+04 3.45485836E-04 0.00000000E+00
1.9580E+04 3.47447455E-04 0.00000000E+00
1.9604E+04 3.48774303E-04 0.00000000E+00
1.9627E+04 3.51305898E-04 0.00000000E+00
1.9651E+04 3.53890660E-04 0.00000000E+00
1.9674E+04 3.55222555E-04 0.00000000E+00
1.9698E+04 3.57070855E-04 0.00000000E+00
1.9721E+04 3.59913902E-04 0.00000000E+00
1.9745E+04 3.61750089E-04 0.00000000E+00
1.9768E+04 3.63039840E-04 0.00000000E+00
1.9792E+04 3.65574859E-04 0.00000000E+00
1.9816E+04 3.68049604E-04 0.00000000E+00
1.9839E+04 3.69279267E-04 0.00000000E+00
1.9863E+04 3.71130664E-04 0.00000000E+00
1.9886E+04 3.73913857E-04 0.00000000E+00
1.9910E+04 3.75608927E-04 0.00000000E+00
1.9933E+04 3.76854392E-04 0.00000000E+00
1.9957E+04 3.79375931E-04 0.00000000E+00
1.9981E+04 3.81720163E-04 0.00000000E+00
2.0004E+04 3.82838891E-04 0.00000000E+00
2.0028E+04 3.84682879E-04 0.00000000E+00
2.0051E+04 3.87384989E-04 0.00000000E+00
2.0075E+04 3.88924988E-04 0.00000000E+00
2.0098E+04 3.90119782E-04 0.00000000E+00
2.0122E+04 3.92610769E-04 0.00000000E+00
2.0145E+04 3.94805249E-04 0.00000000E+00
2.0169E+04 3.95805898E-04 0.00000000E+00
2.0193E+04 3.97631981E-04 0.00000000E+00
2.0216E+04 4.00232262E-04 0.00000000E+00
2.0240E+04 4.01605060E-04 0.00000000E+00
2.0263E+04 4.02743525E-04 0.00000000E+00
2.0287E+04 4.05186832E-04 0.00000000E+00
2.0310E+04 4.07213766E-04 0.00000000E+00
2.0334E+04 4.08090715E-04 0.00000000E+00
2.0358E+04 4.09888411E-04 0.00000000E+00
2.0381E+04 4.12366814E-04 0.00000000E+00
2.0405E+04 4.13562187E-04 0.00000000E+00
2.0428E+04 4.14639321E-04 0.00000000E+00
2.0452E+04 4.17017911E-04 0.00000000E+00
2.0475E+04 4.18861147E-04 0.00000000E+00
2.0499E+04 4.19610261E-04 0.00000000E+00
2.0522E+04 4.21369123E-04 0.00000000E+00
2.0546E+04 4.23706532E-04 0.00000000E+00
2.0570E+04 4.24716229E-04 0.00000000E+00
2.0593E+04 4.25727634E-04 0.00000000E+00
2.0617E+04 4.28024727E-04 0.00000000E+00
2.0640E+04 4.29669946E-04 0.00000000E+00
2.0664E+04 4.30288527E-04 0.00000000E+00
2.0687E+04 4.31998195E-04 0.00000000E+00
2.0711E+04 4.34176663E-04 0.00000000E+00
2.0735E+04 4.34994461E-04 0.00000000E+00
2.0758E+04 4.35936288E-04 0.00000000E+00
2.0782E+04 4.38135540E-04 0.00000000E+00
2.0805E+04 4.39570426E-04 0.00000000E+00
2.0829E+04 4.40057159E-04 0.00000000E+00
2.0852E+04 4.41707407E-04 0.00000000E+00
2.0876E+04 4.43710374E-04 0.00000000E+00
2.0899E+04 4.44332106E-04 0.00000000E+00
2.0923E+04 4.45201001E-04 0.00000000E+00
2.0947E+04 4.47286668E-04 0.00000000E+00
2.0970E+04 4.48501033E-04 0.00000000E+00
2.0994E+04 4.48855904E-04 0.00000000E+00
2.1017E+04 4.50436686E-04 0.00000000E+00
2.1041E+04 4.52249155E-04 0.00000000E+00
2.1064E+04 4.52672678E-04 0.00000000E+00
2.1088E+04 4.53465717E-04 0.00000000E+00
2.1112E+04 4.55422793E-04 0.00000000E+00
2.1135E+04 4.56408643E-04 0.00000000E+00
2.1159E+04 4.56632822E-04 0.00000000E+00
2.1182E+04 4.58134311E-04 0.00000000E+00
2.1206E+04 4.59742976E-04 0.00000000E+00
2.1229E+04 4.59968099E-04 0.00000000E+00
2.1253E+04 4.60682708E-04 0.00000000E+00
2.1276E+04 4.62497047E-04 0.00000000E+00
2.1300E+04 4.63248598E-04 0.00000000E+00
2.1324E+04 4.63344308E-04 0.00000000E+00
2.1347E+04 4.64756936E-04 0.00000000E+00
2.1371E+04 4.66150284E-04 0.00000000E+00
2.1394E+04 4.66178655E-04 0.00000000E+00
2.1418E+04 4.66812545E-04 0.00000000E+00
2.1441E+04 4.68470992E-04 0.00000000E+00
2.1465E+04 4.68984651E-04 0.00000000E+00
2.1488E+04 4.68955020E-04 0.00000000E+00
2.1512E+04 4.70269546E-04 0.00000000E+00
2.1536E+04 4.71437949E-04 0.00000000E+00
2.1559E+04 4.71272924E-04 0.00000000E+00
2.1583E+04 4.71824046E-04 0.00000000E+00
2.1606E+04 4.73314567E-04 0.00000000E+00
2.1630E+04 4.73588905E-04 0.00000000E+00
2.1653E+04 4.73437838E-04 0.00000000E+00
2.1677E+04 4.74645433E-04 0.00000000E+00
2.1701E+04 4.75581242E-04 0.00000000E+00
2.1724E+04 4.75227758E-04 0.00000000E+00
2.1748E+04 4.75694278E-04 0.00000000E+00
2.1771E+04 4.77006119E-04 0.00000000E+00
2.1795E+04 4.77041841E-04 0.00000000E+00
2.1818E+04 4.76773902E-04 0.00000000E+00
2.1842E+04 4.77866266E-04 0.00000000E+00
2.1865E+04 4.78563902E-04 0.00000000E+00
2.1889E+04 4.78028361E-04 0.00000000E+00
2.1913E+04 4.78408664E-04 0.00000000E+00
2.1936E+04 4.79532511E-04 0.00000000E+00
2.1960E+04 4.79332422E-04 0.00000000E+00
2.1983E+04 4.78952745E-04 0.00000000E+00
2.2007E+04 4.79922231E-04 0.00000000E+00
2.2030E+04 4.80378269E-04 0.00000000E+00
2.2054E+04 4.79668425E-04 0.00000000E+00
2.2078E+04 4.79961137E-04 0.00000000E+00
2.2101E+04 4.80889258E-04 0.00000000E+00
2.2125E+04 4.80458216E-04 0.00000000E+00
2.2148E+04 4.79972420E-04 0.00000000E+00
2.2172E+04 4.80812147E-04 0.00000000E+00
2.2195E+04 4.81025360E-04 0.00000000E+00
2.2219E+04 4.80150192E-04 0.00000000E+00
2.2242E+04 4.80354199E-04 0.00000000E+00
2.2266E+04 4.81080548E-04 0.00000000E+00
2.2290E+04 4.80425366E-04 0.00000000E+00
2.2313E+04 4.79839465E-04 0.00000000E+00
2.2337E+04 4.80543417E-04 0.00000000E+00
2.2360E+04 4.80514759E-04 0.00000000E+00
2.2384E+04 4.79484313E-04 0.00000000E+00
2.2407E+04 4.79598775E-04 0.00000000E+00
2.2431E+04 4.80119050E-04 0.00000000E+00
2.2455E+04 4.79248356E-04 0.00000000E+00
2.2478E+04 4.78568659E-04 0.00000000E+00
2.2502E+04 4.79131752E-04 0.00000000E+00
2.2525E+04 4.78864292E-04 0.00000000E+00
2.2549E+04 4.77689509E-04 0.00000000E+00
2.2572E+04 4.77713862E-04 0.00000000E+00
2.2596E+04 4.78025528E-04 0.00000000E+00
2.2619E+04 4.76949587E-04 0.00000000E+00
2.2643E+04 4.76182597E-04 0.00000000E+00
2.2667E+04 4.76600738E-04 0.00000000E+00
2.2690E+04 4.76099561E-04 0.00000000E+00
2.2714E+04 4.74792080E-04 0.00000000E+00
2.2737E+04 4.74726055E-04 0.00000000E+00
2.2761E+04 4.74828343E-04 0.00000000E+00
2.2784E+04 4.73558854E-04 0.00000000E+00
2.2808E+04 4.72711177E-04 0.00000000E+00
2.2832E+04 4.72981325E-04 0.00000000E+00
2.2855E+04 4.72253408E-04 0.00000000E+00
2.2879E+04 4.70825388E-04 0.00000000E+00
2.2902E+04 4.70669033E-04 0.00000000E+00
2.2926E+04 4.70562940E-04 0.00000000E+00
2.2949E+04 4.69112840E-04 0.00000000E+00
2.2973E+04 4.68191113E-04 0.00000000E+00
2.2996E+04 4.68311346E-04 0.00000000E+00
2.3020E+04 4.67365447E-04 0.00000000E+00
2.3044E+04 4.65829399E-04 0.00000000E+00
2.3067E+04 4.65583132E-04 0.00000000E+00
2.3091E+04 4.65271424E-04 0.00000000E+00
2.3114E+04 4.63654716E-04 0.00000000E+00
2.3138E+04 4.62665566E-04 0.00000000E+00
2.3161E+04 4.62635163E-04 0.00000000E+00
2.3185E+04 4.61481715E-04 0.00000000E+00
2.3209E+04 4.59850381E-04 0.00000000E+00
2.3232E+04 4.59515054E-04 0.00000000E+00
2.3256E+04 4.59002265E-04 0.00000000E+00
2.3279E+04 4.57233860E-04 0.00000000E+00
2.3303E+04 4.56183894E-04 0.00000000E+00
2.3326E+04 4.56003400E-04 0.00000000E+00
2.3350E+04 4.54654401E-04 0.00000000E+00
2.3373E+04 4.52940646E-04 0.00000000E+00
2.3397E+04 4.52517613E-04 0.00000000E+00
2.3421E+04 4.51810016E-04 0.00000000E+00
2.3444E+04 4.49905585E-04 0.00000000E+00
2.3468E+04 4.48801385E-04 0.00000000E+00
2.3491E+04 4.48472655E-04 0.00000000E+00
2.3515E+04 4.46941531E-04 0.00000000E+00
2.3538E+04 4.45158244E-04 0.00000000E+00
2.3562E+04 4.44649416E-04 0.00000000E+00
2.3586E+04 4.43754957E-04 0.00000000E+00
2.3609E+04 4.41730754E-04 0.00000000E+00
2.3633E+04 4.40578876E-04 0.00000000E+00
2.3656E+04 4.40105077E-04 0.00000000E+00
2.3680E+04 4.38406510E-04 0.00000000E+00
2.3703E+04 4.36566506E-04 0.00000000E+00
2.3727E+04 4.35974381E-04 0.00000000E+00
2.3750E+04 4.34902564E-04 0.00000000E+00
2.3774E+04 4.32775246E-04 0.00000000E+00
2.3798E+04 4.31582207E-04 0.00000000E+00
2.3821E+04 4.30967795E-04 0.00000000E+00
2.3845E+04 4.29117514E-04 0.00000000E+00
2.3868E+04 4.27233418E-04 0.00000000E+00
2.3892E+04 4.26561102E-04 0.00000000E+00
2.3915E+04 4.25322842E-04 0.00000000E+00
2.3939E+04 4.23109263E-04 0.00000000E+00
2.3962E+04 4.21881524E-04 0.00000000E+00
2.3986E+04 4.21132183E-04 0.00000000E+00
2.4010E+04 4.19146739E-04 0.00000000E+00
2.4033E+04 4.17230883E-04 0.00000000E+00
2.4057E+04 4.16482089E-04 0.00000000E+00
2.4080E+04 4.15089544E-04 0.00000000E+00
2.4104E+04 4.12806557E-04 0.00000000E+00
2.4127E+04 4.11550512E-04 0.00000000E+00
2.4151E+04 4.10673094E-04 0.00000000E+00
2.4175E+04 4.08569636E-04 0.00000000E+00
2.4198E+04 4.06633958E-04 0.00000000E+00
2.4222E+04 4.05813019E-04 0.00000000E+00
2.4245E+04 4.04279431E-04 0.00000000E+00
2.4269E+04 4.01943708E-04 0.00000000E+00
2.4292E+04 4.00665687E-04 0.00000000E+00
2.4316E+04 3.99668150E-04 0.00000000E+00
2.4339E+04 3.97464228E-04 0.00000000E+00
2.4363E+04 3.95520213E-04 0.00000000E+00
2.4387E+04 3.94632097E-04 0.00000000E+00
2.4410E+04 3.92971642E-04 0.00000000E+00
2.4434E+04 3.90599542E-04 0.00000000E+00
2.4457E+04 3.89305833E-04 0.00000000E+00
2.4481E+04 3.88197183E-04 0.00000000E+00
2.4504E+04 3.85910581E-04 0.00000000E+00
2.4528E+04 3.83969230E-04 0.00000000E+00
2.4552E+04 3.83019547E-04 0.00000000E+00
2.4575E+04 3.81247203E-04 0.00000000E+00
2.4599E+04 3.78854665E-04 0.00000000E+00
2.4622E+04 3.77551543E-04 0.00000000E+00
2.4646E+04 3.76341768E-04 0.00000000E+00
2.4669E+04 3.73990349E-04 0.00000000E+00
2.4693E+04 3.72062169E-04 0.00000000E+00
2.4716E+04 3.71057180E-04 0.00000000E+00
2.4740E+04 3.69188570E-04 0.00000000E+00
2.4764E+04 3.66791029E-04 0.00000000E+00
2.4787E+04 3.65484792E-04 0.00000000E+00
2.4811E+04 3.64184767E-04 0.00000000E+00
2.4834E+04 3.61786325E-04 0.00000000E+00
2.4858E+04 3.59881327E-04 0.00000000E+00
2.4881E+04 3.58827922E-04 0.00000000E+00
2.4905E+04 3.56879158E-04 0.00000000E+00
2.4929E+04 3.54491463E-04 0.00000000E+00
2.4952E+04 3.53188451E-04 0.00000000E+00
2.4976E+04 3.51809821E-04 0.00000000E+00
2.4999E+04 3.49381920E-04 0.00000000E+00
2.5023E+04 3.47509617E-04 0.00000000E+00
2.5046E+04 3.46415273E-04 0.00000000E+00
2.5070E+04 3.44402758E-04 0.00000000E+00
2.5093E+04 3.42039092E-04 0.00000000E+00
2.5117E+04 3.40745695E-04 0.00000000E+00
2.5141E+04 3.39300721E-04 0.00000000E+00
2.5164E+04 3.36860522E-04 0.00000000E+00
2.5188E+04 3.35029920E-04 0.00000000E+00
2.5211E+04 3.33902627E-04 0.00000000E+00
2.5235E+04 3.31842856E-04 0.00000000E+00
2.5258E+04 3.29516639E-04 0.00000000E+00
2.5282E+04 3.28239283E-04 0.00000000E+00
2.5306E+04 3.26740684E-04 0.00000000E+00
2.5329E+04 3.24304774E-04 0.00000000E+00
2.5353E+04 3.22524346E-04 0.00000000E+00
2.5376E+04 3.21372530E-04 0.00000000E+00
2.5400E+04 3.19281886E-04 0.00000000E+00
2.5423E+04 3.17005700E-04 0.00000000E+00
2.5447E+04 3.15750828E-04 0.00000000E+00
2.5470E+04 3.14211617E-04 0.00000000E+00
2.5494E+04 3.11795861E-04 0.00000000E+00
2.5518E+04 3.10073541E-04 0.00000000E+00
2.5541E+04 3.08905979E-04 0.00000000E+00
2.5565E+04 3.06800557E-04 0.00000000E+00
2.5588E+04 3.04586088E-04 0.00000000E+00
2.5612E+04 3.03360144E-04 0.00000000E+00
2.5635E+04 3.01793483E-04 0.00000000E+00
2.5659E+04 2.99412906E-04 0.00000000E+00
2.5683E+04 2.97756091E-04 0.00000000E+00
2.5706E+04 2.96581832E-04 0.00000000E+00
2.5730E+04 2.94477291E-04 0.00000000E+00
2.5753E+04 2.92335302E-04 0.00000000E+00
2.5777E+04 2.91144721E-04 0.00000000E+00
2.5800E+04 2.89563785E-04 0.00000000E+00
2.5824E+04 2.87232495E-04 0.00000000E+00
2.5847E+04 2.85648063E-04 0.00000000E+00
2.5871E+04 2.84476348E-04 0.00000000E+00
2.5895E+04 2.82387787E-04 0.00000000E+00
2.5918E+04 2.80328124E-04 0.00000000E+00
2.5942E+04 2.79179316E-04 0.00000000E+00
2.5965E+04 2.77597165E-04 0.00000000E+00
2.5989E+04 2.75328303E-04 0.00000000E+00
2.6012E+04 2.73822644E-04 0.00000000E+00
2.6036E+04 2.72662822E-04 0.00000000E+00
2.6060E+04 2.70604675E-04 0.00000000E+00
2.6083E+04 2.68636287E-04 0.00000000E+00
2.6107E+04 2.67535620E-04 0.00000000E+00
2.6130E+04 2.65965074E-04 0.00000000E+00
2.6154E+04 2.63770775E-04 0.00000000E+00
2.6177E+04 2.62349825E-04 0.00000000E+00
2.6201E+04 2.61211254E-04 0.00000000E+00
2.6224E+04 2.59197184E-04 0.00000000E+00
2.6248E+04 2.57328148E-04 0.00000000E+00
2.6272E+04 2.56281919E-04 0.00000000E+00
2.6295E+04 2.54735416E-04 0.00000000E+00
2.6319E+04 2.52626779E-04 0.00000000E+00
2.6342E+04 2.51296036E-04 0.00000000E+00
2.6366E+04 2.50187975E-04 0.00000000E+00
2.6389E+04 2.48230763E-04 0.00000000E+00
2.6413E+04 2.46468302E-04 0.00000000E+00
2.6437E+04 2.45482686E-04 0.00000000E+00
2.6460E+04 2.43972140E-04 0.00000000E+00
2.6484E+04 2.41959183E-04 0.00000000E+00
2.6507E+04 2.40723712E-04 0.00000000E+00
2.6531E+04 2.39655199E-04 0.00000000E+00
2.6554E+04 2.37766639E-04 0.00000000E+00
2.6578E+04 2.36117125E-04 0.00000000E+00
2.6601E+04 2.35198118E-04 0.00000000E+00
2.6625E+04 2.33734780E-04 0.00000000E+00
2.6649E+04 2.31826405E-04 0.00000000E+00
2.6672E+04 2.30690829E-04 0.00000000E+00
2.6696E+04 2.29670559E-04 0.00000000E+00
2.6719E+04 2.27861370E-04 0.00000000E+00
2.6743E+04 2.26330329E-04 0.00000000E+00
2.6766E+04 2.25483676E-04 0.00000000E+00
2.6790E+04 2.24078011E-04 0.00000000E+00
2.6813E+04 2.22281986E-04 0.00000000E+00
2.6837E+04 2.21250468E-04 0.00000000E+00
2.6861E+04 2.20286683E-04 0.00000000E+00
2.6884E+04 2.18566439E-04 0.00000000E+00
2.6908E+04 2.17158567E-04 0.00000000E+00
2.6931E+04 2.16389692E-04 0.00000000E+00
2.6955E+04 2.15051281E-04 0.00000000E+00
2.6978E+04 2.13374241E-04 0.00000000E+00
2.7002E+04 2.12450474E-04 0.00000000E+00
2.7026E+04 2.11550857E-04 0.00000000E+00
2.7049E+04 2.09927959E-04 0.00000000E+00
2.7073E+04 2.08647142E-04 0.00000000E+00
2.7096E+04 2.07961087E-04 0.00000000E+00
2.7120E+04 2.06698554E-04 0.00000000E+00
2.7143E+04 2.05146030E-04 0.00000000E+00
2.7167E+04 2.04333225E-04 0.00000000E+00
2.7190E+04 2.03504819E-04 0.00000000E+00
2.7214E+04 2.01986488E-04 0.00000000E+00
2.7238E+04 2.00835849E-04 0.00000000E+00
2.7261E+04 2.00237208E-04 0.00000000E+00
2.7285E+04 1.99058169E-04 0.00000000E+00
2.7308E+04 1.97634639E-04 0.00000000E+00
2.7332E+04 1.96935528E-04 0.00000000E+00
2.7355E+04 1.96184655E-04 0.00000000E+00
2.7379E+04 1.94776948E-04 0.00000000E+00
2.7403E+04 1.93758893E-04 0.00000000E+00
2.7426E+04 1.93251761E-04 0.00000000E+00
2.7450E+04 1.92162782E-04 0.00000000E+00
2.7473E+04 1.90871737E-04 0.00000000E+00
2.7497E+04 1.90288567E-04 0.00000000E+00
2.7520E+04 1.89620759E-04 0.00000000E+00
2.7544E+04 1.88328590E-04 0.00000000E+00
2.7567E+04 1.87444858E-04 0.00000000E+00
2.7591E+04 1.87032771E-04 0.00000000E+00
2.7615E+04 1.86039339E-04 0.00000000E+00
2.7638E+04 1.84883328E-04 0.00000000E+00
2.7662E+04 1.84417853E-04 0.00000000E+00
2.7685E+04 1.83837784E-04 0.00000000E+00
2.7709E+04 1.82664948E-04 0.00000000E+00
2.7732E+04 1.81916640E-04 0.00000000E+00
2.7756E+04 1.81602521E-04 0.00000000E+00
2.7780E+04 1.80709012E-04 0.00000000E+00
2.7803E+04 1.79689696E-04 0.00000000E+00
2.7827E+04 1.79343153E-04 0.00000000E+00
2.7850E+04 1.78854584E-04 0.00000000E+00
2.7874E+04 1.77803778E-04 0.00000000E+00
2.7897E+04 1.77191380E-04 0.00000000E+00
2.7921E+04 1.76977472E-04 0.00000000E+00
2.7944E+04 1.76187142E-04 0.00000000E+00
2.7968E+04 1.75305326E-04 0.00000000E+00
2.7992E+04 1.75078409E-04 0.00000000E+00
2.8015E+04 1.74684133E-04 0.00000000E+00
2.8039E+04 1.73756990E-04 0.00000000E+00
2.8062E+04 1.73280374E-04 0.00000000E+00
2.8086E+04 1.73168188E-04 0.00000000E+00
2.8109E+04 1.72483169E-04 0.00000000E+00
2.8133E+04 1.71738844E-04 0.00000000E+00
2.8157E+04 1.71631655E-04 0.00000000E+00
2.8180E+04 1.71333469E-04 0.00000000E+00
2.8204E+04 1.70530597E-04 0.00000000E+00
2.8227E+04 1.70189026E-04 0.00000000E+00
2.8251E+04 1.70179286E-04 0.00000000E+00
2.8274E+04 1.69600606E-04 0.00000000E+00
2.8298E+04 1.68992987E-04 0.00000000E+00
2.8321E+04 1.69005006E-04 0.00000000E+00
2.8345E+04 1.68803689E-04 0.00000000E+00
2.8369E+04 1.68124731E-04 0.00000000E+00
2.8392E+04 1.67916864E-04 0.00000000E+00
2.8416E+04 1.68009464E-04 0.00000000E+00
2.8439E+04 1.67537090E-04 0.00000000E+00
2.8463E+04 1.67064675E-04 0.00000000E+00
2.8486E+04 1.67194725E-04 0.00000000E+00
2.8510E+04 1.67090041E-04 0.00000000E+00
2.8534E+04 1.66533754E-04 0.00000000E+00
2.8557E+04 1.66457664E-04 0.00000000E+00
2.8581E+04 1.66651643E-04 0.00000000E+00
2.8604E+04 1.66284537E-04 0.00000000E+00
2.8628E+04 1.65945170E-04 0.00000000E+00
2.8651E+04 1.66191403E-04 0.00000000E+00
2.8675E+04 1.66182119E-04 0.00000000E+00
2.8698E+04 1.65746459E-04 0.00000000E+00
2.8722E+04 1.65799650E-04 0.00000000E+00
2.8746E+04 1.66093184E-04 0.00000000E+00
2.8769E+04 1.65829375E-04 0.00000000E+00
2.8793E+04 1.65620311E-04 0.00000000E+00
2.8816E+04 1.65980198E-04 0.00000000E+00
2.8840E+04 1.66064120E-04 0.00000000E+00
2.8863E+04 1.65746325E-04 0.00000000E+00
2.8887E+04 1.65925760E-04 0.00000000E+00
2.8911E+04 1.66316164E-04 0.00000000E+00
2.8934E+04 1.66152820E-04 0.00000000E+00
2.8958E+04 1.66070782E-04 0.00000000E+00
2.8981E+04 1.66541119E-04 0.00000000E+00
2.9005E+04 1.66715132E-04 0.00000000E+00
2.9028E+04 1.66511803E-04 0.00000000E+00
2.9052E+04 1.66813919E-04 0.00000000E+00
2.9075E+04 1.67297662E-04 0.00000000E+00
2.9099E+04 1.67231169E-04 0.00000000E+00
2.9123E+04 1.67272399E-04 0.00000000E+00
2.9146E+04 1.67849297E-04 0.00000000E+00
2.9170E+04 1.68109423E-04 0.00000000E+00
2.9193E+04 1.68016597E-04 0.00000000E+00
2.9217E+04 1.68437310E-04 0.00000000E+00
2.9240E+04 1.69010038E-04 0.00000000E+00
2.9264E+04 1.69036076E-04 0.00000000E+00
2.9287E+04 1.69196362E-04 0.00000000E+00
2.9311E+04 1.69875250E-04 0.00000000E+00
2.9335E+04 1.70216706E-04 0.00000000E+00
2.9358E+04 1.70229915E-04 0.00000000E+00
2.9382E+04 1.70764616E-04 0.00000000E+00
2.9405E+04 1.71421176E-04 0.00000000E+00
2.9429E+04 1.71534797E-04 0.00000000E+00
2.9452E+04 1.71809494E-04 0.00000000E+00
2.9476E+04 1.72585109E-04 0.00000000E+00
2.9500E+04 1.73002375E-04 0.00000000E+00
2.9523E+04 1.73116702E-04 0.00000000E+00
2.9547E+04 1.73760245E-04 0.00000000E+00
2.9570E+04 1.74494714E-04 0.00000000E+00
2.9594E+04 1.74690429E-04 0.00000000E+00
2.9617E+04 1.75074473E-04 0.00000000E+00
2.9641E+04 1.75940859E-04 0.00000000E+00
2.9664E+04 1.76427752E-04 0.00000000E+00
2.9688E+04 1.76637897E-04 0.00000000E+00
2.9712E+04 1.77384590E-04 0.00000000E+00
2.9735E+04 1.78190319E-04 0.00000000E+00
2.9759E+04 1.78462180E-04 0.00000000E+00
2.9782E+04 1.78950116E-04 0.00000000E+00
2.9806E+04 1.79900634E-04 0.00000000E+00
2.9829E+04 1.80450387E-04 0.00000000E+00
2.9853E+04 1.80750729E-04 0.00000000E+00
2.9877E+04 1.81594344E-04 0.00000000E+00
2.9900E+04 1.82464013E-04 0.00000000E+00
2.9924E+04 1.82805707E-04 0.00000000E+00
2.9947E+04 1.83391718E-04 0.00000000E+00
2.9971E+04 1.84419076E-04 0.00000000E+00
2.9994E+04 1.85024434E-04 0.00000000E+00
3.0018E+04 1.85409096E-04 0.00000000E+00
3.0041E+04 1.86342890E-04 0.00000000E+00
3.0065E+04 1.87268576E-04 0.00000000E+00
3.0089E+04 1.87673520E-04 0.00000000E+00
3.0112E+04 1.88351463E-04 0.00000000E+00
3.0136E+04 1.89447762E-04 0.00000000E+00
3.0159E+04 1.90101083E-04 0.00000000E+00
3.0183E+04 1.90564000E-04 0.00000000E+00
3.0206E+04 1.91580747E-04 0.00000000E+00
3.0230E+04 1.92554020E-04 0.00000000E+00
3.0254E+04 1.93015450E-04 0.00000000E+00
3.0277E+04 1.93778891E-04 0.00000000E+00
3.0301E+04 1.94935695E-04 0.00000000E+00
3.0324E+04 1.95629055E-04 0.00000000E+00
3.0348E+04 1.96164025E-04 0.00000000E+00
3.0371E+04 1.97256059E-04 0.00000000E+00
3.0395E+04 1.98268077E-04 0.00000000E+00
3.0418E+04 1.98779136E-04 0.00000000E+00
3.0442E+04 1.99621380E-04 0.00000000E+00
3.0466E+04 2.00829779E-04 0.00000000E+00
3.0489E+04 2.01555082E-04 0.00000000E+00
3.0513E+04 2.02155812E-04 0.00000000E+00
3.0536E+04 2.03315056E-04 0.00000000E+00
3.0560E+04 2.04356667E-04 0.00000000E+00
3.0583E+04 2.04910478E-04 0.00000000E+00
3.0607E+04 2.05824585E-04 0.00000000E+00
3.0631E+04 2.07075266E-04 0.00000000E+00
3.0654E+04 2.07824336E-04 0.00000000E+00
3.0678E+04 2.08484472E-04 0.00000000E+00
3.0701E+04 2.09702464E-04 0.00000000E+00
3.0725E+04 2.10764299E-04 0.00000000E+00
3.0748E+04 2.11354028E-04 0.00000000E+00
3.0772E+04 2.12332817E-04 0.00000000E+00
3.0795E+04 2.13616120E-04 0.00000000E+00
3.0819E+04 2.14380797E-04 0.00000000E+00
3.0843E+04 2.15093940E-04 0.00000000E+00
3.0866E+04 2.16361856E-04 0.00000000E+00
3.0890E+04 2.17434418E-04 0.00000000E+00
3.0913E+04 2.18053327E-04 0.00000000E+00
3.0937E+04 2.19089380E-04 0.00000000E+00
3.0960E+04 2.20395360E-04 0.00000000E+00
3.0984E+04 2.21167579E-04 0.00000000E+00
3.1008E+04 2.21927304E-04 0.00000000E+00
3.1031E+04 2.23235984E-04 0.00000000E+00
3.1055E+04 2.24309730E-04 0.00000000E+00
3.1078E+04 2.24951225E-04 0.00000000E+00
3.1102E+04 2.26036896E-04 0.00000000E+00
3.1125E+04 2.27355392E-04 0.00000000E+00
3.1149E+04 2.28127257E-04 0.00000000E+00
3.1172E+04 2.28927128E-04 0.00000000E+00
3.1196E+04 2.30267117E-04 0.00000000E+00
3.1220E+04 2.31332547E-04 0.00000000E+00
3.1243E+04 2.31990223E-04 0.00000000E+00
3.1267E+04 2.33117665E-04 0.00000000E+00
3.1290E+04 2.34438375E-04 0.00000000E+00
3.1314E+04 2.35202234E-04 0.00000000E+00
3.1337E+04 2.36035836E-04 0.00000000E+00
3.1361E+04 2.37397443E-04 0.00000000E+00
3.1385E+04 2.38445198E-04 0.00000000E+00
3.1408E+04 2.39112882E-04 0.00000000E+00
3.1432E+04 2.40274084E-04 0.00000000E+00
3.1455E+04 2.41586670E-04 0.00000000E+00
3.1479E+04 2.42335193E-04 0.00000000E+00
3.1502E+04 2.43196153E-04 0.00000000E+00
3.1526E+04 2.44569534E-04 0.00000000E+00
3.1549E+04 2.45590503E-04 0.00000000E+00
3.1573E+04 2.46262295E-04 0.00000000E+00
3.1597E+04 2.47449131E-04 0.00000000E+00
3.1620E+04 2.48743328E-04 0.00000000E+00
3.1644E+04 2.49469585E-04 0.00000000E+00
3.1667E+04 2.50351602E-04 0.00000000E+00
3.1691E+04 2.51726846E-04 0.00000000E+00
3.1714E+04 2.52712267E-04 0.00000000E+00
3.1738E+04 2.53382581E-04 0.00000000E+00
3.1762E+04 2.54586853E-04 0.00000000E+00
3.1785E+04 2.55852580E-04 0.00000000E+00
3.1809E+04 2.56550104E-04 0.00000000E+00
3.1832E+04 2.57446969E-04 0.00000000E+00
3.1856E+04 2.58814174E-04 0.00000000E+00
3.1879E+04 2.59755739E-04 0.00000000E+00
3.1903E+04 2.60419318E-04 0.00000000E+00
3.1926E+04 2.61632795E-04 0.00000000E+00
3.1950E+04 2.62860253E-04 0.00000000E+00
3.1974E+04 2.63523094E-04 0.00000000E+00
3.1997E+04 2.64428692E-04 0.00000000E+00
3.2021E+04 2.65778040E-04 0.00000000E+00
3.2044E+04 2.66667968E-04 0.00000000E+00
3.2068E+04 2.67319898E-04 0.00000000E+00
3.2091E+04 2.68534341E-04 0.00000000E+00
3.2115E+04 2.69714097E-04 0.00000000E+00
3.2138E+04 2.70336855E-04 0.00000000E+00
3.2162E+04 2.71245171E-04 0.00000000E+00
3.2186E+04 2.72566981E-04 0.00000000E+00
3.2209E+04 2.73398080E-04 0.00000000E+00
3.2233E+04 2.74033787E-04 0.00000000E+00
3.2256E+04 2.75240974E-04 0.00000000E+00
3.2280E+04 2.76364027E-04 0.00000000E+00
3.2303E+04 2.76941870E-04 0.00000000E+00
3.2327E+04 2.77846981E-04 0.00000000E+00
3.2351E+04 2.79131769E-04 0.00000000E+00
3.2374E+04 2.79897477E-04 0.00000000E+00
3.2398E+04 2.80512716E-04 0.00000000E+00
3.2421E+04 2.81704473E-04 0.00000000E+00
3.2445E+04 2.82762316E-04 0.00000000E+00
3.2468E+04 2.83290984E-04 0.00000000E+00
3.2492E+04 2.84187069E-04 0.00000000E+00
3.2515E+04 2.85425608E-04 0.00000000E+00
3.2539E+04 2.86120031E-04 0.00000000E+00
3.2563E+04 2.86710884E-04 0.00000000E+00
3.2586E+04 2.87879131E-04 0.00000000E+00
3.2610E+04 2.88863818E-04 0.00000000E+00
3.2633E+04 2.89339632E-04 0.00000000E+00
3.2657E+04 2.90220986E-04 0.00000000E+00
3.2680E+04 2.91404390E-04 0.00000000E+00
3.2704E+04 2.92022342E-04 0.00000000E+00
3.2728E+04 2.92585212E-04 0.00000000E+00
3.2751E+04 2.93722028E-04 0.00000000E+00
3.2775E+04 2.94626253E-04 0.00000000E+00
3.2798E+04 2.95046121E-04 0.00000000E+00
3.2822E+04 2.95907189E-04 0.00000000E+00
3.2845E+04 2.97027003E-04 0.00000000E+00
3.2869E+04 2.97564049E-04 0.00000000E+00
3.2892E+04 2.98095669E-04 0.00000000E+00
3.2916E+04 2.99193362E-04 0.00000000E+00
3.2940E+04 3.00010541E-04 0.00000000E+00
3.2963E+04 3.00371967E-04 0.00000000E+00
3.2987E+04 3.01207372E-04 0.00000000E+00
3.3010E+04 3.02255667E-04 0.00000000E+00
3.3034E+04 3.02708166E-04 0.00000000E+00
3.3057E+04 3.03205597E-04 0.00000000E+00
3.3081E+04 3.04256777E-04 0.00000000E+00
3.3105E+04 3.04981122E-04 0.00000000E+00
3.3128E+04 3.05282208E-04 0.00000000E+00
3.3152E+04 3.06086781E-04 0.00000000E+00
3.3175E+04 3.07056237E-04 0.00000000E+00
3.3199E+04 3.07421369E-04 0.00000000E+00
3.3222E+04 3.07881995E-04 0.00000000E+00
3.3246E+04 3.08879632E-04 0.00000000E+00
3.3269E+04 3.09506209E-04 0.00000000E+00
3.3293E+04 3.09745645E-04 0.00000000E+00
3.3317E+04 3.10514445E-04 0.00000000E+00
3.3340E+04 3.11398414E-04 0.00000000E+00
3.3364E+04 3.11674184E-04 0.00000000E+00
3.3387E+04 3.12095704E-04 0.00000000E+00
3.3411E+04 3.13033173E-04 0.00000000E+00
3.3434E+04 3.13557925E-04 0.00000000E+00
3.3458E+04 3.13734965E-04 0.00000000E+00
3.3482E+04 3.14463289E-04 0.00000000E+00
3.3505E+04 3.15255833E-04 0.00000000E+00
3.3529E+04 3.15441058E-04 0.00000000E+00
3.3552E+04 3.15821458E-04 0.00000000E+00
3.3576E+04 3.16692572E-04 0.00000000E+00
3.3599E+04 3.17112327E-04 0.00000000E+00
3.3623E+04 3.17226748E-04 0.00000000E+00
3.3646E+04 3.17910139E-04 0.00000000E+00
3.3670E+04 3.18606057E-04 0.00000000E+00
3.3694E+04 3.18700330E-04 0.00000000E+00
3.3717E+04 3.19037865E-04 0.00000000E+00
3.3741E+04 3.19836904E-04 0.00000000E+00
3.3764E+04 3.20149370E-04 0.00000000E+00
3.3788E+04 3.20201425E-04 0.00000000E+00
3.3811E+04 3.20835692E-04 0.00000000E+00
3.3835E+04 3.21430549E-04 0.00000000E+00
3.3859E+04 3.21434198E-04 0.00000000E+00
3.3882E+04 3.21727374E-04 0.00000000E+00
3.3906E+04 3.22449137E-04 0.00000000E+00
3.3929E+04 3.22652894E-04 0.00000000E+00
3.3953E+04 3.22643276E-04 0.00000000E+00
3.3976E+04 3.23224523E-04 0.00000000E+00
3.4000E+04 3.23714683E-04 0.00000000E+00
3.4023E+04 3.23628739E-04 0.00000000E+00
3.4047E+04 3.23876310E-04 0.00000000E+00
3.4071E+04 3.24516165E-04 0.00000000E+00
3.4094E+04 3.24610665E-04 0.00000000E+00
3.4118E+04 3.24540474E-04 0.00000000E+00
3.4141E+04 3.25065140E-04 0.00000000E+00
3.4165E+04 3.25447810E-04 0.00000000E+00
3.4188E+04 3.25273978E-04 0.00000000E+00
3.4212E+04 3.25474951E-04 0.00000000E+00
3.4236E+04 3.26028899E-04 0.00000000E+00
3.4259E+04 3.26014469E-04 0.00000000E+00
3.4283E+04 3.25885191E-04 0.00000000E+00
3.4306E+04 3.26350093E-04 0.00000000E+00
3.4330E+04 3.26623364E-04 0.00000000E+00
3.4353E+04 3.26363997E-04 0.00000000E+00
3.4377E+04 3.26517639E-04 0.00000000E+00
3.4400E+04 3.26982365E-04 0.00000000E+00
3.4424E+04 3.26860212E-04 0.00000000E+00
3.4448E+04 3.26673690E-04 0.00000000E+00
3.4471E+04 3.27076065E-04 0.00000000E+00
3.4495E+04 3.27238936E-04 0.00000000E+00
3.4518E+04 3.26897008E-04 0.00000000E+00
3.4542E+04 3.27002851E-04 0.00000000E+00
3.4565E+04 3.27375761E-04 0.00000000E+00
3.4589E+04 3.27147947E-04 0.00000000E+00
3.4612E+04 3.26906360E-04 0.00000000E+00
3.4636E+04 3.27243886E-04 0.00000000E+00
3.4660E+04 3.27296261E-04 0.00000000E+00
3.4683E+04 3.26875318E-04 0.00000000E+00
3.4707E+04 3.26933155E-04 0.00000000E+00
3.4730E+04 3.27212388E-04 0.00000000E+00
3.4754E+04 3.26881787E-04 0.00000000E+00
3.4777E+04 3.26587608E-04 0.00000000E+00
3.4801E+04 3.26858416E-04 0.00000000E+00
3.4825E+04 3.26801081E-04 0.00000000E+00
3.4848E+04 3.26305176E-04 0.00000000E+00
3.4872E+04 3.26315050E-04 0.00000000E+00
3.4895E+04 3.26499476E-04 0.00000000E+00
3.4919E+04 3.26069704E-04 0.00000000E+00
3.4942E+04 3.25725655E-04 0.00000000E+00
3.4966E+04 3.25928335E-04 0.00000000E+00
3.4989E+04 3.25762912E-04 0.00000000E+00
3.5013E+04 3.25196534E-04 0.00000000E+00
3.5037E+04 3.25158726E-04 0.00000000E+00
3.5060E+04 3.25247936E-04 0.00000000E+00
3.5084E+04 3.24723280E-04 0.00000000E+00
3.5107E+04 3.24332288E-04 0.00000000E+00
3.5131E+04 3.24465896E-04 0.00000000E+00
3.5154E+04 3.24194799E-04 0.00000000E+00
3.5178E+04 3.23562799E-04 0.00000000E+00
3.5202E+04 3.23477827E-04 0.00000000E+00
3.5225E+04 3.23472124E-04 0.00000000E+00
3.5249E+04 3.22857472E-04 0.00000000E+00
3.5272E+04 3.22422628E-04 0.00000000E+00
3.5296E+04 3.22486703E-04 0.00000000E+00
3.5319E+04 3.22113101E-04 0.00000000E+00
3.5343E+04 3.21420627E-04 0.00000000E+00
3.5366E+04 3.21289246E-04 0.00000000E+00
3.5390E+04 3.21189652E-04 0.00000000E+00
3.5414E+04 3.20490429E-04 0.00000000E+00
3.5437E+04 3.20014967E-04 0.00000000E+00
3.5461E+04 3.20009552E-04 0.00000000E+00
3.5484E+04 3.19537335E-04 0.00000000E+00
3.5508E+04 3.18789787E-04 0.00000000E+00
3.5531E+04 3.18613006E-04 0.00000000E+00
3.5555E+04 3.18421263E-04 0.00000000E+00
3.5579E+04 3.17643387E-04 0.00000000E+00
3.5602E+04 3.17130669E-04 0.00000000E+00
3.5626E+04 3.17056333E-04 0.00000000E+00
3.5649E+04 3.16490090E-04 0.00000000E+00
3.5673E+04 3.15693078E-04 0.00000000E+00
3.5696E+04 3.15472175E-04 0.00000000E+00
3.5720E+04 3.15190745E-04 0.00000000E+00
3.5743E+04 3.14340575E-04 0.00000000E+00
3.5767E+04 3.13794080E-04 0.00000000E+00
3.5791E+04 3.13651935E-04 0.00000000E+00
3.5814E+04 3.12996908E-04 0.00000000E+00
3.5838E+04 3.12156218E-04 0.00000000E+00
3.5861E+04 3.11892747E-04 0.00000000E+00
3.5885E+04 3.11524789E-04 0.00000000E+00
3.5908E+04 3.10609073E-04 0.00000000E+00
3.5932E+04 3.10032387E-04 0.00000000E+00
3.5956E+04 3.09824074E-04 0.00000000E+00
3.5979E+04 3.09086104E-04 0.00000000E+00
3.6003E+04 3.08207652E-04 0.00000000E+00
3.6026E+04 3.07903442E-04 0.00000000E+00
3.6050E+04 3.07452765E-04 0.00000000E+00
3.6073E+04 3.06478564E-04 0.00000000E+00
3.6097E+04 3.05875357E-04 0.00000000E+00
3.6120E+04 3.05603032E-04 0.00000000E+00
3.6144E+04 3.04788478E-04 0.00000000E+00
3.6168E+04 3.03878253E-04 0.00000000E+00
3.6191E+04 3.03535395E-04 0.00000000E+00
3.6215E+04 3.03006403E-04 0.00000000E+00
3.6238E+04 3.01981009E-04 0.00000000E+00
3.6262E+04 3.01355010E-04 0.00000000E+00
3.6285E+04 3.01021310E-04 0.00000000E+00
3.6309E+04 3.00136957E-04 0.00000000E+00
3.6333E+04 2.99200965E-04 0.00000000E+00
3.6356E+04 2.98821800E-04 0.00000000E+00
3.6380E+04 2.98219423E-04 0.00000000E+00
3.6403E+04 2.97150266E-04 0.00000000E+00
3.6427E+04 2.96505238E-04 0.00000000E+00
3.6450E+04 2.96113249E-04 0.00000000E+00
3.6474E+04 2.95166220E-04 0.00000000E+00
3.6497E+04 2.94210426E-04 0.00000000E+00
3.6521E+04 2.93797529E-04 0.00000000E+00
3.6545E+04 2.93127161E-04 0.00000000E+00
3.6568E+04 2.92021735E-04 0.00000000E+00
3.6592E+04 2.91361451E-04 0.00000000E+00
3.6615E+04 2.90914681E-04 0.00000000E+00
3.6639E+04 2.89912363E-04 0.00000000E+00
3.6662E+04 2.88942644E-04 0.00000000E+00
3.6686E+04 2.88498820E-04 0.00000000E+00
3.6710E+04 2.87766266E-04 0.00000000E+00
3.6733E+04 2.86632065E-04 0.00000000E+00
3.6757E+04 2.85960299E-04 0.00000000E+00
3.6780E+04 2.85462660E-04 0.00000000E+00
3.6804E+04 2.84412635E-04 0.00000000E+00
3.6827E+04 2.83434758E-04 0.00000000E+00
3.6851E+04 2.82963038E-04 0.00000000E+00
3.6874E+04 2.82174473E-04 0.00000000E+00
3.6898E+04 2.81018944E-04 0.00000000E+00
3.6922E+04 2.80339472E-04 0.00000000E+00
3.6945E+04 2.79795253E-04 0.00000000E+00
3.6969E+04 2.78705256E-04 0.00000000E+00
3.6992E+04 2.77724858E-04 0.00000000E+00
3.7016E+04 2.77228493E-04 0.00000000E+00
3.7039E+04 2.76390412E-04 0.00000000E+00
3.7063E+04 2.75220923E-04 0.00000000E+00
3.7087E+04 2.74537518E-04 0.00000000E+00
3.7110E+04 2.73951360E-04 0.00000000E+00
3.7134E+04 2.72829215E-04 0.00000000E+00
3.7157E+04 2.71851790E-04 0.00000000E+00
3.7181E+04 2.71334246E-04 0.00000000E+00
3.7204E+04 2.70453407E-04 0.00000000E+00
3.7228E+04 2.69277201E-04 0.00000000E+00
3.7251E+04 2.68593636E-04 0.00000000E+00
3.7275E+04 2.67970483E-04 0.00000000E+00
3.7299E+04 2.66824044E-04 0.00000000E+00
3.7322E+04 2.65854930E-04 0.00000000E+00
3.7346E+04 2.65319857E-04 0.00000000E+00
3.7369E+04 2.64403210E-04 0.00000000E+00
3.7393E+04 2.63227365E-04 0.00000000E+00
3.7416E+04 2.62547396E-04 0.00000000E+00
3.7440E+04 2.61892442E-04 0.00000000E+00
3.7463E+04 2.60729517E-04 0.00000000E+00
3.7487E+04 2.59773870E-04 0.00000000E+00
3.7511E+04 2.59225076E-04 0.00000000E+00
3.7534E+04 2.58279678E-04 0.00000000E+00
3.7558E+04 2.57111050E-04 0.00000000E+00
3.7581E+04 2.56438400E-04 0.00000000E+00
3.7605E+04 2.55757021E-04 0.00000000E+00
3.7628E+04 2.54585291E-04 0.00000000E+00
3.7652E+04 2.53648055E-04 0.00000000E+00
3.7676E+04 2.53089466E-04 0.00000000E+00
3.7699E+04 2.52122399E-04 0.00000000E+00
3.7723E+04 2.50967568E-04 0.00000000E+00
3.7746E+04 2.50305902E-04 0.00000000E+00
3.7770E+04 2.49603594E-04 0.00000000E+00
3.7793E+04 2.48430538E-04 0.00000000E+00
3.7817E+04 2.47516416E-04 0.00000000E+00
3.7840E+04 2.46952040E-04 0.00000000E+00
3.7864E+04 2.45970339E-04 0.00000000E+00
3.7888E+04 2.44835560E-04 0.00000000E+00
3.7911E+04 2.44188466E-04 0.00000000E+00
3.7935E+04 2.43470790E-04 0.00000000E+00
3.7958E+04 2.42303629E-04 0.00000000E+00
3.7982E+04 2.41417063E-04 0.00000000E+00
3.8005E+04 2.40850958E-04 0.00000000E+00
3.8029E+04 2.39861548E-04 0.00000000E+00
3.8053E+04 2.38752727E-04 0.00000000E+00
3.8076E+04 2.38123701E-04 0.00000000E+00
3.8100E+04 2.37396235E-04 0.00000000E+00
3.8123E+04 2.36241889E-04 0.00000000E+00
3.8147E+04 2.35387055E-04 0.00000000E+00
3.8170E+04 2.34823297E-04 0.00000000E+00
3.8194E+04 2.33832951E-04 0.00000000E+00
3.8217E+04 2.32755629E-04 0.00000000E+00
3.8241E+04 2.32148065E-04 0.00000000E+00
3.8265E+04 2.31416362E-04 0.00000000E+00
3.8288E+04 2.30281425E-04 0.00000000E+00
3.8312E+04 2.29462230E-04 0.00000000E+00
3.8335E+04 2.28904891E-04 0.00000000E+00
3.8359E+04 2.27920187E-04 0.00000000E+00
3.8382E+04 2.26879536E-04 0.00000000E+00
3.8406E+04 2.26296719E-04 0.00000000E+00
3.8430E+04 2.25566262E-04 0.00000000E+00
3.8453E+04 2.24456979E-04 0.00000000E+00
3.8477E+04 2.23677069E-04 0.00000000E+00
3.8500E+04 2.23130182E-04 0.00000000E+00
3.8524E+04 2.22157459E-04 0.00000000E+00
3.8547E+04 2.21158282E-04 0.00000000E+00
3.8571E+04 2.20603379E-04 0.00000000E+00
3.8594E+04 2.19879533E-04 0.00000000E+00
3.8618E+04 2.18801775E-04 0.00000000E+00
3.8642E+04 2.18064534E-04 0.00000000E+00
3.8665E+04 2.17532055E-04 0.00000000E+00
3.8689E+04 2.16577370E-04 0.00000000E+00
3.8712E+04 2.15624092E-04 0.00000000E+00
3.8736E+04 2.15100129E-04 0.00000000E+00
3.8759E+04 2.14388083E-04 0.00000000E+00
3.8783E+04 2.13347317E-04 0.00000000E+00
3.8807E+04 2.12655859E-04 0.00000000E+00
3.8830E+04 2.12141628E-04 0.00000000E+00
3.8854E+04 2.11210694E-04 0.00000000E+00
3.8877E+04 2.10307347E-04 0.00000000E+00
3.8901E+04 2.09817190E-04 0.00000000E+00
3.8924E+04 2.09121901E-04 0.00000000E+00
3.8948E+04 2.08123151E-04 0.00000000E+00
3.8971E+04 2.07480307E-04 0.00000000E+00
3.8995E+04 2.06987996E-04 0.00000000E+00
3.9019E+04 2.06086139E-04 0.00000000E+00
3.9042E+04 2.05236340E-04 0.00000000E+00
3.9066E+04 2.04782662E-04 0.00000000E+00
3.9089E+04 2.04108803E-04 0.00000000E+00
3.9113E+04 2.03156623E-04 0.00000000E+00
3.9136E+04 2.02564921E-04 0.00000000E+00
3.9160E+04 2.02097995E-04 0.00000000E+00
3.9184E+04 2.01230112E-04 0.00000000E+00
3.9207E+04 2.00437050E-04 0.00000000E+00
3.9231E+04 2.00022306E-04 0.00000000E+00
3.9254E+04 1.99374222E-04 0.00000000E+00
3.9278E+04 1.98472677E-04 0.00000000E+00
3.9301E+04 1.97934330E-04 0.00000000E+00
3.9325E+04 1.97496010E-04 0.00000000E+00
3.9348E+04 1.96666544E-04 0.00000000E+00
3.9372E+04 1.95932979E-04 0.00000000E+00
3.9396E+04 1.95559380E-04 0.00000000E+00
3.9419E+04 1.94941060E-04 0.00000000E+00
3.9443E+04 1.94093723E-04 0.00000000E+00
3.9466E+04 1.93610621E-04 0.00000000E+00
3.9490E+04 1.93203855E-04 0.00000000E+00
3.9513E+04 1.92416785E-04 0.00000000E+00
3.9537E+04 1.91745052E-04 0.00000000E+00
3.9561E+04 1.91414548E-04 0.00000000E+00
3.9584E+04 1.90829604E-04 0.00000000E+00
3.9608E+04 1.90039566E-04 0.00000000E+00
3.9631E+04 1.89613281E-04 0.00000000E+00
3.9655E+04 1.89240717E-04 0.00000000E+00
3.9678E+04 1.88499559E-04 0.00000000E+00
3.9702E+04 1.87891586E-04 0.00000000E+00
3.9725E+04 1.87605854E-04 0.00000000E+00
3.9749E+04 1.87057504E-04 0.00000000E+00
3.9773E+04 1.86327393E-04 0.00000000E+00
3.9796E+04 1.85959180E-04 0.00000000E+00
3.9820E+04 1.85623151E-04 0.00000000E+00
3.9843E+04 1.84930956E-04 0.00000000E+00
3.9867E+04 1.84388282E-04 0.00000000E+00
3.9890E+04 1.84148715E-04 0.00000000E+00
3.9914E+04 1.83639767E-04 0.00000000E+00
3.9937E+04 1.82971759E-04 0.00000000E+00
3.9961E+04 1.82662565E-04 0.00000000E+00
3.9985E+04 1.82365063E-04 0.00000000E+00
