0.0000E+00 0.00000000E+00 0.00000000E+00
2.3562E+01 0.00000000E+00 0.00000000E+00
4.7124E+01 0.00000000E+00 0.00000000E+00
7.0686E+01 0.00000000E+00 0.00000000E+00
9.4248E+01 0.00000000E+00 0.00000000E+00
1.1781E+02 0.00000000E+00 0.00000000E+00
1.4137E+02 0.00000000E+00 0.00000000E+00
1.6493E+02 0.00000000E+00 0.00000000E+00
1.8850E+02 0.00000000E+00 0.00000000E+00
2.1206E+02 0.00000000E+00 0.00000000E+00
2.3562E+02 0.00000000E+00 0.00000000E+00
2.5918E+02 1.51517159E-272 0.00000000E+00
2.8274E+02 1.99042545E-219 0.00000000E+00
3.0631E+02 1.14523822E-176 0.00000000E+00
3.2987E+02 3.14799703E-141 0.00000000E+00
3.5343E+02 1.61253163E-111 0.00000000E+00
3.7699E+02 1.36809487E-86 0.00000000E+00
4.0055E+02 7.57952863E-66 0.00000000E+00
4.2412E+02 6.36370621E-49 0.00000000E+00
4.4768E+02 1.22906175E-35 0.00000000E+00
4.7124E+02 5.19304809E-26 0.00000000E+00
4.9480E+02 2.05545839E-20 0.00000000E+00
5.1836E+02 2.70437640E-19 0.00000000E+00
5.4192E+02 7.24215271E-19 0.00000000E+00
5.6549E+02 9.16043740E-19 0.00000000E+00
5.8905E+02 1.30982209E-18 0.00000000E+00
6.1261E+02 2.38992527E-18 0.00000000E+00
6.3617E+02 3.62287860E-18 0.00000000E+00
6.5973E+02 4.90519860E-18 0.00000000E+00
6.8330E+02 8.49588366E-18 0.00000000E+00
7.0686E+02 1.41667872E-17 0.00000000E+00
7.3042E+02 1.86520270E-17 0.00000000E+00
7.5398E+02 2.74890511E-17 0.00000000E+00
7.7754E+02 4.61951596E-17 0.00000000E+00
8.0111E+02 6.30112859E-17 0.00000000E+00
8.2467E+02 8.29938462E-17 0.00000000E+00
8.4823E+02 1.35696906E-16 0.00000000E+00
8.7179E+02 1.98992708E-16 0.00000000E+00
8.9535E+02 2.49463460E-16 0.00000000E+00
9.1892E+02 3.69907183E-16 0.00000000E+00
9.4248E+02 5.77346713E-16 0.00000000E+00
9.6604E+02 7.40823089E-16 0.00000000E+00
9.8960E+02 9.93368188E-16 0.00000000E+00
1.0132E+03 1.57774493E-15 0.00000000E+00
1.0367E+03 2.16779378E-15 0.00000000E+00
1.0603E+03 2.70344841E-15 0.00000000E+00
1.0838E+03 4.05699373E-15 0.00000000E+00
1.1074E+03 5.96956837E-15 0.00000000E+00
1.1310E+03 7.37832002E-15 0.00000000E+00
1.1545E+03 1.00514544E-14 0.00000000E+00
1.1781E+03 1.53299510E-14 0.00000000E+00
1.2017E+03 1.98711647E-14 0.00000000E+00
1.2252E+03 2.48578508E-14 0.00000000E+00
1.2488E+03 3.70768594E-14 0.00000000E+00
1.2723E+03 5.15176596E-14 0.00000000E+00
1.2959E+03 6.23192809E-14 0.00000000E+00
1.3195E+03 8.62698931E-14 0.00000000E+00
1.3430E+03 1.26290513E-13 0.00000000E+00
1.3666E+03 1.56644750E-13 0.00000000E+00
1.3902E+03 1.98614049E-13 0.00000000E+00
1.4137E+03 2.92198581E-13 0.00000000E+00
1.4373E+03 3.84970734E-13 0.00000000E+00
1.4608E+03 4.62077293E-13 0.00000000E+00
1.4844E+03 6.46328813E-13 0.00000000E+00
1.5080E+03 9.04128797E-13 0.00000000E+00
1.5315E+03 1.08575665E-12 0.00000000E+00
1.5551E+03 1.39965568E-12 0.00000000E+00
1.5787E+03 2.00970879E-12 0.00000000E+00
1.6022E+03 2.52460084E-12 0.00000000E+00
1.6258E+03 3.03796006E-12 0.00000000E+00
1.6493E+03 4.25133978E-12 0.00000000E+00
1.6729E+03 5.66817490E-12 0.00000000E+00
1.6965E+03 6.66548103E-12 0.00000000E+00
1.7200E+03 8.71813566E-12 0.00000000E+00
1.7436E+03 1.21063572E-11 0.00000000E+00
1.7671E+03 1.46071660E-11 0.00000000E+00
1.7907E+03 1.77439027E-11 0.00000000E+00
1.8143E+03 2.45786144E-11 0.00000000E+00
1.8378E+03 3.12590410E-11 0.00000000E+00
1.8614E+03 3.63943654E-11 0.00000000E+00
1.8850E+03 4.80298465E-11 0.00000000E+00
1.9085E+03 6.41166550E-11 0.00000000E+00
1.9321E+03 7.49958609E-11 0.00000000E+00
1.9556E+03 9.22413422E-11 0.00000000E+00
1.9792E+03 1.25205489E-10 0.00000000E+00
2.0028E+03 1.52475665E-10 0.00000000E+00
2.0263E+03 1.77398716E-10 0.00000000E+00
2.0499E+03 2.34280539E-10 0.00000000E+00
2.0735E+03 2.99780551E-10 0.00000000E+00
2.0970E+03 3.43359599E-10 0.00000000E+00
2.1206E+03 4.27134633E-10 0.00000000E+00
2.1441E+03 5.63418647E-10 0.00000000E+00
2.1677E+03 6.61159764E-10 0.00000000E+00
2.1913E+03 7.73625376E-10 0.00000000E+00
2.2148E+03 1.01295736E-09 0.00000000E+00
2.2384E+03 1.24277989E-09 0.00000000E+00
2.2619E+03 1.40747068E-09 0.00000000E+00
2.2855E+03 1.76287795E-09 0.00000000E+00
2.3091E+03 2.24692200E-09 0.00000000E+00
2.3326E+03 2.56135722E-09 0.00000000E+00
2.3562E+03 3.02310085E-09 0.00000000E+00
2.3798E+03 3.89011686E-09 0.00000000E+00
2.4033E+03 4.59100923E-09 0.00000000E+00
2.4269E+03 5.18351993E-09 0.00000000E+00
2.4504E+03 6.49277828E-09 0.00000000E+00
2.4740E+03 7.97511733E-09 0.00000000E+00
2.4976E+03 8.90988509E-09 0.00000000E+00
2.5211E+03 1.06016203E-08 0.00000000E+00
2.5447E+03 1.33110236E-08 0.00000000E+00
2.5683E+03 1.51957804E-08 0.00000000E+00
2.5918E+03 1.72030534E-08 0.00000000E+00
2.6154E+03 2.13842024E-08 0.00000000E+00
2.6389E+03 2.53206020E-08 0.00000000E+00
2.6625E+03 2.79612258E-08 0.00000000E+00
2.6861E+03 3.34237676E-08 0.00000000E+00
2.7096E+03 4.07507914E-08 0.00000000E+00
2.7332E+03 4.53211544E-08 0.00000000E+00
2.7567E+03 5.15866994E-08 0.00000000E+00
2.7803E+03 6.31755167E-08 0.00000000E+00
2.8039E+03 7.23234069E-08 0.00000000E+00
2.8274E+03 7.95048128E-08 0.00000000E+00
2.8510E+03 9.49613809E-08 0.00000000E+00
2.8746E+03 1.12190017E-07 0.00000000E+00
2.8981E+03 1.22490513E-07 0.00000000E+00
2.9217E+03 1.40151115E-07 0.00000000E+00
2.9452E+03 1.68116656E-07 0.00000000E+00
2.9688E+03 1.86997438E-07 0.00000000E+00
2.9924E+03 2.05645211E-07 0.00000000E+00
3.0159E+03 2.43942731E-07 0.00000000E+00
3.0395E+03 2.79410197E-07 0.00000000E+00
3.0631E+03 3.01653664E-07 0.00000000E+00
3.0866E+03 3.46042709E-07 0.00000000E+00
3.1102E+03 4.05078263E-07 0.00000000E+00
3.1337E+03 4.40473885E-07 0.00000000E+00
3.1573E+03 4.85748264E-07 0.00000000E+00
3.1809E+03 5.69059897E-07 0.00000000E+00
3.2044E+03 6.33631635E-07 0.00000000E+00
3.2280E+03 6.80434193E-07 0.00000000E+00
3.2515E+03 7.79432581E-07 0.00000000E+00
3.2751E+03 8.89152732E-07 0.00000000E+00
3.2987E+03 9.51264923E-07 0.00000000E+00
3.3222E+03 1.05200380E-06 0.00000000E+00
3.3458E+03 1.21191292E-06 0.00000000E+00
3.3694E+03 1.31743637E-06 0.00000000E+00
3.3929E+03 1.41292898E-06 0.00000000E+00
3.4165E+03 1.60899380E-06 0.00000000E+00
3.4400E+03 1.79003387E-06 0.00000000E+00
3.4636E+03 1.89532169E-06 0.00000000E+00
3.4872E+03 2.09831411E-06 0.00000000E+00
3.5107E+03 2.37096672E-06 0.00000000E+00
3.5343E+03 2.52909278E-06 0.00000000E+00
3.5579E+03 2.71451408E-06 0.00000000E+00
3.5814E+03 3.06091700E-06 0.00000000E+00
3.6050E+03 3.32903776E-06 0.00000000E+00
3.6285E+03 3.50498936E-06 0.00000000E+00
3.6521E+03 3.87410161E-06 0.00000000E+00
3.6757E+03 4.29051802E-06 0.00000000E+00
3.6992E+03 4.51392539E-06 0.00000000E+00
3.7228E+03 4.85024000E-06 0.00000000E+00
3.7463E+03 5.40009954E-06 0.00000000E+00
3.7699E+03 5.76166356E-06 0.00000000E+00
3.7935E+03 6.05170427E-06 0.00000000E+00
3.8170E+03 6.65894027E-06 0.00000000E+00
3.8406E+03 7.23423293E-06 0.00000000E+00
3.8642E+03 7.54097305E-06 0.00000000E+00
3.8877E+03 8.10471687E-06 0.00000000E+00
3.9113E+03 8.89577756E-06 0.00000000E+00
3.9348E+03 9.34805644E-06 0.00000000E+00
3.9584E+03 9.81305156E-06 0.00000000E+00
3.9820E+03 1.07227130E-05 0.00000000E+00
4.0055E+03 1.14498251E-05 0.00000000E+00
4.0291E+03 1.18688234E-05 0.00000000E+00
4.0527E+03 1.27401350E-05 0.00000000E+00
4.0762E+03 1.37817551E-05 0.00000000E+00
4.0998E+03 1.43187204E-05 0.00000000E+00
4.1233E+03 1.50321973E-05 0.00000000E+00
4.1469E+03 1.62837937E-05 0.00000000E+00
4.1705E+03 1.71353561E-05 0.00000000E+00
4.1940E+03 1.77094499E-05 0.00000000E+00
4.2176E+03 1.89556541E-05 0.00000000E+00
4.2412E+03 2.02239439E-05 0.00000000E+00
4.2647E+03 2.08446214E-05 0.00000000E+00
4.2883E+03 2.18820163E-05 0.00000000E+00
4.3118E+03 2.34787966E-05 0.00000000E+00
4.3354E+03 2.44161417E-05 0.00000000E+00
4.3590E+03 2.52000974E-05 0.00000000E+00
4.3825E+03 2.68608441E-05 0.00000000E+00
4.4061E+03 2.83035360E-05 0.00000000E+00
4.4296E+03 2.90185971E-05 0.00000000E+00
4.4532E+03 3.04440813E-05 0.00000000E+00
4.4768E+03 3.23509689E-05 0.00000000E+00
4.5003E+03 3.33357909E-05 0.00000000E+00
4.5239E+03 3.43895811E-05 0.00000000E+00
4.5475E+03 3.64683689E-05 0.00000000E+00
4.5710E+03 3.80162120E-05 0.00000000E+00
4.5946E+03 3.88500026E-05 0.00000000E+00
4.6181E+03 4.07052236E-05 0.00000000E+00
4.6417E+03 4.28551294E-05 0.00000000E+00
4.6653E+03 4.38590111E-05 0.00000000E+00
4.6888E+03 4.52388286E-05 0.00000000E+00
4.7124E+03 4.77020710E-05 0.00000000E+00
4.7360E+03 4.92815843E-05 0.00000000E+00
4.7595E+03 5.02695043E-05 0.00000000E+00
4.7831E+03 5.25667824E-05 0.00000000E+00
4.8066E+03 5.48712491E-05 0.00000000E+00
4.8302E+03 5.58805936E-05 0.00000000E+00
4.8538E+03 5.76302977E-05 0.00000000E+00
4.8773E+03 6.04119110E-05 0.00000000E+00
4.9009E+03 6.19556128E-05 0.00000000E+00
4.9244E+03 6.31385675E-05 0.00000000E+00
4.9480E+03 6.58586221E-05 0.00000000E+00
4.9716E+03 6.82188054E-05 0.00000000E+00
4.9951E+03 6.92353193E-05 0.00000000E+00
5.0187E+03 7.13798274E-05 0.00000000E+00
5.0423E+03 7.43883907E-05 0.00000000E+00
5.0658E+03 7.58411768E-05 0.00000000E+00
5.0894E+03 7.72590442E-05 0.00000000E+00
5.1129E+03 8.03519530E-05 0.00000000E+00
5.1365E+03 8.26678116E-05 0.00000000E+00
5.1601E+03 8.37060111E-05 0.00000000E+00
5.1836E+03 8.62469230E-05 0.00000000E+00
5.2072E+03 8.93733663E-05 0.00000000E+00
5.2308E+03 9.06955828E-05 0.00000000E+00
5.2543E+03 9.23809726E-05 0.00000000E+00
5.2779E+03 9.57691050E-05 0.00000000E+00
5.3014E+03 9.79464977E-05 0.00000000E+00
5.3250E+03 9.90297336E-05 0.00000000E+00
5.3486E+03 1.01942964E-04 0.00000000E+00
5.3721E+03 1.05068081E-04 0.00000000E+00
5.3957E+03 1.06236410E-04 0.00000000E+00
5.4192E+03 1.08209317E-04 0.00000000E+00
5.4428E+03 1.11791645E-04 0.00000000E+00
5.4664E+03 1.13747847E-04 0.00000000E+00
5.4899E+03 1.14903796E-04 0.00000000E+00
5.5135E+03 1.18139042E-04 0.00000000E+00
5.5371E+03 1.21140860E-04 0.00000000E+00
5.5606E+03 1.22147832E-04 0.00000000E+00
5.5842E+03 1.24411440E-04 0.00000000E+00
5.6077E+03 1.28069092E-04 0.00000000E+00
5.6313E+03 1.29737146E-04 0.00000000E+00
5.6549E+03 1.30993220E-04 0.00000000E+00
5.6784E+03 1.34475241E-04 0.00000000E+00
5.7020E+03 1.37236290E-04 0.00000000E+00
5.7256E+03 1.38088752E-04 0.00000000E+00
5.7491E+03 1.40626564E-04 0.00000000E+00
5.7727E+03 1.44229524E-04 0.00000000E+00
5.7962E+03 1.45561453E-04 0.00000000E+00
5.8198E+03 1.46940357E-04 0.00000000E+00
5.8434E+03 1.50572062E-04 0.00000000E+00
5.8669E+03 1.52986317E-04 0.00000000E+00
5.8905E+03 1.53702936E-04 0.00000000E+00
5.9140E+03 1.56477399E-04 0.00000000E+00
5.9376E+03 1.59892061E-04 0.00000000E+00
5.9612E+03 1.60860735E-04 0.00000000E+00
5.9847E+03 1.62376405E-04 0.00000000E+00
6.0083E+03 1.66043631E-04 0.00000000E+00
6.0319E+03 1.68022650E-04 0.00000000E+00
6.0554E+03 1.68630540E-04 0.00000000E+00
6.0790E+03 1.71583282E-04 0.00000000E+00
6.1025E+03 1.74680347E-04 0.00000000E+00
6.1261E+03 1.75279766E-04 0.00000000E+00
6.1497E+03 1.76933981E-04 0.00000000E+00
6.1732E+03 1.80511610E-04 0.00000000E+00
6.1968E+03 1.81989355E-04 0.00000000E+00
6.2204E+03 1.82520024E-04 0.00000000E+00
6.2439E+03 1.85573731E-04 0.00000000E+00
6.2675E+03 1.88235799E-04 0.00000000E+00
6.2910E+03 1.88479732E-04 0.00000000E+00
6.3146E+03 1.90259660E-04 0.00000000E+00
6.3382E+03 1.93618657E-04 0.00000000E+00
6.3617E+03 1.94554573E-04 0.00000000E+00
6.3853E+03 1.95039551E-04 0.00000000E+00
6.4088E+03 1.98101371E-04 0.00000000E+00
6.4324E+03 2.00229666E-04 0.00000000E+00
6.4560E+03 2.00148779E-04 0.00000000E+00
6.4795E+03 2.02025767E-04 0.00000000E+00
6.5031E+03 2.05040593E-04 0.00000000E+00
6.5267E+03 2.05420780E-04 0.00000000E+00
6.5502E+03 2.05887348E-04 0.00000000E+00
6.5738E+03 2.08853640E-04 0.00000000E+00
6.5973E+03 2.10373372E-04 0.00000000E+00
6.6209E+03 2.10011190E-04 0.00000000E+00
6.6445E+03 2.11940930E-04 0.00000000E+00
6.6680E+03 2.14496815E-04 0.00000000E+00
6.6916E+03 2.14333276E-04 0.00000000E+00
6.7152E+03 2.14800747E-04 0.00000000E+00
6.7387E+03 2.17562819E-04 0.00000000E+00
6.7623E+03 2.18426841E-04 0.00000000E+00
6.7858E+03 2.17834952E-04 0.00000000E+00
6.8094E+03 2.19759093E-04 0.00000000E+00
6.8330E+03 2.21758620E-04 0.00000000E+00
6.8565E+03 2.21086760E-04 0.00000000E+00
6.8801E+03 2.21563666E-04 0.00000000E+00
6.9036E+03 2.24014103E-04 0.00000000E+00
6.9272E+03 2.24204653E-04 0.00000000E+00
6.9508E+03 2.23437634E-04 0.00000000E+00
6.9743E+03 2.25286779E-04 0.00000000E+00
6.9979E+03 2.26655349E-04 0.00000000E+00
7.0215E+03 2.25530001E-04 0.00000000E+00
7.0450E+03 2.26012485E-04 0.00000000E+00
7.0686E+03 2.28051600E-04 0.00000000E+00
7.0921E+03 2.27580116E-04 0.00000000E+00
7.1157E+03 2.26690685E-04 0.00000000E+00
7.1393E+03 2.28388454E-04 0.00000000E+00
7.1628E+03 2.29078262E-04 0.00000000E+00
7.1864E+03 2.27568718E-04 0.00000000E+00
7.2100E+03 2.28040251E-04 0.00000000E+00
7.2335E+03 2.29582176E-04 0.00000000E+00
7.2571E+03 2.28487233E-04 0.00000000E+00
7.2806E+03 2.27522003E-04 0.00000000E+00
7.3042E+03 2.28989969E-04 0.00000000E+00
7.3278E+03 2.28982202E-04 0.00000000E+00
7.3513E+03 2.27166606E-04 0.00000000E+00
7.3749E+03 2.27599083E-04 0.00000000E+00
7.3985E+03 2.28577043E-04 0.00000000E+00
7.4220E+03 2.26920717E-04 0.00000000E+00
7.4456E+03 2.25916952E-04 0.00000000E+00
7.4691E+03 2.27079989E-04 0.00000000E+00
7.4927E+03 2.26385208E-04 0.00000000E+00
7.5163E+03 2.24344888E-04 0.00000000E+00
7.5398E+03 2.24700968E-04 0.00000000E+00
7.5634E+03 2.25071379E-04 0.00000000E+00
7.5869E+03 2.22934357E-04 0.00000000E+00
7.6105E+03 2.21917955E-04 0.00000000E+00
7.6341E+03 2.22709579E-04 0.00000000E+00
7.6576E+03 2.21366288E-04 0.00000000E+00
7.6812E+03 2.19180459E-04 0.00000000E+00
7.7048E+03 2.19416962E-04 0.00000000E+00
7.7283E+03 2.19162061E-04 0.00000000E+00
7.7519E+03 2.16637948E-04 0.00000000E+00
7.7754E+03 2.15622777E-04 0.00000000E+00
7.7990E+03 2.15990061E-04 0.00000000E+00
7.8226E+03 2.14061638E-04 0.00000000E+00
7.8461E+03 2.11802885E-04 0.00000000E+00
7.8697E+03 2.11874903E-04 0.00000000E+00
7.8933E+03 2.11003741E-04 0.00000000E+00
7.9168E+03 2.08193048E-04 0.00000000E+00
7.9404E+03 2.07181631E-04 0.00000000E+00
7.9639E+03 2.07089318E-04 0.00000000E+00
7.9875E+03 2.04659624E-04 0.00000000E+00
8.0111E+03 2.02390490E-04 0.00000000E+00
8.0346E+03 2.02255856E-04 0.00000000E+00
8.0582E+03 2.00803620E-04 0.00000000E+00
8.0817E+03 1.97807882E-04 0.00000000E+00
8.1053E+03 1.96793289E-04 0.00000000E+00
8.1289E+03 1.96226728E-04 0.00000000E+00
8.1524E+03 1.93394727E-04 0.00000000E+00
8.1760E+03 1.91165572E-04 0.00000000E+00
8.1996E+03 1.90789237E-04 0.00000000E+00
8.2231E+03 1.88814955E-04 0.00000000E+00
8.2467E+03 1.85731390E-04 0.00000000E+00
8.2702E+03 1.84700060E-04 0.00000000E+00
8.2938E+03 1.83666740E-04 0.00000000E+00
8.3174E+03 1.80540543E-04 0.00000000E+00
8.3409E+03 1.78388734E-04 0.00000000E+00
8.3645E+03 1.77746657E-04 0.00000000E+00
8.3881E+03 1.75329480E-04 0.00000000E+00
8.4116E+03 1.72246534E-04 0.00000000E+00
8.4352E+03 1.71181716E-04 0.00000000E+00
8.4587E+03 1.69711282E-04 0.00000000E+00
8.4823E+03 1.66402071E-04 0.00000000E+00
8.5059E+03 1.64352450E-04 0.00000000E+00
8.5294E+03 1.63434658E-04 0.00000000E+00
8.5530E+03 1.60669032E-04 0.00000000E+00
8.5765E+03 1.57663063E-04 0.00000000E+00
8.6001E+03 1.56548501E-04 0.00000000E+00
8.6237E+03 1.54691240E-04 0.00000000E+00
8.6472E+03 1.51307497E-04 0.00000000E+00
8.6708E+03 1.49373954E-04 0.00000000E+00
8.6944E+03 1.48186473E-04 0.00000000E+00
8.7179E+03 1.45176571E-04 0.00000000E+00
8.7415E+03 1.42309815E-04 0.00000000E+00
8.7650E+03 1.41133284E-04 0.00000000E+00
8.7886E+03 1.38957229E-04 0.00000000E+00
8.8122E+03 1.35599654E-04 0.00000000E+00
8.8357E+03 1.33787553E-04 0.00000000E+00
8.8593E+03 1.32353068E-04 0.00000000E+00
8.8829E+03 1.29206920E-04 0.00000000E+00
8.9064E+03 1.26526779E-04 0.00000000E+00
8.9300E+03 1.25283146E-04 0.00000000E+00
8.9535E+03 1.22870054E-04 0.00000000E+00
8.9771E+03 1.19627503E-04 0.00000000E+00
9.0007E+03 1.17936665E-04 0.00000000E+00
9.0242E+03 1.16293862E-04 0.00000000E+00
9.0478E+03 1.13117626E-04 0.00000000E+00
9.0713E+03 1.10657200E-04 0.00000000E+00
9.0949E+03 1.09350717E-04 0.00000000E+00
9.1185E+03 1.06791241E-04 0.00000000E+00
9.1420E+03 1.03737893E-04 0.00000000E+00
9.1656E+03 1.02165779E-04 0.00000000E+00
9.1892E+03 1.00367419E-04 0.00000000E+00
9.2127E+03 9.72601750E-05 0.00000000E+00
9.2363E+03 9.50398535E-05 0.00000000E+00
9.2598E+03 9.36854497E-05 0.00000000E+00
9.2834E+03 9.10738738E-05 0.00000000E+00
9.3070E+03 8.82677068E-05 0.00000000E+00
9.3305E+03 8.68124525E-05 0.00000000E+00
9.3541E+03 8.49223286E-05 0.00000000E+00
9.3777E+03 8.19717335E-05 0.00000000E+00
9.4012E+03 8.00015670E-05 0.00000000E+00
9.4248E+03 7.86250194E-05 0.00000000E+00
9.4483E+03 7.60539551E-05 0.00000000E+00
9.4719E+03 7.35365219E-05 0.00000000E+00
9.4955E+03 7.21994965E-05 0.00000000E+00
9.5190E+03 7.02885369E-05 0.00000000E+00
9.5426E+03 6.75675795E-05 0.00000000E+00
9.5661E+03 6.58501219E-05 0.00000000E+00
9.5897E+03 6.44870873E-05 0.00000000E+00
9.6133E+03 6.20425088E-05 0.00000000E+00
9.6368E+03 5.98398708E-05 0.00000000E+00
9.6604E+03 5.86275095E-05 0.00000000E+00
9.6840E+03 5.67693286E-05 0.00000000E+00
9.7075E+03 5.43343234E-05 0.00000000E+00
9.7311E+03 5.28675947E-05 0.00000000E+00
9.7546E+03 5.15615848E-05 0.00000000E+00
9.7782E+03 4.93185386E-05 0.00000000E+00
9.8018E+03 4.74431420E-05 0.00000000E+00
9.8253E+03 4.63678667E-05 0.00000000E+00
9.8489E+03 4.46341263E-05 0.00000000E+00
9.8725E+03 4.25239832E-05 0.00000000E+00
9.8960E+03 4.13042350E-05 0.00000000E+00
9.9196E+03 4.01037245E-05 0.00000000E+00
9.9431E+03 3.81229988E-05 0.00000000E+00
9.9667E+03 3.65762240E-05 0.00000000E+00
9.9903E+03 3.56563879E-05 0.00000000E+00
1.0014E+04 3.41123459E-05 0.00000000E+00
1.0037E+04 3.23490622E-05 0.00000000E+00
1.0061E+04 3.13730767E-05 0.00000000E+00
1.0085E+04 3.03280139E-05 0.00000000E+00
1.0108E+04 2.86539653E-05 0.00000000E+00
1.0132E+04 2.74290472E-05 0.00000000E+00
1.0155E+04 2.66879294E-05 0.00000000E+00
1.0179E+04 2.53885181E-05 0.00000000E+00
1.0202E+04 2.39787383E-05 0.00000000E+00
1.0226E+04 2.32454460E-05 0.00000000E+00
1.0249E+04 2.24034751E-05 0.00000000E+00
1.0273E+04 2.10630970E-05 0.00000000E+00
1.0297E+04 2.01480954E-05 0.00000000E+00
1.0320E+04 1.96120585E-05 0.00000000E+00
1.0344E+04 1.85987789E-05 0.00000000E+00
1.0367E+04 1.75361834E-05 0.00000000E+00
1.0391E+04 1.70474662E-05 0.00000000E+00
1.0414E+04 1.64501901E-05 0.00000000E+00
1.0438E+04 1.54534060E-05 0.00000000E+00
1.0462E+04 1.48339319E-05 0.00000000E+00
1.0485E+04 1.45299345E-05 0.00000000E+00
1.0509E+04 1.38287775E-05 0.00000000E+00
1.0532E+04 1.30970167E-05 0.00000000E+00
1.0556E+04 1.28576534E-05 0.00000000E+00
1.0579E+04 1.25372551E-05 0.00000000E+00
1.0603E+04 1.18783212E-05 0.00000000E+00
1.0626E+04 1.15397694E-05 0.00000000E+00
1.0650E+04 1.14924855E-05 0.00000000E+00
1.0674E+04 1.11129942E-05 0.00000000E+00
1.0697E+04 1.06888525E-05 0.00000000E+00
1.0721E+04 1.07056503E-05 0.00000000E+00
1.0744E+04 1.06821536E-05 0.00000000E+00
1.0768E+04 1.03419669E-05 0.00000000E+00
1.0791E+04 1.02710691E-05 0.00000000E+00
1.0815E+04 1.04998988E-05 0.00000000E+00
1.0838E+04 1.04353912E-05 0.00000000E+00
1.0862E+04 1.02918729E-05 0.00000000E+00
1.0886E+04 1.05721135E-05 0.00000000E+00
1.0909E+04 1.08515071E-05 0.00000000E+00
1.0933E+04 1.08005602E-05 0.00000000E+00
1.0956E+04 1.09861591E-05 0.00000000E+00
1.0980E+04 1.15024271E-05 0.00000000E+00
1.1003E+04 1.17313120E-05 0.00000000E+00
1.1027E+04 1.18403803E-05 0.00000000E+00
1.1051E+04 1.23897779E-05 0.00000000E+00
1.1074E+04 1.29631556E-05 0.00000000E+00
1.1098E+04 1.31648511E-05 0.00000000E+00
1.1121E+04 1.35978862E-05 0.00000000E+00
1.1145E+04 1.44025074E-05 0.00000000E+00
1.1168E+04 1.48905413E-05 0.00000000E+00
1.1192E+04 1.52252978E-05 0.00000000E+00
1.1215E+04 1.60457188E-05 0.00000000E+00
1.1239E+04 1.68894972E-05 0.00000000E+00
1.1263E+04 1.73035228E-05 0.00000000E+00
1.1286E+04 1.79763014E-05 0.00000000E+00
1.1310E+04 1.90581487E-05 0.00000000E+00
1.1333E+04 1.97614125E-05 0.00000000E+00
1.1357E+04 2.02975744E-05 0.00000000E+00
1.1380E+04 2.13847809E-05 0.00000000E+00
1.1404E+04 2.24619664E-05 0.00000000E+00
1.1428E+04 2.30474488E-05 0.00000000E+00
1.1451E+04 2.39523418E-05 0.00000000E+00
1.1475E+04 2.52874805E-05 0.00000000E+00
1.1498E+04 2.61558039E-05 0.00000000E+00
1.1522E+04 2.68724111E-05 0.00000000E+00
1.1545E+04 2.82140861E-05 0.00000000E+00
1.1569E+04 2.94764685E-05 0.00000000E+00
1.1592E+04 3.01946600E-05 0.00000000E+00
1.1616E+04 3.13224182E-05 0.00000000E+00
1.1640E+04 3.28742897E-05 0.00000000E+00
1.1663E+04 3.38548280E-05 0.00000000E+00
1.1687E+04 3.47341930E-05 0.00000000E+00
1.1710E+04 3.63084741E-05 0.00000000E+00
1.1734E+04 3.76995534E-05 0.00000000E+00
1.1757E+04 3.85158656E-05 0.00000000E+00
1.1781E+04 3.98537854E-05 0.00000000E+00
1.1805E+04 4.15743447E-05 0.00000000E+00
1.1828E+04 4.26150160E-05 0.00000000E+00
1.1852E+04 4.36420074E-05 0.00000000E+00
1.1875E+04 4.54167119E-05 0.00000000E+00
1.1899E+04 4.68751152E-05 0.00000000E+00
1.1922E+04 4.77603905E-05 0.00000000E+00
1.1946E+04 4.92905716E-05 0.00000000E+00
1.1969E+04 5.11223028E-05 0.00000000E+00
1.1993E+04 5.21748290E-05 0.00000000E+00
1.2017E+04 5.33356428E-05 0.00000000E+00
1.2040E+04 5.52683017E-05 0.00000000E+00
1.2064E+04 5.67314155E-05 0.00000000E+00
1.2087E+04 5.76624057E-05 0.00000000E+00
1.2111E+04 5.93603311E-05 0.00000000E+00
1.2134E+04 6.12389925E-05 0.00000000E+00
1.2158E+04 6.22613355E-05 0.00000000E+00
1.2182E+04 6.35419542E-05 0.00000000E+00
1.2205E+04 6.55806996E-05 0.00000000E+00
1.2229E+04 6.69882428E-05 0.00000000E+00
1.2252E+04 6.79473419E-05 0.00000000E+00
1.2276E+04 6.97809787E-05 0.00000000E+00
1.2299E+04 7.16388732E-05 0.00000000E+00
1.2323E+04 7.25969292E-05 0.00000000E+00
1.2346E+04 7.39814963E-05 0.00000000E+00
1.2370E+04 7.60667728E-05 0.00000000E+00
1.2394E+04 7.73640516E-05 0.00000000E+00
1.2417E+04 7.83384030E-05 0.00000000E+00
1.2441E+04 8.02679677E-05 0.00000000E+00
1.2464E+04 8.20374957E-05 0.00000000E+00
1.2488E+04 8.29059800E-05 0.00000000E+00
1.2511E+04 8.43753129E-05 0.00000000E+00
1.2535E+04 8.64423020E-05 0.00000000E+00
1.2559E+04 8.75829206E-05 0.00000000E+00
1.2582E+04 8.85630631E-05 0.00000000E+00
1.2606E+04 9.05415194E-05 0.00000000E+00
1.2629E+04 9.21587393E-05 0.00000000E+00
1.2653E+04 9.29212617E-05 0.00000000E+00
1.2676E+04 9.44516978E-05 0.00000000E+00
1.2700E+04 9.64332726E-05 0.00000000E+00
1.2723E+04 9.73811206E-05 0.00000000E+00
1.2747E+04 9.83593654E-05 0.00000000E+00
1.2771E+04 1.00333654E-04 0.00000000E+00
1.2794E+04 1.01741581E-04 0.00000000E+00
1.2818E+04 1.02389979E-04 0.00000000E+00
1.2841E+04 1.03952714E-04 0.00000000E+00
1.2865E+04 1.05782704E-04 0.00000000E+00
1.2888E+04 1.06513114E-04 0.00000000E+00
1.2912E+04 1.07481867E-04 0.00000000E+00
1.2936E+04 1.09394797E-04 0.00000000E+00
1.2959E+04 1.10546208E-04 0.00000000E+00
1.2983E+04 1.11079275E-04 0.00000000E+00
1.3006E+04 1.12640299E-04 0.00000000E+00
1.3030E+04 1.14256823E-04 0.00000000E+00
1.3053E+04 1.14756867E-04 0.00000000E+00
1.3077E+04 1.15707103E-04 0.00000000E+00
1.3100E+04 1.17499780E-04 0.00000000E+00
1.3124E+04 1.18359335E-04 0.00000000E+00
1.3148E+04 1.18781119E-04 0.00000000E+00
1.3171E+04 1.20301798E-04 0.00000000E+00
1.3195E+04 1.21650411E-04 0.00000000E+00
1.3218E+04 1.21918379E-04 0.00000000E+00
1.3242E+04 1.22838453E-04 0.00000000E+00
1.3265E+04 1.24453062E-04 0.00000000E+00
1.3289E+04 1.24998611E-04 0.00000000E+00
1.3312E+04 1.25316499E-04 0.00000000E+00
1.3336E+04 1.26754784E-04 0.00000000E+00
1.3360E+04 1.27791221E-04 0.00000000E+00
1.3383E+04 1.27835390E-04 0.00000000E+00
1.3407E+04 1.28710330E-04 0.00000000E+00
1.3430E+04 1.30093072E-04 0.00000000E+00
1.3454E+04 1.30316120E-04 0.00000000E+00
1.3477E+04 1.30538916E-04 0.00000000E+00
1.3501E+04 1.31851111E-04 0.00000000E+00
1.3525E+04 1.32543442E-04 0.00000000E+00
1.3548E+04 1.32380311E-04 0.00000000E+00
1.3572E+04 1.33191678E-04 0.00000000E+00
1.3595E+04 1.34295647E-04 0.00000000E+00
1.3619E+04 1.34200969E-04 0.00000000E+00
1.3642E+04 1.34337180E-04 0.00000000E+00
1.3666E+04 1.35480118E-04 0.00000000E+00
1.3689E+04 1.35810165E-04 0.00000000E+00
1.3713E+04 1.35462341E-04 0.00000000E+00
1.3737E+04 1.36188682E-04 0.00000000E+00
1.3760E+04 1.36976434E-04 0.00000000E+00
1.3784E+04 1.36580930E-04 0.00000000E+00
1.3807E+04 1.36637406E-04 0.00000000E+00
1.3831E+04 1.37570860E-04 0.00000000E+00
1.3854E+04 1.37534789E-04 0.00000000E+00
1.3878E+04 1.37028725E-04 0.00000000E+00
1.3902E+04 1.37646565E-04 0.00000000E+00
1.3925E+04 1.38092194E-04 0.00000000E+00
1.3949E+04 1.37423102E-04 0.00000000E+00
1.3972E+04 1.37404145E-04 0.00000000E+00
1.3996E+04 1.38093259E-04 0.00000000E+00
1.4019E+04 1.37701323E-04 0.00000000E+00
1.4043E+04 1.37065113E-04 0.00000000E+00
1.4066E+04 1.37550398E-04 0.00000000E+00
1.4090E+04 1.37640952E-04 0.00000000E+00
1.4114E+04 1.36733593E-04 0.00000000E+00
1.4137E+04 1.36640602E-04 0.00000000E+00
1.4161E+04 1.37058138E-04 0.00000000E+00
1.4184E+04 1.36333612E-04 0.00000000E+00
1.4208E+04 1.35595018E-04 0.00000000E+00
1.4231E+04 1.35924861E-04 0.00000000E+00
1.4255E+04 1.35660989E-04 0.00000000E+00
1.4279E+04 1.34556234E-04 0.00000000E+00
1.4302E+04 1.34387881E-04 0.00000000E+00
1.4326E+04 1.34516088E-04 0.00000000E+00
1.4349E+04 1.33493510E-04 0.00000000E+00
1.4373E+04 1.32678369E-04 0.00000000E+00
1.4396E+04 1.32832929E-04 0.00000000E+00
1.4420E+04 1.32228722E-04 0.00000000E+00
1.4443E+04 1.30970407E-04 0.00000000E+00
1.4467E+04 1.30723299E-04 0.00000000E+00
1.4491E+04 1.30555249E-04 0.00000000E+00
1.4514E+04 1.29278122E-04 0.00000000E+00
1.4538E+04 1.28409243E-04 0.00000000E+00
1.4561E+04 1.28373569E-04 0.00000000E+00
1.4585E+04 1.27455642E-04 0.00000000E+00
1.4608E+04 1.26088120E-04 0.00000000E+00
1.4632E+04 1.25757867E-04 0.00000000E+00
1.4656E+04 1.25298159E-04 0.00000000E+00
1.4679E+04 1.23816324E-04 0.00000000E+00
1.4703E+04 1.22912924E-04 0.00000000E+00
1.4726E+04 1.22678586E-04 0.00000000E+00
1.4750E+04 1.21484475E-04 0.00000000E+00
1.4773E+04 1.20050493E-04 0.00000000E+00
1.4797E+04 1.19633032E-04 0.00000000E+00
1.4820E+04 1.18897797E-04 0.00000000E+00
1.4844E+04 1.17264672E-04 0.00000000E+00
1.4868E+04 1.16342343E-04 0.00000000E+00
1.4891E+04 1.15908690E-04 0.00000000E+00
1.4915E+04 1.14484694E-04 0.00000000E+00
1.4938E+04 1.13023716E-04 0.00000000E+00
1.4962E+04 1.12516742E-04 0.00000000E+00
1.4985E+04 1.11532948E-04 0.00000000E+00
1.5009E+04 1.09802833E-04 0.00000000E+00
1.5033E+04 1.08873981E-04 0.00000000E+00
1.5056E+04 1.08248892E-04 0.00000000E+00
1.5080E+04 1.06647530E-04 0.00000000E+00
1.5103E+04 1.05194585E-04 0.00000000E+00
1.5127E+04 1.04598917E-04 0.00000000E+00
1.5150E+04 1.03403012E-04 0.00000000E+00
1.5174E+04 1.01628642E-04 0.00000000E+00
1.5197E+04 1.00703285E-04 0.00000000E+00
1.5221E+04 9.99033344E-05 0.00000000E+00
1.5245E+04 9.81806029E-05 0.00000000E+00
1.5268E+04 9.67656714E-05 0.00000000E+00
1.5292E+04 9.60863878E-05 0.00000000E+00
1.5315E+04 9.47223889E-05 0.00000000E+00
1.5339E+04 9.29528664E-05 0.00000000E+00
1.5362E+04 9.20396571E-05 0.00000000E+00
1.5386E+04 9.10896492E-05 0.00000000E+00
1.5410E+04 8.93022642E-05 0.00000000E+00
1.5433E+04 8.79501818E-05 0.00000000E+00
1.5457E+04 8.71973906E-05 0.00000000E+00
1.5480E+04 8.57145497E-05 0.00000000E+00
1.5504E+04 8.39937710E-05 0.00000000E+00
1.5527E+04 8.31010861E-05 0.00000000E+00
1.5551E+04 8.20329993E-05 0.00000000E+00
1.5574E+04 8.02358120E-05 0.00000000E+00
1.5598E+04 7.89666117E-05 0.00000000E+00
1.5622E+04 7.81557681E-05 0.00000000E+00
1.5645E+04 7.66060077E-05 0.00000000E+00
1.5669E+04 7.49716298E-05 0.00000000E+00
1.5692E+04 7.41085954E-05 0.00000000E+00
1.5716E+04 7.29600093E-05 0.00000000E+00
1.5739E+04 7.12037685E-05 0.00000000E+00
1.5763E+04 7.00333650E-05 0.00000000E+00
1.5787E+04 6.91850896E-05 0.00000000E+00
1.5810E+04 6.76203899E-05 0.00000000E+00
1.5834E+04 6.61033610E-05 0.00000000E+00
1.5857E+04 6.52806711E-05 0.00000000E+00
1.5881E+04 6.40928021E-05 0.00000000E+00
1.5904E+04 6.24223866E-05 0.00000000E+00
1.5928E+04 6.13634720E-05 0.00000000E+00
1.5951E+04 6.05028677E-05 0.00000000E+00
1.5975E+04 5.89727941E-05 0.00000000E+00
1.5999E+04 5.75973986E-05 0.00000000E+00
1.6022E+04 5.68278246E-05 0.00000000E+00
1.6046E+04 5.56433198E-05 0.00000000E+00
1.6069E+04 5.40965208E-05 0.00000000E+00
1.6093E+04 5.31595330E-05 0.00000000E+00
1.6116E+04 5.23150475E-05 0.00000000E+00
1.6140E+04 5.08645815E-05 0.00000000E+00
1.6163E+04 4.96489198E-05 0.00000000E+00
1.6187E+04 4.89474397E-05 0.00000000E+00
1.6211E+04 4.78080954E-05 0.00000000E+00
1.6234E+04 4.64149761E-05 0.00000000E+00
1.6258E+04 4.56090040E-05 0.00000000E+00
1.6281E+04 4.48109224E-05 0.00000000E+00
1.6305E+04 4.34787242E-05 0.00000000E+00
1.6328E+04 4.24355088E-05 0.00000000E+00
1.6352E+04 4.18190223E-05 0.00000000E+00
1.6376E+04 4.07635905E-05 0.00000000E+00
1.6399E+04 3.95463962E-05 0.00000000E+00
1.6423E+04 3.88798957E-05 0.00000000E+00
1.6446E+04 3.81585804E-05 0.00000000E+00
1.6470E+04 3.69757660E-05 0.00000000E+00
1.6493E+04 3.61132942E-05 0.00000000E+00
1.6517E+04 3.55999357E-05 0.00000000E+00
1.6540E+04 3.46621729E-05 0.00000000E+00
1.6564E+04 3.36357199E-05 0.00000000E+00
1.6588E+04 3.31169499E-05 0.00000000E+00
1.6611E+04 3.25009701E-05 0.00000000E+00
1.6635E+04 3.14904470E-05 0.00000000E+00
1.6658E+04 3.08136143E-05 0.00000000E+00
1.6682E+04 3.04217216E-05 0.00000000E+00
1.6705E+04 2.96288151E-05 0.00000000E+00
1.6729E+04 2.88012618E-05 0.00000000E+00
1.6753E+04 2.84383880E-05 0.00000000E+00
1.6776E+04 2.79526954E-05 0.00000000E+00
1.6800E+04 2.71290567E-05 0.00000000E+00
1.6823E+04 2.66402856E-05 0.00000000E+00
1.6847E+04 2.63871200E-05 0.00000000E+00
1.6870E+04 2.57585947E-05 0.00000000E+00
1.6894E+04 2.51324740E-05 0.00000000E+00
1.6917E+04 2.49333289E-05 0.00000000E+00
1.6941E+04 2.45976305E-05 0.00000000E+00
1.6965E+04 2.39675630E-05 0.00000000E+00
1.6988E+04 2.36675441E-05 0.00000000E+00
1.7012E+04 2.35678820E-05 0.00000000E+00
1.7035E+04 2.31150455E-05 0.00000000E+00
1.7059E+04 2.26884248E-05 0.00000000E+00
1.7082E+04 2.26599535E-05 0.00000000E+00
1.7106E+04 2.24874137E-05 0.00000000E+00
1.7130E+04 2.20505360E-05 0.00000000E+00
1.7153E+04 2.19387076E-05 0.00000000E+00
1.7177E+04 2.20034382E-05 0.00000000E+00
1.7200E+04 2.17293789E-05 0.00000000E+00
1.7224E+04 2.14970204E-05 0.00000000E+00
1.7247E+04 2.16444755E-05 0.00000000E+00
1.7271E+04 2.16408493E-05 0.00000000E+00
1.7294E+04 2.13908683E-05 0.00000000E+00
1.7318E+04 2.14655991E-05 0.00000000E+00
1.7342E+04 2.17004611E-05 0.00000000E+00
1.7365E+04 2.16005647E-05 0.00000000E+00
1.7389E+04 2.15549682E-05 0.00000000E+00
1.7412E+04 2.18809484E-05 0.00000000E+00
1.7436E+04 2.20442079E-05 0.00000000E+00
1.7459E+04 2.19702628E-05 0.00000000E+00
1.7483E+04 2.22287352E-05 0.00000000E+00
1.7507E+04 2.26333158E-05 0.00000000E+00
1.7530E+04 2.26962258E-05 0.00000000E+00
1.7554E+04 2.28284605E-05 0.00000000E+00
1.7577E+04 2.33319025E-05 0.00000000E+00
1.7601E+04 2.36523780E-05 0.00000000E+00
1.7624E+04 2.37404330E-05 0.00000000E+00
1.7648E+04 2.41782646E-05 0.00000000E+00
1.7671E+04 2.47453617E-05 0.00000000E+00
1.7695E+04 2.49542777E-05 0.00000000E+00
1.7719E+04 2.52545399E-05 0.00000000E+00
1.7742E+04 2.59297846E-05 0.00000000E+00
1.7766E+04 2.63908015E-05 0.00000000E+00
1.7789E+04 2.66249616E-05 0.00000000E+00
1.7813E+04 2.72356316E-05 0.00000000E+00
1.7836E+04 2.79510511E-05 0.00000000E+00
1.7860E+04 2.82852426E-05 0.00000000E+00
1.7884E+04 2.87431171E-05 0.00000000E+00
1.7907E+04 2.95791667E-05 0.00000000E+00
1.7931E+04 3.01581207E-05 0.00000000E+00
1.7954E+04 3.05217669E-05 0.00000000E+00
1.7978E+04 3.12959412E-05 0.00000000E+00
1.8001E+04 3.21387642E-05 0.00000000E+00
1.8025E+04 3.25751678E-05 0.00000000E+00
1.8048E+04 3.31796040E-05 0.00000000E+00
1.8072E+04 3.41596718E-05 0.00000000E+00
1.8096E+04 3.48294524E-05 0.00000000E+00
1.8119E+04 3.53061151E-05 0.00000000E+00
1.8143E+04 3.62309735E-05 0.00000000E+00
1.8166E+04 3.71742874E-05 0.00000000E+00
1.8190E+04 3.76890556E-05 0.00000000E+00
1.8213E+04 3.84281027E-05 0.00000000E+00
1.8237E+04 3.95295270E-05 0.00000000E+00
1.8261E+04 4.02601711E-05 0.00000000E+00
1.8284E+04 4.08340969E-05 0.00000000E+00
1.8308E+04 4.18927651E-05 0.00000000E+00
1.8331E+04 4.29048097E-05 0.00000000E+00
1.8355E+04 4.34746941E-05 0.00000000E+00
1.8378E+04 4.43350643E-05 0.00000000E+00
1.8402E+04 4.55296262E-05 0.00000000E+00
1.8425E+04 4.62900686E-05 0.00000000E+00
1.8449E+04 4.69464682E-05 0.00000000E+00
1.8473E+04 4.81176525E-05 0.00000000E+00
1.8496E+04 4.91632993E-05 0.00000000E+00
1.8520E+04 4.97667724E-05 0.00000000E+00
1.8543E+04 5.07333224E-05 0.00000000E+00
1.8567E+04 5.19879728E-05 0.00000000E+00
1.8590E+04 5.27477605E-05 0.00000000E+00
1.8614E+04 5.34727612E-05 0.00000000E+00
1.8637E+04 5.47306636E-05 0.00000000E+00
1.8661E+04 5.57731215E-05 0.00000000E+00
1.8685E+04 5.63911728E-05 0.00000000E+00
1.8708E+04 5.74464011E-05 0.00000000E+00
1.8732E+04 5.87243667E-05 0.00000000E+00
1.8755E+04 5.94552119E-05 0.00000000E+00
1.8779E+04 6.02355679E-05 0.00000000E+00
1.8802E+04 6.15501349E-05 0.00000000E+00
1.8826E+04 6.25527590E-05 0.00000000E+00
1.8850E+04 6.31693364E-05 0.00000000E+00
1.8873E+04 6.42929947E-05 0.00000000E+00
1.8897E+04 6.55552005E-05 0.00000000E+00
1.8920E+04 6.62322703E-05 0.00000000E+00
1.8944E+04 6.70549104E-05 0.00000000E+00
1.8967E+04 6.83924407E-05 0.00000000E+00
1.8991E+04 6.93205188E-05 0.00000000E+00
1.9014E+04 6.99226247E-05 0.00000000E+00
1.9038E+04 7.10915303E-05 0.00000000E+00
1.9062E+04 7.22982540E-05 0.00000000E+00
1.9085E+04 7.29011255E-05 0.00000000E+00
1.9109E+04 7.37526308E-05 0.00000000E+00
1.9132E+04 7.50767338E-05 0.00000000E+00
1.9156E+04 7.58991327E-05 0.00000000E+00
1.9179E+04 7.64766154E-05 0.00000000E+00
1.9203E+04 7.76647305E-05 0.00000000E+00
1.9227E+04 7.87773786E-05 0.00000000E+00
1.9250E+04 7.92906178E-05 0.00000000E+00
1.9274E+04 8.01567248E-05 0.00000000E+00
1.9297E+04 8.14295819E-05 0.00000000E+00
1.9321E+04 8.21201427E-05 0.00000000E+00
1.9344E+04 8.26652461E-05 0.00000000E+00
1.9368E+04 8.38440562E-05 0.00000000E+00
1.9391E+04 8.48269366E-05 0.00000000E+00
1.9415E+04 8.52402878E-05 0.00000000E+00
1.9439E+04 8.61055024E-05 0.00000000E+00
1.9462E+04 8.72893518E-05 0.00000000E+00
1.9486E+04 8.78279432E-05 0.00000000E+00
1.9509E+04 8.83346963E-05 0.00000000E+00
1.9533E+04 8.94738897E-05 0.00000000E+00
1.9556E+04 9.02958548E-05 0.00000000E+00
1.9580E+04 9.06040611E-05 0.00000000E+00
1.9604E+04 9.14514543E-05 0.00000000E+00
1.9627E+04 9.25102001E-05 0.00000000E+00
1.9651E+04 9.28833718E-05 0.00000000E+00
1.9674E+04 9.33469062E-05 0.00000000E+00
1.9698E+04 9.44153270E-05 0.00000000E+00
1.9721E+04 9.50511735E-05 0.00000000E+00
1.9745E+04 9.52534788E-05 0.00000000E+00
1.9768E+04 9.60647134E-05 0.00000000E+00
1.9792E+04 9.69655457E-05 0.00000000E+00
1.9816E+04 9.71667543E-05 0.00000000E+00
1.9839E+04 9.75826420E-05 0.00000000E+00
1.9863E+04 9.85494588E-05 0.00000000E+00
1.9886E+04 9.89809890E-05 0.00000000E+00
1.9910E+04 9.90803943E-05 0.00000000E+00
1.9933E+04 9.98360080E-05 0.00000000E+00
1.9957E+04 1.00550918E-04 0.00000000E+00
1.9981E+04 1.00580334E-04 0.00000000E+00
2.0004E+04 1.00944031E-04 0.00000000E+00
2.0028E+04 1.01780047E-04 0.00000000E+00
2.0051E+04 1.01996729E-04 0.00000000E+00
2.0075E+04 1.01999096E-04 0.00000000E+00
2.0098E+04 1.02679042E-04 0.00000000E+00
2.0122E+04 1.03186131E-04 0.00000000E+00
2.0145E+04 1.03050079E-04 0.00000000E+00
2.0169E+04 1.03356546E-04 0.00000000E+00
2.0193E+04 1.04035565E-04 0.00000000E+00
2.0216E+04 1.04034769E-04 0.00000000E+00
2.0240E+04 1.03947873E-04 0.00000000E+00
2.0263E+04 1.04532294E-04 0.00000000E+00
2.0287E+04 1.04816795E-04 0.00000000E+00
2.0310E+04 1.04526893E-04 0.00000000E+00
2.0334E+04 1.04770443E-04 0.00000000E+00
2.0358E+04 1.05270590E-04 0.00000000E+00
2.0381E+04 1.05057399E-04 0.00000000E+00
2.0405E+04 1.04890032E-04 0.00000000E+00
2.0428E+04 1.05360204E-04 0.00000000E+00
2.0452E+04 1.05415140E-04 0.00000000E+00
2.0475E+04 1.04987236E-04 0.00000000E+00
2.0499E+04 1.05161628E-04 0.00000000E+00
2.0522E+04 1.05466523E-04 0.00000000E+00
2.0546E+04 1.05053156E-04 0.00000000E+00
2.0570E+04 1.04814353E-04 0.00000000E+00
2.0593E+04 1.05153730E-04 0.00000000E+00
2.0617E+04 1.04980166E-04 0.00000000E+00
2.0640E+04 1.04433162E-04 0.00000000E+00
2.0664E+04 1.04531927E-04 0.00000000E+00
2.0687E+04 1.04631616E-04 0.00000000E+00
2.0711E+04 1.04036512E-04 0.00000000E+00
2.0735E+04 1.03734964E-04 0.00000000E+00
2.0758E+04 1.03930229E-04 0.00000000E+00
2.0782E+04 1.03537104E-04 0.00000000E+00
2.0805E+04 1.02891761E-04 0.00000000E+00
2.0829E+04 1.02908722E-04 0.00000000E+00
2.0852E+04 1.02800291E-04 0.00000000E+00
2.0876E+04 1.02046931E-04 0.00000000E+00
2.0899E+04 1.01690621E-04 0.00000000E+00
2.0923E+04 1.01732640E-04 0.00000000E+00
2.0947E+04 1.01136192E-04 0.00000000E+00
2.0970E+04 1.00414008E-04 0.00000000E+00
2.0994E+04 1.00343937E-04 0.00000000E+00
2.1017E+04 1.00031745E-04 0.00000000E+00
2.1041E+04 9.91473019E-05 0.00000000E+00
2.1064E+04 9.87433713E-05 0.00000000E+00
2.1088E+04 9.86279706E-05 0.00000000E+00
2.1112E+04 9.78507938E-05 0.00000000E+00
2.1135E+04 9.70730222E-05 0.00000000E+00
2.1159E+04 9.69123585E-05 0.00000000E+00
2.1182E+04 9.64078794E-05 0.00000000E+00
2.1206E+04 9.54218030E-05 0.00000000E+00
2.1229E+04 9.49766341E-05 0.00000000E+00
2.1253E+04 9.47051247E-05 0.00000000E+00
2.1276E+04 9.37749466E-05 0.00000000E+00
2.1300E+04 9.29618229E-05 0.00000000E+00
2.1324E+04 9.27093774E-05 0.00000000E+00
2.1347E+04 9.20306637E-05 0.00000000E+00
2.1371E+04 9.09732962E-05 0.00000000E+00
2.1394E+04 9.04927852E-05 0.00000000E+00
2.1418E+04 9.00721910E-05 0.00000000E+00
2.1441E+04 8.90204580E-05 0.00000000E+00
2.1465E+04 8.81906659E-05 0.00000000E+00
2.1488E+04 8.78482407E-05 0.00000000E+00
2.1512E+04 8.70190469E-05 0.00000000E+00
2.1536E+04 8.59203667E-05 0.00000000E+00
2.1559E+04 8.54103305E-05 0.00000000E+00
2.1583E+04 8.48532887E-05 0.00000000E+00
2.1606E+04 8.37136648E-05 0.00000000E+00
2.1630E+04 8.28840544E-05 0.00000000E+00
2.1653E+04 8.24569002E-05 0.00000000E+00
2.1677E+04 8.15055320E-05 0.00000000E+00
2.1701E+04 8.03940955E-05 0.00000000E+00
2.1724E+04 7.98607492E-05 0.00000000E+00
2.1748E+04 7.91850816E-05 0.00000000E+00
2.1771E+04 7.79919607E-05 0.00000000E+00
2.1795E+04 7.71775015E-05 0.00000000E+00
2.1818E+04 7.66745577E-05 0.00000000E+00
2.1842E+04 7.56325260E-05 0.00000000E+00
2.1865E+04 7.45346576E-05 0.00000000E+00
2.1889E+04 7.39850868E-05 0.00000000E+00
2.1913E+04 7.32130634E-05 0.00000000E+00
2.1936E+04 7.20001866E-05 0.00000000E+00
2.1960E+04 7.12141133E-05 0.00000000E+00
2.1983E+04 7.06479877E-05 0.00000000E+00
2.2007E+04 6.95485534E-05 0.00000000E+00
2.2030E+04 6.84877999E-05 0.00000000E+00
2.2054E+04 6.79303547E-05 0.00000000E+00
2.2078E+04 6.70876891E-05 0.00000000E+00
2.2101E+04 6.58869370E-05 0.00000000E+00
2.2125E+04 6.51410282E-05 0.00000000E+00
2.2148E+04 6.45276956E-05 0.00000000E+00
2.2172E+04 6.34043971E-05 0.00000000E+00
2.2195E+04 6.24012395E-05 0.00000000E+00
2.2219E+04 6.18457845E-05 0.00000000E+00
2.2242E+04 6.09604297E-05 0.00000000E+00
2.2266E+04 5.98008453E-05 0.00000000E+00
2.2290E+04 5.91057689E-05 0.00000000E+00
2.2313E+04 5.84639999E-05 0.00000000E+00
2.2337E+04 5.73492557E-05 0.00000000E+00
2.2360E+04 5.64210547E-05 0.00000000E+00
2.2384E+04 5.58790329E-05 0.00000000E+00
2.2407E+04 5.49798588E-05 0.00000000E+00
2.2431E+04 5.38869400E-05 0.00000000E+00
2.2455E+04 5.32526000E-05 0.00000000E+00
2.2478E+04 5.26031561E-05 0.00000000E+00
2.2502E+04 5.15270285E-05 0.00000000E+00
2.2525E+04 5.06881606E-05 0.00000000E+00
2.2549E+04 5.01724458E-05 0.00000000E+00
2.2572E+04 4.92878950E-05 0.00000000E+00
2.2596E+04 4.82831689E-05 0.00000000E+00
2.2619E+04 4.77189919E-05 0.00000000E+00
2.2643E+04 4.70836426E-05 0.00000000E+00
2.2667E+04 4.60728304E-05 0.00000000E+00
2.2690E+04 4.53349612E-05 0.00000000E+00
2.2714E+04 4.48594978E-05 0.00000000E+00
2.2737E+04 4.40163088E-05 0.00000000E+00
2.2761E+04 4.31171780E-05 0.00000000E+00
2.2784E+04 4.26322904E-05 0.00000000E+00
2.2808E+04 4.20327256E-05 0.00000000E+00
2.2832E+04 4.11098340E-05 0.00000000E+00
2.2855E+04 4.04822677E-05 0.00000000E+00
2.2879E+04 4.00615175E-05 0.00000000E+00
2.2902E+04 3.92836010E-05 0.00000000E+00
2.2926E+04 3.85034329E-05 0.00000000E+00
2.2949E+04 3.81066951E-05 0.00000000E+00
2.2973E+04 3.75634111E-05 0.00000000E+00
2.2996E+04 3.67465198E-05 0.00000000E+00
2.3020E+04 3.62365629E-05 0.00000000E+00
2.3044E+04 3.58847971E-05 0.00000000E+00
2.3067E+04 3.51923309E-05 0.00000000E+00
2.3091E+04 3.45407382E-05 0.00000000E+00
2.3114E+04 3.42406162E-05 0.00000000E+00
2.3138E+04 3.37718548E-05 0.00000000E+00
2.3161E+04 3.30743775E-05 0.00000000E+00
2.3185E+04 3.26876570E-05 0.00000000E+00
2.3209E+04 3.24181460E-05 0.00000000E+00
2.3232E+04 3.18269320E-05 0.00000000E+00
2.3256E+04 3.13101805E-05 0.00000000E+00
2.3279E+04 3.11144566E-05 0.00000000E+00
2.3303E+04 3.07352713E-05 0.00000000E+00
2.3326E+04 3.01660770E-05 0.00000000E+00
2.3350E+04 2.99067647E-05 0.00000000E+00
2.3373E+04 2.97309303E-05 0.00000000E+00
2.3397E+04 2.92520390E-05 0.00000000E+00
2.3421E+04 2.88735167E-05 0.00000000E+00
2.3444E+04 2.87888607E-05 0.00000000E+00
2.3468E+04 2.85103758E-05 0.00000000E+00
2.3491E+04 2.80741274E-05 0.00000000E+00
2.3515E+04 2.79450410E-05 0.00000000E+00
2.3538E+04 2.78716436E-05 0.00000000E+00
2.3562E+04 2.75113489E-05 0.00000000E+00
2.3586E+04 2.72720340E-05 0.00000000E+00
2.3609E+04 2.73034760E-05 0.00000000E+00
2.3633E+04 2.71323891E-05 0.00000000E+00
2.3656E+04 2.68300420E-05 0.00000000E+00
2.3680E+04 2.68326107E-05 0.00000000E+00
2.3703E+04 2.68670416E-05 0.00000000E+00
2.3727E+04 2.66270272E-05 0.00000000E+00
2.3750E+04 2.65259004E-05 0.00000000E+00
2.3774E+04 2.66762565E-05 0.00000000E+00
2.3798E+04 2.66146156E-05 0.00000000E+00
2.3821E+04 2.64440114E-05 0.00000000E+00
2.3845E+04 2.65781129E-05 0.00000000E+00
2.3868E+04 2.67218555E-05 0.00000000E+00
2.3892E+04 2.65996551E-05 0.00000000E+00
2.3915E+04 2.66340161E-05 0.00000000E+00
2.3939E+04 2.69033279E-05 0.00000000E+00
2.3962E+04 2.69485919E-05 0.00000000E+00
2.3986E+04 2.69050846E-05 0.00000000E+00
2.4010E+04 2.71687790E-05 0.00000000E+00
2.4033E+04 2.74190871E-05 0.00000000E+00
2.4057E+04 2.74087067E-05 0.00000000E+00
2.4080E+04 2.75743726E-05 0.00000000E+00
2.4104E+04 2.79594223E-05 0.00000000E+00
2.4127E+04 2.81047907E-05 0.00000000E+00
2.4151E+04 2.81818453E-05 0.00000000E+00
2.4175E+04 2.85710461E-05 0.00000000E+00
2.4198E+04 2.89208710E-05 0.00000000E+00
2.4222E+04 2.90135276E-05 0.00000000E+00
2.4245E+04 2.93049069E-05 0.00000000E+00
2.4269E+04 2.97988654E-05 0.00000000E+00
2.4292E+04 3.00338417E-05 0.00000000E+00
2.4316E+04 3.02235550E-05 0.00000000E+00
2.4339E+04 3.07316855E-05 0.00000000E+00
2.4363E+04 3.11698630E-05 0.00000000E+00
2.4387E+04 3.13547709E-05 0.00000000E+00
2.4410E+04 3.17648230E-05 0.00000000E+00
2.4434E+04 3.23570790E-05 0.00000000E+00
2.4457E+04 3.26682168E-05 0.00000000E+00
2.4481E+04 3.29617234E-05 0.00000000E+00
2.4504E+04 3.35794130E-05 0.00000000E+00
2.4528E+04 3.40911020E-05 0.00000000E+00
2.4552E+04 3.43562422E-05 0.00000000E+00
2.4575E+04 3.48763495E-05 0.00000000E+00
2.4599E+04 3.55525544E-05 0.00000000E+00
2.4622E+04 3.59243249E-05 0.00000000E+00
2.4646E+04 3.63120706E-05 0.00000000E+00
2.4669E+04 3.70269460E-05 0.00000000E+00
2.4693E+04 3.75942909E-05 0.00000000E+00
2.4716E+04 3.79271058E-05 0.00000000E+00
2.4740E+04 3.85468988E-05 0.00000000E+00
2.4764E+04 3.92892450E-05 0.00000000E+00
2.4787E+04 3.97049589E-05 0.00000000E+00
2.4811E+04 4.01768396E-05 0.00000000E+00
2.4834E+04 4.09734569E-05 0.00000000E+00
2.4858E+04 4.15764305E-05 0.00000000E+00
2.4881E+04 4.19643996E-05 0.00000000E+00
2.4905E+04 4.26715780E-05 0.00000000E+00
2.4929E+04 4.34593064E-05 0.00000000E+00
2.4952E+04 4.39020223E-05 0.00000000E+00
2.4976E+04 4.44474017E-05 0.00000000E+00
2.4999E+04 4.53073518E-05 0.00000000E+00
2.5023E+04 4.59247176E-05 0.00000000E+00
2.5046E+04 4.63557833E-05 0.00000000E+00
2.5070E+04 4.71359798E-05 0.00000000E+00
2.5093E+04 4.79460927E-05 0.00000000E+00
2.5117E+04 4.83994475E-05 0.00000000E+00
2.5141E+04 4.90070815E-05 0.00000000E+00
2.5164E+04 4.99092875E-05 0.00000000E+00
2.5188E+04 5.05196149E-05 0.00000000E+00
2.5211E+04 5.09824454E-05 0.00000000E+00
2.5235E+04 5.18191766E-05 0.00000000E+00
2.5258E+04 5.26273132E-05 0.00000000E+00
2.5282E+04 5.30762228E-05 0.00000000E+00
2.5306E+04 5.37341290E-05 0.00000000E+00
2.5329E+04 5.46553380E-05 0.00000000E+00
2.5353E+04 5.52379974E-05 0.00000000E+00
2.5376E+04 5.57220922E-05 0.00000000E+00
2.5400E+04 5.65968321E-05 0.00000000E+00
2.5423E+04 5.73782537E-05 0.00000000E+00
2.5447E+04 5.78094438E-05 0.00000000E+00
2.5470E+04 5.85047585E-05 0.00000000E+00
2.5494E+04 5.94202113E-05 0.00000000E+00
2.5518E+04 5.99562856E-05 0.00000000E+00
2.5541E+04 6.04519406E-05 0.00000000E+00
2.5565E+04 6.13443443E-05 0.00000000E+00
2.5588E+04 6.20749649E-05 0.00000000E+00
2.5612E+04 6.24773102E-05 0.00000000E+00
2.5635E+04 6.31961819E-05 0.00000000E+00
2.5659E+04 6.40804317E-05 0.00000000E+00
2.5683E+04 6.45534862E-05 0.00000000E+00
2.5706E+04 6.50516555E-05 0.00000000E+00
2.5730E+04 6.59399468E-05 0.00000000E+00
2.5753E+04 6.65973478E-05 0.00000000E+00
2.5777E+04 6.69620197E-05 0.00000000E+00
2.5800E+04 6.76895807E-05 0.00000000E+00
2.5824E+04 6.85174217E-05 0.00000000E+00
2.5847E+04 6.89140950E-05 0.00000000E+00
2.5871E+04 6.94061929E-05 0.00000000E+00
2.5895E+04 7.02677145E-05 0.00000000E+00
2.5918E+04 7.08320821E-05 0.00000000E+00
2.5942E+04 7.11525214E-05 0.00000000E+00
2.5965E+04 7.18729717E-05 0.00000000E+00
2.5989E+04 7.26204231E-05 0.00000000E+00
2.6012E+04 7.29308130E-05 0.00000000E+00
2.6036E+04 7.34085005E-05 0.00000000E+00
2.6060E+04 7.42204057E-05 0.00000000E+00
2.6083E+04 7.46753339E-05 0.00000000E+00
2.6107E+04 7.49470741E-05 0.00000000E+00
2.6130E+04 7.56438964E-05 0.00000000E+00
2.6154E+04 7.62891792E-05 0.00000000E+00
2.6177E+04 7.65070113E-05 0.00000000E+00
2.6201E+04 7.69620120E-05 0.00000000E+00
2.6224E+04 7.77020604E-05 0.00000000E+00
2.6248E+04 7.80351697E-05 0.00000000E+00
2.6272E+04 7.82555500E-05 0.00000000E+00
2.6295E+04 7.89118593E-05 0.00000000E+00
2.6319E+04 7.94363018E-05 0.00000000E+00
2.6342E+04 7.95588875E-05 0.00000000E+00
2.6366E+04 7.99828675E-05 0.00000000E+00
2.6389E+04 8.06302763E-05 0.00000000E+00
2.6413E+04 8.08336144E-05 0.00000000E+00
2.6437E+04 8.10014244E-05 0.00000000E+00
2.6460E+04 8.16004400E-05 0.00000000E+00
2.6484E+04 8.19892509E-05 0.00000000E+00
2.6507E+04 8.20172539E-05 0.00000000E+00
2.6531E+04 8.24017930E-05 0.00000000E+00
2.6554E+04 8.29380854E-05 0.00000000E+00
2.6578E+04 8.30082866E-05 0.00000000E+00
2.6601E+04 8.31233876E-05 0.00000000E+00
2.6625E+04 8.36490014E-05 0.00000000E+00
2.6649E+04 8.38918567E-05 0.00000000E+00
2.6672E+04 8.38288989E-05 0.00000000E+00
2.6696E+04 8.41655683E-05 0.00000000E+00
2.6719E+04 8.45753608E-05 0.00000000E+00
2.6743E+04 8.45135668E-05 0.00000000E+00
2.6766E+04 8.45765327E-05 0.00000000E+00
2.6790E+04 8.50139401E-05 0.00000000E+00
2.6813E+04 8.51053513E-05 0.00000000E+00
2.6837E+04 8.49575048E-05 0.00000000E+00
2.6861E+04 8.52380581E-05 0.00000000E+00
2.6884E+04 8.55097381E-05 0.00000000E+00
2.6908E+04 8.53212990E-05 0.00000000E+00
2.6931E+04 8.53331186E-05 0.00000000E+00
2.6955E+04 8.56694735E-05 0.00000000E+00
2.6978E+04 8.56089211E-05 0.00000000E+00
2.7002E+04 8.53841403E-05 0.00000000E+00
2.7026E+04 8.56008097E-05 0.00000000E+00
2.7049E+04 8.57270595E-05 0.00000000E+00
2.7073E+04 8.54210536E-05 0.00000000E+00
2.7096E+04 8.53829250E-05 0.00000000E+00
2.7120E+04 8.56079715E-05 0.00000000E+00
2.7143E+04 8.53998033E-05 0.00000000E+00
2.7167E+04 8.51073483E-05 0.00000000E+00
2.7190E+04 8.52532256E-05 0.00000000E+00
2.7214E+04 8.52313566E-05 0.00000000E+00
2.7238E+04 8.48199726E-05 0.00000000E+00
2.7261E+04 8.47332067E-05 0.00000000E+00
2.7285E+04 8.48398396E-05 0.00000000E+00
2.7308E+04 8.44929489E-05 0.00000000E+00
2.7332E+04 8.41428473E-05 0.00000000E+00
2.7355E+04 8.42123173E-05 0.00000000E+00
2.7379E+04 8.40443927E-05 0.00000000E+00
2.7403E+04 8.35422257E-05 0.00000000E+00
2.7426E+04 8.34082620E-05 0.00000000E+00
2.7450E+04 8.33929697E-05 0.00000000E+00
2.7473E+04 8.29202804E-05 0.00000000E+00
2.7497E+04 8.25228650E-05 0.00000000E+00
2.7520E+04 8.25120488E-05 0.00000000E+00
2.7544E+04 8.22047826E-05 0.00000000E+00
2.7567E+04 8.16280959E-05 0.00000000E+00
2.7591E+04 8.14486163E-05 0.00000000E+00
2.7615E+04 8.13117654E-05 0.00000000E+00
2.7638E+04 8.07295584E-05 0.00000000E+00
2.7662E+04 8.02951035E-05 0.00000000E+00
2.7685E+04 8.02022646E-05 0.00000000E+00
2.7709E+04 7.97666986E-05 0.00000000E+00
2.7732E+04 7.91326947E-05 0.00000000E+00
2.7756E+04 7.89098110E-05 0.00000000E+00
2.7780E+04 7.86557392E-05 0.00000000E+00
2.7803E+04 7.79828645E-05 0.00000000E+00
2.7827E+04 7.75213307E-05 0.00000000E+00
2.7850E+04 7.73472001E-05 0.00000000E+00
2.7874E+04 7.67981784E-05 0.00000000E+00
2.7897E+04 7.61243216E-05 0.00000000E+00
2.7921E+04 7.58608050E-05 0.00000000E+00
2.7944E+04 7.54977128E-05 0.00000000E+00
2.7968E+04 7.47547395E-05 0.00000000E+00
2.7992E+04 7.42756299E-05 0.00000000E+00
2.8015E+04 7.40236156E-05 0.00000000E+00
2.8039E+04 7.33790943E-05 0.00000000E+00
2.8062E+04 7.26825229E-05 0.00000000E+00
2.8086E+04 7.23820428E-05 0.00000000E+00
2.8109E+04 7.19216873E-05 0.00000000E+00
2.8133E+04 7.11300474E-05 0.00000000E+00
2.8157E+04 7.06423651E-05 0.00000000E+00
2.8180E+04 7.03186206E-05 0.00000000E+00
2.8204E+04 6.95988606E-05 0.00000000E+00
2.8227E+04 6.88959141E-05 0.00000000E+00
2.8251E+04 6.85632489E-05 0.00000000E+00
2.8274E+04 6.80204589E-05 0.00000000E+00
2.8298E+04 6.72016374E-05 0.00000000E+00
2.8321E+04 6.67139259E-05 0.00000000E+00
2.8345E+04 6.63272633E-05 0.00000000E+00
2.8369E+04 6.55539603E-05 0.00000000E+00
2.8392E+04 6.48598362E-05 0.00000000E+00
2.8416E+04 6.45010262E-05 0.00000000E+00
2.8439E+04 6.38930709E-05 0.00000000E+00
2.8463E+04 6.30678872E-05 0.00000000E+00
2.8486E+04 6.25883285E-05 0.00000000E+00
2.8510E+04 6.21499751E-05 0.00000000E+00
2.8534E+04 6.13453837E-05 0.00000000E+00
2.8557E+04 6.06739259E-05 0.00000000E+00
2.8581E+04 6.02963389E-05 0.00000000E+00
2.8604E+04 5.96421910E-05 0.00000000E+00
2.8628E+04 5.88302052E-05 0.00000000E+00
2.8651E+04 5.83667438E-05 0.00000000E+00
2.8675E+04 5.78899497E-05 0.00000000E+00
2.8698E+04 5.70760506E-05 0.00000000E+00
2.8722E+04 5.64396565E-05 0.00000000E+00
2.8746E+04 5.60519443E-05 0.00000000E+00
2.8769E+04 5.53714800E-05 0.00000000E+00
2.8793E+04 5.45905385E-05 0.00000000E+00
2.8816E+04 5.41509957E-05 0.00000000E+00
2.8840E+04 5.36505105E-05 0.00000000E+00
2.8863E+04 5.28482603E-05 0.00000000E+00
2.8887E+04 5.22578807E-05 0.00000000E+00
2.8911E+04 5.18698142E-05 0.00000000E+00
2.8934E+04 5.11829955E-05 0.00000000E+00
2.8958E+04 5.04489216E-05 0.00000000E+00
2.8981E+04 5.00410678E-05 0.00000000E+00
2.9005E+04 4.95325163E-05 0.00000000E+00
2.9028E+04 4.87612135E-05 0.00000000E+00
2.9052E+04 4.82264168E-05 0.00000000E+00
2.9075E+04 4.78485997E-05 0.00000000E+00
2.9099E+04 4.71746885E-05 0.00000000E+00
2.9123E+04 4.65011081E-05 0.00000000E+00
2.9146E+04 4.61326693E-05 0.00000000E+00
2.9170E+04 4.56318665E-05 0.00000000E+00
2.9193E+04 4.49086574E-05 0.00000000E+00
2.9217E+04 4.44377249E-05 0.00000000E+00
2.9240E+04 4.40812012E-05 0.00000000E+00
2.9264E+04 4.34380487E-05 0.00000000E+00
2.9287E+04 4.28363362E-05 0.00000000E+00
2.9311E+04 4.25149192E-05 0.00000000E+00
2.9335E+04 4.20371691E-05 0.00000000E+00
2.9358E+04 4.13767047E-05 0.00000000E+00
2.9382E+04 4.09767276E-05 0.00000000E+00
2.9405E+04 4.06525065E-05 0.00000000E+00
2.9429E+04 4.00559563E-05 0.00000000E+00
2.9452E+04 3.95352766E-05 0.00000000E+00
2.9476E+04 3.92682077E-05 0.00000000E+00
2.9500E+04 3.88276342E-05 0.00000000E+00
2.9523E+04 3.82418812E-05 0.00000000E+00
2.9547E+04 3.79188327E-05 0.00000000E+00
2.9570E+04 3.76373655E-05 0.00000000E+00
2.9594E+04 3.71008020E-05 0.00000000E+00
2.9617E+04 3.66682220E-05 0.00000000E+00
2.9641E+04 3.64623078E-05 0.00000000E+00
2.9664E+04 3.60712611E-05 0.00000000E+00
2.9688E+04 3.55694576E-05 0.00000000E+00
2.9712E+04 3.53282237E-05 0.00000000E+00
2.9735E+04 3.50988709E-05 0.00000000E+00
2.9759E+04 3.46329278E-05 0.00000000E+00
2.9782E+04 3.42935699E-05 0.00000000E+00
2.9806E+04 3.41547938E-05 0.00000000E+00
2.9829E+04 3.38233689E-05 0.00000000E+00
2.9853E+04 3.34121047E-05 0.00000000E+00
2.9877E+04 3.32564606E-05 0.00000000E+00
2.9900E+04 3.30869874E-05 0.00000000E+00
2.9924E+04 3.26994184E-05 0.00000000E+00
2.9947E+04 3.24566241E-05 0.00000000E+00
2.9971E+04 3.23898035E-05 0.00000000E+00
2.9994E+04 3.21254956E-05 0.00000000E+00
3.0018E+04 3.18088863E-05 0.00000000E+00
3.0041E+04 3.17414148E-05 0.00000000E+00
3.0065E+04 3.16375530E-05 0.00000000E+00
3.0089E+04 3.13332543E-05 0.00000000E+00
3.0112E+04 3.11887324E-05 0.00000000E+00
3.0136E+04 3.11971643E-05 0.00000000E+00
3.0159E+04 3.10046772E-05 0.00000000E+00
3.0183E+04 3.07846009E-05 0.00000000E+00
3.0206E+04 3.08065594E-05 0.00000000E+00
3.0230E+04 3.07716677E-05 0.00000000E+00
3.0254E+04 3.05528326E-05 0.00000000E+00
3.0277E+04 3.05067730E-05 0.00000000E+00
3.0301E+04 3.05919013E-05 0.00000000E+00
3.0324E+04 3.04731118E-05 0.00000000E+00
3.0348E+04 3.03494745E-05 0.00000000E+00
3.0371E+04 3.04606252E-05 0.00000000E+00
3.0395E+04 3.04954747E-05 0.00000000E+00
3.0418E+04 3.03618508E-05 0.00000000E+00
3.0442E+04 3.04129916E-05 0.00000000E+00
3.0466E+04 3.05741287E-05 0.00000000E+00
3.0489E+04 3.05282011E-05 0.00000000E+00
3.0513E+04 3.04991992E-05 0.00000000E+00
3.0536E+04 3.06976224E-05 0.00000000E+00
3.0560E+04 3.08003226E-05 0.00000000E+00
3.0583E+04 3.07495409E-05 0.00000000E+00
3.0607E+04 3.08951860E-05 0.00000000E+00
3.0631E+04 3.11293185E-05 0.00000000E+00
3.0654E+04 3.11529506E-05 0.00000000E+00
3.0678E+04 3.12153078E-05 0.00000000E+00
3.0701E+04 3.14972233E-05 0.00000000E+00
3.0725E+04 3.16632972E-05 0.00000000E+00
3.0748E+04 3.16912389E-05 0.00000000E+00
3.0772E+04 3.19272335E-05 0.00000000E+00
3.0795E+04 3.22289348E-05 0.00000000E+00
3.0819E+04 3.23167124E-05 0.00000000E+00
3.0843E+04 3.24658736E-05 0.00000000E+00
3.0866E+04 3.28255000E-05 0.00000000E+00
3.0890E+04 3.30480992E-05 0.00000000E+00
3.0913E+04 3.31492696E-05 0.00000000E+00
3.0937E+04 3.34699481E-05 0.00000000E+00
3.0960E+04 3.38314160E-05 0.00000000E+00
3.0984E+04 3.39762419E-05 0.00000000E+00
3.1008E+04 3.42065169E-05 0.00000000E+00
3.1031E+04 3.46359925E-05 0.00000000E+00
3.1055E+04 3.49062395E-05 0.00000000E+00
3.1078E+04 3.50741186E-05 0.00000000E+00
3.1102E+04 3.54722449E-05 0.00000000E+00
3.1125E+04 3.58834685E-05 0.00000000E+00
3.1149E+04 3.60770308E-05 0.00000000E+00
3.1172E+04 3.63816869E-05 0.00000000E+00
3.1196E+04 3.68710776E-05 0.00000000E+00
3.1220E+04 3.71785078E-05 0.00000000E+00
3.1243E+04 3.74058557E-05 0.00000000E+00
3.1267E+04 3.78725803E-05 0.00000000E+00
3.1290E+04 3.83216344E-05 0.00000000E+00
3.1314E+04 3.85548802E-05 0.00000000E+00
3.1337E+04 3.89261930E-05 0.00000000E+00
3.1361E+04 3.94636038E-05 0.00000000E+00
3.1385E+04 3.97966789E-05 0.00000000E+00
3.1408E+04 4.00757830E-05 0.00000000E+00
3.1432E+04 4.06006415E-05 0.00000000E+00
3.1455E+04 4.10740973E-05 0.00000000E+00
3.1479E+04 4.13376790E-05 0.00000000E+00
3.1502E+04 4.17669557E-05 0.00000000E+00
3.1526E+04 4.23387555E-05 0.00000000E+00
3.1549E+04 4.26854138E-05 0.00000000E+00
3.1573E+04 4.30082684E-05 0.00000000E+00
3.1597E+04 4.35792430E-05 0.00000000E+00
3.1620E+04 4.40626724E-05 0.00000000E+00
3.1644E+04 4.43473404E-05 0.00000000E+00
3.1667E+04 4.48249335E-05 0.00000000E+00
3.1691E+04 4.54160919E-05 0.00000000E+00
3.1714E+04 4.57642977E-05 0.00000000E+00
3.1738E+04 4.61227197E-05 0.00000000E+00
3.1762E+04 4.67263780E-05 0.00000000E+00
3.1785E+04 4.72049221E-05 0.00000000E+00
3.1809E+04 4.75018430E-05 0.00000000E+00
3.1832E+04 4.80171739E-05 0.00000000E+00
3.1856E+04 4.86116975E-05 0.00000000E+00
3.1879E+04 4.89499568E-05 0.00000000E+00
3.1903E+04 4.93356452E-05 0.00000000E+00
3.1926E+04 4.99573655E-05 0.00000000E+00
3.1950E+04 5.04163322E-05 0.00000000E+00
3.1974E+04 5.07173214E-05 0.00000000E+00
3.1997E+04 5.12589329E-05 0.00000000E+00
3.2021E+04 5.18403817E-05 0.00000000E+00
3.2044E+04 5.21581919E-05 0.00000000E+00
3.2068E+04 5.25627451E-05 0.00000000E+00
3.2091E+04 5.31870292E-05 0.00000000E+00
3.2115E+04 5.36124821E-05 0.00000000E+00
3.2138E+04 5.39101464E-05 0.00000000E+00
3.2162E+04 5.44658013E-05 0.00000000E+00
3.2186E+04 5.50178556E-05 0.00000000E+00
3.2209E+04 5.53060646E-05 0.00000000E+00
3.2233E+04 5.57209741E-05 0.00000000E+00
3.2256E+04 5.63318392E-05 0.00000000E+00
3.2280E+04 5.67111404E-05 0.00000000E+00
3.2303E+04 5.69989357E-05 0.00000000E+00
3.2327E+04 5.75557743E-05 0.00000000E+00
3.2351E+04 5.80628213E-05 0.00000000E+00
3.2374E+04 5.83138803E-05 0.00000000E+00
3.2398E+04 5.87305235E-05 0.00000000E+00
3.2421E+04 5.93119616E-05 0.00000000E+00
3.2445E+04 5.96342390E-05 0.00000000E+00
3.2468E+04 5.99064568E-05 0.00000000E+00
3.2492E+04 6.04512231E-05 0.00000000E+00
3.2515E+04 6.08989329E-05 0.00000000E+00
3.2539E+04 6.11070388E-05 0.00000000E+00
3.2563E+04 6.15166909E-05 0.00000000E+00
3.2586E+04 6.20531776E-05 0.00000000E+00
3.2610E+04 6.23096946E-05 0.00000000E+00
3.2633E+04 6.25613976E-05 0.00000000E+00
3.2657E+04 6.30807352E-05 0.00000000E+00
3.2680E+04 6.34565938E-05 0.00000000E+00
3.2704E+04 6.36177263E-05 0.00000000E+00
3.2728E+04 6.40116105E-05 0.00000000E+00
3.2751E+04 6.44886378E-05 0.00000000E+00
3.2775E+04 6.46730488E-05 0.00000000E+00
3.2798E+04 6.48999768E-05 0.00000000E+00
3.2822E+04 6.53807867E-05 0.00000000E+00
3.2845E+04 6.56745574E-05 0.00000000E+00
3.2869E+04 6.57864208E-05 0.00000000E+00
3.2892E+04 6.61558081E-05 0.00000000E+00
3.2916E+04 6.65604115E-05 0.00000000E+00
3.2940E+04 6.66688951E-05 0.00000000E+00
3.2963E+04 6.68673641E-05 0.00000000E+00
3.2987E+04 6.72972098E-05 0.00000000E+00
3.3010E+04 6.75012960E-05 0.00000000E+00
3.3034E+04 6.75631846E-05 0.00000000E+00
3.3057E+04 6.78995483E-05 0.00000000E+00
3.3081E+04 6.82207959E-05 0.00000000E+00
3.3105E+04 6.82520662E-05 0.00000000E+00
3.3128E+04 6.84188799E-05 0.00000000E+00
3.3152E+04 6.87864154E-05 0.00000000E+00
3.3175E+04 6.88961051E-05 0.00000000E+00
3.3199E+04 6.89087109E-05 0.00000000E+00
3.3222E+04 6.92039312E-05 0.00000000E+00
3.3246E+04 6.94333428E-05 0.00000000E+00
3.3269E+04 6.93885438E-05 0.00000000E+00
3.3293E+04 6.95209311E-05 0.00000000E+00
3.3317E+04 6.98163242E-05 0.00000000E+00
3.3340E+04 6.98298998E-05 0.00000000E+00
3.3364E+04 6.97950840E-05 0.00000000E+00
3.3387E+04 7.00416925E-05 0.00000000E+00
3.3411E+04 7.01735582E-05 0.00000000E+00
3.3434E+04 7.00560543E-05 0.00000000E+00
3.3458E+04 7.01516444E-05 0.00000000E+00
3.3482E+04 7.03669666E-05 0.00000000E+00
3.3505E+04 7.02856769E-05 0.00000000E+00
3.3529E+04 7.02062286E-05 0.00000000E+00
3.3552E+04 7.03976786E-05 0.00000000E+00
3.3576E+04 7.04292595E-05 0.00000000E+00
3.3599E+04 7.02443437E-05 0.00000000E+00
3.3623E+04 7.03011847E-05 0.00000000E+00
3.3646E+04 7.04307434E-05 0.00000000E+00
3.3670E+04 7.02586465E-05 0.00000000E+00
3.3694E+04 7.01380504E-05 0.00000000E+00
3.3717E+04 7.02689973E-05 0.00000000E+00
3.3741E+04 7.02005977E-05 0.00000000E+00
3.3764E+04 6.99551452E-05 0.00000000E+00
3.3788E+04 6.99717667E-05 0.00000000E+00
3.3811E+04 7.00123581E-05 0.00000000E+00
3.3835E+04 6.97560510E-05 0.00000000E+00
3.3859E+04 6.95982842E-05 0.00000000E+00
3.3882E+04 6.96648543E-05 0.00000000E+00
3.3906E+04 6.94997643E-05 0.00000000E+00
3.3929E+04 6.92018581E-05 0.00000000E+00
3.3953E+04 6.91773727E-05 0.00000000E+00
3.3976E+04 6.91284386E-05 0.00000000E+00
3.4000E+04 6.87966981E-05 0.00000000E+00
3.4023E+04 6.86060695E-05 0.00000000E+00
3.4047E+04 6.86060971E-05 0.00000000E+00
3.4071E+04 6.83504124E-05 0.00000000E+00
3.4094E+04 6.80089718E-05 0.00000000E+00
3.4118E+04 6.79432051E-05 0.00000000E+00
3.4141E+04 6.78068813E-05 0.00000000E+00
3.4165E+04 6.74102429E-05 0.00000000E+00
3.4188E+04 6.71912841E-05 0.00000000E+00
3.4212E+04 6.71244961E-05 0.00000000E+00
3.4236E+04 6.67868295E-05 0.00000000E+00
3.4259E+04 6.64112615E-05 0.00000000E+00
3.4283E+04 6.63048930E-05 0.00000000E+00
3.4306E+04 6.60859441E-05 0.00000000E+00
3.4330E+04 6.56362468E-05 0.00000000E+00
3.4353E+04 6.53936517E-05 0.00000000E+00
3.4377E+04 6.52617774E-05 0.00000000E+00
3.4400E+04 6.48528763E-05 0.00000000E+00
3.4424E+04 6.44527684E-05 0.00000000E+00
3.4448E+04 6.43074623E-05 0.00000000E+00
3.4471E+04 6.40130998E-05 0.00000000E+00
3.4495E+04 6.35230195E-05 0.00000000E+00
3.4518E+04 6.32616249E-05 0.00000000E+00
3.4542E+04 6.30684164E-05 0.00000000E+00
3.4565E+04 6.26007081E-05 0.00000000E+00
3.4589E+04 6.21855706E-05 0.00000000E+00
3.4612E+04 6.20040766E-05 0.00000000E+00
3.4636E+04 6.16436681E-05 0.00000000E+00
3.4660E+04 6.11262651E-05 0.00000000E+00
3.4683E+04 6.08510607E-05 0.00000000E+00
3.4707E+04 6.06022146E-05 0.00000000E+00
3.4730E+04 6.00893067E-05 0.00000000E+00
3.4754E+04 5.96683696E-05 0.00000000E+00
3.4777E+04 5.94545760E-05 0.00000000E+00
3.4801E+04 5.90392634E-05 0.00000000E+00
3.4825E+04 5.85075643E-05 0.00000000E+00
3.4848E+04 5.82237173E-05 0.00000000E+00
3.4872E+04 5.79266986E-05 0.00000000E+00
3.4895E+04 5.73828610E-05 0.00000000E+00
3.4919E+04 5.69649259E-05 0.00000000E+00
3.4942E+04 5.67238523E-05 0.00000000E+00
3.4966E+04 5.62661006E-05 0.00000000E+00
3.4989E+04 5.57327315E-05 0.00000000E+00
3.5013E+04 5.54456105E-05 0.00000000E+00
3.5037E+04 5.51093870E-05 0.00000000E+00
3.5060E+04 5.45490462E-05 0.00000000E+00
3.5084E+04 5.41423873E-05 0.00000000E+00
3.5107E+04 5.38801102E-05 0.00000000E+00
3.5131E+04 5.33932158E-05 0.00000000E+00
3.5154E+04 5.28701010E-05 0.00000000E+00
3.5178E+04 5.25852864E-05 0.00000000E+00
3.5202E+04 5.22199890E-05 0.00000000E+00
3.5225E+04 5.16572621E-05 0.00000000E+00
3.5249E+04 5.12695703E-05 0.00000000E+00
3.5272E+04 5.09930793E-05 0.00000000E+00
3.5296E+04 5.04906685E-05 0.00000000E+00
3.5319E+04 4.99888020E-05 0.00000000E+00
3.5343E+04 4.97120696E-05 0.00000000E+00
3.5366E+04 4.93285992E-05 0.00000000E+00
3.5390E+04 4.87768884E-05 0.00000000E+00
3.5414E+04 4.84152461E-05 0.00000000E+00
3.5437E+04 4.81322356E-05 0.00000000E+00
3.5461E+04 4.76277803E-05 0.00000000E+00
3.5484E+04 4.71570673E-05 0.00000000E+00
3.5508E+04 4.68943358E-05 0.00000000E+00
3.5531E+04 4.65039373E-05 0.00000000E+00
3.5555E+04 4.59755984E-05 0.00000000E+00
3.5579E+04 4.56464696E-05 0.00000000E+00
3.5602E+04 4.53650732E-05 0.00000000E+00
3.5626E+04 4.48714449E-05 0.00000000E+00
3.5649E+04 4.44406071E-05 0.00000000E+00
3.5673E+04 4.41978418E-05 0.00000000E+00
3.5696E+04 4.38116687E-05 0.00000000E+00
3.5720E+04 4.33177588E-05 0.00000000E+00
3.5743E+04 4.30269808E-05 0.00000000E+00
3.5767E+04 4.27554605E-05 0.00000000E+00
3.5791E+04 4.22845443E-05 0.00000000E+00
3.5814E+04 4.19010759E-05 0.00000000E+00
3.5838E+04 4.16841475E-05 0.00000000E+00
3.5861E+04 4.13128408E-05 0.00000000E+00
3.5885E+04 4.08629456E-05 0.00000000E+00
3.5908E+04 4.06157089E-05 0.00000000E+00
3.5932E+04 4.03621183E-05 0.00000000E+00
3.5956E+04 3.99244979E-05 0.00000000E+00
3.5979E+04 3.95946582E-05 0.00000000E+00
3.6003E+04 3.94091603E-05 0.00000000E+00
3.6026E+04 3.90624637E-05 0.00000000E+00
3.6050E+04 3.86645976E-05 0.00000000E+00
3.6073E+04 3.84654037E-05 0.00000000E+00
3.6097E+04 3.82372453E-05 0.00000000E+00
3.6120E+04 3.78419690E-05 0.00000000E+00
3.6144E+04 3.75707948E-05 0.00000000E+00
3.6168E+04 3.74218306E-05 0.00000000E+00
3.6191E+04 3.71082630E-05 0.00000000E+00
3.6215E+04 3.67688324E-05 0.00000000E+00
3.6238E+04 3.66214262E-05 0.00000000E+00
3.6262E+04 3.64253250E-05 0.00000000E+00
3.6285E+04 3.60797567E-05 0.00000000E+00
3.6309E+04 3.58710835E-05 0.00000000E+00
3.6333E+04 3.57630346E-05 0.00000000E+00
3.6356E+04 3.54896367E-05 0.00000000E+00
3.6380E+04 3.52134567E-05 0.00000000E+00
3.6403E+04 3.51207339E-05 0.00000000E+00
3.6427E+04 3.49621506E-05 0.00000000E+00
3.6450E+04 3.46719042E-05 0.00000000E+00
3.6474E+04 3.45283861E-05 0.00000000E+00
3.6497E+04 3.44646821E-05 0.00000000E+00
3.6521E+04 3.42368482E-05 0.00000000E+00
3.6545E+04 3.40271987E-05 0.00000000E+00
3.6568E+04 3.39910942E-05 0.00000000E+00
3.6592E+04 3.38740951E-05 0.00000000E+00
3.6615E+04 3.36430452E-05 0.00000000E+00
3.6639E+04 3.35661659E-05 0.00000000E+00
3.6662E+04 3.35490726E-05 0.00000000E+00
3.6686E+04 3.33704700E-05 0.00000000E+00
3.6710E+04 3.32291771E-05 0.00000000E+00
3.6733E+04 3.32505437E-05 0.00000000E+00
3.6757E+04 3.31776425E-05 0.00000000E+00
3.6780E+04 3.30079987E-05 0.00000000E+00
3.6804E+04 3.29980705E-05 0.00000000E+00
3.6827E+04 3.30285139E-05 0.00000000E+00
3.6851E+04 3.29010884E-05 0.00000000E+00
3.6874E+04 3.28286182E-05 0.00000000E+00
3.6898E+04 3.29071080E-05 0.00000000E+00
3.6922E+04 3.28791876E-05 0.00000000E+00
3.6945E+04 3.27716167E-05 0.00000000E+00
3.6969E+04 3.28277688E-05 0.00000000E+00
3.6992E+04 3.29052113E-05 0.00000000E+00
3.7016E+04 3.28292689E-05 0.00000000E+00
3.7039E+04 3.28248216E-05 0.00000000E+00
3.7063E+04 3.29587841E-05 0.00000000E+00
3.7087E+04 3.29751020E-05 0.00000000E+00
3.7110E+04 3.29288808E-05 0.00000000E+00
3.7134E+04 3.30490398E-05 0.00000000E+00
3.7157E+04 3.31714214E-05 0.00000000E+00
3.7181E+04 3.31457734E-05 0.00000000E+00
3.7204E+04 3.32073687E-05 0.00000000E+00
3.7228E+04 3.33937797E-05 0.00000000E+00
3.7251E+04 3.34520525E-05 0.00000000E+00
3.7275E+04 3.34652348E-05 0.00000000E+00
3.7299E+04 3.36461035E-05 0.00000000E+00
3.7322E+04 3.38098544E-05 0.00000000E+00
3.7346E+04 3.38320094E-05 0.00000000E+00
3.7369E+04 3.39565579E-05 0.00000000E+00
3.7393E+04 3.41909909E-05 0.00000000E+00
3.7416E+04 3.42875522E-05 0.00000000E+00
3.7440E+04 3.43571343E-05 0.00000000E+00
3.7463E+04 3.45941789E-05 0.00000000E+00
3.7487E+04 3.47943079E-05 0.00000000E+00
3.7511E+04 3.48606929E-05 0.00000000E+00
3.7534E+04 3.50440541E-05 0.00000000E+00
3.7558E+04 3.53207051E-05 0.00000000E+00
3.7581E+04 3.54507226E-05 0.00000000E+00
3.7605E+04 3.55727979E-05 0.00000000E+00
3.7628E+04 3.58602540E-05 0.00000000E+00
3.7652E+04 3.60905082E-05 0.00000000E+00
3.7676E+04 3.61967032E-05 0.00000000E+00
3.7699E+04 3.64337329E-05 0.00000000E+00
3.7723E+04 3.67455050E-05 0.00000000E+00
3.7746E+04 3.69032407E-05 0.00000000E+00
3.7770E+04 3.70731350E-05 0.00000000E+00
3.7793E+04 3.74040428E-05 0.00000000E+00
3.7817E+04 3.76571321E-05 0.00000000E+00
3.7840E+04 3.77980993E-05 0.00000000E+00
3.7864E+04 3.80826939E-05 0.00000000E+00
3.7888E+04 3.84213445E-05 0.00000000E+00
3.7911E+04 3.86004405E-05 0.00000000E+00
3.7935E+04 3.88128257E-05 0.00000000E+00
3.7958E+04 3.91791049E-05 0.00000000E+00
3.7982E+04 3.94469772E-05 0.00000000E+00
3.8005E+04 3.96172739E-05 0.00000000E+00
3.8029E+04 3.99424221E-05 0.00000000E+00
3.8053E+04 4.02987717E-05 0.00000000E+00
3.8076E+04 4.04925416E-05 0.00000000E+00
3.8100E+04 4.07415305E-05 0.00000000E+00
3.8123E+04 4.11341038E-05 0.00000000E+00
3.8147E+04 4.14082581E-05 0.00000000E+00
3.8170E+04 4.16022223E-05 0.00000000E+00
3.8194E+04 4.19600735E-05 0.00000000E+00
3.8217E+04 4.23242710E-05 0.00000000E+00
3.8241E+04 4.25259823E-05 0.00000000E+00
3.8265E+04 4.28052063E-05 0.00000000E+00
3.8288E+04 4.32141755E-05 0.00000000E+00
3.8312E+04 4.34859945E-05 0.00000000E+00
3.8335E+04 4.36978980E-05 0.00000000E+00
3.8359E+04 4.40798570E-05 0.00000000E+00
3.8382E+04 4.44416908E-05 0.00000000E+00
3.8406E+04 4.46448202E-05 0.00000000E+00
3.8430E+04 4.49474990E-05 0.00000000E+00
3.8453E+04 4.53623725E-05 0.00000000E+00
3.8477E+04 4.56234556E-05 0.00000000E+00
3.8500E+04 4.58476213E-05 0.00000000E+00
3.8524E+04 4.62444765E-05 0.00000000E+00
3.8547E+04 4.65937163E-05 0.00000000E+00
3.8571E+04 4.67921673E-05 0.00000000E+00
3.8594E+04 4.71111761E-05 0.00000000E+00
3.8618E+04 4.75211433E-05 0.00000000E+00
3.8642E+04 4.77636223E-05 0.00000000E+00
3.8665E+04 4.79945080E-05 0.00000000E+00
3.8689E+04 4.83965950E-05 0.00000000E+00
3.8712E+04 4.87233467E-05 0.00000000E+00
3.8736E+04 4.89116205E-05 0.00000000E+00
3.8759E+04 4.92395637E-05 0.00000000E+00
3.8783E+04 4.96338034E-05 0.00000000E+00
3.8807E+04 4.98506224E-05 0.00000000E+00
3.8830E+04 5.00828754E-05 0.00000000E+00
3.8854E+04 5.04802769E-05 0.00000000E+00
3.8877E+04 5.07753296E-05 0.00000000E+00
3.8901E+04 5.09486436E-05 0.00000000E+00
3.8924E+04 5.12779406E-05 0.00000000E+00
3.8948E+04 5.16459502E-05 0.00000000E+00
3.8971E+04 5.18310949E-05 0.00000000E+00
3.8995E+04 5.20595833E-05 0.00000000E+00
3.9019E+04 5.24423600E-05 0.00000000E+00
3.9042E+04 5.26975053E-05 0.00000000E+00
3.9066E+04 5.28518598E-05 0.00000000E+00
3.9089E+04 5.31748501E-05 0.00000000E+00
3.9113E+04 5.35067787E-05 0.00000000E+00
3.9136E+04 5.36554442E-05 0.00000000E+00
3.9160E+04 5.38752761E-05 0.00000000E+00
3.9184E+04 5.42337239E-05 0.00000000E+00
3.9207E+04 5.44420316E-05 0.00000000E+00
3.9231E+04 5.45742282E-05 0.00000000E+00
3.9254E+04 5.48832999E-05 0.00000000E+00
3.9278E+04 5.51702712E-05 0.00000000E+00
3.9301E+04 5.52789650E-05 0.00000000E+00
3.9325E+04 5.54855040E-05 0.00000000E+00
3.9348E+04 5.58104296E-05 0.00000000E+00
3.9372E+04 5.59664667E-05 0.00000000E+00
3.9396E+04 5.60740885E-05 0.00000000E+00
3.9419E+04 5.63618326E-05 0.00000000E+00
3.9443E+04 5.65962402E-05 0.00000000E+00
3.9466E+04 5.66628204E-05 0.00000000E+00
3.9490E+04 5.68517084E-05 0.00000000E+00
3.9513E+04 5.71347110E-05 0.00000000E+00
3.9537E+04 5.72346954E-05 0.00000000E+00
3.9561E+04 5.73160585E-05 0.00000000E+00
3.9584E+04 5.75754467E-05 0.00000000E+00
3.9608E+04 5.77512090E-05 0.00000000E+00
3.9631E+04 5.77748625E-05 0.00000000E+00
3.9655E+04 5.79420565E-05 0.00000000E+00
3.9678E+04 5.81758031E-05 0.00000000E+00
3.9702E+04 5.82176876E-05 0.00000000E+00
3.9725E+04 5.82717762E-05 0.00000000E+00
3.9749E+04 5.84963567E-05 0.00000000E+00
3.9773E+04 5.86091175E-05 0.00000000E+00
3.9796E+04 5.85902879E-05 0.00000000E+00
3.9820E+04 5.87321146E-05 0.00000000E+00
3.9843E+04 5.89105937E-05 0.00000000E+00
3.9867E+04 5.88940790E-05 0.00000000E+00
3.9890E+04 5.89204741E-05 0.00000000E+00
3.9914E+04 5.91045746E-05 0.00000000E+00
3.9937E+04 5.91518388E-05 0.00000000E+00
3.9961E+04 5.90921115E-05 0.00000000E+00
3.9985E+04 5.92053401E-05 0.00000000E+00
